2021 01 01 00 -9999 -9999 -9999     2    91 -9999 -9999 -9999
2021 01 01 03 -9999 -9999 -9999    12    65 -9999 -9999 -9999
2021 01 01 06 -9999 -9999 -9999    66    54 -9999 -9999 -9999
2021 01 01 09 -9999 -9999 -9999    64    45 -9999 -9999 -9999
2021 01 01 12 -9999 -9999 -9999   359    67 -9999 -9999 -9999
2021 01 01 15 -9999 -9999 -9999   358    47 -9999 -9999 -9999
2021 01 01 18 -9999 -9999 -9999   355    65 -9999 -9999 -9999
2021 01 02 00 -9999 -9999 -9999    16    59 -9999 -9999 -9999
2021 01 02 03 -9999 -9999 -9999    24    63 -9999 -9999 -9999
2021 01 02 06 -9999 -9999 -9999    62    77 -9999 -9999 -9999
2021 01 02 09 -9999 -9999 -9999    70    89 -9999 -9999 -9999
2021 01 02 12 -9999 -9999 -9999    70    98 -9999 -9999 -9999
2021 01 02 15 -9999 -9999 -9999    64   114 -9999 -9999 -9999
2021 01 02 18 -9999 -9999 -9999    39   110 -9999 -9999 -9999
2021 01 02 21 -9999 -9999 -9999     3    87 -9999 -9999 -9999
2021 01 03 00 -9999 -9999 -9999     7    69 -9999 -9999 -9999
2021 01 03 03 -9999 -9999 -9999    46    71 -9999 -9999 -9999
2021 01 03 06 -9999 -9999 -9999    76    66 -9999 -9999 -9999
2021 01 03 09 -9999 -9999 -9999    74    48 -9999 -9999 -9999
2021 01 03 12 -9999 -9999 -9999    50    45 -9999 -9999 -9999
2021 01 03 15 -9999 -9999 -9999    52    85 -9999 -9999 -9999
2021 01 03 18 -9999 -9999 -9999    56    93 -9999 -9999 -9999
2021 01 03 21 -9999 -9999 -9999    42    81 -9999 -9999 -9999
2021 01 04 00 -9999 -9999 -9999    40    40 -9999 -9999 -9999
2021 01 04 03 -9999 -9999 -9999    49    55 -9999 -9999 -9999
2021 01 04 06 -9999 -9999 10203    64    52 -9999 -9999 -9999
2021 01 04 09 -9999 -9999 -9999    61    35 -9999 -9999 -9999
2021 01 04 12 -9999 -9999 -9999    55    40 -9999 -9999 -9999
2021 01 04 15 -9999 -9999 -9999    50    64 -9999 -9999 -9999
2021 01 04 18 -9999 -9999 -9999    64    76 -9999 -9999 -9999
2021 01 04 21 -9999 -9999 -9999    60    44 -9999 -9999 -9999
2021 01 05 00 -9999 -9999 -9999   358    36 -9999 -9999 -9999
2021 01 05 03 -9999 -9999 -9999    15    33 -9999 -9999 -9999
2021 01 05 06 -9999 -9999 -9999    74    30 -9999 -9999 -9999
2021 01 05 09 -9999 -9999 -9999   360     0 -9999 -9999 -9999
2021 01 05 12 -9999 -9999 -9999    54    36 -9999 -9999 -9999
2021 01 05 15 -9999 -9999 -9999    65    90 -9999 -9999 -9999
2021 01 05 18 -9999 -9999 -9999    59   106 -9999 -9999 -9999
2021 01 05 21 -9999 -9999 -9999    14    67 -9999 -9999 -9999
2021 01 06 00 -9999 -9999 -9999    29    72 -9999 -9999 -9999
2021 01 06 03 -9999 -9999 -9999    35    69 -9999 -9999 -9999
2021 01 06 06 -9999 -9999 -9999    59    58 -9999 -9999 -9999
2021 01 06 09 -9999 -9999 -9999    73    53 -9999 -9999 -9999
2021 01 06 12 -9999 -9999 -9999    53    60 -9999 -9999 -9999
2021 01 06 15 -9999 -9999 -9999    57    84 -9999 -9999 -9999
2021 01 06 18 -9999 -9999 -9999    65   111 -9999 -9999 -9999
2021 01 06 21 -9999 -9999 -9999    33    75 -9999 -9999 -9999
2021 01 07 00 -9999 -9999 -9999   359    89 -9999 -9999 -9999
2021 01 07 03 -9999 -9999 -9999     1    92 -9999 -9999 -9999
2021 01 07 06 -9999 -9999 -9999    14    50 -9999 -9999 -9999
2021 01 07 09 -9999 -9999 -9999   360   109 -9999 -9999 -9999
2021 01 07 12 -9999 -9999 -9999   359   114 -9999 -9999 -9999
2021 01 07 15 -9999 -9999 -9999   357   127 -9999 -9999 -9999
2021 01 07 18 -9999 -9999 -9999   354   144 -9999 -9999 -9999
2021 01 07 21 -9999 -9999 -9999   351   146 -9999 -9999 -9999
2021 01 08 00 -9999 -9999 -9999     1   160 -9999 -9999 -9999
2021 01 08 03 -9999 -9999 -9999   348   107 -9999 -9999 -9999
2021 01 09 00 -9999 -9999 -9999   357   101 -9999 -9999 -9999
2021 01 09 03 -9999 -9999 -9999    23    65 -9999 -9999 -9999
2021 01 09 06 -9999 -9999 -9999    50    71 -9999 -9999 -9999
2021 01 09 09 -9999 -9999 -9999    45    50 -9999 -9999 -9999
2021 01 09 12 -9999 -9999 -9999    22    59 -9999 -9999 -9999
2021 01 09 15 -9999 -9999 -9999    51    54 -9999 -9999 -9999
2021 01 09 18 -9999 -9999 -9999    31    72 -9999 -9999 -9999
2021 01 09 21 -9999 -9999 -9999    41    97 -9999 -9999 -9999
2021 01 10 00 -9999 -9999 -9999    12    79 -9999 -9999 -9999
2021 01 10 03 -9999 -9999 -9999    54    76 -9999 -9999 -9999
2021 01 10 06 -9999 -9999 -9999    53    77 -9999 -9999 -9999
2021 01 10 09 -9999 -9999 -9999    40    56 -9999 -9999 -9999
2021 01 10 12 -9999 -9999 -9999   360    89 -9999 -9999 -9999
2021 01 10 18 -9999 -9999 -9999   357    94 -9999 -9999 -9999
2021 01 10 21 -9999 -9999 -9999   353   117 -9999 -9999 -9999
2021 01 11 00 -9999 -9999 -9999   357   144 -9999 -9999 -9999
2021 01 11 03 -9999 -9999 -9999   354   144 -9999 -9999 -9999
2021 01 11 06 -9999 -9999 -9999   354   130 -9999 -9999 -9999
2021 01 11 09 -9999 -9999 -9999   360   133 -9999 -9999 -9999
2021 01 11 12 -9999 -9999 -9999   356   147 -9999 -9999 -9999
2021 01 11 15 -9999 -9999 -9999   357   143 -9999 -9999 -9999
2021 01 11 18 -9999 -9999 -9999   356   139 -9999 -9999 -9999
2021 01 11 21 -9999 -9999 -9999   359   177 -9999 -9999 -9999
2021 01 12 00 -9999 -9999 -9999     2   139 -9999 -9999 -9999
2021 01 12 03 -9999 -9999 -9999   357   104 -9999 -9999 -9999
2021 01 12 06 -9999 -9999 -9999     5    69 -9999 -9999 -9999
2021 01 12 09 -9999 -9999 -9999     4    59 -9999 -9999 -9999
2021 01 12 12 -9999 -9999 -9999     3    69 -9999 -9999 -9999
2021 01 12 15 -9999 -9999 -9999   355    34 -9999 -9999 -9999
2021 01 12 18 -9999 -9999 -9999   356    40 -9999 -9999 -9999
2021 01 12 21 -9999 -9999 -9999    22    48 -9999 -9999 -9999
2021 01 13 00 -9999 -9999 -9999    13    33 -9999 -9999 -9999
2021 01 13 03 -9999 -9999 -9999    58    34 -9999 -9999 -9999
2021 01 13 06 -9999 -9999 -9999    74    38 -9999 -9999 -9999
2021 01 13 09 -9999 -9999 -9999    75    28 -9999 -9999 -9999
2021 01 13 12 -9999 -9999 -9999   360     0 -9999 -9999 -9999
2021 01 13 15 -9999 -9999 -9999   348    20 -9999 -9999 -9999
2021 01 13 18 -9999 -9999 -9999     1    40 -9999 -9999 -9999
2021 01 13 21 -9999 -9999 -9999    34    21 -9999 -9999 -9999
2021 01 14 00 -9999 -9999 -9999    42    28 -9999 -9999 -9999
2021 01 14 03 -9999 -9999 -9999    36    32 -9999 -9999 -9999
2021 01 14 06 -9999 -9999 -9999    39    39 -9999 -9999 -9999
2021 01 14 12 -9999 -9999 -9999    21     8 -9999 -9999 -9999
2021 01 14 15 -9999 -9999 -9999     1    41 -9999 -9999 -9999
2021 01 14 18 -9999 -9999 -9999    12    35 -9999 -9999 -9999
2021 01 14 21 -9999 -9999 -9999    33    44 -9999 -9999 -9999
2021 01 15 00 -9999 -9999 -9999    37    62 -9999 -9999 -9999
2021 01 15 03 -9999 -9999 -9999    53    48 -9999 -9999 -9999
2021 01 15 06 -9999 -9999 -9999    53    20 -9999 -9999 -9999
2021 01 15 09 -9999 -9999 10148   360     0 -9999 -9999 -9999
2021 01 15 12 -9999 -9999 -9999    46    20 -9999 -9999 -9999
2021 01 15 15 -9999 -9999 -9999    10    28 -9999 -9999 -9999
2021 01 15 18 -9999 -9999 -9999    15    35 -9999 -9999 -9999
2021 01 15 21 -9999 -9999 -9999    28    46 -9999 -9999 -9999
2021 01 16 00 -9999 -9999 -9999    37    55 -9999 -9999 -9999
2021 01 16 03 -9999 -9999 -9999    49    56 -9999 -9999 -9999
2021 01 16 06 -9999 -9999 -9999    61    97 -9999 -9999 -9999
2021 01 16 12 -9999 -9999 -9999    61   130 -9999 -9999 -9999
2021 01 16 15 -9999 -9999 -9999    67   147 -9999 -9999 -9999
2021 01 16 18 -9999 -9999 -9999    58   141 -9999 -9999 -9999
2021 01 17 00 -9999 -9999 -9999    48   101 -9999 -9999 -9999
2021 01 17 03 -9999 -9999 -9999   360    88 -9999 -9999 -9999
2021 01 17 06 -9999 -9999 -9999    11    64 -9999 -9999 -9999
2021 01 17 09 -9999 -9999 10229     4    77 -9999 -9999 -9999
2021 01 17 15 -9999 -9999 -9999   359   117 -9999 -9999 -9999
2021 01 17 18 -9999 -9999 -9999   353    66 -9999 -9999 -9999
2021 01 17 21 -9999 -9999 -9999   360   108 -9999 -9999 -9999
2021 01 18 00 -9999 -9999 -9999   353    61 -9999 -9999 -9999
2021 01 18 03 -9999 -9999 -9999     7    40 -9999 -9999 -9999
2021 01 18 06 -9999 -9999 -9999    73    50 -9999 -9999 -9999
2021 01 18 09 -9999 -9999 -9999    86    34 -9999 -9999 -9999
2021 01 18 12 -9999 -9999 -9999    21    17 -9999 -9999 -9999
2021 01 18 15 -9999 -9999 -9999    32    61 -9999 -9999 -9999
2021 01 18 18 -9999 -9999 -9999    54   103 -9999 -9999 -9999
2021 01 18 21 -9999 -9999 -9999    54   105 -9999 -9999 -9999
2021 01 19 00 -9999 -9999 -9999    52    97 -9999 -9999 -9999
2021 01 19 03 -9999 -9999 -9999    45   104 -9999 -9999 -9999
2021 01 19 06 -9999 -9999 -9999    39    53 -9999 -9999 -9999
2021 01 19 09 -9999 -9999 -9999    44    56 -9999 -9999 -9999
2021 01 19 12 -9999 -9999 -9999    53    88 -9999 -9999 -9999
2021 01 19 15 -9999 -9999 -9999    45   102 -9999 -9999 -9999
2021 01 20 00 -9999 -9999 -9999    36    77 -9999 -9999 -9999
2021 01 20 03 -9999 -9999 -9999    55    85 -9999 -9999 -9999
2021 01 20 06 -9999 -9999 -9999    56    68 -9999 -9999 -9999
2021 01 20 09 -9999 -9999 -9999    37    67 -9999 -9999 -9999
2021 01 20 12 -9999 -9999 -9999    37    80 -9999 -9999 -9999
2021 01 20 15 -9999 -9999 -9999    43    72 -9999 -9999 -9999
2021 01 20 18 -9999 -9999 -9999    39    90 -9999 -9999 -9999
2021 01 22 03 -9999 -9999 -9999   360     0 -9999 -9999 -9999
2021 01 22 06 -9999 -9999 -9999   279    30 -9999 -9999 -9999
2021 01 22 09 -9999 -9999 -9999   360     0 -9999 -9999 -9999
2021 01 22 12 -9999 -9999 -9999   304    42 -9999 -9999 -9999
2021 01 22 15 -9999 -9999 -9999   324    20 -9999 -9999 -9999
2021 01 22 18 -9999 -9999 -9999   347    39 -9999 -9999 -9999
2021 01 23 00 -9999 -9999 -9999   357    67 -9999 -9999 -9999
2021 01 23 03 -9999 -9999 -9999    11    50 -9999 -9999 -9999
2021 01 23 06 -9999 -9999 -9999   107    17 -9999 -9999 -9999
2021 01 23 09 -9999 -9999 -9999   229    13 -9999 -9999 -9999
2021 01 23 12 -9999 -9999 -9999   360     0 -9999 -9999 -9999
2021 01 23 15 -9999 -9999 -9999   360     0 -9999 -9999 -9999
2021 01 23 18 -9999 -9999 -9999    22    28 -9999 -9999 -9999
2021 01 23 21 -9999 -9999 -9999    48    88 -9999 -9999 -9999
2021 01 24 00 -9999 -9999 -9999    60   122 -9999 -9999 -9999
2021 01 24 03 -9999 -9999 -9999    57   102 -9999 -9999 -9999
2021 01 24 06 -9999 -9999 -9999    57   117 -9999 -9999 -9999
2021 01 24 09 -9999 -9999 -9999    67   108 -9999 -9999 -9999
2021 01 24 12 -9999 -9999 -9999    82    84 -9999 -9999 -9999
2021 01 24 21 -9999 -9999 -9999    55    98 -9999 -9999 -9999
2021 01 25 00 -9999 -9999 -9999    61    74 -9999 -9999 -9999
2021 01 25 03 -9999 -9999 -9999    59    90 -9999 -9999 -9999
2021 01 25 06 -9999 -9999 -9999    63    65 -9999 -9999 -9999
2021 01 25 09 -9999 -9999 -9999    72    27 -9999 -9999 -9999
2021 01 25 12 -9999 -9999 -9999    47    11 -9999 -9999 -9999
2021 01 25 15 -9999 -9999 -9999    24    37 -9999 -9999 -9999
2021 01 25 18 -9999 -9999 -9999    31    52 -9999 -9999 -9999
2021 01 25 21 -9999 -9999 -9999    39    55 -9999 -9999 -9999
2021 01 26 00 -9999 -9999 -9999    49    56 -9999 -9999 -9999
2021 01 26 03 -9999 -9999 -9999    26    40 -9999 -9999 -9999
2021 01 26 06 -9999 -9999 -9999    75    27 -9999 -9999 -9999
2021 01 26 12 -9999 -9999 -9999   360     0 -9999 -9999 -9999
2021 01 26 15 -9999 -9999 -9999   360     0 -9999 -9999 -9999
2021 01 26 18 -9999 -9999 -9999    30    66 -9999 -9999 -9999
2021 01 26 21 -9999 -9999 -9999    66   111 -9999 -9999 -9999
2021 01 27 00 -9999 -9999 -9999    68    98 -9999 -9999 -9999
2021 01 27 03 -9999 -9999 -9999    50    75 -9999 -9999 -9999
2021 01 27 06 -9999 -9999 -9999    54    38 -9999 -9999 -9999
2021 01 27 09 -9999 -9999 -9999    51    43 -9999 -9999 -9999
2021 01 27 15 -9999 -9999 -9999    30    65 -9999 -9999 -9999
2021 01 27 18 -9999 -9999 -9999    34    55 -9999 -9999 -9999
2021 01 27 21 -9999 -9999 -9999    27    39 -9999 -9999 -9999
2021 01 28 00 -9999 -9999 -9999    54    46 -9999 -9999 -9999
2021 01 28 03 -9999 -9999 -9999    69     4 -9999 -9999 -9999
2021 01 28 06 -9999 -9999 -9999    40    39 -9999 -9999 -9999
2021 01 28 09 -9999 -9999 -9999   222    18 -9999 -9999 -9999
2021 01 28 12 -9999 -9999 -9999   351    82 -9999 -9999 -9999
2021 01 28 15 -9999 -9999 -9999   360   107 -9999 -9999 -9999
2021 01 28 18 -9999 -9999 -9999     1    96 -9999 -9999 -9999
2021 01 28 21 -9999 -9999 -9999   360    90 -9999 -9999 -9999
2021 01 29 00 -9999 -9999 -9999   360    86 -9999 -9999 -9999
2021 01 29 03 -9999 -9999 -9999    45    81 -9999 -9999 -9999
2021 01 29 06 -9999 -9999 -9999    67    80 -9999 -9999 -9999
2021 01 29 09 -9999 -9999 -9999    74    93 -9999 -9999 -9999
2021 01 29 12 -9999 -9999 -9999    70    92 -9999 -9999 -9999
2021 01 29 15 -9999 -9999 -9999    65   110 -9999 -9999 -9999
2021 01 29 18 -9999 -9999 -9999    62   116 -9999 -9999 -9999
2021 01 29 21 -9999 -9999 -9999    60   117 -9999 -9999 -9999
2021 01 30 00 -9999 -9999 -9999    57   109 -9999 -9999 -9999
2021 01 30 03 -9999 -9999 -9999    57    99 -9999 -9999 -9999
2021 01 30 06 -9999 -9999 -9999    56    72 -9999 -9999 -9999
2021 01 30 09 -9999 -9999 -9999    69    79 -9999 -9999 -9999
2021 01 30 12 -9999 -9999 -9999    35    81 -9999 -9999 -9999
2021 01 30 15 -9999 -9999 -9999    34    71 -9999 -9999 -9999
2021 01 30 18 -9999 -9999 -9999    47   103 -9999 -9999 -9999
2021 01 30 21 -9999 -9999 -9999    52    89 -9999 -9999 -9999
2021 01 31 03 -9999 -9999 -9999    51    86 -9999 -9999 -9999
2021 01 31 06 -9999 -9999 -9999    72    66 -9999 -9999 -9999
2021 01 31 09 -9999 -9999 -9999    23    47 -9999 -9999 -9999
2021 01 31 12 -9999 -9999 -9999    37    70 -9999 -9999 -9999
2021 01 31 15 -9999 -9999 -9999    23    62 -9999 -9999 -9999
2021 01 31 18 -9999 -9999 -9999    23    58 -9999 -9999 -9999
2021 01 31 21 -9999 -9999 -9999    28    46 -9999 -9999 -9999
2021 02 01 00 -9999 -9999 -9999     8    49 -9999 -9999 -9999
2021 02 01 03 -9999 -9999 -9999    25    38 -9999 -9999 -9999
2021 02 01 06 -9999 -9999 -9999    60    35 -9999 -9999 -9999
2021 02 01 09 -9999 -9999 -9999    49    32 -9999 -9999 -9999
2021 02 01 12 -9999 -9999 -9999    17    21 -9999 -9999 -9999
2021 02 01 15 -9999 -9999 -9999    10    31 -9999 -9999 -9999
2021 02 01 18 -9999 -9999 -9999     2    31 -9999 -9999 -9999
2021 02 01 21 -9999 -9999 -9999   355    15 -9999 -9999 -9999
2021 02 02 00 -9999 -9999 -9999   336    31 -9999 -9999 -9999
2021 02 02 03 -9999 -9999 -9999   360     0 -9999 -9999 -9999
2021 02 02 06 -9999 -9999 -9999    76    16 -9999 -9999 -9999
2021 02 02 09 -9999 -9999 -9999    65    84 -9999 -9999 -9999
2021 02 02 12 -9999 -9999 -9999    35    87 -9999 -9999 -9999
2021 02 02 15 -9999 -9999 -9999    49   130 -9999 -9999 -9999
2021 02 02 18 -9999 -9999 -9999    59   121 -9999 -9999 -9999
2021 02 02 21 -9999 -9999 -9999    71   141 -9999 -9999 -9999
2021 02 03 00 -9999 -9999 -9999    62   122 -9999 -9999 -9999
2021 02 03 03 -9999 -9999 -9999    55   106 -9999 -9999 -9999
2021 02 03 06 -9999 -9999 -9999    70    95 -9999 -9999 -9999
2021 02 03 09 -9999 -9999 -9999    72    72 -9999 -9999 -9999
2021 02 03 12 -9999 -9999 -9999    52    51 -9999 -9999 -9999
2021 02 03 15 -9999 -9999 -9999    25    65 -9999 -9999 -9999
2021 02 03 18 -9999 -9999 -9999    28    69 -9999 -9999 -9999
2021 02 03 21 -9999 -9999 -9999    41    70 -9999 -9999 -9999
2021 02 04 00 -9999 -9999 -9999    39    62 -9999 -9999 -9999
2021 02 04 03 -9999 -9999 -9999    42    36 -9999 -9999 -9999
2021 02 04 06 -9999 -9999 -9999    76    46 -9999 -9999 -9999
2021 02 04 09 -9999 -9999 -9999    73    52 -9999 -9999 -9999
2021 02 04 12 -9999 -9999 -9999    39    56 -9999 -9999 -9999
2021 02 04 15 -9999 -9999 -9999    36    88 -9999 -9999 -9999
2021 02 04 18 -9999 -9999 -9999    50   107 -9999 -9999 -9999
2021 02 04 21 -9999 -9999 -9999    56   122 -9999 -9999 -9999
2021 02 05 00 -9999 -9999 -9999    57   123 -9999 -9999 -9999
2021 02 05 03 -9999 -9999 -9999    53    83 -9999 -9999 -9999
2021 02 05 06 -9999 -9999 -9999    42    46 -9999 -9999 -9999
2021 02 05 09 -9999 -9999 -9999    54    25 -9999 -9999 -9999
2021 02 05 12 -9999 -9999 -9999    55    22 -9999 -9999 -9999
2021 02 05 15 -9999 -9999 -9999     8    37 -9999 -9999 -9999
2021 02 05 18 -9999 -9999 -9999   352    20 -9999 -9999 -9999
2021 02 05 21 -9999 -9999 -9999    40     7 -9999 -9999 -9999
2021 02 06 00 -9999 -9999 -9999    11    15 -9999 -9999 -9999
2021 02 06 03 -9999 -9999 -9999    29    25 -9999 -9999 -9999
2021 02 06 06 -9999 -9999 -9999    91     9 -9999 -9999 -9999
2021 02 06 09 -9999 -9999 -9999   146    31 -9999 -9999 -9999
2021 02 06 12 -9999 -9999 -9999   171    11 -9999 -9999 -9999
2021 02 06 15 -9999 -9999 -9999   360     0 -9999 -9999 -9999
2021 02 06 18 -9999 -9999 -9999   360     0 -9999 -9999 -9999
2021 02 06 21 -9999 -9999 -9999     8    25 -9999 -9999 -9999
2021 02 07 00 -9999 -9999 -9999    35    38 -9999 -9999 -9999
2021 02 07 03 -9999 -9999 -9999    30    82 -9999 -9999 -9999
2021 02 07 06 -9999 -9999 -9999    69    67 -9999 -9999 -9999
2021 02 07 09 -9999 -9999 -9999    43    32 -9999 -9999 -9999
2021 02 07 12 -9999 -9999 -9999    23    33 -9999 -9999 -9999
2021 02 07 15 -9999 -9999 -9999    26    41 -9999 -9999 -9999
2021 02 07 18 -9999 -9999 -9999    23    53 -9999 -9999 -9999
2021 02 07 21 -9999 -9999 -9999    50    72 -9999 -9999 -9999
2021 02 08 00 -9999 -9999 -9999    31    94 -9999 -9999 -9999
2021 02 08 03 -9999 -9999 -9999    39    76 -9999 -9999 -9999
2021 02 08 06 -9999 -9999 -9999    74   101 -9999 -9999 -9999
2021 02 08 09 -9999 -9999 -9999    81   141 -9999 -9999 -9999
2021 02 08 15 -9999 -9999 -9999    68   129 -9999 -9999 -9999
2021 02 08 18 -9999 -9999 -9999    60   173 -9999 -9999 -9999
2021 02 08 21 -9999 -9999 -9999    70   174 -9999 -9999 -9999
2021 02 09 00 -9999 -9999 -9999    68   142 -9999 -9999 -9999
2021 02 09 03 -9999 -9999 -9999    67   157 -9999 -9999 -9999
2021 02 09 06 -9999 -9999 -9999    73   133 -9999 -9999 -9999
2021 02 09 12 -9999 -9999 -9999    79   169 -9999 -9999 -9999
2021 02 09 15 -9999 -9999 -9999    73   181 -9999 -9999 -9999
2021 02 09 18 -9999 -9999 -9999    67   182 -9999 -9999 -9999
2021 02 09 21 -9999 -9999 -9999    70   167 -9999 -9999 -9999
2021 02 10 00 -9999 -9999 -9999    70   141 -9999 -9999 -9999
2021 02 10 03 -9999 -9999 -9999   344    81 -9999 -9999 -9999
2021 02 10 06 -9999 -9999 -9999     4    77 -9999 -9999 -9999
2021 02 10 09 -9999 -9999 -9999     2    55 -9999 -9999 -9999
2021 02 11 00 -9999 -9999 -9999   350    68 -9999 -9999 -9999
2021 02 13 12 -9999 -9999 -9999    42    31 -9999 -9999 -9999
2021 02 13 15 -9999 -9999 -9999    30    66 -9999 -9999 -9999
2021 02 13 18 -9999 -9999 -9999     6    40 -9999 -9999 -9999
2021 02 13 21 -9999 -9999 -9999   356    29 -9999 -9999 -9999
2021 02 14 00 -9999 -9999 -9999    25    14 -9999 -9999 -9999
2021 02 14 03 -9999 -9999 -9999   349     6 -9999 -9999 -9999
2021 02 14 06 -9999 -9999 -9999   215    55 -9999 -9999 -9999
2021 02 14 09 -9999 -9999 -9999   211    50 -9999 -9999 -9999
2021 02 14 12 -9999 -9999 -9999   235    41 -9999 -9999 -9999
2021 02 14 15 -9999 -9999 -9999   289    41 -9999 -9999 -9999
2021 02 14 18 -9999 -9999 -9999   317    30 -9999 -9999 -9999
2021 02 14 21 -9999 -9999 -9999   360     0 -9999 -9999 -9999
2021 02 15 00 -9999 -9999 -9999   355    10 -9999 -9999 -9999
2021 02 15 03 -9999 -9999 -9999    30    10 -9999 -9999 -9999
2021 02 15 06 -9999 -9999 -9999    74    17 -9999 -9999 -9999
2021 02 15 09 -9999 -9999 -9999    90    31 -9999 -9999 -9999
2021 02 15 12 -9999 -9999 -9999    91    53 -9999 -9999 -9999
2021 02 15 15 -9999 -9999 -9999    44    82 -9999 -9999 -9999
2021 02 15 18 -9999 -9999 -9999    52    80 -9999 -9999 -9999
2021 02 15 21 -9999 -9999 -9999    64    98 -9999 -9999 -9999
2021 02 16 00 -9999 -9999 -9999    63    86 -9999 -9999 -9999
2021 02 16 03 -9999 -9999 -9999    29    77 -9999 -9999 -9999
2021 02 16 06 -9999 -9999 -9999    51    46 -9999 -9999 -9999
2021 02 16 09 -9999 -9999 -9999     2    22 -9999 -9999 -9999
2021 02 16 12 -9999 -9999 -9999   360    23 -9999 -9999 -9999
2021 02 16 15 -9999 -9999 -9999    18    25 -9999 -9999 -9999
2021 02 16 18 -9999 -9999 -9999   344    17 -9999 -9999 -9999
2021 02 16 21 -9999 -9999 -9999   354    87 -9999 -9999 -9999
2021 02 17 03 -9999 -9999 -9999    11    58 -9999 -9999 -9999
2021 02 17 06 -9999 -9999 -9999    74    49 -9999 -9999 -9999
2021 02 17 09 -9999 -9999 -9999    97    33 -9999 -9999 -9999
2021 02 17 12 -9999 -9999 -9999    42    71 -9999 -9999 -9999
2021 02 17 15 -9999 -9999 -9999    68    97 -9999 -9999 -9999
2021 02 17 18 -9999 -9999 -9999    54   107 -9999 -9999 -9999
2021 02 17 21 -9999 -9999 -9999    54    94 -9999 -9999 -9999
2021 02 18 00 -9999 -9999 -9999    55    97 -9999 -9999 -9999
2021 02 18 03 -9999 -9999 -9999    60    92 -9999 -9999 -9999
2021 02 18 06 -9999 -9999 -9999    77    58 -9999 -9999 -9999
2021 02 18 09 -9999 -9999 10237    80    62 -9999 -9999 -9999
2021 02 18 12 -9999 -9999 -9999    47    60 -9999 -9999 -9999
2021 02 18 15 -9999 -9999 -9999    69    72 -9999 -9999 -9999
2021 02 18 18 -9999 -9999 10247    61    99 -9999 -9999 -9999
2021 02 18 21 -9999 -9999 -9999    56    98 -9999 -9999 -9999
2021 02 19 00 -9999 -9999 -9999    64    92 -9999 -9999 -9999
2021 02 19 03 -9999 -9999 -9999    48    62 -9999 -9999 -9999
2021 02 19 06 -9999 -9999 10229    76    50 -9999 -9999 -9999
2021 02 19 09 -9999 -9999 -9999    96    14 -9999 -9999 -9999
2021 02 20 15 -9999 -9999 -9999   360     0 -9999 -9999 -9999
2021 02 20 18 -9999 -9999 -9999     9    33 -9999 -9999 -9999
2021 02 20 21 -9999 -9999 -9999    10    21 -9999 -9999 -9999
2021 02 21 00 -9999 -9999 -9999    46    17 -9999 -9999 -9999
2021 02 21 03 -9999 -9999 -9999    52    16 -9999 -9999 -9999
2021 02 21 06 -9999 -9999 -9999    52    20 -9999 -9999 -9999
2021 02 21 15 -9999 -9999 -9999    12     9 -9999 -9999 -9999
2021 02 21 18 -9999 -9999 -9999   357    15 -9999 -9999 -9999
2021 02 21 21 -9999 -9999 -9999    16    25 -9999 -9999 -9999
2021 02 22 00 -9999 -9999 -9999   354    25 -9999 -9999 -9999
2021 02 22 03 -9999 -9999 -9999    57    12 -9999 -9999 -9999
2021 02 22 06 -9999 -9999 -9999   126    30 -9999 -9999 -9999
2021 02 22 09 -9999 -9999 -9999   176     5 -9999 -9999 -9999
2021 02 22 12 -9999 -9999 -9999   172    16 -9999 -9999 -9999
2021 02 22 15 -9999 -9999 -9999   360     0 -9999 -9999 -9999
2021 02 22 18 -9999 -9999 -9999    79    13 -9999 -9999 -9999
2021 02 22 21 -9999 -9999 -9999     4    24 -9999 -9999 -9999
2021 02 23 00 -9999 -9999 -9999   348    10 -9999 -9999 -9999
2021 02 23 03 -9999 -9999 -9999    53    26 -9999 -9999 -9999
2021 02 23 06 -9999 -9999 -9999    62    54 -9999 -9999 -9999
2021 02 23 09 -9999 -9999 -9999    71    67 -9999 -9999 -9999
2021 02 23 12 -9999 -9999 -9999    73    64 -9999 -9999 -9999
2021 02 23 15 -9999 -9999 -9999    73    97 -9999 -9999 -9999
2021 02 23 18 -9999 -9999 -9999    70   124 -9999 -9999 -9999
2021 02 24 00 -9999 -9999 -9999    53   130 -9999 -9999 -9999
2021 02 24 03 -9999 -9999 -9999    66   124 -9999 -9999 -9999
2021 02 24 06 -9999 -9999 -9999    59   100 -9999 -9999 -9999
2021 02 24 09 -9999 -9999 -9999    78    72 -9999 -9999 -9999
2021 02 24 12 -9999 -9999 -9999    67    66 -9999 -9999 -9999
2021 02 24 15 -9999 -9999 -9999    35    69 -9999 -9999 -9999
2021 02 24 18 -9999 -9999 -9999    77    93 -9999 -9999 -9999
2021 02 24 21 -9999 -9999 -9999    64   123 -9999 -9999 -9999
2021 02 25 00 -9999 -9999 -9999    42    97 -9999 -9999 -9999
2021 02 25 03 -9999 -9999 -9999    53    92 -9999 -9999 -9999
2021 02 25 06 -9999 -9999 -9999    59    76 -9999 -9999 -9999
2021 02 25 09 -9999 -9999 -9999    52    61 -9999 -9999 -9999
2021 02 25 12 -9999 -9999 -9999    70    42 -9999 -9999 -9999
2021 02 25 15 -9999 -9999 -9999    25    17 -9999 -9999 -9999
2021 02 25 18 -9999 -9999 -9999   360    26 -9999 -9999 -9999
2021 02 25 21 -9999 -9999 -9999    29    53 -9999 -9999 -9999
2021 02 26 00 -9999 -9999 -9999    53    35 -9999 -9999 -9999
2021 02 26 03 -9999 -9999 -9999    34    43 -9999 -9999 -9999
2021 02 26 06 -9999 -9999 -9999    51    32 -9999 -9999 -9999
2021 02 26 09 -9999 -9999 -9999    50    36 -9999 -9999 -9999
2021 02 26 12 -9999 -9999 -9999    44    45 -9999 -9999 -9999
2021 02 26 18 -9999 -9999 -9999     9    30 -9999 -9999 -9999
2021 02 26 21 -9999 -9999 -9999    20    62 -9999 -9999 -9999
2021 02 27 00 -9999 -9999 -9999    74    87 -9999 -9999 -9999
2021 02 27 03 -9999 -9999 -9999    31    95 -9999 -9999 -9999
2021 02 27 06 -9999 -9999 -9999    36    80 -9999 -9999 -9999
2021 02 27 09 -9999 -9999 -9999    42    83 -9999 -9999 -9999
2021 02 27 12 -9999 -9999 -9999    41    77 -9999 -9999 -9999
2021 02 27 15 -9999 -9999 -9999    33    60 -9999 -9999 -9999
2021 02 27 18 -9999 -9999 -9999    23    56 -9999 -9999 -9999
2021 02 27 21 -9999 -9999 -9999    55   107 -9999 -9999 -9999
2021 02 28 00 -9999 -9999 -9999    55   100 -9999 -9999 -9999
2021 02 28 03 -9999 -9999 -9999    59    99 -9999 -9999 -9999
2021 02 28 06 -9999 -9999 -9999    50    88 -9999 -9999 -9999
2021 02 28 09 -9999 -9999 -9999    65    71 -9999 -9999 -9999
2021 02 28 12 -9999 -9999 -9999    55    75 -9999 -9999 -9999
2021 02 28 15 -9999 -9999 -9999    25    62 -9999 -9999 -9999
2021 02 28 18 -9999 -9999 -9999    25    56 -9999 -9999 -9999
2021 02 28 21 -9999 -9999 -9999    50    70 -9999 -9999 -9999
2021 03 01 00 -9999 -9999 -9999    47    63 -9999 -9999 -9999
2021 03 01 03 -9999 -9999 -9999    44    51 -9999 -9999 -9999
2021 03 01 06 -9999 -9999 -9999    29    36 -9999 -9999 -9999
2021 03 01 09 -9999 -9999 -9999    44    24 -9999 -9999 -9999
2021 03 01 12 -9999 -9999 -9999    79    14 -9999 -9999 -9999
2021 03 01 15 -9999 -9999 -9999     6    24 -9999 -9999 -9999
2021 03 01 18 -9999 -9999 -9999   344    11 -9999 -9999 -9999
2021 03 01 21 -9999 -9999 -9999   352    38 -9999 -9999 -9999
2021 03 02 00 -9999 -9999 -9999   347    76 -9999 -9999 -9999
2021 03 02 03 -9999 -9999 -9999   354    73 -9999 -9999 -9999
2021 03 02 06 -9999 -9999 -9999    35    78 -9999 -9999 -9999
2021 03 02 09 -9999 -9999 -9999    74    54 -9999 -9999 -9999
2021 03 02 12 -9999 -9999 -9999    80    98 -9999 -9999 -9999
2021 03 02 15 -9999 -9999 -9999    79   133 -9999 -9999 -9999
2021 03 02 18 -9999 -9999 -9999    77   127 -9999 -9999 -9999
2021 03 02 21 -9999 -9999 -9999    71   157 -9999 -9999 -9999
2021 03 03 00 -9999 -9999 -9999    75   129 -9999 -9999 -9999
2021 03 03 03 -9999 -9999 -9999    67   119 -9999 -9999 -9999
2021 03 03 06 -9999 -9999 -9999    61   116 -9999 -9999 -9999
2021 03 03 09 -9999 -9999 -9999    65   109 -9999 -9999 -9999
2021 03 03 12 -9999 -9999 -9999    64    94 -9999 -9999 -9999
2021 03 03 15 -9999 -9999 -9999    62   102 -9999 -9999 -9999
2021 03 03 18 -9999 -9999 -9999    75    84 -9999 -9999 -9999
2021 03 03 21 -9999 -9999 -9999    58    79 -9999 -9999 -9999
2021 03 04 00 -9999 -9999 -9999    47    80 -9999 -9999 -9999
2021 03 04 03 -9999 -9999 -9999    38    72 -9999 -9999 -9999
2021 03 04 06 -9999 -9999 -9999    26    71 -9999 -9999 -9999
2021 03 04 09 -9999 -9999 -9999    63    67 -9999 -9999 -9999
2021 03 04 12 -9999 -9999 -9999    33    63 -9999 -9999 -9999
2021 03 04 15 -9999 -9999 -9999    51    63 -9999 -9999 -9999
2021 03 04 18 -9999 -9999 -9999    70    65 -9999 -9999 -9999
2021 03 05 00 -9999 -9999 -9999    44    60 -9999 -9999 -9999
2021 03 05 03 -9999 -9999 -9999    16    48 -9999 -9999 -9999
2021 03 05 06 -9999 -9999 -9999    43    74 -9999 -9999 -9999
2021 03 05 09 -9999 -9999 -9999    46    62 -9999 -9999 -9999
2021 03 05 12 -9999 -9999 -9999    31    33 -9999 -9999 -9999
2021 03 05 15 -9999 -9999 -9999    56    71 -9999 -9999 -9999
2021 03 05 18 -9999 -9999 -9999    31    66 -9999 -9999 -9999
2021 03 05 21 -9999 -9999 -9999    27    67 -9999 -9999 -9999
2021 03 06 00 -9999 -9999 -9999    52    63 -9999 -9999 -9999
2021 03 06 03 -9999 -9999 -9999    32    39 -9999 -9999 -9999
2021 03 06 06 -9999 -9999 -9999     6    46 -9999 -9999 -9999
2021 03 06 09 -9999 -9999 -9999    29    40 -9999 -9999 -9999
2021 03 06 12 -9999 -9999 -9999    30    48 -9999 -9999 -9999
2021 03 06 15 -9999 -9999 -9999    28    64 -9999 -9999 -9999
2021 03 06 18 -9999 -9999 -9999    50    77 -9999 -9999 -9999
2021 03 06 21 -9999 -9999 -9999    63   105 -9999 -9999 -9999
2021 03 07 00 -9999 -9999 -9999    72   112 -9999 -9999 -9999
2021 03 07 03 -9999 -9999 -9999    70   100 -9999 -9999 -9999
2021 03 07 06 -9999 -9999 -9999    66    91 -9999 -9999 -9999
2021 03 07 09 -9999 -9999 -9999    38    52 -9999 -9999 -9999
2021 03 07 12 -9999 -9999 -9999    27    44 -9999 -9999 -9999
2021 03 07 15 -9999 -9999 -9999    30    65 -9999 -9999 -9999
2021 03 07 18 -9999 -9999 -9999    53   101 -9999 -9999 -9999
2021 03 07 21 -9999 -9999 -9999    72   105 -9999 -9999 -9999
2021 03 08 00 -9999 -9999 -9999    68   109 -9999 -9999 -9999
2021 03 08 03 -9999 -9999 -9999    70   123 -9999 -9999 -9999
2021 03 08 06 -9999 -9999 -9999    71   106 -9999 -9999 -9999
2021 03 08 09 -9999 -9999 -9999    69    88 -9999 -9999 -9999
2021 03 08 12 -9999 -9999 -9999    37    83 -9999 -9999 -9999
2021 03 08 15 -9999 -9999 -9999    68    87 -9999 -9999 -9999
2021 03 08 18 -9999 -9999 -9999    66    93 -9999 -9999 -9999
2021 03 08 21 -9999 -9999 -9999    58   105 -9999 -9999 -9999
2021 03 09 00 -9999 -9999 -9999    74   101 -9999 -9999 -9999
2021 03 09 03 -9999 -9999 -9999    68    86 -9999 -9999 -9999
2021 03 09 06 -9999 -9999 -9999    59    75 -9999 -9999 -9999
2021 03 09 09 -9999 -9999 -9999    56    68 -9999 -9999 -9999
2021 03 09 12 -9999 -9999 -9999    43    50 -9999 -9999 -9999
2021 03 09 15 -9999 -9999 -9999    58    70 -9999 -9999 -9999
2021 03 09 18 -9999 -9999 -9999    56    91 -9999 -9999 -9999
2021 03 09 21 -9999 -9999 -9999    62   128 -9999 -9999 -9999
2021 03 10 00 -9999 -9999 -9999    61   122 -9999 -9999 -9999
2021 03 10 03 -9999 -9999 -9999    70   135 -9999 -9999 -9999
2021 03 10 06 -9999 -9999 -9999    62   123 -9999 -9999 -9999
2021 03 10 09 -9999 -9999 -9999    71   123 -9999 -9999 -9999
2021 03 10 12 -9999 -9999 -9999    70   128 -9999 -9999 -9999
2021 03 10 15 -9999 -9999 -9999    59   117 -9999 -9999 -9999
2021 03 10 21 -9999 -9999 -9999    47   121 -9999 -9999 -9999
2021 03 11 00 -9999 -9999 -9999    62   115 -9999 -9999 -9999
2021 03 11 03 -9999 -9999 -9999    65    94 -9999 -9999 -9999
2021 03 11 06 -9999 -9999 -9999    57    93 -9999 -9999 -9999
2021 03 11 09 -9999 -9999 -9999    71    63 -9999 -9999 -9999
2021 03 11 12   210   182 10191    93    28 -9999 -9999 -9999
2021 03 11 15   202   184 10202    41    29 -9999 -9999 -9999
2021 03 11 18   197   184 10193     7    24 -9999 -9999 -9999
2021 03 11 21   201   184 10187    15    47 -9999 -9999 -9999
2021 03 12 00   210   182 10202    33    28 -9999 -9999 -9999
2021 03 12 03   255   191 10203    32    36 -9999 -9999 -9999
2021 03 12 06   235   192 10180   100    20 -9999 -9999 -9999
2021 03 12 09   230   196 10164   360     0 -9999 -9999 -9999
2021 03 12 12   212   197 10172   360     0 -9999 -9999 -9999
2021 03 12 15   216   179 10187    23    31 -9999 -9999 -9999
2021 03 12 18   215   204 10187    49    92 -9999 -9999 -9999
2021 03 12 21   206   181 10181    77   136 -9999 -9999 -9999
2021 03 13 00   202   174 10202    71   101 -9999 -9999 -9999
2021 03 13 03   206   162 10213    68   103 -9999 -9999 -9999
2021 03 13 06   211   169 10184    68    88 -9999 -9999 -9999
2021 03 13 09   207   169 10167    75    71 -9999 -9999 -9999
2021 03 13 12   210   179 10172    81    62 -9999 -9999 -9999
2021 03 13 15   215   181 10184    82    57 -9999 -9999 -9999
2021 03 13 18   211   186 10170    61    65 -9999 -9999 -9999
2021 03 13 21   201   181 10164    59    91 -9999 -9999 -9999
2021 03 14 00   200   163 10184    59    89 -9999 -9999 -9999
2021 03 14 03   207   172 10190    69    87 -9999 -9999 -9999
2021 03 14 06   205   171 10163    69    75 -9999 -9999 -9999
2021 03 14 09   205   172 10152    76    69 -9999 -9999 -9999
2021 03 14 12   207   177 10152    81    57 -9999 -9999 -9999
2021 03 14 15   212   182 10164    85    63 -9999 -9999 -9999
2021 03 14 18   212   178 10155    78    63 -9999 -9999 -9999
2021 03 14 21   200   183 10140    59    96 -9999 -9999 -9999
2021 03 15 00   195   166 10166    46    96 -9999 -9999 -9999
2021 03 15 03   227   154 10175    42    82 -9999 -9999 -9999
2021 03 15 06   220   162 10143    69    57 -9999 -9999 -9999
2021 03 15 09   212   180 10128    75    43 -9999 -9999 -9999
2021 03 15 12   215   190 10137    80    49 -9999 -9999 -9999
2021 03 15 15   217   198 10152    91    38 -9999 -9999 -9999
2021 03 15 18   215   199 10140    40    53 -9999 -9999 -9999
2021 03 15 21   207   200 10131    33    42 -9999 -9999 -9999
2021 03 16 00   207   197 10146    26    31 -9999 -9999 -9999
2021 03 16 03   261   201 10154    34    36 -9999 -9999 -9999
2021 03 16 06   241   199 10130    90    12 -9999 -9999 -9999
2021 03 16 09   226   201 10116   360     0 -9999 -9999 -9999
2021 03 16 12   221   209 10127   103    10 -9999 -9999 -9999
2021 03 16 15   215   208 10141   360     0 -9999 -9999 -9999
2021 03 16 18   215   208 10135     6    23 -9999 -9999 -9999
2021 03 16 21   207   202 10128   359    20 -9999 -9999 -9999
2021 03 17 00   220   207 10143    39    21 -9999 -9999 -9999
2021 03 17 03   275   211 10147    22    17 -9999 -9999 -9999
2021 03 17 06   250   213 10127    78    19 -9999 -9999 -9999
2021 03 17 09   232   216 10115    75    29 -9999 -9999 -9999
2021 03 17 12   231   220 10125    74    31 -9999 -9999 -9999
2021 03 17 15   231   223 10139   101    51 -9999 -9999 -9999
2021 03 17 18   225   213 10131    86    58 -9999 -9999 -9999
2021 03 17 21   221   214 10127    69    78 -9999 -9999 -9999
2021 03 18 00   217   209 10147    74    85 -9999 -9999 -9999
2021 03 18 03   217   206 10157    57    76 -9999 -9999 -9999
2021 03 18 06   220   203 10136    59    56 -9999 -9999 -9999
2021 03 18 09   221   201 10116    72    49 -9999 -9999 -9999
2021 03 18 12   225   209 10122    91    30 -9999 -9999 -9999
2021 03 18 15   227   216 10131    70    33 -9999 -9999 -9999
2021 03 18 18   222   213 10130    63    32 -9999 -9999 -9999
2021 03 18 21   220   213 10128    77    56 -9999 -9999 -9999
2021 03 19 00   220   209 10146    69    70 -9999 -9999 -9999
2021 03 19 03   230   206 10151    64    57 -9999 -9999 -9999
2021 03 19 06   236   206 10118    74    36 -9999 -9999 -9999
2021 03 19 09   227   209 10104    89    22 -9999 -9999 -9999
2021 03 19 12   225   212 10109    78    18 -9999 -9999 -9999
2021 03 19 15   220   211 10119     1    16 -9999 -9999 -9999
2021 03 19 18   216   210 10113   356    24 -9999 -9999 -9999
2021 03 19 21   212   208 10110     2    18 -9999 -9999 -9999
2021 03 20 00   230   217 10127    41    17 -9999 -9999 -9999
2021 03 20 03   261   208 10130   360     0 -9999 -9999 -9999
2021 03 20 06   280   220 10100 -9999 -9999 -9999 -9999 -9999
2021 03 20 09   242   217 10092 -9999 -9999 -9999 -9999 -9999
2021 03 20 12   232   219 10104 -9999 -9999 -9999 -9999 -9999
2021 03 20 15   225   216 10115 -9999 -9999 -9999 -9999 -9999
2021 03 20 18   217   213 10114 -9999 -9999 -9999 -9999 -9999
2021 03 20 21   217   212 10119 -9999 -9999 -9999 -9999 -9999
2021 03 21 00   216   183 10144 -9999 -9999 -9999 -9999 -9999
2021 03 21 03   220   175 10166 -9999 -9999 -9999 -9999 -9999
2021 03 21 06   200   155 10162 -9999 -9999 -9999 -9999 -9999
2021 03 21 09   181   124 10159 -9999 -9999 -9999 -9999 -9999
2021 03 21 12   172   111 10182 -9999 -9999 -9999 -9999 -9999
2021 03 21 15   167   114 10213 -9999 -9999 -9999 -9999 -9999
2021 03 21 18   160   103 10216 -9999 -9999 -9999 -9999 -9999
2021 03 21 21   157   113 10215 -9999 -9999 -9999 -9999 -9999
2021 03 22 00   155   109 10239 -9999 -9999 -9999 -9999 -9999
2021 03 22 03   165   107 10248 -9999 -9999 -9999 -9999 -9999
2021 03 22 06   202   115 10225 -9999 -9999 -9999 -9999 -9999
2021 03 22 09   176   114 10214 -9999 -9999 -9999 -9999 -9999
2021 03 22 12   185   116 10229 -9999 -9999 -9999 -9999 -9999
2021 03 22 15   190   117 10235 -9999 -9999 -9999 -9999 -9999
2021 03 22 18   185   122 10226 -9999 -9999 -9999 -9999 -9999
2021 03 22 21   182   125 10214 -9999 -9999 -9999 -9999 -9999
2021 03 23 00   180   108 10219 -9999 -9999 -9999 -9999 -9999
2021 03 23 03   185   111 10226 -9999 -9999 -9999 -9999 -9999
2021 03 23 06   181   106 10201 -9999 -9999 -9999 -9999 -9999
2021 03 23 09   182   112 10182 -9999 -9999 -9999 -9999 -9999
2021 03 23 12   190   131 10188 -9999 -9999 -9999 -9999 -9999
2021 03 23 15   192   137 10199 -9999 -9999 -9999 -9999 -9999
2021 03 23 18   190   137 10182 -9999 -9999 -9999 -9999 -9999
2021 03 23 21   181   133 10172 -9999 -9999 -9999 -9999 -9999
2021 03 24 00   186   136 10188 -9999 -9999 -9999 -9999 -9999
2021 03 24 03   235   148 10187 -9999 -9999 -9999 -9999 -9999
2021 03 24 06   212   140 10154 -9999 -9999 -9999 -9999 -9999
2021 03 24 09   207   156 10140 -9999 -9999 -9999 -9999 -9999
2021 03 24 12   207   158 10150 -9999 -9999 -9999 -9999 -9999
2021 03 24 15   210   165 10163 -9999 -9999 -9999 -9999 -9999
2021 03 24 18   205   180 10155 -9999 -9999 -9999 -9999 -9999
2021 03 24 21   207   183 10163 -9999 -9999 -9999 -9999 -9999
2021 03 25 00   205   144 10185 -9999 -9999 -9999 -9999 -9999
2021 03 25 03   215   156 10194 -9999 -9999 -9999 -9999 -9999
2021 03 25 06   215   153 10163 -9999 -9999 -9999 -9999 -9999
2021 03 25 09   212   158 10152 -9999 -9999 -9999 -9999 -9999
2021 03 25 12   215   161 10155 -9999 -9999 -9999 -9999 -9999
2021 03 25 15   215   166 10167 -9999 -9999 -9999 -9999 -9999
2021 03 25 18   200   167 10164 -9999 -9999 -9999 -9999 -9999
2021 03 25 21   195   158 10158 -9999 -9999 -9999 -9999 -9999
2021 03 26 00   192   157 10172 -9999 -9999 -9999 -9999 -9999
2021 03 26 03   207   165 10181 -9999 -9999 -9999 -9999 -9999
2021 03 26 06   210   166 10146 -9999 -9999 -9999 -9999 -9999
2021 03 26 09   210   181 10133 -9999 -9999 -9999 -9999 -9999
2021 03 26 12   215   190 10140 -9999 -9999 -9999 -9999 -9999
2021 03 26 15   217   203 10152 -9999 -9999 -9999 -9999 -9999
2021 03 26 18   220   204 10140 -9999 -9999 -9999 -9999 -9999
2021 03 26 21   211   197 10128 -9999 -9999 -9999 -9999 -9999
2021 03 27 00   217   199 10140 -9999 -9999 -9999 -9999 -9999
2021 03 27 03   227   197 10143 -9999 -9999 -9999 -9999 -9999
2021 03 27 06   232   199 10115 -9999 -9999 -9999 -9999 -9999
2021 03 27 09   230   206 10095 -9999 -9999 -9999 -9999 -9999
2021 03 27 12   230   210 10107 -9999 -9999 -9999 -9999 -9999
2021 03 27 15   227   215 10118 -9999 -9999 -9999 -9999 -9999
2021 03 27 18   216   208 10106 -9999 -9999 -9999 -9999 -9999
2021 03 27 21   220   212 10092 -9999 -9999 -9999 -9999 -9999
2021 03 28 00   225   212 10114 -9999 -9999 -9999 -9999 -9999
2021 03 28 03   266   209 10115 -9999 -9999 -9999 -9999 -9999
2021 03 28 06   272   212 10092 -9999 -9999 -9999 -9999 -9999
2021 03 28 09   256   223 10080 -9999 -9999 -9999 -9999 -9999
2021 03 28 12   237   214 10081 -9999 -9999 -9999 -9999 -9999
2021 03 28 15   236   226 10095 -9999 -9999 -9999 -9999 -9999
2021 03 28 18   231   225 10081 -9999 -9999 -9999 -9999 -9999
2021 03 28 21   230   222 10075 -9999 -9999 -9999 -9999 -9999
2021 03 29 00   240   233 10092 -9999 -9999 -9999 -9999 -9999
2021 03 29 03   285   231 10091 -9999 -9999 -9999 -9999 -9999
2021 03 29 06   282   235 10071 -9999 -9999 -9999 -9999 -9999
2021 03 29 09   260   229 10050 -9999 -9999 -9999 -9999 -9999
2021 03 29 12   245   232 10056 -9999 -9999 -9999 -9999 -9999
2021 03 29 15   242   231 10072 -9999 -9999 -9999 -9999 -9999
2021 03 29 18   240   228 10060 -9999 -9999 -9999 -9999 -9999
2021 03 29 21   240   228 10055 -9999 -9999 -9999 -9999 -9999
2021 03 30 00   257   233 10072 -9999 -9999 -9999 -9999 -9999
2021 03 30 03   315   238 10084 -9999 -9999 -9999 -9999 -9999
2021 03 30 06   307   235 10066 -9999 -9999 -9999 -9999 -9999
2021 03 30 09   257   231 10047 -9999 -9999 -9999 -9999 -9999
2021 03 30 12   247   234 10059   185    57 -9999 -9999 -9999
2021 03 30 15   245   233 10072   191    19 -9999 -9999 -9999
2021 03 30 18   240   234 10060   166    52 -9999 -9999 -9999
2021 03 30 21   240   231 10056   174    57 -9999 -9999 -9999
2021 03 31 00   260   240 10076   148    38 -9999 -9999 -9999
2021 03 31 03   290   237 10085   150    42 -9999 -9999 -9999
2021 03 31 06   292   233 10066   193    57 -9999 -9999 -9999
2021 03 31 09   262   232 10059   184    37 -9999 -9999 -9999
2021 03 31 12   247   246 10059   162    38 -9999 -9999 -9999
2021 03 31 15   250   249 10079   158    31 -9999 -9999 -9999
2021 03 31 18   242   242 10066   159    47 -9999 -9999 -9999
2021 03 31 21   242   240 10066   360     7 -9999 -9999 -9999
2021 04 01 00   247   246 10092   140    15 -9999 -9999 -9999
2021 04 01 06   292   241 10078   216    38 -9999 -9999 -9999
2021 04 01 09   270   235 10065   218    33 -9999 -9999 -9999
2021 04 01 12   251   234 10071   210    21 -9999 -9999 -9999
2021 04 01 15   250   239 10092   175    41 -9999 -9999 -9999
2021 04 01 18   241   235 10088   360     0 -9999 -9999 -9999
2021 04 01 21   232   231 10092   360     0 -9999 -9999 -9999
2021 04 02 00   240   238 10113   360     0 -9999 -9999 -9999
2021 04 02 03   275   243 10117   360     0 -9999 -9999 -9999
2021 04 02 06   292   242 10096   158    14 -9999 -9999 -9999
2021 04 02 09   277   238 10088   230    27 -9999 -9999 -9999
2021 04 02 12   252   238 10094   360     0 -9999 -9999 -9999
2021 04 02 15   245   239 10116   360     0 -9999 -9999 -9999
2021 04 02 18   237   232 10107   360     0 -9999 -9999 -9999
2021 04 02 21   237   231 10107   360     0 -9999 -9999 -9999
2021 04 03 00   251   227 10123   360     0 -9999 -9999 -9999
2021 04 03 03   302   237 10130   360     0 -9999 -9999 -9999
2021 04 03 06   305   238 10110   225    56 -9999 -9999 -9999
2021 04 03 09   267   213 10102   233    62 -9999 -9999 -9999
2021 04 03 12   255 -9999 10113   245    39 -9999 -9999 -9999
2021 04 03 15   250 -9999 10120   257    43 -9999 -9999 -9999
2021 04 03 18   245 -9999 10110   271    22 -9999 -9999 -9999
2021 04 03 21   245 -9999 10112   360     0 -9999 -9999 -9999
2021 04 04 00   241 -9999 10138    65    62 -9999 -9999 -9999
2021 04 04 03   240 -9999 10151    58   106 -9999 -9999 -9999
2021 04 04 06   231 -9999 10139    73   123 -9999 -9999 -9999
2021 04 04 09   230 -9999 10131    75    81 -9999 -9999 -9999
2021 04 04 12   235 -9999 10151    76    81 -9999 -9999 -9999
2021 04 04 15   231 -9999 10165    76    87 -9999 -9999 -9999
2021 04 04 18   225 -9999 10161    77   108 -9999 -9999 -9999
2021 04 04 21   212 -9999 10166    80   118 -9999 -9999 -9999
2021 04 05 00   220 -9999 10187    82   116 -9999 -9999 -9999
2021 04 05 03   222 -9999 10187    76   116 -9999 -9999 -9999
2021 04 05 06   220 -9999 10175    73   113 -9999 -9999 -9999
2021 04 05 09   217 -9999 10164    71   105 -9999 -9999 -9999
2021 04 05 12   220 -9999 10175    64    75 -9999 -9999 -9999
2021 04 05 15   222 -9999 10187    64    63 -9999 -9999 -9999
2021 04 05 18   220 -9999 10175    59    53 -9999 -9999 -9999
2021 04 05 21   220 -9999 10168    74    55 -9999 -9999 -9999
2021 04 06 00   221 -9999 10187    67    53 -9999 -9999 -9999
2021 04 06 03   226 -9999 10190    77    57 -9999 -9999 -9999
2021 04 06 06   237 -9999 10168    86    49 -9999 -9999 -9999
2021 04 06 09   226 -9999 10159    91    31 -9999 -9999 -9999
2021 04 06 12   227 -9999 10178    78    46 -9999 -9999 -9999
2021 04 06 15   230 -9999 10187    76    77 -9999 -9999 -9999
2021 04 06 18   222 -9999 10172    67    85 -9999 -9999 -9999
2021 04 06 21   216 -9999 10164    70   107 -9999 -9999 -9999
2021 04 07 00   216 -9999 10178    72   100 -9999 -9999 -9999
2021 04 07 03   220 -9999 10187    60    83 -9999 -9999 -9999
2021 04 07 06   222 -9999 10155    64    88 -9999 -9999 -9999
2021 04 07 09   217 -9999 10137    65    92 -9999 -9999 -9999
2021 04 07 12   221 -9999 10151    83    70 -9999 -9999 -9999
2021 04 07 15   225 -9999 10146    91    65 -9999 -9999 -9999
2021 04 07 18   222 -9999 10133    75    71 -9999 -9999 -9999
2021 04 07 21   220 -9999 10133    68    77 -9999 -9999 -9999
2021 04 08 00   215 -9999 10153    70    97 -9999 -9999 -9999
2021 04 08 03   221 -9999 10164    53    78 -9999 -9999 -9999
2021 04 08 06   216 -9999 10141    64    78 -9999 -9999 -9999
2021 04 08 09   222 -9999 10127    73    69 -9999 -9999 -9999
2021 04 08 12   227 -9999 10142    65    80 -9999 -9999 -9999
2021 04 08 15   227 -9999 10154    68   103 -9999 -9999 -9999
2021 04 08 18   216 -9999 10152    71   116 -9999 -9999 -9999
2021 04 08 21   200 -9999 10149    78   124 -9999 -9999 -9999
2021 04 09 00   205 -9999 10168    70   128 -9999 -9999 -9999
2021 04 09 03   197 -9999 10186    60   120 -9999 -9999 -9999
2021 04 09 06   207 -9999 10170    65   118 -9999 -9999 -9999
2021 04 09 09   205 -9999 10160    75   112 -9999 -9999 -9999
2021 04 09 12   210 -9999 10169    73   107 -9999 -9999 -9999
2021 04 09 15   215 -9999 10190    81    95 -9999 -9999 -9999
2021 04 09 18   207 -9999 10186    73   111 -9999 -9999 -9999
2021 04 09 21   202 -9999 10181    75   125 -9999 -9999 -9999
2021 04 10 00   205 -9999 10198    73   125 -9999 -9999 -9999
2021 04 10 03   220 -9999 10206    74   113 -9999 -9999 -9999
2021 04 10 06   216 -9999 10187    70    88 -9999 -9999 -9999
2021 04 10 09   212 -9999 10175    76    68 -9999 -9999 -9999
2021 04 10 12   215 -9999 10184    74    79 -9999 -9999 -9999
2021 04 10 15   217 -9999 10199    77    95 -9999 -9999 -9999
2021 04 10 18   210 -9999 10193    73   109 -9999 -9999 -9999
2021 04 10 21   207 -9999 10192    64   119 -9999 -9999 -9999
2021 04 11 00   210 -9999 10204    69   116 -9999 -9999 -9999
2021 04 11 03   222 -9999 10212    59    91 -9999 -9999 -9999
2021 04 11 06   220 -9999 10187    68    69 -9999 -9999 -9999
2021 04 11 09   215 -9999 10166    71    56 -9999 -9999 -9999
2021 04 11 12   220 -9999 10173    84    38 -9999 -9999 -9999
2021 04 11 15   221 -9999 10187    60    32 -9999 -9999 -9999
2021 04 11 18   220 -9999 10178    79    25 -9999 -9999 -9999
2021 04 11 21   215 -9999 10168    26    40 -9999 -9999 -9999
2021 04 12 00   222 -9999 10186    46    59 -9999 -9999 -9999
2021 04 12 03   247 -9999 10184    54    41 -9999 -9999 -9999
2021 04 12 06   246 -9999 10160    74    39 -9999 -9999 -9999
2021 04 12 09   237 -9999 10140    86    24 -9999 -9999 -9999
2021 04 12 12   230 -9999 10146    52    20 -9999 -9999 -9999
2021 04 12 15   230 -9999 10154    54    17 -9999 -9999 -9999
2021 04 12 18   227 -9999 10142    22     6 -9999 -9999 -9999
2021 04 12 21   225 -9999 10142   344    10 -9999 -9999 -9999
2021 04 13 00   237 -9999 10160     9    13 -9999 -9999 -9999
2021 04 13 03 -9999 -9999 -9999    74    10 -9999 -9999 -9999
2021 04 13 06 -9999 -9999 -9999   116    28 -9999 -9999 -9999
2021 04 13 09   250   217 10117   157    36 -9999 -9999 -9999
2021 04 13 12   246   224 10127   206    21 -9999 -9999 -9999
2021 04 13 15   240   228 10136   165    34 -9999 -9999 -9999
2021 04 13 18   230   223 10130   360     0 -9999 -9999 -9999
2021 04 13 21   232   228 10130    77    39 -9999 -9999 -9999
2021 04 14 00   245   230 10144    71    48 -9999 -9999 -9999
2021 04 14 03   240   214 10151    74    88 -9999 -9999 -9999
2021 04 14 06   237   213 10132    73    86 -9999 -9999 -9999
2021 04 14 09   230   211 10117    80    82 -9999 -9999 -9999
2021 04 14 15   230   215 10139    74   104 -9999 -9999 -9999
2021 04 14 18   222   207 10128    75   124 -9999 -9999 -9999
2021 04 15 00   217   198 10139    76   122 -9999 -9999 -9999
2021 04 15 03   217   198 10140    70   112 -9999 -9999 -9999
2021 04 15 06   215   203 10125    66    76 -9999 -9999 -9999
2021 04 15 09   220   204 10116    64    75 -9999 -9999 -9999
2021 04 15 12   226   210 10130    72    73 -9999 -9999 -9999
2021 04 15 15   227   213 10140    74    74 -9999 -9999 -9999
2021 04 15 18   220   213 10128    58    87 -9999 -9999 -9999
2021 04 15 21   220   206 10121    71   111 -9999 -9999 -9999
2021 04 16 00   222   204 10142    74    99 -9999 -9999 -9999
2021 04 16 03   226   206 10153    70    80 -9999 -9999 -9999
2021 04 16 06   232   204 10132    72    84 -9999 -9999 -9999
2021 04 16 09   225   204 10125    65    63 -9999 -9999 -9999
2021 04 16 12   225   203 10142    66    53 -9999 -9999 -9999
2021 04 16 15   230   206 10154    75    49 -9999 -9999 -9999
2021 04 16 18   227   206 10145    77    44 -9999 -9999 -9999
2021 04 16 21   230   204 10146    75    61 -9999 -9999 -9999
2021 04 17 00   230   205 10165    71    75 -9999 -9999 -9999
2021 04 17 03   231   205 10175    70    69 -9999 -9999 -9999
2021 04 17 06   232   198 10162    75    59 -9999 -9999 -9999
2021 04 17 09   226   205 10153    33    29 -9999 -9999 -9999
2021 04 17 12   232   188 10162    75    95 -9999 -9999 -9999
2021 04 17 15   231   191 10175    47    64 -9999 -9999 -9999
2021 04 17 18   232   174 10158    78   114 -9999 -9999 -9999
2021 04 17 21   231   162 10154    72    92 -9999 -9999 -9999
2021 04 18 00   235   136 10162    74   133 -9999 -9999 -9999
2021 04 18 03   236   170 10163    79   139 -9999 -9999 -9999
2021 04 18 06   222   180 10147    73   107 -9999 -9999 -9999
2021 04 18 09   222   168 10134    82   111 -9999 -9999 -9999
2021 04 18 12   226   178 10146    79   107 -9999 -9999 -9999
2021 04 18 15   226   186 10155    73   133 -9999 -9999 -9999
2021 04 18 18   216   180 10141    68   133 -9999 -9999 -9999
2021 04 18 21   210   166 10128    66   156 -9999 -9999 -9999
2021 04 19 00   211   160 10140    77   158 -9999 -9999 -9999
2021 04 19 03   217   159 10145    76   134 -9999 -9999 -9999
2021 04 19 06   222   148 10127    78   121 -9999 -9999 -9999
2021 04 19 09   221   155 10116    82   103 -9999 -9999 -9999
2021 04 19 12   220   160 10127    80   126 -9999 -9999 -9999
2021 04 19 15   220   175 10138    84   109 -9999 -9999 -9999
2021 04 19 18   217   173 10131    80   104 -9999 -9999 -9999
2021 04 19 21   212   171 10120    71   120 -9999 -9999 -9999
2021 04 20 00   216   177 10143    73   117 -9999 -9999 -9999
2021 04 20 03   230   178 10149    67   103 -9999 -9999 -9999
2021 04 20 06   230   179 10127    72    82 -9999 -9999 -9999
2021 04 20 09   226   185 10116    82    66 -9999 -9999 -9999
2021 04 20 12   227   198 10129    80    50 -9999 -9999 -9999
2021 04 20 15   230   203 10144    82    58 -9999 -9999 -9999
2021 04 20 18   227   200 10135    69    67 -9999 -9999 -9999
2021 04 20 21   216   195 10128    51    69 -9999 -9999 -9999
