2021 01 01 00  -347  -383 10274    33    10 -9999 -9999 -9999
2021 01 01 03  -255  -318 10276   280     7 -9999 -9999 -9999
2021 01 01 06  -192  -294 10267   155    13 -9999 -9999 -9999
2021 01 01 09  -244  -300 10282     5     6 -9999 -9999 -9999
2021 01 01 12  -294  -331 10293    23     7 -9999 -9999 -9999
2021 01 01 18  -319  -354 10285    24     8 -9999 -9999 -9999
2021 01 01 21  -319  -354 10286    76     3 -9999 -9999 -9999
2021 01 02 00  -324  -358 10292   360     2 -9999 -9999 -9999
2021 01 02 03  -239  -289 10286   298     6 -9999 -9999 -9999
2021 01 02 06  -157  -275 10269   229     9 -9999 -9999 -9999
2021 01 02 09  -224  -275 10277   174     8 -9999 -9999 -9999
2021 01 02 12  -274  -310 10297    92     9 -9999 -9999 -9999
2021 01 02 18  -305  -340 10297    46     8 -9999 -9999 -9999
2021 01 02 21  -322  -356 10305    39     8 -9999 -9999 -9999
2021 01 03 00  -332  -367 10313    21     3 -9999 -9999 -9999
2021 01 03 03  -233  -291 10299   345     5 -9999 -9999 -9999
2021 01 03 06  -157  -266 10272   275    30 -9999 -9999 -9999
2021 01 03 09  -177  -278 10282   294    26 -9999 -9999 -9999
2021 01 03 12  -227  -301 10299   321    10 -9999 -9999 -9999
2021 01 03 18  -312  -347 10298    20     7 -9999 -9999 -9999
2021 01 03 21  -320  -355 10299    65     7 -9999 -9999 -9999
2021 01 04 00  -332  -368 10306    29     5 -9999 -9999 -9999
2021 01 04 03  -244  -295 10300   285     6 -9999 -9999 -9999
2021 01 04 06  -167  -264 10284   184     9 -9999 -9999 -9999
2021 01 04 09  -227  -282 10298    87    12 -9999 -9999 -9999
2021 01 04 12  -263  -308 10315    15    17 -9999 -9999 -9999
2021 01 04 18  -297  -331 10312   112     6 -9999 -9999 -9999
2021 01 04 21  -319  -355 10319    35     8 -9999 -9999 -9999
2021 01 05 00  -333  -366 10330   103     5 -9999 -9999 -9999
2021 01 05 03  -234  -293 10314   215     7 -9999 -9999 -9999
2021 01 05 06  -179  -263 10298   168    14 -9999 -9999 -9999
2021 01 05 09  -233  -287 10307   316    13 -9999 -9999 -9999
2021 01 05 12  -270  -309 10311   305     3 -9999 -9999 -9999
2021 01 05 18  -234  -290 10292   336    27 -9999 -9999 -9999
2021 01 05 21  -248  -311 10287   338    25 -9999 -9999 -9999
2021 01 06 00  -264  -313 10291    34     7 -9999 -9999 -9999
2021 01 06 03  -229  -323 10280   346    39 -9999 -9999 -9999
2021 01 06 06  -217  -320 10257    12    26 -9999 -9999 -9999
2021 01 06 09  -249  -325 10265   313    10 -9999 -9999 -9999
2021 01 06 12  -279  -338 10272    10     8 -9999 -9999 -9999
2021 01 06 18  -324  -365 10266   358     8 -9999 -9999 -9999
2021 01 06 21  -335  -373 10263     8     4 -9999 -9999 -9999
2021 01 07 00  -344  -378 10268    22     5 -9999 -9999 -9999
2021 01 07 03  -255  -330 10253    84     8 -9999 -9999 -9999
2021 01 07 06  -219  -325 10237   311    30 -9999 -9999 -9999
2021 01 07 09  -253  -336 10249   270    12 -9999 -9999 -9999
2021 01 07 12  -317  -355 10252   316     6 -9999 -9999 -9999
2021 01 07 18  -348  -385 10227    35     6 -9999 -9999 -9999
2021 01 07 21  -347  -384 10218    16    10 -9999 -9999 -9999
2021 01 08 00  -348  -385 10222   352     8 -9999 -9999 -9999
2021 01 08 03  -268  -322 10209   192     6 -9999 -9999 -9999
2021 01 08 06  -195  -273 10183   230    10 -9999 -9999     0
2021 01 08 09  -239  -290 10193    60    10 -9999 -9999     0
2021 01 08 12  -283  -321 10207    40    10 -9999 -9999     0
2021 01 08 18  -318  -353 10202    60    10 -9999 -9999     0
2021 01 08 21  -329  -366 10200   360     1 -9999 -9999 -9999
2021 01 09 00  -328  -363 10211    40     8 -9999 -9999 -9999
2021 01 09 03  -230  -282 10207    39     4 -9999 -9999 -9999
2021 01 09 06  -147  -239 10188   182    16 -9999 -9999 -9999
2021 01 09 09  -194  -254 10201    13     7 -9999 -9999 -9999
2021 01 09 12  -263  -296 10222    25    13 -9999 -9999 -9999
2021 01 09 18  -298  -332 10234   351     6 -9999 -9999 -9999
2021 01 09 21  -302  -335 10238    41    11 -9999 -9999 -9999
2021 01 10 00  -299  -330 10250    26    11 -9999 -9999 -9999
2021 01 10 03  -209  -263 10249   360     6 -9999 -9999 -9999
2021 01 10 06  -124  -232 10231   116     9 -9999 -9999 -9999
2021 01 10 09  -193  -253 10247    47    12 -9999 -9999 -9999
2021 01 10 12  -248  -284 10258     2    11 -9999 -9999 -9999
2021 01 10 18  -257  -290 10231     2     7 -9999 -9999 -9999
2021 01 10 21  -253  -286 10215   156     4 -9999 -9999 -9999
2021 01 11 00  -270  -302 10213    61     5 -9999 -9999 -9999
2021 01 11 03  -187  -245 10196   312     5 -9999 -9999 -9999
2021 01 11 06  -124  -214 10167    69     7 -9999 -9999 -9999
2021 01 11 09  -187  -230 10174   357     8 -9999 -9999 -9999
2021 01 11 12  -232  -261 10174   332     3 -9999 -9999 -9999
2021 01 11 18  -272  -301 10137    73    11 -9999 -9999 -9999
2021 01 11 21  -264  -295 10131    22     9 -9999 -9999 -9999
2021 01 12 00  -239  -268 10123   360     4 -9999 -9999 -9999
2021 01 12 03  -202  -236 10113   347     8 -9999 -9999     1
2021 01 12 06  -170  -204 10094   327    12 -9999 -9999     2
2021 01 12 09  -173  -205 10098    34    15 -9999 -9999     2
2021 01 12 12  -189  -222 10107    15    15 -9999 -9999     4
2021 01 12 18  -199  -233 10101   350    26 -9999 -9999 -9999
2021 01 12 21  -209  -240 10105   287    11 -9999 -9999 -9999
2021 01 13 00  -215  -248 10120   325    17 -9999 -9999 -9999
2021 01 13 03  -185  -235 10125   337    22 -9999 -9999 -9999
2021 01 13 06  -155  -223 10120   352    18 -9999 -9999 -9999
2021 01 13 09  -203  -242 10145    29     9 -9999 -9999 -9999
2021 01 13 12  -248  -280 10175   314     9 -9999 -9999 -9999
2021 01 13 18  -284  -316 10205    42     9 -9999 -9999 -9999
2021 01 13 21  -318  -353 10227   286     5 -9999 -9999 -9999
2021 01 14 00  -333  -368 10249   360     2 -9999 -9999 -9999
2021 01 14 03  -254  -294 10257   331     5 -9999 -9999 -9999
2021 01 14 06  -178  -249 10240   286     9 -9999 -9999 -9999
2021 01 14 09  -232  -276 10268   353     9 -9999 -9999 -9999
2021 01 14 12  -288  -318 10284   352    11 -9999 -9999 -9999
2021 01 14 18  -319  -354 10291    57     5 -9999 -9999 -9999
2021 01 14 21  -339  -375 10299   324    10 -9999 -9999 -9999
2021 01 15 00  -338  -372 10310    19    11 -9999 -9999 -9999
2021 01 15 03  -260  -306 10298    58     5 -9999 -9999 -9999
2021 01 15 06  -184  -265 10272   175    12 -9999 -9999 -9999
2021 01 15 09  -240  -285 10287   225    12 -9999 -9999 -9999
2021 01 15 12  -303  -337 10301     2     6 -9999 -9999 -9999
2021 01 15 18  -333  -369 10285    66     8 -9999 -9999 -9999
2021 01 15 21  -339  -374 10278    21    10 -9999 -9999 -9999
2021 01 16 00  -334  -369 10277    20     6 -9999 -9999 -9999
2021 01 16 03  -249  -284 10260    10     6 -9999 -9999 -9999
2021 01 16 06  -179  -254 10235   360    10 -9999 -9999 -9999
2021 01 16 09  -219  -270 10236   351    18 -9999 -9999 -9999
2021 01 16 12  -273  -305 10238    41    13 -9999 -9999 -9999
2021 01 16 18  -312  -346 10199    35    14 -9999 -9999 -9999
2021 01 16 21  -324  -358 10189    65    14 -9999 -9999 -9999
2021 01 17 00  -340  -377 10192   190     6 -9999 -9999 -9999
2021 01 17 03  -234  -279 10178   237     9 -9999 -9999 -9999
2021 01 17 06  -187  -287 10163   351     9 -9999 -9999 -9999
2021 01 17 09  -218  -275 10183   299     9 -9999 -9999 -9999
2021 01 17 12  -283  -318 10207    32     4 -9999 -9999 -9999
2021 01 17 18  -319  -355 10216   342     5 -9999 -9999 -9999
2021 01 17 21  -344  -383 10228    76     5 -9999 -9999 -9999
2021 01 18 00  -349  -385 10259   178     5 -9999 -9999 -9999
2021 01 18 03  -229  -319 10266   337    40 -9999 -9999 -9999
2021 01 18 06  -204  -320 10266   338    33 -9999 -9999 -9999
2021 01 18 09  -234  -333 10285   307    13 -9999 -9999 -9999
2021 01 18 12  -312  -350 10305    59    19 -9999 -9999 -9999
2021 01 18 18  -379  -420 10308   315     7 -9999 -9999 -9999
2021 01 18 21  -368  -406 10297    37     5 -9999 -9999 -9999
2021 01 19 00  -377  -416 10309   333     5 -9999 -9999 -9999
2021 01 19 03  -274  -328 10290    69     5 -9999 -9999 -9999
2021 01 19 06  -179  -291 10257   148    33 -9999 -9999 -9999
2021 01 19 09  -203  -287 10262   126    27 -9999 -9999 -9999
2021 01 19 12  -232  -294 10268   124    15 -9999 -9999 -9999
2021 01 19 18  -264  -302 10226    41     8 -9999 -9999 -9999
2021 01 19 21  -229  -271 10208   140     7 -9999 -9999 -9999
2021 01 20 00  -223  -257 10192   186    29 -9999 -9999 -9999
2021 01 20 03  -204  -241 10159   174    37 -9999 -9999 -9999
2021 01 20 06  -175  -226 10128   177    27 -9999 -9999 -9999
2021 01 20 09  -189  -233 10151   307     9 -9999 -9999 -9999
2021 01 20 12  -243  -270 10182    19    15 -9999 -9999 -9999
2021 01 20 18  -293  -325 10240    44     7 -9999 -9999 -9999
2021 01 20 21  -300  -333 10256    30    10 -9999 -9999     0
2021 01 21 00  -297  -331 10274     0 -9999 -9999 -9999     0
2021 01 21 03  -221  -252 10275     0 -9999 -9999 -9999     0
2021 01 21 06  -142  -219 10256     0 -9999 -9999 -9999     0
2021 01 21 09  -185  -233 10266   250    10 -9999 -9999     0
2021 01 21 12  -256  -286 10280    50    10 -9999 -9999     0
2021 01 21 18  -285  -317 10267    30    10 -9999 -9999     0
2021 01 21 21  -299  -333 10278     0 -9999 -9999 -9999     0
2021 01 22 00  -304  -335 10299    34    10 -9999 -9999 -9999
2021 01 22 03  -212  -260 10293    22     7 -9999 -9999 -9999
2021 01 22 06  -125  -208 10263   338     7 -9999 -9999 -9999
2021 01 22 09  -167  -217 10268   301     6 -9999 -9999 -9999
2021 01 22 12  -174  -203 10274   172    18 -9999 -9999 -9999
2021 01 22 18  -259  -287 10246   249     5 -9999 -9999 -9999
2021 01 22 21  -269  -302 10236    10    10 -9999 -9999 -9999
2021 01 23 00  -283  -316 10239   253    11 -9999 -9999 -9999
2021 01 23 03  -195  -237 10223   320     6 -9999 -9999 -9999
2021 01 23 06  -137  -190 10197    45    10 -9999 -9999 -9999
2021 01 23 09  -132  -176 10194   132    12 -9999 -9999 -9999
2021 01 23 12  -178  -204 10218    59     9 -9999 -9999 -9999
2021 01 23 18  -204  -230 10253   264     6 -9999 -9999 -9999
2021 01 23 21  -213  -240 10269   354    12 -9999 -9999 -9999
2021 01 24 00  -222  -248 10307   348    12 -9999 -9999 -9999
2021 01 24 03  -115  -172 10324   346    17 -9999 -9999 -9999
2021 01 24 06  -107  -201 10330    40    38 -9999 -9999 -9999
2021 01 24 09  -140  -209 10351    49    17 -9999 -9999 -9999
2021 01 24 12  -164  -216 10383     4    20 -9999 -9999 -9999
2021 01 24 18  -226  -258 10390   360    10 -9999 -9999     0
2021 01 24 21  -241  -279 10384   360    10 -9999 -9999     0
2021 01 25 00  -234  -280 10371   349    19 -9999 -9999 -9999
2021 01 25 03  -184  -274 10345    11    28 -9999 -9999 -9999
2021 01 25 06  -175  -272 10291    26    34 -9999 -9999 -9999
2021 01 25 09  -183  -262 10260    31    24 -9999 -9999 -9999
2021 01 25 12  -178  -251 10229   352    13 -9999 -9999 -9999
2021 01 25 18  -229  -260 10184    81     7 -9999 -9999     4
2021 01 25 21  -278  -310 10173   331     9 -9999 -9999 -9999
2021 01 26 00  -299  -331 10168    53     9 -9999 -9999 -9999
2021 01 26 03  -209  -258 10153   202    11 -9999 -9999 -9999
2021 01 26 06  -127  -248 10136   255    63 -9999 -9999 -9999
2021 01 26 09  -160  -277 10164   264    72 -9999 -9999 -9999
2021 01 26 12  -192  -286 10183   273    31 -9999 -9999 -9999
2021 01 26 18  -267  -327 10186   234    13 -9999 -9999 -9999
2021 01 26 21  -255  -306 10186    72    12 -9999 -9999 -9999
2021 01 27 00  -278  -327 10202   332    11 -9999 -9999 -9999
2021 01 27 03  -184  -287 10199   290    33 -9999 -9999 -9999
2021 01 27 06  -162  -276 10190   294    42 -9999 -9999 -9999
2021 01 27 09  -180  -284 10203   326    13 -9999 -9999 -9999
2021 01 27 12  -234  -294 10227    22    10 -9999 -9999 -9999
2021 01 27 18  -284  -317 10218    17    12 -9999 -9999 -9999
2021 01 27 21  -289  -327 10219    48    15 -9999 -9999 -9999
2021 01 28 00  -328  -361 10237   322     7 -9999 -9999 -9999
2021 01 28 03  -227  -314 10232   353    41 -9999 -9999 -9999
2021 01 28 06  -207  -308 10220     7    28 -9999 -9999 -9999
2021 01 28 09  -235  -315 10235   290    20 -9999 -9999 -9999
2021 01 28 12  -285  -336 10258    86     6 -9999 -9999 -9999
2021 01 28 18  -340  -378 10254    38    14 -9999 -9999 -9999
2021 01 28 21  -357  -395 10249    44     5 -9999 -9999 -9999
2021 01 29 00  -364  -403 10258   294     7 -9999 -9999 -9999
2021 01 29 03  -269  -337 10234    25    10 -9999 -9999 -9999
2021 01 29 06  -214  -305 10213   360    10 -9999 -9999 -9999
2021 01 29 09  -229  -301 10225    23     6 -9999 -9999 -9999
2021 01 29 12  -234  -267 10238   117    16 -9999 -9999 -9999
2021 01 29 18  -310  -345 10259    35    13 -9999 -9999 -9999
2021 01 29 21  -332  -367 10275     3     9 -9999 -9999 -9999
2021 01 30 00  -342  -378 10295   225     6 -9999 -9999 -9999
2021 01 30 03  -269  -322 10298    20     6 -9999 -9999 -9999
2021 01 30 06  -214  -291 10288    64     8 -9999 -9999 -9999
2021 01 30 09  -229  -293 10299   126    10 -9999 -9999 -9999
2021 01 30 12  -304  -340 10312    30     9 -9999 -9999 -9999
2021 01 30 18  -319  -353 10299    65     7 -9999 -9999 -9999
2021 01 30 21  -335  -373 10301    26    11 -9999 -9999 -9999
2021 01 31 00  -330  -367 10300   350     6 -9999 -9999 -9999
2021 01 31 03  -259  -321 10287   191     4 -9999 -9999 -9999
2021 01 31 06  -205  -277 10259   118     6 -9999 -9999 -9999
2021 01 31 09  -218  -268 10257    44    13 -9999 -9999 -9999
2021 01 31 12  -237  -281 10257    12    19 -9999 -9999 -9999
2021 01 31 18  -239  -280 10240   337    29 -9999 -9999     1
2021 01 31 21  -254  -304 10241   346    34 -9999 -9999     1
2021 02 01 00  -273  -325 10260   347    28 -9999 -9999 -9999
2021 02 01 03  -230  -315 10256   342    30 -9999 -9999 -9999
2021 02 01 06  -202  -309 10229   347    15 -9999 -9999 -9999
2021 02 01 09  -225  -304 10229   255    10 -9999 -9999 -9999
2021 02 01 12  -239  -278 10239   284     7 -9999 -9999     1
2021 02 01 18  -259  -330 10221   295    17 -9999 -9999 -9999
2021 02 01 21  -300  -359 10211   329     5 -9999 -9999 -9999
2021 02 02 00  -320  -356 10215    70    13 -9999 -9999 -9999
2021 02 02 03  -228  -332 10195   301    45 -9999 -9999 -9999
2021 02 02 06  -193  -315 10175   288    41 -9999 -9999 -9999
2021 02 02 09  -205  -315 10188   316    33 -9999 -9999 -9999
2021 02 02 12  -229  -321 10197   270    25 -9999 -9999 -9999
2021 02 02 18  -269  -340 10192   164     9 -9999 -9999 -9999
2021 02 02 21  -322  -364 10188   126    10 -9999 -9999 -9999
2021 02 03 00  -343  -380 10203   343     8 -9999 -9999 -9999
2021 02 03 03  -207  -311 10181    58    10 -9999 -9999 -9999
2021 02 03 06  -170  -301 10166   280    47 -9999 -9999 -9999
2021 02 03 09  -188  -311 10179   274    59 -9999 -9999 -9999
2021 02 03 12  -214  -320 10201   309    29 -9999 -9999 -9999
2021 02 03 18  -317  -359 10207    39    12 -9999 -9999 -9999
2021 02 03 21  -339  -377 10205    42    11 -9999 -9999 -9999
2021 02 04 00  -345  -382 10212    31     7 -9999 -9999 -9999
2021 02 04 03  -229  -309 10200    51     6 -9999 -9999 -9999
2021 02 04 06  -157  -291 10181   134    22 -9999 -9999 -9999
2021 02 04 09  -165  -268 10170   148    28 -9999 -9999 -9999
2021 02 04 12  -178  -251 10169   140    20 -9999 -9999 -9999
2021 02 04 18  -180  -210 10105   163    28 -9999 -9999     3
2021 02 04 21  -178  -208 10078   171    29 -9999 -9999     6
2021 02 05 00  -234  -263 10088   354    12 -9999 -9999     3
2021 02 05 03  -155  -206 10084   323    16 -9999 -9999 -9999
2021 02 05 06   -90  -176 10076   194     5 -9999 -9999 -9999
2021 02 05 09  -115  -185 10096    83    23 -9999 -9999 -9999
2021 02 05 12  -189  -225 10135    67     9 -9999 -9999 -9999
2021 02 05 18  -253  -283 10159     6    12 -9999 -9999 -9999
2021 02 05 21  -294  -327 10179    30     8 -9999 -9999 -9999
2021 02 06 00  -294  -326 10204   351     7 -9999 -9999 -9999
2021 02 06 03  -182  -237 10201   224     9 -9999 -9999 -9999
2021 02 06 06   -95  -221 10186   151    15 -9999 -9999 -9999
2021 02 06 09  -109  -231 10200   314    11 -9999 -9999 -9999
2021 02 06 12  -205  -253 10235   347     8 -9999 -9999 -9999
2021 02 06 18  -217  -260 10260   348    24 -9999 -9999 -9999
2021 02 06 21  -277  -311 10274    69     7 -9999 -9999 -9999
2021 02 07 00  -284  -313 10299    38    10 -9999 -9999 -9999
2021 02 07 03  -172  -256 10297    16    10 -9999 -9999 -9999
2021 02 07 06  -125  -252 10282   318    20 -9999 -9999 -9999
2021 02 07 09  -147  -256 10295   337     8 -9999 -9999 -9999
2021 02 07 12  -244  -288 10315   238     6 -9999 -9999 -9999
2021 02 07 18  -294  -327 10310    24    11 -9999 -9999 -9999
2021 02 07 21  -314  -350 10308    14     7 -9999 -9999 -9999
2021 02 08 00  -317  -349 10312   360     2 -9999 -9999 -9999
2021 02 08 03  -194  -271 10292   270     6 -9999 -9999 -9999
2021 02 08 06  -109  -216 10256   199    15 -9999 -9999 -9999
2021 02 08 09  -117  -235 10246   236    15 -9999 -9999 -9999
2021 02 08 12  -155  -230 10242   100    10 -9999 -9999 -9999
2021 02 08 18  -204  -245 10197    20     8 -9999 -9999 -9999
2021 02 08 21  -229  -261 10190    34    12 -9999 -9999 -9999
2021 02 09 00  -234  -265 10195    28     6 -9999 -9999 -9999
2021 02 09 03  -112  -193 10185    37     6 -9999 -9999 -9999
2021 02 09 06   -44  -160 10163    12    10 -9999 -9999 -9999
2021 02 09 12  -104  -155 10180    41    10 -9999 -9999 -9999
2021 02 09 18  -152  -181 10176    30    11 -9999 -9999 -9999
2021 02 09 21  -195  -222 10188   346     9 -9999 -9999 -9999
2021 02 10 00  -204  -227 10192    14    10 -9999 -9999 -9999
2021 02 10 03   -72  -143 10193    27    10 -9999 -9999 -9999
2021 02 10 06   -22  -113 10182   186    10 -9999 -9999 -9999
2021 02 10 09   -40  -108 10191   216     8 -9999 -9999 -9999
2021 02 11 00  -127  -145 10139   161    20 -9999 -9999 -9999
2021 02 13 12  -135  -233 10257   275    44 -9999 -9999 -9999
2021 02 13 18  -175  -249 10262   307     9 -9999 -9999 -9999
2021 02 13 21  -214  -264 10259    90    20 -9999 -9999     0
2021 02 14 00  -234  -273 10272    26     8 -9999 -9999 -9999
2021 02 14 03  -135  -243 10252   286    36 -9999 -9999 -9999
2021 02 14 06  -110  -248 10227   291    36 -9999 -9999 -9999
2021 02 14 09  -130  -253 10232   266    45 -9999 -9999 -9999
2021 02 14 12  -164  -266 10246    44    19 -9999 -9999 -9999
2021 02 14 18  -255  -292 10236    54     9 -9999 -9999 -9999
2021 02 14 21  -277  -312 10226   244     6 -9999 -9999 -9999
2021 02 15 00  -268  -302 10224   205     5 -9999 -9999 -9999
2021 02 15 03  -164  -256 10200   357    31 -9999 -9999 -9999
2021 02 15 06  -139  -252 10177     7    26 -9999 -9999 -9999
2021 02 15 09  -150  -265 10181   346     5 -9999 -9999 -9999
2021 02 15 12  -224  -276 10200   279    15 -9999 -9999 -9999
2021 02 15 18  -258  -301 10207    15     8 -9999 -9999 -9999
2021 02 15 21  -259  -300 10209   330    17 -9999 -9999 -9999
2021 02 16 00  -244  -292 10220   352    20 -9999 -9999 -9999
2021 02 16 03  -167  -259 10209   328    48 -9999 -9999 -9999
2021 02 16 06  -124  -238 10196   329    46 -9999 -9999 -9999
2021 02 16 09  -130  -250 10199   316    46 -9999 -9999 -9999
2021 02 16 12  -145  -251 10218   327    49 -9999 -9999 -9999
2021 02 16 18  -170  -260 10216   329    42 -9999 -9999 -9999
2021 02 16 21  -175  -264 10220   333    34 -9999 -9999 -9999
2021 02 17 00  -167  -261 10230   327    40 -9999 -9999 -9999
2021 02 17 03  -129  -237 10224   334    52 -9999 -9999 -9999
2021 02 17 06   -85  -210 10211   333    61 -9999 -9999 -9999
2021 02 17 09   -85  -216 10223   322    32 -9999 -9999 -9999
2021 02 17 12  -129  -231 10236   347    10 -9999 -9999 -9999
2021 02 17 18  -219  -271 10232    75     8 -9999 -9999 -9999
2021 02 17 21  -233  -276 10211    54     6 -9999 -9999 -9999
2021 02 18 00  -204  -241 10190    34     8 -9999 -9999 -9999
2021 02 18 03  -124  -166 10139   165    26 -9999 -9999    14
2021 02 18 06   -65  -177 10097   137    27 -9999 -9999    14
2021 02 18 09   -64  -178 10084   220    21 -9999 -9999 -9999
2021 02 18 12  -144  -195 10095   349    13 -9999 -9999 -9999
2021 02 18 18  -167  -198 10065    28    11 -9999 -9999 -9999
2021 02 18 21  -152  -180 10046    81     9 -9999 -9999 -9999
2021 02 19 00  -134  -161 10015   105     4 -9999 -9999 -9999
2021 02 19 03   -90  -118  9994    90    25 -9999 -9999    32
2021 02 19 06   -75  -111  9972    27    30 -9999 -9999    46
2021 02 19 09   -92  -126  9994    34    14 -9999 -9999    15
2021 02 20 18  -263  -294 10122    20     5 -9999 -9999 -9999
2021 02 20 21  -259  -291 10128   360     2 -9999 -9999 -9999
2021 02 21 00  -232  -260 10148   303     5 -9999 -9999 -9999
2021 02 21 03  -152  -212 10145   279     6 -9999 -9999 -9999
2021 02 21 09  -110  -133 10133   145    10 -9999 -9999     6
2021 02 21 12  -142  -167 10146    31    12 -9999 -9999     9
2021 02 21 18  -155  -174 10161   349    13 -9999 -9999     3
2021 02 21 21  -150  -181 10185   343    31 -9999 -9999     3
2021 02 22 00  -157  -196 10215   336    20 -9999 -9999 -9999
2021 02 22 03  -122  -240 10221   321    56 -9999 -9999 -9999
2021 02 22 06  -104  -247 10213   335    39 -9999 -9999 -9999
2021 02 22 09  -112  -251 10226   333    40 -9999 -9999 -9999
2021 02 22 12  -140  -259 10250   338    15 -9999 -9999 -9999
2021 02 22 18  -244  -301 10280    28    13 -9999 -9999 -9999
2021 02 22 21  -288  -326 10287    35     9 -9999 -9999 -9999
2021 02 23 00  -257  -309 10294   359     8 -9999 -9999 -9999
2021 02 23 03  -132  -276 10278   335    28 -9999 -9999 -9999
2021 02 23 06  -105  -255 10262   262    37 -9999 -9999 -9999
2021 02 23 09  -110  -257 10260   269    39 -9999 -9999 -9999
2021 02 23 12  -184  -273 10275    13    13 -9999 -9999 -9999
2021 02 23 18  -284  -323 10290    49    12 -9999 -9999 -9999
2021 02 23 21  -310  -349 10289   314    11 -9999 -9999 -9999
2021 02 24 00  -274  -309 10292    35     6 -9999 -9999 -9999
2021 02 24 03  -185  -262 10276   233     8 -9999 -9999 -9999
2021 02 24 06  -125  -221 10251   158    31 -9999 -9999 -9999
2021 02 24 09  -132  -160 10247   156    12 -9999 -9999     3
2021 02 24 12  -159  -183 10254   169    25 -9999 -9999     3
2021 02 24 18  -264  -296 10267   343     7 -9999 -9999 -9999
2021 02 24 21  -290  -323 10280   352     6 -9999 -9999 -9999
2021 02 25 00  -289  -321 10292   303     7 -9999 -9999 -9999
2021 02 25 03  -142  -204 10285   201    11 -9999 -9999 -9999
2021 02 25 06   -70  -214 10267   166    19 -9999 -9999 -9999
2021 02 25 09  -102  -202 10267   139    23 -9999 -9999 -9999
2021 02 25 12  -125  -193 10279   188    17 -9999 -9999 -9999
2021 02 25 18  -185  -224 10282     5     8 -9999 -9999 -9999
2021 02 25 21  -224  -254 10308    50    13 -9999 -9999 -9999
2021 02 26 00  -232  -260 10335   142     5 -9999 -9999 -9999
2021 02 26 03  -120  -206 10334   345    13 -9999 -9999 -9999
2021 02 26 06   -94  -211 10311   105    32 -9999 -9999 -9999
2021 02 26 09  -102  -200 10314   104    28 -9999 -9999 -9999
2021 02 26 12  -135  -197 10311   162    15 -9999 -9999 -9999
2021 02 26 18  -147  -174 10247   176    26 -9999 -9999 -9999
2021 02 26 21  -127  -163 10211   159    34 -9999 -9999 -9999
2021 02 27 00  -122  -165 10168   165    31 -9999 -9999 -9999
2021 02 27 03  -105  -159 10124   164    42 -9999 -9999 -9999
2021 02 27 06   -92  -133 10094   171    37 -9999 -9999 -9999
2021 02 27 09   -67  -119 10102   169    33 -9999 -9999 -9999
2021 02 27 12   -50  -142 10157   260    45 -9999 -9999 -9999
2021 02 27 18   -87  -188 10224   295    37 -9999 -9999 -9999
2021 02 27 21  -135  -230 10256     1    16 -9999 -9999 -9999
2021 02 28 00  -160  -227 10278   114    13 -9999 -9999 -9999
2021 02 28 03   -85  -206 10276   138    18 -9999 -9999 -9999
2021 02 28 06   -77  -231 10277   272    82 -9999 -9999 -9999
2021 02 28 09   -95  -264 10295   276    61 -9999 -9999 -9999
2021 02 28 12  -127  -254 10327   280    51 -9999 -9999 -9999
2021 02 28 18  -218  -280 10363   168     5 -9999 -9999 -9999
2021 02 28 21  -279  -315 10365     6     8 -9999 -9999 -9999
2021 03 01 00  -278  -316 10375   248    11 -9999 -9999 -9999
2021 03 01 03  -139  -243 10349   124    16 -9999 -9999 -9999
2021 03 01 06   -92  -256 10306   256    45 -9999 -9999 -9999
2021 03 01 09   -99  -287 10294   283    23 -9999 -9999 -9999
2021 03 01 12  -185  -254 10308    41     8 -9999 -9999 -9999
2021 03 01 18  -232  -281 10290     3    16 -9999 -9999 -9999
2021 03 01 21  -260  -306 10288    10     9 -9999 -9999 -9999
2021 03 02 00  -252  -307 10293   113     6 -9999 -9999 -9999
2021 03 02 03  -162  -276 10265   360    11 -9999 -9999 -9999
2021 03 02 06  -105  -195 10230   176    49 -9999 -9999 -9999
2021 03 02 09  -105  -180 10218   155    37 -9999 -9999 -9999
2021 03 02 12  -159  -199 10213   134     8 -9999 -9999 -9999
2021 03 02 18  -243  -272 10186   356     9 -9999 -9999 -9999
2021 03 02 21  -253  -282 10171    56     9 -9999 -9999 -9999
2021 03 03 00  -238  -267 10173   360     9 -9999 -9999 -9999
2021 03 03 03  -135  -193 10146   330     9 -9999 -9999 -9999
2021 03 03 06   -60  -131 10109   175    36 -9999 -9999 -9999
2021 03 03 09   -69  -130 10107   153    24 -9999 -9999 -9999
2021 03 03 12   -80  -124 10107   171    13 -9999 -9999 -9999
2021 03 03 18  -152  -171 10100    27     8 -9999 -9999 -9999
2021 03 03 21  -162  -182 10104   254     3 -9999 -9999 -9999
2021 03 04 00  -137  -156 10102     7    10 -9999 -9999 -9999
2021 03 04 03   -70   -94 10094    29     8 -9999 -9999 -9999
2021 03 04 06    -5   -77 10085   225    10 -9999 -9999 -9999
2021 03 04 09     2  -161 10107   269    56 -9999 -9999 -9999
2021 03 04 12   -95  -156 10183     2    47 -9999 -9999 -9999
2021 03 04 18  -167  -250 10263   353    37 -9999 -9999 -9999
2021 03 04 21  -189  -290 10295   324    21 -9999 -9999 -9999
2021 03 05 00  -178  -309 10332   325    39 -9999 -9999 -9999
2021 03 05 03  -145  -290 10344   334    61 -9999 -9999 -9999
2021 03 05 06  -112  -274 10338   317    59 -9999 -9999 -9999
2021 03 05 09  -109  -271 10351   329    31 -9999 -9999 -9999
2021 03 05 12  -142  -278 10375   277    43 -9999 -9999 -9999
2021 03 05 18  -258  -306 10411    37     6 -9999 -9999 -9999
2021 03 05 21  -289  -329 10409   351     9 -9999 -9999 -9999
2021 03 06 00  -253  -312 10398    38    10 -9999 -9999 -9999
2021 03 06 03  -125  -237 10367   157    15 -9999 -9999 -9999
2021 03 06 06   -75  -221 10329   150    27 -9999 -9999 -9999
2021 03 06 09   -75  -188 10300   143    31 -9999 -9999 -9999
2021 03 06 12  -109  -193 10283   178    23 -9999 -9999 -9999
2021 03 06 18  -122  -189 10224   124    11 -9999 -9999 -9999
2021 03 06 21  -193  -228 10225   327    10 -9999 -9999 -9999
2021 03 07 00  -167  -218 10237    15     7 -9999 -9999 -9999
2021 03 07 03   -52  -135 10229   202    17 -9999 -9999 -9999
2021 03 07 06     7  -149 10217   286     8 -9999 -9999 -9999
2021 03 07 09    -7  -112 10232   168    13 -9999 -9999 -9999
2021 03 07 12   -82  -123 10258   257    12 -9999 -9999 -9999
2021 03 07 18  -165  -191 10253    54    10 -9999 -9999 -9999
2021 03 08 00  -165  -194 10235   293     8 -9999 -9999 -9999
2021 03 08 03   -45  -107 10193   164    11 -9999 -9999 -9999
2021 03 08 06     0   -95 10151   164    29 -9999 -9999 -9999
2021 03 08 09    -5   -73 10128   174    26 -9999 -9999 -9999
2021 03 08 12   -60   -98 10120    70     8 -9999 -9999 -9999
2021 03 08 18  -147  -168 10106   345     9 -9999 -9999 -9999
2021 03 08 21   -19  -112 10107   279    68 -9999 -9999 -9999
2021 03 09 00   -27  -176 10154   315    85 -9999 -9999 -9999
2021 03 09 03    -2  -145 10206   329    60 -9999 -9999 -9999
2021 03 09 06    26  -141 10227   323    55 -9999 -9999 -9999
2021 03 09 09    17  -161 10231   323    30 -9999 -9999 -9999
2021 03 09 12   -52  -128 10261    96    18 -9999 -9999 -9999
2021 03 09 18  -137  -164 10262   292     7 -9999 -9999 -9999
2021 03 09 21  -154  -181 10241   357     7 -9999 -9999 -9999
2021 03 10 00  -129  -158 10226   224     9 -9999 -9999 -9999
2021 03 10 03    -4  -133 10184   150    43 -9999 -9999 -9999
2021 03 10 06    40  -124 10158   149    41 -9999 -9999 -9999
2021 03 10 09    50  -103 10163   168    17 -9999 -9999 -9999
2021 03 10 12    30  -107 10199   289    38 -9999 -9999 -9999
2021 03 10 18   -54  -117 10249   210    10 -9999 -9999     0
2021 03 10 21  -110  -138 10273   242    13 -9999 -9999 -9999
2021 03 11 00   -75  -134 10290    14     7 -9999 -9999 -9999
2021 03 11 03    25  -111 10275   136    16 -9999 -9999 -9999
2021 03 11 06    67  -134 10253   285    28 -9999 -9999 -9999
2021 03 11 09    70  -113 10251   273    20 -9999 -9999 -9999
2021 03 11 12    -2   -94 10274    55    14 -9999 -9999 -9999
2021 03 11 18   -84  -115 10286    19     9 -9999 -9999 -9999
2021 03 11 21  -107  -129 10291    66     4 -9999 -9999 -9999
2021 03 12 00   -69  -111 10298    38     9 -9999 -9999 -9999
2021 03 12 03    36   -69 10278   213    10 -9999 -9999 -9999
2021 03 12 06   106   -62 10238   150    45 -9999 -9999 -9999
2021 03 12 09   102   -79 10221   225    35 -9999 -9999 -9999
2021 03 12 12    26   -65 10227   176    14 -9999 -9999 -9999
2021 03 12 18   -54   -71 10202   283    11 -9999 -9999 -9999
2021 03 12 21   -79   -94 10183   249     5 -9999 -9999 -9999
2021 03 13 00   -49   -69 10181   171     7 -9999 -9999 -9999
2021 03 13 03    80   -85 10158   152    34 -9999 -9999 -9999
2021 03 13 06   122   -67 10131   141    41 -9999 -9999 -9999
2021 03 13 09   116   -72 10119   155    29 -9999 -9999 -9999
2021 03 13 12    65   -83 10122   134    29 -9999 -9999 -9999
2021 03 13 18   -30   -51 10107    32     9 -9999 -9999 -9999
2021 03 13 21   -47   -62 10102   341     5 -9999 -9999 -9999
2021 03 14 00   -12   -57 10091   188    17 -9999 -9999 -9999
2021 03 14 03    92   -44 10068   172    46 -9999 -9999 -9999
2021 03 14 06   155   -81 10017   184    89 -9999 -9999 -9999
2021 03 14 09   115   -73 10000   160    69 -9999 -9999 -9999
2021 03 14 12    77   -40  9983   163    70 -9999 -9999 -9999
2021 03 14 18    42     4  9909   160    52 -9999 -9999 -9999
2021 03 14 21    40    11  9879   160    51 -9999 -9999 -9999
2021 03 15 00     2    -7  9879   266    72 -9999 -9999    14
2021 03 15 03     0   -83  9887   265    55 -9999 -9999    21
2021 03 15 06    27  -105  9888   240    34 -9999 -9999     7
2021 03 15 09    -2   -57  9940   314    35 -9999 -9999 -9999
2021 03 15 12   -47   -88 10030   323    90 -9999 -9999     8
2021 03 15 18   -72  -155 10109   329    51 -9999 -9999 -9999
2021 03 15 21   -75  -177 10138   324    49 -9999 -9999 -9999
2021 03 16 00   -67  -231 10168   326    68 -9999 -9999 -9999
2021 03 16 03   -25  -195 10171   341    70 -9999 -9999 -9999
2021 03 16 06    17  -188 10166     4    51 -9999 -9999 -9999
2021 03 16 09    22  -179 10182     1    34 -9999 -9999 -9999
2021 03 16 12   -15  -130 10208   352    14 -9999 -9999 -9999
2021 03 16 18   -69  -102 10235   101     6 -9999 -9999 -9999
2021 03 16 21   -92  -112 10243    53    11 -9999 -9999 -9999
2021 03 17 00   -59  -130 10252    30    11 -9999 -9999 -9999
2021 03 17 03    10  -160 10243    99    16 -9999 -9999 -9999
2021 03 17 06    37  -160 10223    74    21 -9999 -9999 -9999
2021 03 17 09    50  -161 10218   192    21 -9999 -9999 -9999
2021 03 17 12     6  -146 10238   318    17 -9999 -9999 -9999
2021 03 17 18   -57   -89 10237    66     6 -9999 -9999 -9999
2021 03 17 21   -80  -103 10245     2    11 -9999 -9999 -9999
2021 03 18 00   -25  -125 10254   339    40 -9999 -9999 -9999
2021 03 18 03    35  -137 10258   292    13 -9999 -9999 -9999
2021 03 18 06    50  -155 10241   153    18 -9999 -9999 -9999
2021 03 18 09    48  -157 10240   340    10 -9999 -9999     0
2021 03 18 12     0   -89 10250   357    11 -9999 -9999 -9999
2021 03 18 18   -37   -58 10247   301     4 -9999 -9999 -9999
2021 03 18 21   -37   -88 10249   337    16 -9999 -9999 -9999
2021 03 19 00   -15  -107 10257   340    28 -9999 -9999 -9999
2021 03 19 03    30  -118 10249     3    16 -9999 -9999 -9999
2021 03 19 06    47  -117 10231    41    26 -9999 -9999 -9999
2021 03 19 09    40  -102 10230    65    30 -9999 -9999 -9999
2021 03 19 12   -15   -85 10243   250    13 -9999 -9999 -9999
2021 03 19 18   -22   -77 10224     8    13 -9999 -9999 -9999
2021 03 19 21   -22   -94 10209   325    16 -9999 -9999 -9999
2021 03 20 00    -9   -88 10201    16    17 -9999 -9999 -9999
2021 03 20 03    10   -93 10188    70    22 -9999 -9999 -9999
2021 03 20 06    40   -98 10157     4    31 -9999 -9999 -9999
2021 03 20 09    25  -105 10148    51    30 -9999 -9999 -9999
2021 03 20 12     5   -93 10154   341    20 -9999 -9999 -9999
2021 03 20 18   -30   -74 10140   342    24 -9999 -9999 -9999
2021 03 20 21   -55   -82 10138   344    16 -9999 -9999 -9999
2021 03 21 00   -30   -76 10141   326    23 -9999 -9999 -9999
2021 03 21 03    27  -112 10119   350    36 -9999 -9999 -9999
2021 03 21 06    45  -130 10099   291    59 -9999 -9999 -9999
2021 03 21 09    35  -153 10096   271    52 -9999 -9999 -9999
2021 03 21 12    -2  -113 10113   275    31 -9999 -9999 -9999
2021 03 21 18   -82  -101 10111    29     8 -9999 -9999 -9999
2021 03 21 21   -94  -112 10110    61     8 -9999 -9999 -9999
2021 03 22 00   -52   -91 10105   301     6 -9999 -9999 -9999
2021 03 22 03    47  -113 10075   176    24 -9999 -9999 -9999
2021 03 22 06   102  -131 10033   261    35 -9999 -9999 -9999
2021 03 22 09   106  -134 10015   262    47 -9999 -9999 -9999
2021 03 22 12    25   -94 10023    68    12 -9999 -9999 -9999
2021 03 22 18   -49   -77 10003   345     7 -9999 -9999 -9999
2021 03 22 21   -62   -87 10015   348    11 -9999 -9999 -9999
2021 03 23 00     5   -67 10039    33    15 -9999 -9999 -9999
2021 03 23 03    90  -135 10052   358    43 -9999 -9999 -9999
2021 03 23 06    90  -122 10058    35    22 -9999 -9999 -9999
2021 03 23 09    56   -54 10084   211    43 -9999 -9999 -9999
2021 03 23 12    16   -16 10112    98    18 -9999 -9999 -9999
2021 03 23 18    -7   -44 10138   174    13 -9999 -9999     2
2021 03 23 21   -34   -56 10153    81    12 -9999 -9999    11
2021 03 24 00   -32   -57 10172   172    13 -9999 -9999    11
2021 03 24 03    21   -67 10165   193    23 -9999 -9999 -9999
2021 03 24 06    67   -87 10138   113    19 -9999 -9999 -9999
2021 03 24 09    66   -67 10132   170    40 -9999 -9999 -9999
2021 03 24 12    35   -77 10141   133    16 -9999 -9999 -9999
2021 03 24 18    31   -26 10133   119    19 -9999 -9999 -9999
2021 03 24 21     6    -5 10128     4    14 -9999 -9999 -9999
2021 03 25 00    22     1 10147   337    17 -9999 -9999 -9999
2021 03 25 03    52    -1 10157   355    31 -9999 -9999 -9999
2021 03 25 06    87   -26 10154   341    29 -9999 -9999 -9999
2021 03 25 09    81   -57 10167     9    27 -9999 -9999 -9999
2021 03 25 12    -2   -43 10195   269    16 -9999 -9999 -9999
2021 03 25 18   -32   -46 10204   279     7 -9999 -9999 -9999
2021 03 25 21   -35   -46 10190   301     9 -9999 -9999 -9999
2021 03 26 00     6    -4 10190   126    35 -9999 -9999 -9999
2021 03 26 03    35    -2 10171   152    53 -9999 -9999 -9999
2021 03 26 06    36   -10 10134   133    61 -9999 -9999 -9999
2021 03 26 09    26     2 10110   139    44 -9999 -9999     2
2021 03 26 12    12     4 10094   192    30 -9999 -9999     6
2021 03 26 18    20     7 10044   121    19 -9999 -9999 -9999
2021 03 26 21    11     2 10042    51     6 -9999 -9999 -9999
2021 03 27 00    21     8 10056   202     6 -9999 -9999 -9999
2021 03 27 03    52    -6 10055   349    32 -9999 -9999 -9999
2021 03 27 06    75    -6 10045    52    15 -9999 -9999 -9999
2021 03 27 09    65    -2 10042   103    35 -9999 -9999 -9999
2021 03 27 12    30   -12 10049    69    25 -9999 -9999 -9999
2021 03 27 18    11    -8 10009   351     9 -9999 -9999 -9999
2021 03 27 21    32    -2  9975   122    29 -9999 -9999 -9999
2021 03 28 00    35     3  9972    65     9 -9999 -9999 -9999
2021 03 28 03    75    25  9950   107    49 -9999 -9999 -9999
2021 03 28 06    86    50  9921    86    50 -9999 -9999 -9999
2021 03 28 09    67    56  9920   170    20 -9999 -9999    27
2021 03 28 12    65    50  9926    93    21 -9999 -9999    67
2021 03 28 18     7     2  9929   349    21 -9999 -9999    22
2021 03 28 21     5     1  9933   332    26 -9999 -9999    31
2021 03 29 00    12     5  9951   333    27 -9999 -9999    46
2021 03 29 03    37    19  9965   332    36 -9999 -9999    23
2021 03 29 06    51     9  9979   317    52 -9999 -9999 -9999
2021 03 29 09    42    12 10004   319    43 -9999 -9999     1
2021 03 29 12    35     6 10034   334    29 -9999 -9999     2
2021 03 29 18    10   -43 10062   352    15 -9999 -9999 -9999
2021 03 29 21   -17   -44 10073    43    11 -9999 -9999 -9999
2021 03 30 00    30   -70 10092   329    36 -9999 -9999 -9999
2021 03 30 03    65   -82 10086   332    41 -9999 -9999 -9999
2021 03 30 06    95  -112 10075   343    39 -9999 -9999 -9999
2021 03 30 09    90   -90 10085   339    23 -9999 -9999 -9999
2021 03 30 12    31   -46 10110   207    15 -9999 -9999 -9999
2021 03 30 18    -2   -42 10151   164    13 -9999 -9999 -9999
2021 03 30 21   -20   -43 10169   243     5 -9999 -9999 -9999
2021 03 31 00    21   -58 10192   343    15 -9999 -9999 -9999
2021 03 31 03    90   -90 10192   104    20 -9999 -9999 -9999
2021 03 31 06   125   -75 10179   101    22 -9999 -9999 -9999
2021 03 31 09   125   -33 10174   180    29 -9999 -9999 -9999
2021 03 31 12    66   -36 10196   146    20 -9999 -9999 -9999
2021 03 31 18   -20   -36 10207    25     8 -9999 -9999 -9999
2021 03 31 21   -32   -43 10214    28    10 -9999 -9999 -9999
2021 04 01 00    12   -19 10228   106     5 -9999 -9999 -9999
2021 04 01 03   110   -42 10214   153     9 -9999 -9999 -9999
2021 04 01 06   165   -54 10187   152    28 -9999 -9999 -9999
2021 04 01 09   141   -32 10179   135    31 -9999 -9999 -9999
2021 04 01 12    82   -12 10181   146     6 -9999 -9999 -9999
2021 04 01 18    62   -12 10150   137    18 -9999 -9999 -9999
2021 04 01 21    47   -24 10133   180    20 -9999 -9999 -9999
2021 04 02 00    52   -15 10110   179    17 -9999 -9999 -9999
2021 04 02 03    52     9 10082   243    15 -9999 -9999     2
2021 04 02 06    87    40 10071   259    36 -9999 -9999     2
2021 04 02 09    80   -19 10110   281    77 -9999 -9999 -9999
2021 04 02 12    50   -93 10149   272    74 -9999 -9999 -9999
2021 04 02 18     7  -186 10210   297    46 -9999 -9999 -9999
2021 04 02 21    -5  -181 10224   299    46 -9999 -9999 -9999
2021 04 03 00     5  -199 10242   314    77 -9999 -9999 -9999
2021 04 03 03    40  -176 10240   298    66 -9999 -9999 -9999
2021 04 03 06    62  -193 10224   306    60 -9999 -9999 -9999
2021 04 03 09    70  -180 10218   328    37 -9999 -9999 -9999
2021 04 03 12    35  -143 10230   274    38 -9999 -9999 -9999
2021 04 03 18   -52   -81 10218    27     7 -9999 -9999 -9999
2021 04 03 21   -50   -74 10197    67     9 -9999 -9999 -9999
2021 04 04 00     6   -67 10177   170    23 -9999 -9999 -9999
2021 04 04 03    97   -58 10147   147    43 -9999 -9999 -9999
2021 04 04 06   132   -98 10125   280    59 -9999 -9999 -9999
2021 04 04 09   121  -108 10125   278    55 -9999 -9999 -9999
2021 04 04 12    55   -74 10141   227    16 -9999 -9999 -9999
2021 04 04 18   -34   -56 10123     7     8 -9999 -9999 -9999
2021 04 04 21   -35   -58 10108   300     7 -9999 -9999 -9999
2021 04 05 00    50   -62 10102   131    14 -9999 -9999 -9999
2021 04 05 03   110  -100 10102   309    56 -9999 -9999 -9999
2021 04 05 06   112  -115 10108   317    64 -9999 -9999 -9999
2021 04 05 09    96   -85 10118   322    47 -9999 -9999 -9999
2021 04 05 12    27   -67 10137    64    19 -9999 -9999 -9999
2021 04 05 18   -49   -66 10150   128     6 -9999 -9999 -9999
2021 04 05 21     6  -124 10168   309    38 -9999 -9999 -9999
2021 04 06 00    12  -199 10196   331    67 -9999 -9999 -9999
2021 04 06 03    25  -202 10205   304    76 -9999 -9999 -9999
2021 04 06 06    27  -221 10208   321    84 -9999 -9999 -9999
2021 04 06 09    20  -227 10216   331    69 -9999 -9999 -9999
2021 04 06 12   -11  -212 10246   320    30 -9999 -9999     0
2021 04 06 18   -57  -167 10252    44    10 -9999 -9999 -9999
2021 04 06 21   -90  -151 10253    58    12 -9999 -9999 -9999
2021 04 07 00     1  -208 10249   310    42 -9999 -9999 -9999
2021 04 07 03    40  -220 10227   333    56 -9999 -9999 -9999
2021 04 07 06    65  -242 10209   336    74 -9999 -9999 -9999
2021 04 07 09    60  -214 10213   360    47 -9999 -9999 -9999
2021 04 07 12    10  -179 10233   318    25 -9999 -9999 -9999
2021 04 07 18   -75  -125 10248   331     8 -9999 -9999 -9999
2021 04 07 21   -87  -126 10253    32     9 -9999 -9999 -9999
2021 04 08 00   -25  -137 10259   321     9 -9999 -9999 -9999
2021 04 08 03    62  -133 10246    35    18 -9999 -9999 -9999
2021 04 08 06   100   -96 10226   114    27 -9999 -9999 -9999
2021 04 08 09   100   -96 10223   102    28 -9999 -9999 -9999
2021 04 08 12    52   -82 10240   122    17 -9999 -9999 -9999
2021 04 08 18   -20   -56 10253   271     9 -9999 -9999 -9999
2021 04 08 21   -30   -59 10256    83     8 -9999 -9999 -9999
2021 04 09 00    40   -69 10255   158    24 -9999 -9999 -9999
2021 04 09 06   125   -71 10217   164    42 -9999 -9999 -9999
2021 04 09 09   137   -70 10194   130    45 -9999 -9999 -9999
2021 04 09 12    82   -39 10200   135    21 -9999 -9999 -9999
2021 04 09 18    12   -45 10174   187    14 -9999 -9999 -9999
2021 04 09 21    10   -52 10157   169    22 -9999 -9999 -9999
2021 04 10 00    70   -54 10135   165    38 -9999 -9999 -9999
2021 04 10 03   137   -40 10108   169    59 -9999 -9999 -9999
2021 04 10 06   180   -41 10094   180    65 -9999 -9999 -9999
2021 04 10 09   152   -57 10117   260    61 -9999 -9999 -9999
2021 04 10 12   110   -59 10147   276    27 -9999 -9999 -9999
2021 04 10 18     5   -61 10188     2    12 -9999 -9999 -9999
2021 04 10 21   -10   -67 10205     9    17 -9999 -9999 -9999
2021 04 11 00    55   -44 10214   334    31 -9999 -9999 -9999
2021 04 11 03   107   -49 10210    15    21 -9999 -9999 -9999
2021 04 11 06   126   -74 10188   109    23 -9999 -9999 -9999
2021 04 11 09   125   -50 10166   119    24 -9999 -9999 -9999
2021 04 11 12    95   -49 10167   354    29 -9999 -9999 -9999
2021 04 11 18    41   -68 10137    44    54 -9999 -9999 -9999
2021 04 11 21   -29   -45 10155   354    54 -9999 -9999     9
2021 04 12 00   -45   -65 10165   355    51 -9999 -9999    41
2021 04 12 03   -32   -82 10175     2    61 -9999 -9999    44
2021 04 12 06   -22   -86 10180   352    56 -9999 -9999    12
2021 04 12 09    -7  -104 10175   350    47 -9999 -9999 -9999
2021 04 12 12   -52   -92 10188     4     7 -9999 -9999 -9999
2021 04 12 18   -67  -107 10188    14    13 -9999 -9999 -9999
2021 04 12 21   -97  -116 10183   203     7 -9999 -9999 -9999
2021 04 13 00   -30  -151 10163   305    45 -9999 -9999 -9999
2021 04 13 03    -7  -157 10135   331    67 -9999 -9999 -9999
2021 04 13 06    25  -138 10109   319    48 -9999 -9999 -9999
2021 04 13 09    25  -142 10102   319    29 -9999 -9999 -9999
2021 04 13 12     1  -119 10108    29    17 -9999 -9999 -9999
2021 04 13 18   -77  -106 10109    33     7 -9999 -9999 -9999
2021 04 13 21   -97  -117 10108    38     7 -9999 -9999 -9999
2021 04 14 00   -35  -108 10104   163     9 -9999 -9999 -9999
2021 04 14 03    51  -138 10080   155    17 -9999 -9999 -9999
2021 04 14 06    80  -130 10053   244    32 -9999 -9999 -9999
2021 04 14 09    65   -56 10058   211    29 -9999 -9999 -9999
2021 04 14 12    15   -21 10076   185    13 -9999 -9999 -9999
2021 04 14 18   -44   -54 10091    35    14 -9999 -9999 -9999
2021 04 14 21   -60   -72 10089   349     8 -9999 -9999 -9999
2021 04 15 00     7   -29 10101    22     8 -9999 -9999 -9999
2021 04 15 03    60   -66 10087   235    17 -9999 -9999 -9999
2021 04 15 06    57   -68 10078    78    31 -9999 -9999 -9999
2021 04 15 09    20   -17 10089    20    30 -9999 -9999 -9999
2021 04 15 12    12   -11 10089    31    40 -9999 -9999 -9999
2021 04 15 18     2    -8 10043    12    35 -9999 -9999     4
2021 04 15 21    -2   -13 10022    28    59 -9999 -9999    19
2021 04 16 00    -2   -11 10024    12    48 -9999 -9999    54
2021 04 16 03    -2   -12 10043     8    54 -9999 -9999    65
2021 04 16 06     7   -14 10063     2    65 -9999 -9999    50
2021 04 16 09    15   -17 10091     8    39 -9999 -9999    26
2021 04 16 12    12   -18 10118   348    36 -9999 -9999     3
2021 04 16 18    -9   -49 10134   343    33 -9999 -9999 -9999
2021 04 16 21   -35   -70 10146     2    14 -9999 -9999 -9999
2021 04 17 00     7   -59 10156   340    29 -9999 -9999 -9999
2021 04 17 03    72   -80 10152   358    16 -9999 -9999 -9999
2021 04 17 06    87   -62 10134   149    23 -9999 -9999 -9999
2021 04 17 09    92   -34 10121   176    38 -9999 -9999 -9999
2021 04 17 12    32   -37 10131    91    20 -9999 -9999 -9999
2021 04 17 18   -30   -45 10124    30     6 -9999 -9999 -9999
2021 04 17 21   -45   -58 10114     8     7 -9999 -9999 -9999
2021 04 18 00    22   -49 10106   259    11 -9999 -9999 -9999
2021 04 18 03   122   -20 10082   160    44 -9999 -9999 -9999
2021 04 18 06   147    -2 10056   169    57 -9999 -9999 -9999
2021 04 18 09   147    19 10040   170    33 -9999 -9999 -9999
2021 04 18 12   100    11 10042   144    14 -9999 -9999 -9999
2021 04 18 18     2    -9 10035   359    15 -9999 -9999 -9999
2021 04 18 21    22   -12 10061   338    27 -9999 -9999 -9999
2021 04 19 00    72   -61 10099   342    65 -9999 -9999 -9999
2021 04 19 03    87   -92 10117   319    75 -9999 -9999 -9999
2021 04 19 06   101  -118 10129   333    72 -9999 -9999 -9999
2021 04 19 09    95  -159 10140   327    51 -9999 -9999 -9999
2021 04 19 12    40  -129 10163   331    19 -9999 -9999 -9999
2021 04 19 18   -47   -84 10201   336     9 -9999 -9999 -9999
2021 04 19 21   -70   -94 10215   341    11 -9999 -9999 -9999
2021 04 20 00    17  -107 10215   224    14 -9999 -9999 -9999
2021 04 20 03    90  -156 10194   126    27 -9999 -9999 -9999
2021 04 20 06   127  -109 10166   180    61 -9999 -9999 -9999
2021 04 20 09   141   -62 10143   174    49 -9999 -9999 -9999
2021 04 20 12    92   -50 10150   143    29 -9999 -9999 -9999
2021 04 20 18    46   -34 10130   139    14 -9999 -9999 -9999
2021 04 20 21    40   -35 10132   140    23 -9999 -9999 -9999
