2021 01 01 00  -280  -320 10289   219    16 -9999 -9999 -9999
2021 01 01 03  -229  -290 10290   276    51 -9999 -9999 -9999
2021 01 01 06  -217  -287 10287   263    62 -9999 -9999 -9999
2021 01 01 09  -245  -300 10310   271    43 -9999 -9999 -9999
2021 01 01 12  -253  -298 10324   237    23 -9999 -9999 -9999
2021 01 01 15  -249  -294 10310   289    83 -9999 -9999 -9999
2021 01 01 18  -248  -295 10304   267    52 -9999 -9999 -9999
2021 01 01 21  -248  -298 10307   304    37 -9999 -9999 -9999
2021 01 02 00  -244  -298 10311   311    11 -9999 -9999 -9999
2021 01 02 03  -209  -280 10306   265    53 -9999 -9999 -9999
2021 01 02 06  -189  -275 10300   265    60 -9999 -9999 -9999
2021 01 02 09  -215  -282 10316   287    56 -9999 -9999 -9999
2021 01 02 12  -239  -290 10329   269    39 -9999 -9999 -9999
2021 01 02 15  -252  -289 10327   286    13 -9999 -9999 -9999
2021 01 02 18  -263  -297 10322   331    18 -9999 -9999 -9999
2021 01 02 21  -263  -296 10327   269    26 -9999 -9999 -9999
2021 01 03 00  -264  -298 10334   196     6 -9999 -9999 -9999
2021 01 03 03  -209  -264 10317   247    34 -9999 -9999 -9999
2021 01 03 06  -194  -268 10309   271    59 -9999 -9999 -9999
2021 01 03 09  -227  -278 10320   298    43 -9999 -9999 -9999
2021 01 03 12  -252  -288 10334     9     5 -9999 -9999 -9999
2021 01 03 15  -240  -280 10315   273    44 -9999 -9999 -9999
2021 01 03 18  -249  -289 10311   279    27 -9999 -9999 -9999
2021 01 03 21  -254  -292 10314   255    18 -9999 -9999 -9999
2021 01 04 00  -264  -299 10324   269    15 -9999 -9999 -9999
2021 01 04 03  -214  -271 10314   275    44 -9999 -9999 -9999
2021 01 04 06  -200  -264 10308   275    52 -9999 -9999 -9999
2021 01 04 09  -233  -282 10328   287    38 -9999 -9999 -9999
2021 01 04 12  -254  -293 10341   218    12 -9999 -9999 -9999
2021 01 04 15  -255  -295 10333   289    11 -9999 -9999 -9999
2021 01 04 18  -267  -302 10334   273     5 -9999 -9999 -9999
2021 01 04 21  -264  -301 10331   262    16 -9999 -9999 -9999
2021 01 05 00  -272  -309 10347   266    14 -9999 -9999 -9999
2021 01 05 03  -235  -285 10335   277    44 -9999 -9999 -9999
2021 01 05 06  -219  -276 10322   269    43 -9999 -9999 -9999
2021 01 05 09  -240  -287 10329   290    43 -9999 -9999 -9999
2021 01 05 12  -264  -306 10333   303    17 -9999 -9999 -9999
2021 01 05 15  -269  -310 10318   317    24 -9999 -9999 -9999
2021 01 05 18  -267  -311 10307   326    46 -9999 -9999 -9999
2021 01 05 21  -278  -320 10304   293    30 -9999 -9999 -9999
2021 01 06 00  -280  -325 10312   299    46 -9999 -9999 -9999
2021 01 06 03  -257  -317 10304   319    55 -9999 -9999 -9999
2021 01 06 06  -254  -322 10287   274    72 -9999 -9999 -9999
2021 01 06 09  -274  -331 10297   279    69 -9999 -9999 -9999
2021 01 06 12  -284  -339 10300   283    61 -9999 -9999 -9999
2021 01 06 15  -293  -341 10291   277    37 -9999 -9999 -9999
2021 01 06 18  -302  -348 10285   275    31 -9999 -9999 -9999
2021 01 06 21  -304  -348 10285   285    22 -9999 -9999 -9999
2021 01 07 00  -309  -353 10289   271    40 -9999 -9999     2
2021 01 07 03  -282  -334 10280   283    48 -9999 -9999     2
2021 01 07 06  -262  -322 10262   269    72 -9999 -9999 -9999
2021 01 07 09  -288  -340 10280   294    80 -9999 -9999 -9999
2021 01 07 12  -292  -331 10281    74    12 -9999 -9999 -9999
2021 01 07 15  -289  -325 10264   157    15 -9999 -9999 -9999
2021 01 07 18  -279  -323 10246   266    21 -9999 -9999 -9999
2021 01 07 21  -290  -330 10250   295    25 -9999 -9999 -9999
2021 01 08 00  -285  -328 10255   286    10 -9999 -9999 -9999
2021 01 08 03  -238  -299 10237   279    55 -9999 -9999     5
2021 01 08 06  -214  -286 10221   280    80 -9999 -9999     5
2021 01 08 09  -245  -300 10233   290   100 -9999 -9999     0
2021 01 08 12  -251  -296 10245   280    60 -9999 -9999     0
2021 01 08 15  -237  -281 10232   290    50 -9999 -9999     0
2021 01 08 18  -232  -275 10223   290    50 -9999 -9999     0
2021 01 08 21  -229  -273 10221   310    50 -9999 -9999     0
2021 01 09 00  -234  -275 10234   309    46 -9999 -9999 -9999
2021 01 09 03  -177  -246 10220   291    67 -9999 -9999 -9999
2021 01 09 06  -157  -238 10215   286    46 -9999 -9999 -9999
2021 01 09 09  -194  -253 10231   296    93 -9999 -9999 -9999
2021 01 09 12  -218  -261 10253   111    14 -9999 -9999 -9999
2021 01 09 15  -214  -257 10245   317    30 -9999 -9999 -9999
2021 01 09 18  -223  -257 10254   140     9 -9999 -9999 -9999
2021 01 09 21  -220  -259 10259    65     8 -9999 -9999 -9999
2021 01 10 00  -214  -253 10262    77    15 -9999 -9999 -9999
2021 01 10 03  -160  -236 10261   300    38 -9999 -9999 -9999
2021 01 10 06  -149  -232 10257   299    42 -9999 -9999 -9999
2021 01 10 09  -178  -239 10273   279    46 -9999 -9999 -9999
2021 01 10 12  -197  -241 10273   274    27 -9999 -9999 -9999
2021 01 10 15  -189  -219 10252   272    24 -9999 -9999 -9999
2021 01 10 18  -190  -220 10236    59    11 -9999 -9999 -9999
2021 01 10 21  -198  -229 10221   270    21 -9999 -9999 -9999
2021 01 11 00  -199  -237 10217   280    33 -9999 -9999 -9999
2021 01 11 03  -169  -221 10200   244    44 -9999 -9999 -9999
2021 01 11 06  -142  -213 10174   277    69 -9999 -9999 -9999
2021 01 11 09  -179  -225 10185   238    20 -9999 -9999 -9999
2021 01 11 12  -199  -233 10178   270    12 -9999 -9999 -9999
2021 01 11 15  -240  -263 10166   266    15 -9999 -9999 -9999
2021 01 11 18  -239  -262 10133    52     8 -9999 -9999 -9999
2021 01 11 21  -222  -243 10117    77    14 -9999 -9999     9
2021 01 12 00  -219  -241 10109     6     6 -9999 -9999    15
2021 01 12 03  -177  -203 10100   136    15 -9999 -9999    25
2021 01 12 06  -155  -190 10078   138    21 -9999 -9999    27
2021 01 12 09  -169  -188 10085   157    12 -9999 -9999    10
2021 01 12 12  -180  -200 10099   284     6 -9999 -9999     3
2021 01 12 15  -195  -215 10095   260     8 -9999 -9999     2
2021 01 12 18  -213  -233 10102    63     9 -9999 -9999     1
2021 01 12 21  -210  -239 10107   271    14 -9999 -9999 -9999
2021 01 13 00  -214  -244 10124   279    11 -9999 -9999     1
2021 01 13 03  -178  -218 10128   248    21 -9999 -9999     3
2021 01 13 06  -164  -227 10134   288    60 -9999 -9999 -9999
2021 01 13 09  -204  -256 10165   271    52 -9999 -9999 -9999
2021 01 13 12  -232  -276 10196   297    22 -9999 -9999 -9999
2021 01 13 15  -235  -277 10203   259    19 -9999 -9999 -9999
2021 01 13 18  -248  -284 10217   255    25 -9999 -9999 -9999
2021 01 13 21  -257  -294 10239   239    27 -9999 -9999 -9999
2021 01 14 00  -273  -305 10257    53    12 -9999 -9999 -9999
2021 01 14 03  -204  -267 10259   257    36 -9999 -9999 -9999
2021 01 14 06  -183  -262 10250   266    48 -9999 -9999 -9999
2021 01 14 09  -209  -283 10275     3    22 -9999 -9999 -9999
2021 01 14 12  -262  -299 10306   105    13 -9999 -9999 -9999
2021 01 14 15  -275  -303 10305   250     9 -9999 -9999 -9999
2021 01 14 18  -284  -311 10299   204     4 -9999 -9999 -9999
2021 01 14 21  -277  -309 10302   273    17 -9999 -9999 -9999
2021 01 15 00  -279  -309 10324    18     6 -9999 -9999 -9999
2021 01 15 03  -208  -262 10309   260    45 -9999 -9999 -9999
2021 01 15 06  -190  -255 10299   281    50 -9999 -9999 -9999
2021 01 15 09  -232  -281 10320   278    32 -9999 -9999 -9999
2021 01 15 12  -250  -290 10330   291    25 -9999 -9999 -9999
2021 01 15 15  -242  -281 10307   270    24 -9999 -9999 -9999
2021 01 15 18  -237  -278 10292   259    27 -9999 -9999 -9999
2021 01 15 21  -234  -274 10282   268    24 -9999 -9999 -9999
2021 01 16 00  -228  -272 10281   268    63 -9999 -9999 -9999
2021 01 16 03  -198  -250 10266   267    68 -9999 -9999 -9999
2021 01 16 06  -175  -237 10253   257    48 -9999 -9999 -9999
2021 01 16 09  -205  -246 10258   254    16 -9999 -9999 -9999
2021 01 16 12  -209  -234 10244    51     6 -9999 -9999 -9999
2021 01 16 15  -204  -228 10215   240    17 -9999 -9999 -9999
2021 01 16 18  -238  -266 10202   296    23 -9999 -9999 -9999
2021 01 16 21  -254  -283 10197   106     9 -9999 -9999 -9999
2021 01 17 00  -285  -312 10194   191     7 -9999 -9999 -9999
2021 01 17 03  -209  -255 10163    65    17 -9999 -9999     1
2021 01 17 06  -207  -264 10163   303    46 -9999 -9999 -9999
2021 01 17 09  -238  -290 10190   263    22 -9999 -9999 -9999
2021 01 17 12  -259  -298 10221   189     6 -9999 -9999 -9999
2021 01 17 15  -270  -312 10216   315    21 -9999 -9999 -9999
2021 01 17 18  -278  -322 10224   338    27 -9999 -9999 -9999
2021 01 17 21  -290  -336 10248   352    19 -9999 -9999 -9999
2021 01 18 00  -295  -344 10277   306    24 -9999 -9999 -9999
2021 01 18 03  -259  -325 10293   308    52 -9999 -9999 -9999
2021 01 18 06  -242  -321 10297   266    54 -9999 -9999 -9999
2021 01 18 09  -273  -354 10325   284    33 -9999 -9999 -9999
2021 01 18 12  -287  -363 10335     3    10 -9999 -9999 -9999
2021 01 18 15  -319  -364 10329   145     7 -9999 -9999 -9999
2021 01 18 18  -328  -363 10322    15     9 -9999 -9999 -9999
2021 01 18 21  -327  -355 10308   290    10 -9999 -9999 -9999
2021 01 19 00  -334  -363 10311   299     5 -9999 -9999 -9999
2021 01 19 03  -243  -312 10291   195     7 -9999 -9999 -9999
2021 01 19 06  -185  -284 10263   155    17 -9999 -9999 -9999
2021 01 19 09  -208  -289 10277   179    13 -9999 -9999 -9999
2021 01 19 12  -250  -291 10293   243     7 -9999 -9999 -9999
2021 01 19 15  -264  -298 10264   105     4 -9999 -9999 -9999
2021 01 19 18  -263  -296 10231    40     7 -9999 -9999 -9999
2021 01 19 21  -262  -293 10212   252     5 -9999 -9999 -9999
2021 01 20 00  -254  -281 10191   354    10 -9999 -9999 -9999
2021 01 20 03  -197  -243 10162   171     3 -9999 -9999 -9999
2021 01 20 06   -85  -144 10116   248    41 -9999 -9999 -9999
2021 01 20 09  -120  -160 10170   284    78 -9999 -9999 -9999
2021 01 20 12  -140  -176 10225   283    55 -9999 -9999 -9999
2021 01 20 15  -144  -190 10223   277    54 -9999 -9999 -9999
2021 01 20 18  -162  -210 10224   229    17 -9999 -9999 -9999
2021 01 20 21  -166  -211 10247    50    10 -9999 -9999     0
2021 01 21 00  -181  -214 10263   270    10 -9999 -9999     0
2021 01 21 03  -111  -184 10252   280    10 -9999 -9999     0
2021 01 21 06   -85  -203 10237   280    50 -9999 -9999     0
2021 01 21 09  -128  -191 10264   270    30 -9999 -9999     0
2021 01 21 12  -177  -205 10285   270    10 -9999 -9999     0
2021 01 21 15  -161  -187 10263   270    20 -9999 -9999     0
2021 01 21 18  -134  -164 10242   260    20 -9999 -9999 -9999
2021 01 21 21  -147  -177 10257   280    30 -9999 -9999     1
2021 01 22 00  -172  -195 10283   263    23 -9999 -9999     1
2021 01 22 03  -115  -169 10270   182    12 -9999 -9999 -9999
2021 01 22 06   -77  -162 10235   162    22 -9999 -9999 -9999
2021 01 22 09  -104  -167 10238   110    10 -9999 -9999 -9999
2021 01 22 12  -164  -190 10254   231     7 -9999 -9999 -9999
2021 01 22 15  -180  -199 10243   292    11 -9999 -9999 -9999
2021 01 22 18  -200  -218 10235    97     3 -9999 -9999 -9999
2021 01 22 21  -209  -228 10231   280    15 -9999 -9999 -9999
2021 01 23 00  -209  -225 10240   258     5 -9999 -9999 -9999
2021 01 23 03  -120  -163 10215   127    13 -9999 -9999 -9999
2021 01 23 06   -40  -142 10193   173    13 -9999 -9999 -9999
2021 01 23 09   -40  -143 10198   281    33 -9999 -9999 -9999
2021 01 23 12   -60  -140 10227   315    45 -9999 -9999 -9999
2021 01 23 15   -75  -142 10231   330    18 -9999 -9999 -9999
2021 01 23 18   -82  -139 10225   348    27 -9999 -9999 -9999
2021 01 23 21  -140  -159 10248    98    21 -9999 -9999 -9999
2021 01 24 00  -147  -164 10276   258     9 -9999 -9999 -9999
2021 01 24 03   -82  -139 10277   156    18 -9999 -9999 -9999
2021 01 24 06   -47  -133 10270   143    42 -9999 -9999 -9999
2021 01 24 09   -90  -150 10308   160    18 -9999 -9999 -9999
2021 01 24 12  -125  -168 10349   122    23 -9999 -9999 -9999
2021 01 24 15  -159  -195 10352   140    10 -9999 -9999     0
2021 01 24 18  -182  -215 10349   120    20 -9999 -9999     0
2021 01 24 21  -210  -238 10348    90    20 -9999 -9999     0
2021 01 25 00  -209  -254 10339   145    21 -9999 -9999 -9999
2021 01 25 03  -180  -254 10315   146    27 -9999 -9999 -9999
2021 01 25 06  -164  -246 10253   160    30 -9999 -9999 -9999
2021 01 25 09  -177  -248 10240   125    32 -9999 -9999 -9999
2021 01 25 12  -197  -227 10218   129    28 -9999 -9999     3
2021 01 25 15  -225  -246 10195   208     9 -9999 -9999     3
2021 01 25 18  -250  -275 10185    70    13 -9999 -9999 -9999
2021 01 25 21  -260  -285 10172    33    11 -9999 -9999 -9999
2021 01 26 00  -190  -235 10164   254    54 -9999 -9999 -9999
2021 01 26 03  -172  -233 10171   257   100 -9999 -9999 -9999
2021 01 26 06  -167  -255 10163   260   108 -9999 -9999 -9999
2021 01 26 09  -204  -277 10199   260    76 -9999 -9999 -9999
2021 01 26 12  -209  -256 10184   263    52 -9999 -9999 -9999
2021 01 26 15  -214  -262 10180   264    57 -9999 -9999 -9999
2021 01 26 18  -235  -288 10200   279    61 -9999 -9999 -9999
2021 01 26 21  -240  -283 10207   269    41 -9999 -9999 -9999
2021 01 27 00  -253  -290 10218   254     9 -9999 -9999 -9999
2021 01 27 03  -205  -258 10213   282    74 -9999 -9999 -9999
2021 01 27 06  -187  -249 10206   281    47 -9999 -9999 -9999
2021 01 27 09  -214  -262 10226   261    42 -9999 -9999 -9999
2021 01 27 12  -229  -270 10242   266    46 -9999 -9999 -9999
2021 01 27 15  -249  -289 10236   291    26 -9999 -9999 -9999
2021 01 27 18  -262  -297 10225   359    13 -9999 -9999 -9999
2021 01 27 21  -269  -305 10229   293    14 -9999 -9999 -9999
2021 01 28 00  -288  -329 10250   282    24 -9999 -9999 -9999
2021 01 28 03  -257  -312 10253   268    46 -9999 -9999     4
2021 01 28 06  -249  -323 10247   290   101 -9999 -9999     4
2021 01 28 09  -282  -339 10277   288    51 -9999 -9999 -9999
2021 01 28 12  -293  -338 10284   212    16 -9999 -9999 -9999
2021 01 28 15  -295  -339 10272   178    14 -9999 -9999 -9999
2021 01 28 18  -304  -343 10263   284    10 -9999 -9999 -9999
2021 01 28 21  -328  -359 10261   250     9 -9999 -9999 -9999
2021 01 29 00  -342  -372 10264   249    10 -9999 -9999 -9999
2021 01 29 03  -280  -313 10238   257    11 -9999 -9999     2
2021 01 29 06  -237  -267 10205   146    25 -9999 -9999    33
2021 01 29 09  -229  -257 10215   134    17 -9999 -9999    46
2021 01 29 12  -237  -266 10232    56    11 -9999 -9999    14
2021 01 29 15  -279  -306 10245   187     7 -9999 -9999     2
2021 01 29 18  -304  -332 10262   110     5 -9999 -9999     1
2021 01 29 21  -299  -328 10277   271    29 -9999 -9999 -9999
2021 01 30 00  -295  -330 10301   278    16 -9999 -9999 -9999
2021 01 30 03  -254  -301 10306   246    33 -9999 -9999 -9999
2021 01 30 06  -228  -296 10304   279    42 -9999 -9999 -9999
2021 01 30 09  -250  -313 10311   261    15 -9999 -9999 -9999
2021 01 30 12  -302  -335 10326   231     9 -9999 -9999 -9999
2021 01 30 15  -309  -338 10312   177    11 -9999 -9999 -9999
2021 01 30 18  -319  -348 10304    11     9 -9999 -9999 -9999
2021 01 30 21  -328  -356 10302    56    10 -9999 -9999 -9999
2021 01 31 00  -328  -357 10305   305     5 -9999 -9999 -9999
2021 01 31 03  -228  -283 10269   177    11 -9999 -9999 -9999
2021 01 31 06  -189  -262 10240   165    37 -9999 -9999 -9999
2021 01 31 09  -200  -253 10240   149    26 -9999 -9999 -9999
2021 01 31 12  -224  -252 10247   163    23 -9999 -9999 -9999
2021 01 31 15  -223  -251 10225    62    29 -9999 -9999 -9999
2021 01 31 18  -238  -266 10223    47    33 -9999 -9999 -9999
2021 01 31 21  -260  -296 10234   359    25 -9999 -9999     1
2021 02 01 00  -279  -311 10263    56     4 -9999 -9999     1
2021 02 01 03  -234  -286 10253   255    44 -9999 -9999     1
2021 02 01 06  -222  -292 10241   279    77 -9999 -9999     1
2021 02 01 09  -264  -325 10273   281    60 -9999 -9999 -9999
2021 02 01 12  -273  -322 10279   293    51 -9999 -9999 -9999
2021 02 01 15  -275  -327 10261   276    52 -9999 -9999 -9999
2021 02 01 18  -279  -329 10244   289    65 -9999 -9999 -9999
2021 02 01 21  -297  -348 10251   271    54 -9999 -9999 -9999
2021 02 02 00  -292  -345 10249   260    45 -9999 -9999 -9999
2021 02 02 03  -249  -322 10236   275    77 -9999 -9999 -9999
2021 02 02 06  -237  -323 10230   270    78 -9999 -9999 -9999
2021 02 02 09  -260  -337 10248   270    64 -9999 -9999 -9999
2021 02 02 12  -275  -332 10252   269    82 -9999 -9999 -9999
2021 02 02 15  -274  -322 10235    49    13 -9999 -9999 -9999
2021 02 02 18  -282  -324 10229   289    25 -9999 -9999 -9999
2021 02 02 21  -279  -328 10219   260    37 -9999 -9999 -9999
2021 02 03 00  -283  -330 10233   244    31 -9999 -9999 -9999
2021 02 03 03  -224  -300 10218   254    35 -9999 -9999 -9999
2021 02 03 06  -204  -301 10197   268    92 -9999 -9999 -9999
2021 02 03 09  -252  -316 10233   282    52 -9999 -9999 -9999
2021 02 03 12  -263  -313 10241   267    24 -9999 -9999 -9999
2021 02 03 15  -270  -308 10231   232    10 -9999 -9999 -9999
2021 02 03 18  -274  -317 10216   105     8 -9999 -9999 -9999
2021 02 03 21  -280  -325 10226   314    11 -9999 -9999 -9999
2021 02 04 00  -270  -309 10224    10     7 -9999 -9999 -9999
2021 02 04 03  -179  -250 10202   148    15 -9999 -9999 -9999
2021 02 04 06  -132  -215 10174   267    32 -9999 -9999 -9999
2021 02 04 09  -160  -235 10175   169    33 -9999 -9999 -9999
2021 02 04 12  -180  -238 10173   198    10 -9999 -9999 -9999
2021 02 04 15  -203  -242 10136   249     8 -9999 -9999 -9999
2021 02 04 18  -212  -239 10108   171     6 -9999 -9999 -9999
2021 02 04 21  -237  -258 10103   218    10 -9999 -9999 -9999
2021 02 05 00  -204  -225 10103   284    24 -9999 -9999 -9999
2021 02 05 03   -97  -149 10096   266    58 -9999 -9999 -9999
2021 02 05 06   -82  -154 10096   287    98 -9999 -9999 -9999
2021 02 05 09  -110  -168 10126   279    41 -9999 -9999 -9999
2021 02 05 12  -132  -169 10150   306    54 -9999 -9999 -9999
2021 02 05 15  -162  -189 10143   237    11 -9999 -9999 -9999
2021 02 05 18  -170  -213 10156   297    12 -9999 -9999 -9999
2021 02 05 21  -187  -223 10177   355    28 -9999 -9999 -9999
2021 02 06 00  -195  -238 10206   286    14 -9999 -9999 -9999
2021 02 06 03  -134  -212 10208   261    31 -9999 -9999 -9999
2021 02 06 06  -115  -207 10206   283    75 -9999 -9999 -9999
2021 02 06 09  -147  -223 10228   277    55 -9999 -9999 -9999
2021 02 06 12  -184  -241 10263    22    11 -9999 -9999 -9999
2021 02 06 15  -195  -243 10268   321    18 -9999 -9999 -9999
2021 02 06 18  -199  -258 10277   358    31 -9999 -9999 -9999
2021 02 06 21  -214  -257 10287   320    30 -9999 -9999 -9999
2021 02 07 00  -224  -263 10309    92     7 -9999 -9999 -9999
2021 02 07 03  -162  -240 10306   320    46 -9999 -9999 -9999
2021 02 07 06  -137  -242 10290   295    88 -9999 -9999 -9999
2021 02 07 09  -170  -254 10314   309    42 -9999 -9999 -9999
2021 02 07 12  -202  -258 10334   299    10 -9999 -9999 -9999
2021 02 07 15  -214  -263 10327   261    22 -9999 -9999 -9999
2021 02 07 18  -230  -264 10325    97    10 -9999 -9999 -9999
2021 02 07 21  -229  -265 10324   286     9 -9999 -9999 -9999
2021 02 08 00  -232  -264 10328   332     9 -9999 -9999 -9999
2021 02 08 03  -152  -217 10304   270    83 -9999 -9999 -9999
2021 02 08 06  -115  -217 10280   276    44 -9999 -9999 -9999
2021 02 08 09  -135  -225 10274   278    48 -9999 -9999 -9999
2021 02 08 12  -139  -185 10259   254    21 -9999 -9999 -9999
2021 02 08 15  -145  -188 10232   273    50 -9999 -9999 -9999
2021 02 08 18  -149  -183 10211   273    38 -9999 -9999 -9999
2021 02 08 21  -150  -183 10207    99    17 -9999 -9999 -9999
2021 02 09 00  -134  -167 10202   100    13 -9999 -9999 -9999
2021 02 09 03   -74  -136 10199   282    63 -9999 -9999 -9999
2021 02 09 06   -32  -122 10175   302    19 -9999 -9999 -9999
2021 02 09 12   -94  -148 10202    14    27 -9999 -9999 -9999
2021 02 09 15   -89  -143 10187   282    26 -9999 -9999 -9999
2021 02 09 18   -97  -141 10183   290    26 -9999 -9999 -9999
2021 02 09 21  -107  -138 10195   329    18 -9999 -9999 -9999
2021 02 10 00  -107  -142 10209   291    13 -9999 -9999 -9999
2021 02 10 03   -62  -123 10208   256    30 -9999 -9999 -9999
2021 02 10 06   -25  -110 10189   291    21 -9999 -9999 -9999
2021 02 10 09   -27  -113 10185    15     5 -9999 -9999 -9999
2021 02 11 00  -134  -146 10124    73     9 -9999 -9999 -9999
2021 02 13 12  -179  -244 10291   268    69 -9999 -9999 -9999
2021 02 13 15  -194  -248 10286   276    37 -9999 -9999 -9999
2021 02 13 18  -208  -257 10287   266    45 -9999 -9999 -9999
2021 02 13 21  -220  -266 10285   260    30 -9999 -9999     0
2021 02 14 00  -227  -273 10301   269    25 -9999 -9999 -9999
2021 02 14 03  -187  -259 10291   264    44 -9999 -9999 -9999
2021 02 14 06  -140  -259 10260   281    82 -9999 -9999 -9999
2021 02 14 09  -172  -273 10269   292    57 -9999 -9999 -9999
2021 02 14 12  -200  -243 10282   287    27 -9999 -9999 -9999
2021 02 14 15  -219  -266 10270    77     7 -9999 -9999 -9999
2021 02 14 18  -230  -279 10247   281    10 -9999 -9999 -9999
2021 02 14 21  -257  -287 10244   219     6 -9999 -9999 -9999
2021 02 15 00  -245  -291 10244   301    35 -9999 -9999 -9999
2021 02 15 03  -184  -275 10219   275    55 -9999 -9999 -9999
2021 02 15 06  -165  -285 10198   306    62 -9999 -9999 -9999
2021 02 15 09  -189  -290 10211   281    61 -9999 -9999 -9999
2021 02 15 12  -217  -278 10227   315    21 -9999 -9999 -9999
2021 02 15 15  -229  -283 10222   335    34 -9999 -9999 -9999
2021 02 15 18  -249  -302 10223   293    16 -9999 -9999 -9999
2021 02 15 21  -260  -304 10227   358    11 -9999 -9999 -9999
2021 02 16 00  -253  -300 10247   268    42 -9999 -9999 -9999
2021 02 16 03  -212  -285 10248   320    57 -9999 -9999 -9999
2021 02 16 06  -179  -273 10248   303    47 -9999 -9999 -9999
2021 02 16 09  -220  -285 10272   290    88 -9999 -9999 -9999
2021 02 16 12  -240  -290 10294   276    23 -9999 -9999 -9999
2021 02 16 15  -234  -287 10282   290    51 -9999 -9999 -9999
2021 02 16 18  -232  -288 10273   298    76 -9999 -9999 -9999
2021 02 16 21  -229  -287 10287   298    77 -9999 -9999 -9999
2021 02 17 00  -225  -288 10302   301    89 -9999 -9999 -9999
2021 02 17 03  -179  -270 10287   310   102 -9999 -9999 -9999
2021 02 17 06  -150  -262 10276   293    94 -9999 -9999 -9999
2021 02 17 09  -167  -252 10293   288    86 -9999 -9999 -9999
2021 02 17 12  -187  -253 10307   314    38 -9999 -9999 -9999
2021 02 17 15  -197  -257 10293   210    28 -9999 -9999 -9999
2021 02 17 18  -185  -256 10269   260    46 -9999 -9999 -9999
2021 02 17 21  -172  -249 10234   244    20 -9999 -9999 -9999
2021 02 18 00  -162  -256 10198   137    12 -9999 -9999 -9999
2021 02 18 03   -90  -223 10144   148    24 -9999 -9999 -9999
2021 02 18 06   -24  -127 10106   275    85 -9999 -9999 -9999
2021 02 18 09   -60  -125 10116   284    69 -9999 -9999 -9999
2021 02 18 12   -92  -133 10123    65    12 -9999 -9999 -9999
2021 02 18 15  -122  -149 10106    71     7 -9999 -9999 -9999
2021 02 18 18  -142  -156 10063   269    18 -9999 -9999 -9999
2021 02 18 21  -134  -154 10026   237    14 -9999 -9999 -9999
2021 02 19 00  -105  -115  9990   144    21 -9999 -9999    12
2021 02 19 03   -87  -112  9968   126    33 -9999 -9999    20
2021 02 19 06   -72  -110  9961   260    78 -9999 -9999    16
2021 02 19 09   -85  -103  9987   250    32 -9999 -9999     9
2021 02 20 15  -212  -251 10125   240    14 -9999 -9999 -9999
2021 02 20 18  -208  -241 10125   264     9 -9999 -9999 -9999
2021 02 20 21  -187  -220 10122    11     7 -9999 -9999 -9999
2021 02 21 00  -165  -194 10141   360     1 -9999 -9999 -9999
2021 02 21 06   -90  -129 10127   257    51 -9999 -9999     3
2021 02 21 12  -122  -163 10161   280    70 -9999 -9999 -9999
2021 02 21 15  -162  -199 10170   273    51 -9999 -9999 -9999
2021 02 21 18  -169  -206 10181   280    45 -9999 -9999 -9999
2021 02 21 21  -185  -221 10209   278    33 -9999 -9999 -9999
2021 02 22 00  -183  -224 10241   236    10 -9999 -9999 -9999
2021 02 22 03  -165  -239 10256   280    60 -9999 -9999 -9999
2021 02 22 06  -155  -253 10258   290    94 -9999 -9999 -9999
2021 02 22 09  -172  -263 10279   274    68 -9999 -9999 -9999
2021 02 22 12  -194  -274 10294   282    35 -9999 -9999 -9999
2021 02 22 15  -204  -279 10304   304    29 -9999 -9999 -9999
2021 02 22 18  -220  -279 10310   311    16 -9999 -9999 -9999
2021 02 22 21  -235  -283 10322   177    14 -9999 -9999 -9999
2021 02 23 00  -224  -282 10330    35     9 -9999 -9999 -9999
2021 02 23 03  -167  -266 10308   277    75 -9999 -9999 -9999
2021 02 23 06  -140  -251 10298   272    74 -9999 -9999 -9999
2021 02 23 09  -155  -259 10304   280    60 -9999 -9999 -9999
2021 02 23 12  -185  -269 10307   113     9 -9999 -9999 -9999
2021 02 23 15  -224  -273 10304   288    17 -9999 -9999 -9999
2021 02 23 18  -245  -280 10304    35     8 -9999 -9999 -9999
2021 02 23 21  -265  -293 10300   270    15 -9999 -9999 -9999
2021 02 24 00  -233  -262 10294   262    15 -9999 -9999 -9999
2021 02 24 03  -154  -222 10262   161    16 -9999 -9999 -9999
2021 02 24 06  -120  -155 10241   145    18 -9999 -9999 -9999
2021 02 24 09  -122  -182 10261   272    54 -9999 -9999     2
2021 02 24 12  -145  -189 10271   267    60 -9999 -9999     2
2021 02 24 15  -157  -194 10269   270    35 -9999 -9999 -9999
2021 02 24 18  -165  -214 10277   277    52 -9999 -9999 -9999
2021 02 24 21  -179  -227 10287   231    20 -9999 -9999 -9999
2021 02 25 00  -170  -227 10299   180    13 -9999 -9999 -9999
2021 02 25 03  -114  -220 10291   288    66 -9999 -9999 -9999
2021 02 25 06   -89  -192 10274   256    62 -9999 -9999 -9999
2021 02 25 09   -92  -195 10267   243    12 -9999 -9999 -9999
2021 02 25 12  -127  -202 10275   276    23 -9999 -9999 -9999
2021 02 25 15  -139  -200 10270   290    19 -9999 -9999 -9999
2021 02 25 18  -174  -212 10282   111     5 -9999 -9999 -9999
2021 02 25 21  -194  -225 10301   291     6 -9999 -9999 -9999
2021 02 26 00  -185  -213 10325   266     7 -9999 -9999 -9999
2021 02 26 03  -104  -165 10312   143    31 -9999 -9999 -9999
2021 02 26 06   -72  -157 10289   126    39 -9999 -9999 -9999
2021 02 26 09   -87  -154 10281   130    57 -9999 -9999 -9999
2021 02 26 12  -122  -154 10287   127    61 -9999 -9999 -9999
2021 02 26 15  -132  -159 10251   118    42 -9999 -9999 -9999
2021 02 26 18  -139  -166 10215   121    31 -9999 -9999 -9999
2021 02 26 21  -129  -161 10185   135    32 -9999 -9999 -9999
2021 02 27 00  -115  -150 10147   141    27 -9999 -9999 -9999
2021 02 27 03   -84  -136 10105   191    14 -9999 -9999 -9999
2021 02 27 06   -35   -68 10107   242    57 -9999 -9999     3
2021 02 27 09   -87  -147 10156   280   100 -9999 -9999     3
2021 02 27 12  -100  -150 10194   281   110 -9999 -9999 -9999
2021 02 27 15  -115  -163 10221   279    79 -9999 -9999 -9999
2021 02 27 18  -147  -193 10250   265    31 -9999 -9999 -9999
2021 02 27 21  -165  -224 10277   336    15 -9999 -9999 -9999
2021 02 28 00  -160  -200 10298   271    53 -9999 -9999 -9999
2021 02 28 03  -130  -211 10314   270    53 -9999 -9999 -9999
2021 02 28 06  -125  -234 10325   283    78 -9999 -9999 -9999
2021 02 28 09  -147  -250 10340   280    52 -9999 -9999 -9999
2021 02 28 12  -174  -249 10356   292    51 -9999 -9999 -9999
2021 02 28 15  -184  -252 10382   284    40 -9999 -9999 -9999
2021 02 28 18  -183  -247 10376   296    47 -9999 -9999 -9999
2021 02 28 21  -207  -264 10372   357    18 -9999 -9999 -9999
2021 03 01 00  -228  -271 10386   213     4 -9999 -9999 -9999
2021 03 01 03  -134  -212 10355   278    61 -9999 -9999 -9999
2021 03 01 06  -110  -210 10312   293    44 -9999 -9999 -9999
2021 03 01 09  -127  -213 10301   359    36 -9999 -9999 -9999
2021 03 01 12  -189  -252 10321   274    13 -9999 -9999 -9999
2021 03 01 15  -227  -270 10304   265    14 -9999 -9999 -9999
2021 03 01 18  -239  -269 10297   256    13 -9999 -9999 -9999
2021 03 01 21  -253  -279 10287   360     1 -9999 -9999 -9999
2021 03 02 00  -232  -258 10294   155     5 -9999 -9999 -9999
2021 03 02 03  -127  -188 10253   157    25 -9999 -9999 -9999
2021 03 02 06   -77  -168 10206   112    57 -9999 -9999 -9999
2021 03 02 09   -79  -180 10200   121    22 -9999 -9999 -9999
2021 03 02 12  -102  -178 10203   155    13 -9999 -9999 -9999
2021 03 02 15  -160  -194 10188   233     7 -9999 -9999 -9999
2021 03 02 18  -197  -216 10183    67    12 -9999 -9999 -9999
2021 03 02 21  -215  -234 10168   356    10 -9999 -9999 -9999
2021 03 03 00  -197  -218 10163   234     6 -9999 -9999 -9999
2021 03 03 03   -62  -149 10127   167     7 -9999 -9999 -9999
2021 03 03 06   -20  -142 10100   142    26 -9999 -9999 -9999
2021 03 03 09   -22  -138 10097   126    27 -9999 -9999 -9999
2021 03 03 12   -64  -110 10113   184    23 -9999 -9999 -9999
2021 03 03 15   -62   -89 10095    45    21 -9999 -9999 -9999
2021 03 03 18   -79  -101 10090   294    20 -9999 -9999 -9999
2021 03 03 21  -110  -120 10095   295     4 -9999 -9999 -9999
2021 03 04 00   -92  -100 10102   106     9 -9999 -9999 -9999
2021 03 04 03   -25   -81 10096   261    70 -9999 -9999 -9999
2021 03 04 06   -35  -130 10116   275    68 -9999 -9999 -9999
2021 03 04 09   -75  -172 10157   276    80 -9999 -9999 -9999
2021 03 04 12  -134  -233 10205   288    76 -9999 -9999 -9999
2021 03 04 15  -165  -228 10234   303    41 -9999 -9999 -9999
2021 03 04 18  -192  -248 10274   313    38 -9999 -9999 -9999
2021 03 04 21  -213  -265 10314   328    28 -9999 -9999 -9999
2021 03 05 00  -208  -283 10360   315    56 -9999 -9999 -9999
2021 03 05 03  -174  -303 10374   294   110 -9999 -9999 -9999
2021 03 05 06  -159  -288 10382   284    99 -9999 -9999 -9999
2021 03 05 09  -172  -282 10404   283    99 -9999 -9999 -9999
2021 03 05 12  -199  -295 10427   279    65 -9999 -9999 -9999
2021 03 05 15  -209  -289 10432   256    19 -9999 -9999 -9999
2021 03 05 18  -217  -281 10426   224    15 -9999 -9999 -9999
2021 03 05 21  -210  -284 10421   255    36 -9999 -9999 -9999
2021 03 06 00  -178  -264 10402   221    13 -9999 -9999 -9999
2021 03 06 03  -114  -215 10374   282    49 -9999 -9999 -9999
2021 03 06 06   -55  -207 10327   267    32 -9999 -9999 -9999
2021 03 06 09   -55  -197 10289   139    36 -9999 -9999 -9999
2021 03 06 12   -65  -186 10268   260    33 -9999 -9999 -9999
2021 03 06 15   -94  -177 10243   232    21 -9999 -9999 -9999
2021 03 06 18   -87  -140 10229   273    62 -9999 -9999 -9999
2021 03 06 21   -97  -160 10228   274    72 -9999 -9999 -9999
2021 03 07 00   -85  -159 10237   256    40 -9999 -9999 -9999
2021 03 07 03   -32  -140 10239   280    74 -9999 -9999 -9999
2021 03 07 06   -15  -153 10239   270    73 -9999 -9999 -9999
2021 03 07 09   -25  -169 10249   276    44 -9999 -9999 -9999
2021 03 07 12   -72  -167 10269   293    12 -9999 -9999 -9999
2021 03 07 15  -122  -172 10264   171     6 -9999 -9999 -9999
2021 03 07 18  -145  -176 10255   360     2 -9999 -9999 -9999
2021 03 07 21  -165  -187 10244   245    10 -9999 -9999 -9999
2021 03 08 00  -142  -166 10240   360     2 -9999 -9999 -9999
2021 03 08 03   -44  -143 10204   251    13 -9999 -9999 -9999
2021 03 08 06    15  -120 10160   147    15 -9999 -9999 -9999
2021 03 08 09    25  -114 10139   173    17 -9999 -9999 -9999
2021 03 08 12    -2   -70 10153   253    33 -9999 -9999 -9999
2021 03 08 15   -22   -99 10141   270    31 -9999 -9999 -9999
2021 03 08 18   -27   -70 10130   263    67 -9999 -9999     1
2021 03 08 21   -57  -133 10149   289    75 -9999 -9999     1
2021 03 09 00   -65  -167 10198   304   101 -9999 -9999 -9999
2021 03 09 03   -47  -159 10245   290    66 -9999 -9999 -9999
2021 03 09 06   -22  -149 10253   281    80 -9999 -9999 -9999
2021 03 09 09   -40  -143 10270   259    45 -9999 -9999 -9999
2021 03 09 12   -79  -143 10294   207     5 -9999 -9999 -9999
2021 03 09 15  -135  -167 10294   285     6 -9999 -9999 -9999
2021 03 09 18  -140  -169 10275    55    10 -9999 -9999 -9999
2021 03 09 21  -154  -178 10253   273    18 -9999 -9999 -9999
2021 03 10 00  -135  -168 10238   287     8 -9999 -9999 -9999
2021 03 10 03   -17  -167 10201   174    14 -9999 -9999 -9999
2021 03 10 06    47   -94 10183   281    82 -9999 -9999 -9999
2021 03 10 09    20  -100 10216   292    63 -9999 -9999 -9999
2021 03 10 12   -27  -110 10252   295    18 -9999 -9999 -9999
2021 03 10 15   -30  -113 10253   328    44 -9999 -9999 -9999
2021 03 10 18   -70  -123 10260   290    20 -9999 -9999     0
2021 03 10 21   -99  -135 10288   299     7 -9999 -9999 -9999
2021 03 11 00   -80  -122 10307   360     2 -9999 -9999 -9999
2021 03 11 03    22  -139 10285   242    40 -9999 -9999 -9999
2021 03 11 06    37  -139 10278   292    57 -9999 -9999 -9999
2021 03 11 09    17  -128 10289   281    42 -9999 -9999 -9999
2021 03 11 12   -24  -124 10308   283    20 -9999 -9999 -9999
2021 03 11 15   -59  -124 10300   275    15 -9999 -9999 -9999
2021 03 11 18   -92  -127 10305   360     1 -9999 -9999 -9999
2021 03 11 21  -107  -132 10311   212     5 -9999 -9999 -9999
2021 03 12 00   -80  -120 10319    71     9 -9999 -9999 -9999
2021 03 12 03    52  -101 10291   167    22 -9999 -9999 -9999
2021 03 12 06    87   -93 10263   246    42 -9999 -9999 -9999
2021 03 12 09    75   -95 10250   299    30 -9999 -9999 -9999
2021 03 12 12     1   -96 10257    94    11 -9999 -9999 -9999
2021 03 12 15   -27  -103 10229   238     9 -9999 -9999 -9999
2021 03 12 18   -67  -117 10214   179    10 -9999 -9999 -9999
2021 03 12 21   -82  -129 10200    28    16 -9999 -9999 -9999
2021 03 13 00   -62  -102 10204   106     5 -9999 -9999 -9999
2021 03 13 03    86  -103 10165   203    24 -9999 -9999 -9999
2021 03 13 06   120   -79 10146   265    61 -9999 -9999 -9999
2021 03 13 09   100   -73 10146   280    54 -9999 -9999 -9999
2021 03 13 12    27   -69 10153   246    16 -9999 -9999 -9999
2021 03 13 15   -17   -66 10125   130     4 -9999 -9999 -9999
2021 03 13 18   -40   -69 10116   244     7 -9999 -9999 -9999
2021 03 13 21   -57   -75 10109    69    13 -9999 -9999 -9999
2021 03 14 00   -22   -54 10104    47     7 -9999 -9999 -9999
2021 03 14 03   120   -59 10056   144    28 -9999 -9999 -9999
2021 03 14 06   145  -103 10007   158    58 -9999 -9999 -9999
2021 03 14 09   115  -127  9990   155    54 -9999 -9999 -9999
2021 03 14 12    77   -84  9963   134    61 -9999 -9999 -9999
2021 03 14 15    55   -44  9909   157    34 -9999 -9999 -9999
2021 03 14 18    35   -18  9865   132    39 -9999 -9999 -9999
2021 03 14 21    -2   -33  9873   268   100 -9999 -9999 -9999
2021 03 15 00   -54  -135  9902   249    68 -9999 -9999 -9999
2021 03 15 03   -42  -129  9883   208    72 -9999 -9999 -9999
2021 03 15 06   -37   -74  9911   292    42 -9999 -9999 -9999
2021 03 15 09   -60   -84  9997   281    67 -9999 -9999     3
2021 03 15 12   -87  -130 10091   287    91 -9999 -9999     5
2021 03 15 15   -97  -135 10122   299    95 -9999 -9999     4
2021 03 15 18  -102  -216 10154   287    79 -9999 -9999     2
2021 03 15 21  -112  -213 10176   291   113 -9999 -9999 -9999
2021 03 16 00   -99  -219 10209   285    75 -9999 -9999 -9999
2021 03 16 03   -55  -192 10213   272    66 -9999 -9999 -9999
2021 03 16 06   -35  -171 10217   275    75 -9999 -9999 -9999
2021 03 16 09   -52  -162 10235   249    38 -9999 -9999 -9999
2021 03 16 12   -70  -159 10253   262    24 -9999 -9999 -9999
2021 03 16 15   -79  -154 10252   263    24 -9999 -9999 -9999
2021 03 16 18   -84  -154 10256   299    24 -9999 -9999 -9999
2021 03 16 21  -109  -162 10267   139     6 -9999 -9999 -9999
2021 03 17 00   -79  -154 10278   127    13 -9999 -9999 -9999
2021 03 17 03   -17  -163 10267   264    60 -9999 -9999 -9999
2021 03 17 06     0  -177 10250   284    62 -9999 -9999 -9999
2021 03 17 09   -15  -134 10262   273    65 -9999 -9999 -9999
2021 03 17 12   -54  -107 10275   271    29 -9999 -9999 -9999
2021 03 17 15   -75  -111 10268   256     8 -9999 -9999 -9999
2021 03 17 18   -87  -123 10267    34    10 -9999 -9999 -9999
2021 03 17 21   -80  -127 10273   336    49 -9999 -9999 -9999
2021 03 18 00   -62  -124 10285   254    18 -9999 -9999 -9999
2021 03 18 03    -5  -145 10282   302    64 -9999 -9999 -9999
2021 03 18 06     0  -140 10262   340    37 -9999 -9999 -9999
2021 03 18 09   -15  -133 10272   273    40 -9999 -9999 -9999
2021 03 18 12   -35  -125 10277   269    26 -9999 -9999 -9999
2021 03 18 15   -45  -130 10264   346    16 -9999 -9999 -9999
2021 03 18 18   -52  -124 10260   352     6 -9999 -9999 -9999
2021 03 18 21   -65  -116 10258   224     9 -9999 -9999 -9999
2021 03 19 00   -50  -119 10263   212     8 -9999 -9999 -9999
2021 03 19 03     7   -88 10244   111    11 -9999 -9999 -9999
2021 03 19 06    25  -101 10227   123    19 -9999 -9999 -9999
2021 03 19 09    12   -51 10229    58    31 -9999 -9999 -9999
2021 03 19 12   -15   -21 10244     8    14 -9999 -9999     3
2021 03 19 15   -27   -41 10227    76    10 -9999 -9999     5
2021 03 19 18   -40   -48 10211   279    11 -9999 -9999     2
2021 03 19 21   -47   -59 10195   222     6 -9999 -9999 -9999
2021 03 20 00   -34   -60 10191   165     6 -9999 -9999 -9999
2021 03 20 03   -27   -38 10181   113    10 -9999 -9999     1
2021 03 20 06    -2   -41 10152   139    16 -9999 -9999     2
2021 03 20 09   -22   -34 10153   315    29 -9999 -9999     1
2021 03 20 12   -34   -38 10162   336     7 -9999 -9999    40
2021 03 20 15   -42   -47 10161   314    11 -9999 -9999    49
2021 03 20 18   -52   -71 10153   320    17 -9999 -9999    17
2021 03 20 21   -77   -95 10159   298    17 -9999 -9999     8
2021 03 21 00   -75  -108 10166   298    13 -9999 -9999 -9999
2021 03 21 03   -30  -134 10148   267    59 -9999 -9999 -9999
2021 03 21 06   -22  -115 10132   276    82 -9999 -9999 -9999
2021 03 21 09   -29   -90 10133   274    66 -9999 -9999 -9999
2021 03 21 12   -52   -96 10144   238    19 -9999 -9999 -9999
2021 03 21 15   -64  -103 10139    42    13 -9999 -9999 -9999
2021 03 21 18  -110  -135 10139   226    12 -9999 -9999 -9999
2021 03 21 21  -105  -126 10136    37     4 -9999 -9999 -9999
2021 03 22 00   -70  -114 10126   241     3 -9999 -9999 -9999
2021 03 22 03    40   -98 10083   255    55 -9999 -9999 -9999
2021 03 22 06    75   -94 10057   262    50 -9999 -9999 -9999
2021 03 22 09    60   -98 10047   255    42 -9999 -9999 -9999
2021 03 22 12    25   -72 10051   258    25 -9999 -9999 -9999
2021 03 22 15    21   -83 10022   245    33 -9999 -9999 -9999
2021 03 22 18     7   -78 10020   274    33 -9999 -9999 -9999
2021 03 22 21   -10   -85 10028   264    18 -9999 -9999 -9999
2021 03 23 00    22   -69 10046   248     4 -9999 -9999 -9999
2021 03 23 03    60   -72 10049   324    49 -9999 -9999 -9999
2021 03 23 06    65   -65 10061   260    55 -9999 -9999 -9999
2021 03 23 09    25   -15 10088   256    44 -9999 -9999     1
2021 03 23 12     0   -47 10110   316    18 -9999 -9999     1
2021 03 23 15   -20   -50 10117    16    12 -9999 -9999 -9999
2021 03 23 18   -49   -60 10132   360     2 -9999 -9999 -9999
2021 03 23 21   -70   -78 10152   244     9 -9999 -9999 -9999
2021 03 24 00   -20   -43 10163    82     8 -9999 -9999 -9999
2021 03 24 03    41   -74 10155   270    42 -9999 -9999 -9999
2021 03 24 06    50   -78 10145   263    51 -9999 -9999 -9999
2021 03 24 09    50   -76 10144   260    31 -9999 -9999 -9999
2021 03 24 12     0   -67 10150   282    15 -9999 -9999 -9999
2021 03 24 15    -5   -59 10132    37    21 -9999 -9999 -9999
2021 03 24 18   -17   -56 10126   255    20 -9999 -9999 -9999
2021 03 24 21   -30   -59 10128   261     9 -9999 -9999 -9999
2021 03 25 00     2   -34 10153   280    15 -9999 -9999 -9999
2021 03 25 03    42   -29 10168   306    48 -9999 -9999 -9999
2021 03 25 06    60   -56 10171   325    44 -9999 -9999 -9999
2021 03 25 09    56   -73 10186   294    53 -9999 -9999 -9999
2021 03 25 12    -7   -67 10210   265    17 -9999 -9999 -9999
2021 03 25 15   -30   -66 10210    53    13 -9999 -9999 -9999
2021 03 25 18   -47   -69 10199   272    19 -9999 -9999 -9999
2021 03 25 21   -27   -62 10177   129    24 -9999 -9999 -9999
2021 03 26 00     7   -34 10166   136    48 -9999 -9999 -9999
2021 03 26 03     5   -12 10140   132    66 -9999 -9999 -9999
2021 03 26 06     1   -20 10104   121    71 -9999 -9999 -9999
2021 03 26 09    -4   -14 10091   122    66 -9999 -9999 -9999
2021 03 26 12    -4   -14 10078   137    50 -9999 -9999 -9999
2021 03 26 15    -7   -13 10062   188    22 -9999 -9999     3
2021 03 26 18    12   -14 10047   260    65 -9999 -9999     3
2021 03 26 21    10   -17 10054   266    40 -9999 -9999 -9999
2021 03 27 00    10   -23 10072   293    42 -9999 -9999 -9999
2021 03 27 03    35   -25 10063   291    21 -9999 -9999 -9999
2021 03 27 06    86   -33 10021   117    10 -9999 -9999 -9999
2021 03 27 09    90   -40 10003   103    62 -9999 -9999 -9999
2021 03 27 12    55   -37 10011   104    46 -9999 -9999 -9999
2021 03 27 15    25   -16  9999   101    50 -9999 -9999 -9999
2021 03 27 18    20   -16  9960    65    46 -9999 -9999 -9999
2021 03 27 21    15    -6  9936    50    38 -9999 -9999 -9999
2021 03 28 00     5     0  9934    75    28 -9999 -9999 -9999
2021 03 28 03     7     7  9934   110    47 -9999 -9999 -9999
2021 03 28 06    17    14  9925   172    21 -9999 -9999 -9999
2021 03 28 09    32     3  9917   141    13 -9999 -9999 -9999
2021 03 28 12    20     3  9933   293    11 -9999 -9999 -9999
2021 03 28 15    15    -2  9938   309    29 -9999 -9999 -9999
2021 03 28 18    20    -4  9943   310    35 -9999 -9999 -9999
2021 03 28 21    15    -4  9947   288    73 -9999 -9999 -9999
2021 03 29 00     7   -12  9979   286    72 -9999 -9999 -9999
2021 03 29 03    15   -24  9998   274    62 -9999 -9999 -9999
2021 03 29 06    21   -28 10010   279    66 -9999 -9999 -9999
2021 03 29 09    25   -36 10033   292    46 -9999 -9999 -9999
2021 03 29 12    16   -47 10057   292    22 -9999 -9999 -9999
2021 03 29 15    -2   -49 10074   359    38 -9999 -9999 -9999
2021 03 29 18   -20   -73 10084   328    26 -9999 -9999 -9999
2021 03 29 21   -40   -77 10097   313    22 -9999 -9999 -9999
2021 03 30 00   -15   -66 10111   249     6 -9999 -9999 -9999
2021 03 30 03    51   -80 10099   301    26 -9999 -9999 -9999
2021 03 30 06    85   -77 10081   205    38 -9999 -9999 -9999
2021 03 30 09    77   -84 10090   346    29 -9999 -9999 -9999
2021 03 30 12    30   -64 10119    71    15 -9999 -9999 -9999
2021 03 30 15    22   -66 10122   309    19 -9999 -9999 -9999
2021 03 30 18     1   -59 10141   270    14 -9999 -9999 -9999
2021 03 30 21    10   -68 10157   344     8 -9999 -9999 -9999
2021 03 31 00    40   -45 10186   225     8 -9999 -9999 -9999
2021 03 31 03    86   -56 10188   261    18 -9999 -9999 -9999
2021 03 31 06   112   -91 10182   274    49 -9999 -9999 -9999
2021 03 31 09   110  -100 10184   281    35 -9999 -9999 -9999
2021 03 31 12    26   -90 10211    51     5 -9999 -9999 -9999
2021 03 31 15   -20   -75 10214   245     5 -9999 -9999 -9999
2021 03 31 18   -42   -81 10221   288    22 -9999 -9999 -9999
2021 03 31 21   -54   -83 10232   317     7 -9999 -9999 -9999
2021 04 01 00    -7   -58 10248   259     6 -9999 -9999 -9999
2021 04 01 03   117   -72 10218    88    11 -9999 -9999 -9999
2021 04 01 06   146   -81 10190   129    32 -9999 -9999 -9999
2021 04 01 09   141   -99 10175   211    11 -9999 -9999 -9999
2021 04 01 12    95   -60 10177   133    32 -9999 -9999 -9999
2021 04 01 15    66   -64 10152   174    17 -9999 -9999 -9999
2021 04 01 18    47   -62 10131   194    15 -9999 -9999 -9999
2021 04 01 21    42     4 10111   191    28 -9999 -9999 -9999
2021 04 02 00    20    13 10099   119    19 -9999 -9999    10
2021 04 02 03    30    24 10092   286    18 -9999 -9999    18
2021 04 02 06    25    -5 10130   270    81 -9999 -9999    13
2021 04 02 09    35   -68 10148   288   128 -9999 -9999     5
2021 04 02 12     0  -140 10198   292   104 -9999 -9999 -9999
2021 04 02 15   -20  -161 10228   292    68 -9999 -9999 -9999
2021 04 02 18   -27  -161 10239   290    76 -9999 -9999 -9999
2021 04 02 21   -35  -179 10252   302    76 -9999 -9999 -9999
2021 04 03 00   -20  -174 10268   302    88 -9999 -9999 -9999
2021 04 03 03    10  -159 10266   285   111 -9999 -9999 -9999
2021 04 03 06    32  -135 10257   289    90 -9999 -9999 -9999
2021 04 03 09    27  -116 10252   276    61 -9999 -9999 -9999
2021 04 03 12    -5  -113 10258   158    17 -9999 -9999 -9999
2021 04 03 15   -22  -106 10251   288     9 -9999 -9999 -9999
2021 04 03 18   -54  -102 10235    60    14 -9999 -9999 -9999
2021 04 03 21   -74  -106 10219   156     4 -9999 -9999 -9999
2021 04 04 00   -17   -87 10200   127    12 -9999 -9999 -9999
2021 04 04 03    80   -89 10170   270    89 -9999 -9999 -9999
2021 04 04 06    87   -88 10164   284    92 -9999 -9999 -9999
2021 04 04 09    82   -91 10159   286    78 -9999 -9999 -9999
2021 04 04 12    41   -89 10161   187    13 -9999 -9999 -9999
2021 04 04 15    17   -86 10142   225    18 -9999 -9999 -9999
2021 04 04 18   -32   -86 10139   231     8 -9999 -9999 -9999
2021 04 04 21    -9   -86 10124   227    26 -9999 -9999 -9999
2021 04 05 00    40   -43 10131   275    66 -9999 -9999 -9999
2021 04 05 06    70   -95 10140   270    93 -9999 -9999 -9999
2021 04 05 09    56   -98 10145   279    89 -9999 -9999 -9999
2021 04 05 12    21  -107 10156   282    35 -9999 -9999 -9999
2021 04 05 15     1  -107 10160   323    13 -9999 -9999 -9999
2021 04 05 18   -12   -93 10166   281    34 -9999 -9999 -9999
2021 04 05 21   -17   -99 10191   312    29 -9999 -9999 -9999
2021 04 06 00    -2  -150 10205   302    75 -9999 -9999 -9999
2021 04 06 03     0  -209 10219   304   113 -9999 -9999 -9999
2021 04 06 06     5  -163 10225   286   105 -9999 -9999 -9999
2021 04 06 09    -7  -170 10241   288    99 -9999 -9999 -9999
2021 04 06 12   -37  -180 10267   292    63 -9999 -9999 -9999
2021 04 06 15   -52  -179 10276   288    39 -9999 -9999 -9999
2021 04 06 18   -72  -177 10271   267    23 -9999 -9999 -9999
2021 04 06 21   -72  -183 10267   126     9 -9999 -9999 -9999
2021 04 07 00   -20  -154 10267   263    36 -9999 -9999 -9999
2021 04 07 03    40  -120 10239   294    79 -9999 -9999 -9999
2021 04 07 06    55  -111 10223   310    88 -9999 -9999 -9999
2021 04 07 09    40  -116 10226   310    83 -9999 -9999 -9999
2021 04 07 12    10  -106 10242   291    16 -9999 -9999 -9999
2021 04 07 15   -29  -104 10243   201    15 -9999 -9999 -9999
2021 04 07 18   -55  -112 10244   286    20 -9999 -9999 -9999
2021 04 07 21   -70  -122 10256   359     4 -9999 -9999 -9999
2021 04 08 00     5   -85 10255   165     6 -9999 -9999 -9999
2021 04 08 03    82   -74 10236   277    50 -9999 -9999 -9999
2021 04 08 06    97   -78 10226   315    54 -9999 -9999 -9999
2021 04 08 09   100   -78 10220   303    44 -9999 -9999 -9999
2021 04 08 12    57   -68 10220   152    12 -9999 -9999 -9999
2021 04 08 15    22   -99 10231   127    28 -9999 -9999 -9999
2021 04 08 18   -27   -97 10240   263    17 -9999 -9999 -9999
2021 04 08 21   -37   -91 10244   280    20 -9999 -9999 -9999
2021 04 09 00    -2   -84 10249   210    14 -9999 -9999 -9999
2021 04 09 06   140   -74 10199   145    33 -9999 -9999 -9999
2021 04 09 09   132   -69 10191   136    48 -9999 -9999 -9999
2021 04 09 12    92   -70 10197   127    17 -9999 -9999 -9999
2021 04 09 15    25   -82 10184   312     3 -9999 -9999 -9999
2021 04 09 18    -7   -84 10168   290    16 -9999 -9999 -9999
2021 04 09 21   -24   -83 10153    56    10 -9999 -9999 -9999
2021 04 10 00    27   -80 10133   270    10 -9999 -9999 -9999
2021 04 10 03   141   -62 10115   250    65 -9999 -9999 -9999
2021 04 10 06   132   -18 10137   262    71 -9999 -9999 -9999
2021 04 10 09   111   -54 10155   282    77 -9999 -9999 -9999
2021 04 10 12    62   -93 10180   275    31 -9999 -9999 -9999
2021 04 10 15    25   -95 10186   160     7 -9999 -9999 -9999
2021 04 10 18    -5   -99 10203   278    12 -9999 -9999 -9999
2021 04 10 21   -32  -100 10211   268    13 -9999 -9999 -9999
2021 04 11 00    31   -92 10218   273     8 -9999 -9999 -9999
2021 04 11 03    95  -106 10201   244    32 -9999 -9999 -9999
2021 04 11 06   110  -100 10186   334    32 -9999 -9999 -9999
2021 04 11 09    82   -92 10171   323    53 -9999 -9999 -9999
2021 04 11 12    47   -48 10171   348    27 -9999 -9999 -9999
2021 04 11 15    27   -29 10136    46    73 -9999 -9999 -9999
2021 04 11 18    10    -6 10120    41    24 -9999 -9999     2
2021 04 11 21    -7   -11 10114    46    40 -9999 -9999    34
2021 04 12 00   -50   -87 10155    36    70 -9999 -9999    39
2021 04 12 03   -39   -93 10175    22    60 -9999 -9999     7
2021 04 12 06   -25   -79 10176   308    43 -9999 -9999 -9999
2021 04 12 09   -20  -126 10173   271    88 -9999 -9999     6
2021 04 12 12   -52  -168 10203   279    50 -9999 -9999     6
2021 04 12 15   -62  -125 10203   300    46 -9999 -9999 -9999
2021 04 12 18   -80  -110 10202   298    35 -9999 -9999 -9999
2021 04 12 21  -114  -143 10205   291    16 -9999 -9999 -9999
2021 04 13 00   -62  -160 10184   263    50 -9999 -9999 -9999
2021 04 13 03   -32  -150 10160   297    99 -9999 -9999 -9999
2021 04 13 06   -10  -130 10137   276    88 -9999 -9999 -9999
2021 04 13 09    -7  -144 10131   303    73 -9999 -9999 -9999
2021 04 13 12   -35  -140 10126   276    31 -9999 -9999 -9999
2021 04 13 15   -75  -136 10129   164     6 -9999 -9999 -9999
2021 04 13 18   -94  -148 10124   254     5 -9999 -9999 -9999
2021 04 13 21  -117  -156 10130    84     7 -9999 -9999 -9999
2021 04 14 00   -24  -142 10115   252    24 -9999 -9999 -9999
2021 04 14 03    25  -147 10095   256    62 -9999 -9999 -9999
2021 04 14 06    47   -81 10076   257    80 -9999 -9999 -9999
2021 04 14 09    17   -18 10087   257    68 -9999 -9999 -9999
2021 04 14 12    -5   -38 10095   222    17 -9999 -9999 -9999
2021 04 14 15   -10   -56 10099   311    17 -9999 -9999 -9999
2021 04 14 18   -12   -75 10095   346    24 -9999 -9999 -9999
2021 04 14 21   -69   -96 10113    19    16 -9999 -9999 -9999
2021 04 15 00   -25   -67 10107   266    11 -9999 -9999 -9999
2021 04 15 03    20   -81 10074    68    41 -9999 -9999 -9999
2021 04 15 06    10   -41 10062    85    55 -9999 -9999 -9999
2021 04 15 09   -12   -18 10073    58    51 -9999 -9999    16
2021 04 15 12   -15   -31 10068    52    62 -9999 -9999    24
2021 04 15 15   -15   -32 10050    50    57 -9999 -9999     8
2021 04 15 18   -20   -31 10020    42    42 -9999 -9999     2
2021 04 15 21   -25   -34 10020   359    40 -9999 -9999    61
2021 04 16 00   -25   -36 10012    36    61 -9999 -9999    88
2021 04 16 03   -20   -43 10028    37    98 -9999 -9999    30
2021 04 16 06   -14   -42 10055    41    90 -9999 -9999     8
2021 04 16 09   -12   -41 10090    23    73 -9999 -9999     9
2021 04 16 12   -15   -40 10128    26    41 -9999 -9999     3
2021 04 16 15   -14   -44 10149    17    45 -9999 -9999     1
2021 04 16 18   -25   -53 10159   316    29 -9999 -9999 -9999
2021 04 16 21   -42   -65 10169   319    38 -9999 -9999 -9999
2021 04 17 00    -7   -60 10180   315    56 -9999 -9999 -9999
2021 04 17 03    37   -74 10172   320    50 -9999 -9999 -9999
2021 04 17 06    61   -94 10156   281    51 -9999 -9999 -9999
2021 04 17 09    61   -98 10152   276    58 -9999 -9999 -9999
2021 04 17 12    17  -100 10158   132     5 -9999 -9999 -9999
2021 04 17 15   -29   -86 10148    13     8 -9999 -9999 -9999
2021 04 17 18   -45   -87 10139   291    13 -9999 -9999 -9999
2021 04 17 21   -62   -88 10128   229    13 -9999 -9999 -9999
2021 04 18 00    11   -58 10110   256     9 -9999 -9999 -9999
2021 04 18 03   101   -36 10077   138    37 -9999 -9999 -9999
2021 04 18 06   142   -17 10047   129    47 -9999 -9999 -9999
2021 04 18 09   135   -21 10042   130    49 -9999 -9999 -9999
2021 04 18 12    62   -17 10056   285    20 -9999 -9999 -9999
2021 04 18 15    21   -24 10048   144    10 -9999 -9999 -9999
2021 04 18 18    27   -23 10054   275    42 -9999 -9999 -9999
2021 04 18 21    30   -45 10087   299    56 -9999 -9999 -9999
2021 04 19 00    22  -112 10129   294    87 -9999 -9999 -9999
2021 04 19 03    42   -99 10156   293    84 -9999 -9999 -9999
2021 04 19 06    57  -105 10161   282   100 -9999 -9999 -9999
2021 04 19 09    50  -134 10168   291    86 -9999 -9999 -9999
2021 04 19 12    11  -154 10196   284    26 -9999 -9999 -9999
2021 04 19 15    -7  -170 10210   141     7 -9999 -9999 -9999
2021 04 19 18   -59  -120 10223    81     7 -9999 -9999 -9999
2021 04 19 21   -75  -120 10233    30     5 -9999 -9999 -9999
2021 04 20 00     5  -135 10220    35     8 -9999 -9999 -9999
2021 04 20 03    92  -103 10190   136    30 -9999 -9999 -9999
2021 04 20 06   141   -67 10156   122    51 -9999 -9999 -9999
2021 04 20 09   145   -70 10142   123    49 -9999 -9999 -9999
2021 04 20 12    95   -61 10149   163    17 -9999 -9999 -9999
2021 04 20 15    27   -61 10144   274    17 -9999 -9999 -9999
2021 04 20 18    12   -53 10131    31    10 -9999 -9999 -9999
2021 04 20 21     7   -47 10123   301    12 -9999 -9999 -9999
