2021 01 01 00  -272  -321 10260   314    33 -9999 -9999 -9999
2021 01 01 03  -222  -292 10264   324    26 -9999 -9999 -9999
2021 01 01 06  -210  -297 10268   314    40 -9999 -9999 -9999
2021 01 01 09  -230  -291 10281   262    22 -9999 -9999 -9999
2021 01 01 12  -242  -299 10284   238    23 -9999 -9999 -9999
2021 01 01 18  -252  -299 10279   229    34 -9999 -9999 -9999
2021 01 01 21  -264  -302 10275   243    25 -9999 -9999 -9999
2021 01 02 00  -269  -305 10277   227    22 -9999 -9999 -9999
2021 01 02 03  -215  -271 10276   257    24 -9999 -9999 -9999
2021 01 02 06  -179  -253 10269   275    33 -9999 -9999 -9999
2021 01 02 09  -205  -260 10280   228    19 -9999 -9999 -9999
2021 01 02 12  -215  -261 10289   255    22 -9999 -9999 -9999
2021 01 02 18  -243  -270 10278   241    11 -9999 -9999 -9999
2021 01 02 21  -252  -288 10282    28    22 -9999 -9999 -9999
2021 01 03 00  -259  -296 10289    16    22 -9999 -9999 -9999
2021 01 03 03  -192  -258 10283   308    26 -9999 -9999 -9999
2021 01 03 06  -170  -264 10279   283    30 -9999 -9999 -9999
2021 01 03 09  -204  -265 10283   235    32 -9999 -9999 -9999
2021 01 03 12  -219  -273 10287   228    36 -9999 -9999 -9999
2021 01 03 18  -237  -281 10282   295    17 -9999 -9999 -9999
2021 01 03 21  -244  -294 10286   321    34 -9999 -9999 -9999
2021 01 04 00  -259  -301 10293   275    17 -9999 -9999 -9999
2021 01 04 03  -205  -269 10291   282    18 -9999 -9999 -9999
2021 01 04 06  -184  -270 10287   288    27 -9999 -9999 -9999
2021 01 04 09  -208  -269 10296   213    17 -9999 -9999 -9999
2021 01 04 12  -220  -267 10301   220    21 -9999 -9999 -9999
2021 01 04 18  -255  -283 10296   267    17 -9999 -9999 -9999
2021 01 04 21  -254  -292 10297   335    22 -9999 -9999 -9999
2021 01 05 00  -254  -295 10307   292    21 -9999 -9999 -9999
2021 01 05 03  -210  -268 10302   301    17 -9999 -9999 -9999
2021 01 05 06  -190  -265 10297   300    23 -9999 -9999 -9999
2021 01 05 09  -215  -273 10302   333    20 -9999 -9999 -9999
2021 01 05 12  -229  -277 10297   315     7 -9999 -9999 -9999
2021 01 05 18  -255  -290 10276    34    15 -9999 -9999 -9999
2021 01 05 21  -249  -291 10265    16    22 -9999 -9999 -9999
2021 01 06 00  -249  -283 10266    15    29 -9999 -9999 -9999
2021 01 06 03  -223  -268 10258    15    38 -9999 -9999 -9999
2021 01 06 06  -224  -280 10249   356    42 -9999 -9999 -9999
2021 01 06 09  -252  -318 10257   343    44 -9999 -9999 -9999
2021 01 06 12  -274  -322 10255   328    30 -9999 -9999 -9999
2021 01 06 18  -280  -331 10249   321    20 -9999 -9999 -9999
2021 01 06 21  -294  -338 10241   334    24 -9999 -9999 -9999
2021 01 07 00  -300  -340 10249   326    19 -9999 -9999 -9999
2021 01 07 03  -258  -308 10243   317    35 -9999 -9999 -9999
2021 01 07 06  -239  -312 10236   332    36 -9999 -9999 -9999
2021 01 07 09  -259  -303 10245   248    15 -9999 -9999 -9999
2021 01 07 12  -273  -301 10244   276    24 -9999 -9999 -9999
2021 01 07 18  -287  -325 10221   242    19 -9999 -9999 -9999
2021 01 07 21  -294  -328 10208   233    22 -9999 -9999 -9999
2021 01 08 00  -304  -338 10210   238    27 -9999 -9999 -9999
2021 01 08 03  -248  -293 10199   240    23 -9999 -9999 -9999
2021 01 08 06  -217  -281 10186   260    40 -9999 -9999     0
2021 01 08 09  -235  -287 10195   230    30 -9999 -9999     0
2021 01 08 12  -238  -289 10198   250    20 -9999 -9999     0
2021 01 08 18  -250  -294 10188   260    20 -9999 -9999     0
2021 01 08 21  -259  -296 10186   298    24 -9999 -9999 -9999
2021 01 09 00  -257  -297 10189   298    13 -9999 -9999 -9999
2021 01 09 03  -194  -256 10189   305    26 -9999 -9999 -9999
2021 01 09 06  -170  -246 10182   343    33 -9999 -9999 -9999
2021 01 09 09  -189  -249 10198   243    20 -9999 -9999 -9999
2021 01 09 12  -203  -248 10212   217    22 -9999 -9999 -9999
2021 01 09 18  -209  -251 10217   238    22 -9999 -9999 -9999
2021 01 09 21  -242  -277 10223   311    18 -9999 -9999 -9999
2021 01 10 00  -215  -258 10226   315     9 -9999 -9999 -9999
2021 01 10 03  -172  -231 10231   256    22 -9999 -9999 -9999
2021 01 10 06  -142  -231 10222   313    23 -9999 -9999 -9999
2021 01 10 09  -164  -229 10242   245    17 -9999 -9999 -9999
2021 01 10 12  -183  -231 10251   267    22 -9999 -9999 -9999
2021 01 10 18  -198  -237 10235   209    21 -9999 -9999 -9999
2021 01 10 21  -200  -240 10220   218    19 -9999 -9999 -9999
2021 01 11 00  -193  -234 10210   157    23 -9999 -9999 -9999
2021 01 11 03  -150  -213 10195   169    23 -9999 -9999 -9999
2021 01 11 06  -150  -206 10177   134    38 -9999 -9999 -9999
2021 01 11 09  -193  -226 10180   136    31 -9999 -9999 -9999
2021 01 11 12  -199  -229 10176   112    15 -9999 -9999 -9999
2021 01 11 18  -222  -244 10140   123    24 -9999 -9999 -9999
2021 01 11 21  -219  -242 10130   129    35 -9999 -9999 -9999
2021 01 12 00  -205  -229 10119   130    35 -9999 -9999 -9999
2021 01 12 03  -179  -202 10107   122    42 -9999 -9999 -9999
2021 01 12 06  -155  -183 10087   111    43 -9999 -9999 -9999
2021 01 12 09  -159  -184 10087    92    35 -9999 -9999 -9999
2021 01 12 12  -147  -169 10083    81    27 -9999 -9999     3
2021 01 12 18  -165  -189 10064    13    29 -9999 -9999     7
2021 01 12 21  -179  -206 10065    17    41 -9999 -9999     5
2021 01 13 00  -184  -211 10080    18    46 -9999 -9999     3
2021 01 13 03  -167  -204 10091     1    58 -9999 -9999     1
2021 01 13 06  -155  -199 10106   328    42 -9999 -9999 -9999
2021 01 13 09  -189  -222 10138   340    32 -9999 -9999 -9999
2021 01 13 12  -213  -238 10162   334    29 -9999 -9999 -9999
2021 01 13 18  -255  -280 10193    37    20 -9999 -9999 -9999
2021 01 13 21  -249  -276 10212   335    24 -9999 -9999 -9999
2021 01 14 00  -264  -293 10237   295    10 -9999 -9999 -9999
2021 01 14 03  -217  -246 10252   258    17 -9999 -9999 -9999
2021 01 14 06  -170  -231 10250   229    11 -9999 -9999 -9999
2021 01 14 09  -204  -236 10269   189    10 -9999 -9999 -9999
2021 01 14 12  -218  -239 10282   172    15 -9999 -9999 -9999
2021 01 14 18  -254  -277 10277    46    16 -9999 -9999 -9999
2021 01 14 21  -274  -303 10276   123     7 -9999 -9999 -9999
2021 01 15 00  -280  -310 10281     3    11 -9999 -9999 -9999
2021 01 15 03  -207  -235 10272   250     8 -9999 -9999 -9999
2021 01 15 06  -193  -251 10263   341    41 -9999 -9999 -9999
2021 01 15 09  -224  -268 10278   316    33 -9999 -9999 -9999
2021 01 15 12  -244  -279 10286   313    16 -9999 -9999 -9999
2021 01 15 18  -254  -283 10277   322    11 -9999 -9999 -9999
2021 01 15 21  -254  -285 10274   265    17 -9999 -9999 -9999
2021 01 16 00  -263  -287 10277   211    15 -9999 -9999 -9999
2021 01 16 03  -217  -262 10265   226    30 -9999 -9999 -9999
2021 01 16 06  -175  -237 10246   218    39 -9999 -9999 -9999
2021 01 16 09  -194  -244 10243   210    32 -9999 -9999 -9999
2021 01 16 12  -208  -250 10233   222    30 -9999 -9999 -9999
2021 01 16 18  -223  -260 10195   214    22 -9999 -9999 -9999
2021 01 16 21  -238  -268 10179   203    35 -9999 -9999 -9999
2021 01 17 00  -254  -281 10171   212    10 -9999 -9999 -9999
2021 01 17 03  -210  -251 10160   270    13 -9999 -9999 -9999
2021 01 17 06  -189  -251 10154   347    30 -9999 -9999 -9999
2021 01 17 09  -230  -287 10179   327    43 -9999 -9999 -9999
2021 01 17 12  -269  -311 10188    23    34 -9999 -9999 -9999
2021 01 17 18  -300  -331 10192   338    26 -9999 -9999 -9999
2021 01 17 21  -308  -338 10206   341    26 -9999 -9999 -9999
2021 01 18 00  -303  -336 10230   348    26 -9999 -9999 -9999
2021 01 18 03  -255  -306 10243   352    68 -9999 -9999 -9999
2021 01 18 06  -238  -301 10259   337    78 -9999 -9999 -9999
2021 01 18 09  -257  -314 10287   318    27 -9999 -9999 -9999
2021 01 18 12  -262  -317 10300   263    29 -9999 -9999 -9999
2021 01 18 18  -274  -321 10308   232    24 -9999 -9999 -9999
2021 01 18 21  -289  -330 10305   215    32 -9999 -9999 -9999
2021 01 19 00  -299  -341 10312   184    27 -9999 -9999 -9999
2021 01 19 03  -230  -289 10304   199    30 -9999 -9999 -9999
2021 01 19 06  -189  -270 10281   173    39 -9999 -9999 -9999
2021 01 19 09  -220  -264 10282   144    47 -9999 -9999 -9999
2021 01 19 12  -228  -268 10285   176    43 -9999 -9999 -9999
2021 01 19 18  -222  -260 10259   165    41 -9999 -9999 -9999
2021 01 19 21  -247  -281 10244   136    40 -9999 -9999 -9999
2021 01 20 00  -235  -277 10215   129    56 -9999 -9999 -9999
2021 01 20 03  -185  -232 10180   143    58 -9999 -9999 -9999
2021 01 20 06  -145  -176 10136   158    50 -9999 -9999 -9999
2021 01 20 09  -134  -155 10140   241    16 -9999 -9999     1
2021 01 20 12  -160  -183 10170   301    43 -9999 -9999     1
2021 01 20 18  -203  -233 10234   275    26 -9999 -9999 -9999
2021 01 20 21  -221  -245 10241    50    20 -9999 -9999     0
2021 01 21 00  -228  -253 10258   140    20 -9999 -9999     0
2021 01 21 03  -182  -209 10264   140    10 -9999 -9999     0
2021 01 21 06  -144  -192 10258   250    20 -9999 -9999     0
2021 01 21 09  -163  -195 10267   220    10 -9999 -9999     0
2021 01 21 12  -193  -213 10279    30    10 -9999 -9999     0
2021 01 21 18  -205  -222 10269   210    20 -9999 -9999     0
2021 01 21 21  -210  -229 10269   190    20 -9999 -9999     0
2021 01 22 00  -209  -233 10284   216    17 -9999 -9999 -9999
2021 01 22 03  -178  -197 10286   228    25 -9999 -9999 -9999
2021 01 22 06  -124  -176 10272   159    16 -9999 -9999     1
2021 01 22 09  -157  -191 10278   128    21 -9999 -9999     1
2021 01 22 12  -183  -208 10281   135    41 -9999 -9999 -9999
2021 01 22 18  -200  -222 10260   135    49 -9999 -9999 -9999
2021 01 22 21  -189  -216 10246   150    41 -9999 -9999 -9999
2021 01 23 00  -180  -216 10244   173    41 -9999 -9999 -9999
2021 01 23 03  -112  -159 10234   192    44 -9999 -9999 -9999
2021 01 23 06   -74  -140 10211   210    71 -9999 -9999 -9999
2021 01 23 09   -95  -151 10207   184    43 -9999 -9999 -9999
2021 01 23 12  -122  -160 10215   192    37 -9999 -9999 -9999
2021 01 23 18  -155  -181 10239   120    20 -9999 -9999 -9999
2021 01 23 21  -164  -183 10251    92    14 -9999 -9999 -9999
2021 01 24 00  -165  -189 10278    73    33 -9999 -9999 -9999
2021 01 24 03  -107  -165 10297    47    54 -9999 -9999 -9999
2021 01 24 06  -117  -182 10305    37    64 -9999 -9999 -9999
2021 01 24 09  -155  -213 10327    37    71 -9999 -9999 -9999
2021 01 24 12  -182  -235 10350    46    62 -9999 -9999 -9999
2021 01 24 18  -198  -260 10360    50    90 -9999 -9999     0
2021 01 24 21  -207  -268 10352    60    60 -9999 -9999     0
2021 01 25 00  -209  -276 10346    63    60 -9999 -9999 -9999
2021 01 25 03  -167  -250 10317    74    72 -9999 -9999 -9999
2021 01 25 06  -144  -228 10283    75    57 -9999 -9999 -9999
2021 01 25 09  -140  -218 10245    80    45 -9999 -9999 -9999
2021 01 25 12  -132  -188 10215   138    23 -9999 -9999 -9999
2021 01 25 18  -164  -188 10178   239    48 -9999 -9999    10
2021 01 25 21  -202  -221 10174   236    35 -9999 -9999 -9999
2021 01 26 00  -215  -240 10179   199    20 -9999 -9999 -9999
2021 01 26 03  -174  -204 10172   197    26 -9999 -9999     1
2021 01 26 06  -150  -191 10155   182    35 -9999 -9999     1
2021 01 26 09  -177  -203 10169   186    30 -9999 -9999 -9999
2021 01 26 12  -167  -199 10174   240    48 -9999 -9999 -9999
2021 01 26 18  -210  -284 10181   248    26 -9999 -9999 -9999
2021 01 26 21  -207  -238 10186   240    13 -9999 -9999 -9999
2021 01 27 00  -232  -290 10201   270    26 -9999 -9999 -9999
2021 01 27 03  -188  -271 10208   285    56 -9999 -9999 -9999
2021 01 27 06  -172  -266 10202   291    63 -9999 -9999 -9999
2021 01 27 09  -189  -247 10206   192    11 -9999 -9999 -9999
2021 01 27 12  -199  -261 10213   187    24 -9999 -9999 -9999
2021 01 27 18  -255  -298 10202    51    20 -9999 -9999 -9999
2021 01 27 21  -272  -303 10196    26    23 -9999 -9999 -9999
2021 01 28 00  -270  -306 10206    33    15 -9999 -9999 -9999
2021 01 28 03  -228  -283 10207   339    32 -9999 -9999 -9999
2021 01 28 06  -224  -289 10215   332    43 -9999 -9999 -9999
2021 01 28 09  -255  -309 10234   323    25 -9999 -9999 -9999
2021 01 28 12  -270  -322 10243   351    30 -9999 -9999 -9999
2021 01 28 18  -284  -326 10243   325    15 -9999 -9999 -9999
2021 01 28 21  -289  -325 10245   115     9 -9999 -9999 -9999
2021 01 29 00  -299  -329 10251   109    12 -9999 -9999 -9999
2021 01 29 03  -259  -312 10246   235    26 -9999 -9999 -9999
2021 01 29 06  -228  -306 10232   237    14 -9999 -9999 -9999
2021 01 29 09  -249  -304 10239   116    26 -9999 -9999 -9999
2021 01 29 12  -254  -293 10239   116    27 -9999 -9999 -9999
2021 01 29 18  -263  -296 10244    29    22 -9999 -9999     1
2021 01 29 21  -282  -313 10260    19    23 -9999 -9999     1
2021 01 30 00  -295  -326 10279    24    22 -9999 -9999     1
2021 01 30 03  -239  -303 10288    25    29 -9999 -9999 -9999
2021 01 30 06  -209  -298 10295   271    14 -9999 -9999 -9999
2021 01 30 09  -242  -299 10312   207    20 -9999 -9999 -9999
2021 01 30 12  -255  -313 10320   203    20 -9999 -9999 -9999
2021 01 30 18  -279  -320 10311   152    19 -9999 -9999 -9999
2021 01 30 21  -267  -299 10307   164    32 -9999 -9999 -9999
2021 01 31 00  -275  -307 10302   133    48 -9999 -9999 -9999
2021 01 31 03  -224  -271 10291   142    28 -9999 -9999 -9999
2021 01 31 06  -214  -262 10266   132    44 -9999 -9999 -9999
2021 01 31 09  -224  -266 10254    97    26 -9999 -9999 -9999
2021 01 31 12  -213  -250 10237    47    26 -9999 -9999 -9999
2021 01 31 18  -200  -231 10185    27    74 -9999 -9999    10
2021 01 31 21  -219  -253 10181    27    81 -9999 -9999     8
2021 02 01 00  -230  -269 10198    29    77 -9999 -9999     3
2021 02 01 03  -218  -270 10209    11    71 -9999 -9999 -9999
2021 02 01 06  -233  -282 10212   340    76 -9999 -9999 -9999
2021 02 01 09  -263  -318 10230   337    52 -9999 -9999 -9999
2021 02 01 12  -278  -332 10235    10    15 -9999 -9999 -9999
2021 02 01 18  -292  -334 10218   325    13 -9999 -9999 -9999
2021 02 01 21  -303  -340 10210   292    24 -9999 -9999 -9999
2021 02 02 00  -307  -345 10208   275    24 -9999 -9999 -9999
2021 02 02 03  -257  -339 10201   329    66 -9999 -9999 -9999
2021 02 02 06  -252  -328 10198   324    62 -9999 -9999 -9999
2021 02 02 09  -259  -328 10201   183    15 -9999 -9999 -9999
2021 02 02 12  -273  -327 10200   201    29 -9999 -9999 -9999
2021 02 02 18  -280  -331 10194   275    20 -9999 -9999 -9999
2021 02 02 21  -279  -337 10189   270    31 -9999 -9999 -9999
2021 02 03 00  -279  -333 10201   244    30 -9999 -9999 -9999
2021 02 03 03  -223  -299 10191   280    32 -9999 -9999 -9999
2021 02 03 06  -204  -288 10181   260    34 -9999 -9999 -9999
2021 02 03 09  -225  -290 10189   228    22 -9999 -9999 -9999
2021 02 03 12  -235  -299 10190   235    33 -9999 -9999 -9999
2021 02 03 18  -253  -323 10191   313    26 -9999 -9999 -9999
2021 02 03 21  -269  -329 10195   295    24 -9999 -9999 -9999
2021 02 04 00  -269  -329 10205   283    13 -9999 -9999 -9999
2021 02 04 03  -228  -302 10211   249    28 -9999 -9999 -9999
2021 02 04 06  -190  -286 10201   234    39 -9999 -9999 -9999
2021 02 04 09  -214  -278 10197   193    24 -9999 -9999 -9999
2021 02 04 12  -222  -280 10196   189    34 -9999 -9999 -9999
2021 02 04 18  -214  -258 10144   158    36 -9999 -9999 -9999
2021 02 04 21  -220  -258 10117   145    49 -9999 -9999 -9999
2021 02 05 00  -213  -249 10090   142    71 -9999 -9999 -9999
2021 02 05 03  -165  -222 10086   227    19 -9999 -9999 -9999
2021 02 05 06  -139  -196 10087   314    41 -9999 -9999 -9999
2021 02 05 09  -167  -211 10104   338    27 -9999 -9999 -9999
2021 02 05 12  -194  -223 10128     5    27 -9999 -9999 -9999
2021 02 05 18  -234  -257 10160     2    23 -9999 -9999 -9999
2021 02 05 21  -214  -239 10166    57    13 -9999 -9999 -9999
2021 02 06 00  -222  -247 10184   254     8 -9999 -9999 -9999
2021 02 06 03  -167  -209 10191   258    25 -9999 -9999 -9999
2021 02 06 06  -142  -227 10196   336    37 -9999 -9999 -9999
2021 02 06 09  -157  -238 10211   302    21 -9999 -9999 -9999
2021 02 06 12  -179  -236 10232   312     3 -9999 -9999 -9999
2021 02 06 18  -219  -257 10242   100    13 -9999 -9999 -9999
2021 02 06 21  -234  -277 10251    34    28 -9999 -9999 -9999
2021 02 07 00  -227  -275 10273    14    30 -9999 -9999 -9999
2021 02 07 03  -157  -255 10276    23    44 -9999 -9999 -9999
2021 02 07 06  -160  -252 10277   334    57 -9999 -9999 -9999
2021 02 07 09  -189  -264 10295   330    31 -9999 -9999 -9999
2021 02 07 12  -214  -268 10303   287    21 -9999 -9999 -9999
2021 02 07 18  -238  -280 10297   318    21 -9999 -9999 -9999
2021 02 07 21  -229  -281 10293   304    11 -9999 -9999 -9999
2021 02 08 00  -230  -279 10293   237    24 -9999 -9999 -9999
2021 02 08 03  -173  -244 10281   282    25 -9999 -9999 -9999
2021 02 08 06  -147  -233 10266   281    37 -9999 -9999 -9999
2021 02 08 09  -155  -222 10255   245    17 -9999 -9999 -9999
2021 02 08 12  -174  -231 10250   231    26 -9999 -9999 -9999
2021 02 08 18  -169  -221 10205   234    31 -9999 -9999 -9999
2021 02 08 21  -167  -217 10190   222    28 -9999 -9999 -9999
2021 02 09 00  -179  -223 10192   216    21 -9999 -9999 -9999
2021 02 09 03  -135  -197 10186   259    16 -9999 -9999 -9999
2021 02 09 06   -92  -172 10176   284    29 -9999 -9999 -9999
2021 02 09 12  -125  -168 10192   213    18 -9999 -9999 -9999
2021 02 09 18  -144  -172 10185   220    21 -9999 -9999 -9999
2021 02 09 21  -134  -167 10188   259     7 -9999 -9999 -9999
2021 02 10 00  -129  -164 10188   170    14 -9999 -9999 -9999
2021 02 10 03   -92  -138 10196   275    18 -9999 -9999 -9999
2021 02 10 06   -45  -123 10189   141    14 -9999 -9999 -9999
2021 02 10 09   -75  -138 10201   343    10 -9999 -9999 -9999
2021 02 11 00  -122  -145 10178   134    69 -9999 -9999 -9999
2021 02 13 12  -114  -215 10241   306    48 -9999 -9999 -9999
2021 02 13 18  -174  -241 10255   254    21 -9999 -9999 -9999
2021 02 13 21  -193  -249 10252   260    30 -9999 -9999     0
2021 02 14 00  -189  -249 10260   289    28 -9999 -9999 -9999
2021 02 14 03  -145  -219 10253   320    41 -9999 -9999 -9999
2021 02 14 06  -125  -215 10234   319    38 -9999 -9999 -9999
2021 02 14 09  -135  -222 10233    35     8 -9999 -9999 -9999
2021 02 14 12  -154  -242 10237   320     6 -9999 -9999 -9999
2021 02 14 18  -220  -264 10212   355    25 -9999 -9999 -9999
2021 02 14 21  -224  -269 10203    20    26 -9999 -9999 -9999
2021 02 15 00  -220  -276 10203   347    23 -9999 -9999 -9999
2021 02 15 03  -159  -235 10186   351    46 -9999 -9999 -9999
2021 02 15 06  -152  -236 10169   354    52 -9999 -9999 -9999
2021 02 15 09  -182  -252 10176   333    42 -9999 -9999 -9999
2021 02 15 12  -213  -270 10182   342    25 -9999 -9999 -9999
2021 02 15 18  -229  -282 10176   344    21 -9999 -9999 -9999
2021 02 15 21  -248  -288 10177   344    44 -9999 -9999 -9999
2021 02 16 00  -225  -269 10180   344    64 -9999 -9999 -9999
2021 02 16 03  -185  -239 10174   348    83 -9999 -9999 -9999
2021 02 16 06  -162  -224 10161   340   101 -9999 -9999 -9999
2021 02 16 09  -160  -222 10169   343    78 -9999 -9999 -9999
2021 02 16 12  -157  -221 10172   344    74 -9999 -9999 -9999
2021 02 16 18  -172  -206 10166   345    92 -9999 -9999 -9999
2021 02 16 21  -174  -208 10162   346   102 -9999 -9999     1
2021 02 17 00  -170  -227 10170   350   115 -9999 -9999     2
2021 02 17 03  -147  -204 10178   351   116 -9999 -9999     1
2021 02 17 06  -122  -190 10178   346    93 -9999 -9999 -9999
2021 02 17 09  -127  -197 10196   347    71 -9999 -9999 -9999
2021 02 17 12  -132  -200 10205   339    53 -9999 -9999 -9999
2021 02 17 18  -160  -227 10212   348    24 -9999 -9999 -9999
2021 02 17 21  -173  -240 10211   321    33 -9999 -9999 -9999
2021 02 18 00  -162  -240 10203   232    20 -9999 -9999 -9999
2021 02 18 03  -105  -205 10166   211    50 -9999 -9999 -9999
2021 02 18 06   -79  -189 10120   224    75 -9999 -9999 -9999
2021 02 18 09   -80  -179 10099   205    67 -9999 -9999 -9999
2021 02 18 12  -112  -183 10097   170    36 -9999 -9999 -9999
2021 02 18 18  -154  -188 10071    25    12 -9999 -9999 -9999
2021 02 18 21  -154  -184 10050   129    27 -9999 -9999 -9999
2021 02 19 00  -145  -176 10028   108    34 -9999 -9999 -9999
2021 02 19 03  -130  -155  9999    92    39 -9999 -9999     1
2021 02 19 06  -109  -131  9961    84    47 -9999 -9999    35
2021 02 19 09  -107  -126  9976    30    23 -9999 -9999    46
2021 02 20 18  -157  -174 10122   185    16 -9999 -9999 -9999
2021 02 20 21  -192  -212 10132   126    22 -9999 -9999 -9999
2021 02 21 00  -165  -187 10146   134    22 -9999 -9999 -9999
2021 02 21 03  -139  -160 10148   142    18 -9999 -9999 -9999
2021 02 21 12  -115  -135 10147   136    11 -9999 -9999     1
2021 02 21 18  -115  -132 10128   272    33 -9999 -9999    20
2021 02 21 21  -144  -164 10137   347    62 -9999 -9999     9
2021 02 22 00  -179  -209 10174   349    64 -9999 -9999     2
2021 02 22 03  -150  -201 10195   343    79 -9999 -9999 -9999
2021 02 22 06  -145  -221 10210   328    63 -9999 -9999 -9999
2021 02 22 09  -165  -242 10230   320    21 -9999 -9999 -9999
2021 02 22 12  -193  -247 10250   277    30 -9999 -9999 -9999
2021 02 22 18  -218  -263 10265    14    24 -9999 -9999 -9999
2021 02 22 21  -239  -278 10275   316    12 -9999 -9999 -9999
2021 02 23 00  -238  -294 10284   300    22 -9999 -9999 -9999
2021 02 23 03  -174  -267 10283   317    47 -9999 -9999 -9999
2021 02 23 06  -157  -253 10276   306    49 -9999 -9999 -9999
2021 02 23 09  -165  -255 10281   240    20 -9999 -9999 -9999
2021 02 23 12  -187  -261 10284   215    20 -9999 -9999 -9999
2021 02 23 18  -214  -262 10278   324    18 -9999 -9999 -9999
2021 02 23 21  -233  -271 10283   219    13 -9999 -9999 -9999
2021 02 24 00  -209  -277 10286   100    10 -9999 -9999     1
2021 02 24 03  -165  -247 10280   122    21 -9999 -9999     1
2021 02 24 06  -145  -221 10261   119    25 -9999 -9999 -9999
2021 02 24 09  -152  -215 10257   127    23 -9999 -9999 -9999
2021 02 24 12  -157  -210 10255   121    33 -9999 -9999 -9999
2021 02 24 18  -185  -222 10257   179    14 -9999 -9999 -9999
2021 02 24 21  -199  -222 10260   234    15 -9999 -9999     2
2021 02 25 00  -212  -233 10271   319    28 -9999 -9999     2
2021 02 25 03  -145  -191 10279   339     8 -9999 -9999 -9999
2021 02 25 06  -137  -189 10282   312    58 -9999 -9999 -9999
2021 02 25 09  -137  -198 10285   296    22 -9999 -9999 -9999
2021 02 25 12  -160  -200 10292   165    11 -9999 -9999 -9999
2021 02 25 18  -145  -191 10293   161    32 -9999 -9999 -9999
2021 02 25 21  -185  -206 10300   118    24 -9999 -9999 -9999
2021 02 26 00  -165  -193 10318   114    38 -9999 -9999     1
2021 02 26 03  -137  -177 10328   123    33 -9999 -9999     1
2021 02 26 06  -112  -161 10321    84    29 -9999 -9999 -9999
2021 02 26 09  -125  -160 10327   118    23 -9999 -9999 -9999
2021 02 26 12  -142  -167 10321   132    26 -9999 -9999 -9999
2021 02 26 18  -150  -189 10284   141    50 -9999 -9999 -9999
2021 02 26 21  -130  -182 10241   148    66 -9999 -9999 -9999
2021 02 27 00  -117  -176 10201   144    81 -9999 -9999 -9999
2021 02 27 03   -64  -129 10158   166    70 -9999 -9999 -9999
2021 02 27 06   -15   -73 10105   182    72 -9999 -9999 -9999
2021 02 27 09    11   -27 10114   231    84 -9999 -9999 -9999
2021 02 27 12   -10   -27 10141   264    41 -9999 -9999 -9999
2021 02 27 18   -65  -133 10204   318    49 -9999 -9999 -9999
2021 02 27 21   -95  -159 10228   353    49 -9999 -9999 -9999
2021 02 28 00  -122  -196 10263   347    60 -9999 -9999 -9999
2021 02 28 03   -99  -188 10278   345    62 -9999 -9999 -9999
2021 02 28 06   -82  -187 10280   307    53 -9999 -9999 -9999
2021 02 28 09   -87  -182 10289   265    22 -9999 -9999 -9999
2021 02 28 12  -129  -219 10306   286    35 -9999 -9999 -9999
2021 02 28 18  -174  -257 10347   316    37 -9999 -9999 -9999
2021 02 28 21  -204  -272 10348    20    23 -9999 -9999 -9999
2021 03 01 00  -199  -264 10364   282    13 -9999 -9999 -9999
2021 03 01 03  -129  -229 10358   231    33 -9999 -9999 -9999
2021 03 01 06  -120  -245 10323   309    35 -9999 -9999 -9999
2021 03 01 09  -130  -235 10315   254    19 -9999 -9999 -9999
2021 03 01 12  -154  -252 10313   192    12 -9999 -9999 -9999
2021 03 01 18  -184  -261 10294   138    30 -9999 -9999 -9999
2021 03 01 21  -197  -262 10292   142    24 -9999 -9999 -9999
2021 03 02 00  -173  -232 10295   150    42 -9999 -9999 -9999
2021 03 02 03  -114  -191 10276   178    81 -9999 -9999 -9999
2021 03 02 06   -90  -171 10253   166    56 -9999 -9999 -9999
2021 03 02 09  -105  -182 10243   155    51 -9999 -9999 -9999
2021 03 02 12  -135  -195 10236   153    50 -9999 -9999 -9999
2021 03 02 18  -135  -191 10191   152    54 -9999 -9999 -9999
2021 03 02 21  -157  -210 10172   136    51 -9999 -9999 -9999
2021 03 03 00  -144  -209 10166   135    47 -9999 -9999 -9999
2021 03 03 03   -84  -156 10151   154    38 -9999 -9999 -9999
2021 03 03 06   -45  -102 10127   152    41 -9999 -9999 -9999
2021 03 03 09   -59   -88 10124   156    46 -9999 -9999 -9999
2021 03 03 12   -54   -71 10119   158    31 -9999 -9999 -9999
2021 03 03 18   -52   -63 10101   199    30 -9999 -9999 -9999
2021 03 03 21   -50   -56 10099   254    28 -9999 -9999 -9999
2021 03 04 00   -55   -60 10100   146    28 -9999 -9999 -9999
2021 03 04 03   -44   -51 10094   190    29 -9999 -9999 -9999
2021 03 04 06     2   -56 10088   266    17 -9999 -9999 -9999
2021 03 04 09     2   -48 10099   195    13 -9999 -9999 -9999
2021 03 04 12    -5   -54 10114   283    31 -9999 -9999 -9999
2021 03 04 18  -155  -202 10218    11    87 -9999 -9999 -9999
2021 03 04 21  -187  -259 10261   358    85 -9999 -9999 -9999
2021 03 05 00  -189  -274 10298   341    79 -9999 -9999 -9999
2021 03 05 03  -173  -267 10324   338    98 -9999 -9999 -9999
2021 03 05 06  -152  -258 10339   328    96 -9999 -9999 -9999
2021 03 05 09  -145  -257 10355   317    46 -9999 -9999 -9999
2021 03 05 12  -173  -264 10374   241    23 -9999 -9999 -9999
2021 03 05 18  -204  -273 10399   257    20 -9999 -9999 -9999
2021 03 05 21  -214  -279 10400   343    17 -9999 -9999 -9999
2021 03 06 00  -184  -270 10399   301    21 -9999 -9999 -9999
2021 03 06 03  -125  -239 10381   221    54 -9999 -9999 -9999
2021 03 06 06  -100  -226 10355   247    52 -9999 -9999 -9999
2021 03 06 09   -95  -229 10335   239    43 -9999 -9999 -9999
2021 03 06 12  -125  -217 10317   199    48 -9999 -9999 -9999
2021 03 06 18  -122  -188 10249   181    59 -9999 -9999 -9999
2021 03 06 21  -135  -189 10232   189    37 -9999 -9999 -9999
2021 03 07 00  -115  -178 10235   228    46 -9999 -9999 -9999
2021 03 07 03   -57  -148 10237   320    62 -9999 -9999 -9999
2021 03 07 06   -30  -128 10236   309    63 -9999 -9999 -9999
2021 03 07 09   -40  -131 10244    12    37 -9999 -9999 -9999
2021 03 07 12   -84  -156 10267   121    29 -9999 -9999 -9999
2021 03 07 18  -119  -170 10262   125    30 -9999 -9999 -9999
2021 03 07 21  -127  -172 10252   127    35 -9999 -9999 -9999
2021 03 08 00   -95  -126 10243   142    42 -9999 -9999 -9999
2021 03 08 03   -30   -85 10217   148    38 -9999 -9999 -9999
2021 03 08 06    17   -49 10173   155    51 -9999 -9999 -9999
2021 03 08 09    32   -69 10149   201    53 -9999 -9999 -9999
2021 03 08 12     0   -67 10135   195    63 -9999 -9999 -9999
2021 03 08 18   -42   -83 10097   245    36 -9999 -9999 -9999
2021 03 08 21   -20   -99 10093   275    47 -9999 -9999 -9999
2021 03 09 00   -14   -95 10118   313    96 -9999 -9999 -9999
2021 03 09 03   -20   -77 10163   341   130 -9999 -9999 -9999
2021 03 09 06    -2   -85 10205   349   101 -9999 -9999 -9999
2021 03 09 09    -5  -100 10231   346    60 -9999 -9999 -9999
2021 03 09 12   -35  -117 10259   271    23 -9999 -9999 -9999
2021 03 09 18   -62  -141 10265   203    25 -9999 -9999 -9999
2021 03 09 21   -95  -154 10256   223    24 -9999 -9999 -9999
2021 03 10 00   -65  -132 10250   166    24 -9999 -9999 -9999
2021 03 10 03    25  -114 10216   207    82 -9999 -9999 -9999
2021 03 10 06    47  -122 10178   206    95 -9999 -9999 -9999
2021 03 10 09    37  -106 10176   203    43 -9999 -9999 -9999
2021 03 10 12     2  -101 10192   191    36 -9999 -9999 -9999
2021 03 10 18   -48  -127 10219    10    40 -9999 -9999     0
2021 03 10 21   -65  -117 10250    31    47 -9999 -9999 -9999
2021 03 11 00   -22   -90 10271    52    23 -9999 -9999 -9999
2021 03 11 03    40  -116 10274     9    12 -9999 -9999 -9999
2021 03 11 06    55  -121 10260   330    36 -9999 -9999 -9999
2021 03 11 09    42   -98 10264   337    26 -9999 -9999 -9999
2021 03 11 12    15  -124 10275   360     2 -9999 -9999 -9999
2021 03 11 18   -29  -126 10279   231    19 -9999 -9999 -9999
2021 03 11 21   -47  -127 10286   237    23 -9999 -9999 -9999
2021 03 12 00   -25  -118 10295   249    16 -9999 -9999 -9999
2021 03 12 03    51   -95 10291   223    38 -9999 -9999 -9999
2021 03 12 06    86  -114 10263   232    45 -9999 -9999 -9999
2021 03 12 09    67  -114 10249   216    40 -9999 -9999 -9999
2021 03 12 12    20  -113 10250   236    37 -9999 -9999 -9999
2021 03 12 18   -22  -118 10218   216    36 -9999 -9999 -9999
2021 03 12 21   -32  -117 10203   201    30 -9999 -9999 -9999
2021 03 13 00    -5  -102 10202   227    48 -9999 -9999 -9999
2021 03 13 03    80  -108 10185   234    74 -9999 -9999 -9999
2021 03 13 06   107  -113 10162   233    66 -9999 -9999 -9999
2021 03 13 09    86  -114 10150   219    50 -9999 -9999 -9999
2021 03 13 12    36  -104 10155   194    56 -9999 -9999 -9999
2021 03 13 18     5   -85 10135   167    34 -9999 -9999 -9999
2021 03 13 21    -7   -67 10132   164    45 -9999 -9999 -9999
2021 03 14 00    12   -42 10133   157    44 -9999 -9999 -9999
2021 03 14 03    97   -36 10115   194    73 -9999 -9999 -9999
2021 03 14 06   140   -47 10083   200    88 -9999 -9999 -9999
2021 03 14 09    97   -46 10069   188    91 -9999 -9999 -9999
2021 03 14 12    52    -6 10059   178    79 -9999 -9999 -9999
2021 03 14 18    45     0  9980   178   108 -9999 -9999 -9999
2021 03 14 21    51     9  9946   184   115 -9999 -9999 -9999
2021 03 15 00    52    12  9920   188   114 -9999 -9999 -9999
2021 03 15 03    32   -69  9919   213   111 -9999 -9999 -9999
2021 03 15 06    32  -140  9929   230   110 -9999 -9999     1
2021 03 15 09    -5  -148  9958   216   102 -9999 -9999     1
2021 03 15 12   -24  -104  9983   103    18 -9999 -9999 -9999
2021 03 15 18   -70   -97 10058   332   104 -9999 -9999 -9999
2021 03 15 21   -87  -128 10102   340   115 -9999 -9999 -9999
2021 03 16 00   -80  -115 10134   346   100 -9999 -9999 -9999
2021 03 16 03   -59  -126 10155   337   100 -9999 -9999 -9999
2021 03 16 06   -27  -136 10167   349    89 -9999 -9999 -9999
2021 03 16 09   -29  -132 10187   330    64 -9999 -9999 -9999
2021 03 16 12   -55  -131 10201   335    33 -9999 -9999 -9999
2021 03 16 18   -85  -133 10229   267    32 -9999 -9999 -9999
2021 03 16 21   -85  -141 10238   301    20 -9999 -9999 -9999
2021 03 17 00   -47  -131 10245   345    32 -9999 -9999 -9999
2021 03 17 03    -2  -158 10247   316    57 -9999 -9999 -9999
2021 03 17 06    26  -165 10229   304    47 -9999 -9999 -9999
2021 03 17 09    21  -164 10230   303    46 -9999 -9999 -9999
2021 03 17 12   -15  -154 10242   329    12 -9999 -9999 -9999
2021 03 17 18   -40  -163 10235   175    33 -9999 -9999 -9999
2021 03 17 21   -82  -152 10237   216     8 -9999 -9999 -9999
2021 03 18 00   -42  -136 10245   349    12 -9999 -9999 -9999
2021 03 18 03    37  -140 10245    50    30 -9999 -9999 -9999
2021 03 18 06    57  -149 10232    12    40 -9999 -9999 -9999
2021 03 18 09    37  -145 10242    13    42 -9999 -9999 -9999
2021 03 18 12   -10  -139 10254    30    24 -9999 -9999 -9999
2021 03 18 18   -42  -124 10248   351    12 -9999 -9999 -9999
2021 03 18 21   -47  -124 10254    29    12 -9999 -9999 -9999
2021 03 19 00   -19  -117 10259    67    12 -9999 -9999 -9999
2021 03 19 03    45  -143 10249   291    25 -9999 -9999 -9999
2021 03 19 06    65  -138 10230   306    19 -9999 -9999 -9999
2021 03 19 09    55  -136 10228   280    10 -9999 -9999 -9999
2021 03 19 12     1  -107 10242    48    27 -9999 -9999 -9999
2021 03 19 18   -25  -105 10220    35    17 -9999 -9999 -9999
2021 03 19 21   -30  -115 10206    42    22 -9999 -9999 -9999
2021 03 20 00   -12  -106 10195    41    24 -9999 -9999 -9999
2021 03 20 03    25  -122 10175    69    31 -9999 -9999 -9999
2021 03 20 06    37  -127 10145    55    53 -9999 -9999 -9999
2021 03 20 09    20  -126 10137    83    54 -9999 -9999 -9999
2021 03 20 12    -9  -103 10139    34    44 -9999 -9999 -9999
2021 03 20 18   -34  -126 10107    31    61 -9999 -9999 -9999
2021 03 20 21   -39  -118 10106    23    52 -9999 -9999 -9999
2021 03 21 00   -27  -119 10111    11    49 -9999 -9999 -9999
2021 03 21 03    20  -134 10101    10    67 -9999 -9999 -9999
2021 03 21 06    40  -139 10087   343    64 -9999 -9999 -9999
2021 03 21 09    22  -131 10096   347    71 -9999 -9999 -9999
2021 03 21 12   -20  -130 10111   294    14 -9999 -9999 -9999
2021 03 21 18   -50  -133 10101   302    26 -9999 -9999 -9999
2021 03 21 21   -67  -125 10102   268    30 -9999 -9999 -9999
2021 03 22 00   -32  -106 10106   283    24 -9999 -9999 -9999
2021 03 22 03    40  -129 10091   302    49 -9999 -9999 -9999
2021 03 22 06    65  -143 10063   255    44 -9999 -9999 -9999
2021 03 22 09    62  -133 10054   239    46 -9999 -9999 -9999
2021 03 22 12    16  -129 10054   210    50 -9999 -9999 -9999
2021 03 22 18   -15   -90 10010   211    35 -9999 -9999 -9999
2021 03 22 21   -30   -87 10007   224    26 -9999 -9999 -9999
2021 03 23 00     1   -67 10022   273    20 -9999 -9999 -9999
2021 03 23 03    91   -94 10040     8    70 -9999 -9999 -9999
2021 03 23 06    92  -119 10056    23    70 -9999 -9999 -9999
2021 03 23 09    62  -145 10082    38    66 -9999 -9999 -9999
2021 03 23 12     5  -144 10108    45    43 -9999 -9999 -9999
2021 03 23 18   -25  -160 10133    45    47 -9999 -9999 -9999
2021 03 23 21   -32  -179 10145    84    37 -9999 -9999 -9999
2021 03 24 00     2  -145 10166    95    38 -9999 -9999 -9999
2021 03 24 03    47   -91 10166   114    26 -9999 -9999 -9999
2021 03 24 06    71   -93 10155   161    17 -9999 -9999 -9999
2021 03 24 09    70   -95 10150   126    26 -9999 -9999 -9999
2021 03 24 12    20   -90 10159   138    43 -9999 -9999 -9999
2021 03 24 18     2   -74 10147   137    40 -9999 -9999     4
2021 03 24 21    -5   -44 10145   127    48 -9999 -9999     4
2021 03 25 00    12   -32 10149   145    46 -9999 -9999 -9999
2021 03 25 03    20     4 10157   143    34 -9999 -9999 -9999
2021 03 25 06    27     4 10164    83    17 -9999 -9999 -9999
2021 03 25 09    40    -2 10178   318    18 -9999 -9999 -9999
2021 03 25 12    10    -6 10204   274     9 -9999 -9999 -9999
2021 03 25 18   -47   -53 10216   132    16 -9999 -9999 -9999
2021 03 25 21   -55   -61 10219   132     7 -9999 -9999 -9999
2021 03 26 00   -14   -17 10214   126    26 -9999 -9999 -9999
2021 03 26 03    45     3 10197   135    55 -9999 -9999     3
2021 03 26 06    46     4 10163   159    62 -9999 -9999     3
2021 03 26 09    35     6 10131   142    61 -9999 -9999 -9999
2021 03 26 12    30     4 10113   107    36 -9999 -9999 -9999
2021 03 26 18    15    -4 10045   136    21 -9999 -9999 -9999
2021 03 26 21    -5   -11 10044   339    14 -9999 -9999 -9999
2021 03 27 00    17     3 10058   288    24 -9999 -9999 -9999
2021 03 27 03    67     5 10059   270    33 -9999 -9999 -9999
2021 03 27 06    81    -1 10052   297    23 -9999 -9999 -9999
2021 03 27 09    85     0 10052   201    10 -9999 -9999 -9999
2021 03 27 12    36   -17 10054   122    41 -9999 -9999 -9999
2021 03 27 18    22    -9 10019   119    60 -9999 -9999 -9999
2021 03 27 21    17   -11  9998   122    68 -9999 -9999 -9999
2021 03 28 00    51    21  9989   123    66 -9999 -9999 -9999
2021 03 28 03   121    46  9970   144    74 -9999 -9999 -9999
2021 03 28 06   145    48  9935   147    69 -9999 -9999 -9999
2021 03 28 09    97    63  9927   125    41 -9999 -9999    20
2021 03 28 12    77    49  9930   157    43 -9999 -9999    22
2021 03 28 18    31    27  9908   135    29 -9999 -9999    16
2021 03 28 21    30    24  9913   314    25 -9999 -9999    30
2021 03 29 00    37    26  9924   171    22 -9999 -9999    18
2021 03 29 03    46    26  9937   290    26 -9999 -9999 -9999
2021 03 29 06    42    25  9951   333    39 -9999 -9999 -9999
2021 03 29 09    40    27  9971   337    53 -9999 -9999     3
2021 03 29 12    31    16  9997   335    72 -9999 -9999     4
2021 03 29 18    15    -4 10039   338    54 -9999 -9999 -9999
2021 03 29 21     2   -21 10053   320    42 -9999 -9999     4
2021 03 30 00    16   -23 10077   328    44 -9999 -9999     4
2021 03 30 03    61    14 10080   315    50 -9999 -9999 -9999
2021 03 30 06    77   -23 10079   315    56 -9999 -9999 -9999
2021 03 30 09    72   -52 10092   311    39 -9999 -9999 -9999
2021 03 30 12    42   -58 10117   282    11 -9999 -9999 -9999
2021 03 30 18    17   -69 10137   129     9 -9999 -9999 -9999
2021 03 30 21    -7   -33 10161   358    15 -9999 -9999 -9999
2021 03 31 00    35   -35 10176   334    12 -9999 -9999 -9999
2021 03 31 03    95   -68 10188   346    49 -9999 -9999 -9999
2021 03 31 06   111   -54 10189   323    37 -9999 -9999 -9999
2021 03 31 09   105   -64 10193   342    27 -9999 -9999 -9999
2021 03 31 12    71   -70 10210   118    11 -9999 -9999 -9999
2021 03 31 18    35   -68 10221   214    21 -9999 -9999 -9999
2021 03 31 21     7   -52 10231   219    22 -9999 -9999 -9999
2021 04 01 00    56   -27 10242   246    43 -9999 -9999 -9999
2021 04 01 03   110   -14 10232   230    66 -9999 -9999 -9999
2021 04 01 06   130    -3 10215   227    73 -9999 -9999 -9999
2021 04 01 09   120     7 10208   211    44 -9999 -9999 -9999
2021 04 01 12    90   -15 10205   150    32 -9999 -9999 -9999
2021 04 01 18    42   -22 10177   134    41 -9999 -9999 -9999
2021 04 01 21    41   -23 10157   134    43 -9999 -9999 -9999
2021 04 02 00    60    -9 10131   142    49 -9999 -9999 -9999
2021 04 02 03    71    24 10099   182    36 -9999 -9999 -9999
2021 04 02 06    92    43 10079   226    69 -9999 -9999     1
2021 04 02 09   100    30 10096   286    52 -9999 -9999     1
2021 04 02 12    67    -5 10138   296    67 -9999 -9999 -9999
2021 04 02 18     5  -103 10189   299    72 -9999 -9999 -9999
2021 04 02 21   -17  -148 10212   300    43 -9999 -9999 -9999
2021 04 03 00    12  -152 10227   317    92 -9999 -9999 -9999
2021 04 03 03    27  -180 10234   332   109 -9999 -9999 -9999
2021 04 03 06    50  -144 10229   324    95 -9999 -9999 -9999
2021 04 03 09    45  -159 10226   323    66 -9999 -9999 -9999
2021 04 03 12     7  -145 10233   280    19 -9999 -9999 -9999
2021 04 03 18   -15  -150 10229   221    24 -9999 -9999 -9999
2021 04 03 21   -42  -126 10217   227    25 -9999 -9999 -9999
2021 04 04 00    26   -93 10212   244    44 -9999 -9999     1
2021 04 04 03    85   -72 10184   231    84 -9999 -9999     1
2021 04 04 06   106   -81 10154   229    95 -9999 -9999 -9999
2021 04 04 09   102   -70 10139   210    78 -9999 -9999 -9999
2021 04 04 12    50   -69 10147   205    28 -9999 -9999 -9999
2021 04 04 18    20   -68 10132   229    37 -9999 -9999 -9999
2021 04 04 21     2   -69 10124   221    26 -9999 -9999 -9999
2021 04 05 00    62   -64 10114   242    46 -9999 -9999 -9999
2021 04 05 03   130   -66 10093   285    77 -9999 -9999 -9999
2021 04 05 06   112   -66 10098   318    98 -9999 -9999 -9999
2021 04 05 09   100  -107 10112   327    73 -9999 -9999 -9999
2021 04 05 12    51  -102 10131   326    18 -9999 -9999 -9999
2021 04 05 18     2   -90 10132   252    26 -9999 -9999 -9999
2021 04 05 21    -2   -86 10140   333    49 -9999 -9999 -9999
2021 04 06 00    35   -74 10166   346   112 -9999 -9999 -9999
2021 04 06 03    41  -157 10182   327   108 -9999 -9999 -9999
2021 04 06 06    42  -179 10185   317    93 -9999 -9999 -9999
2021 04 06 09    22  -190 10198   348    85 -9999 -9999 -9999
2021 04 06 12   -32  -188 10227   350    48 -9999 -9999 -9999
2021 04 06 18   -67  -181 10243   303    33 -9999 -9999 -9999
2021 04 06 21   -72  -186 10244   301    28 -9999 -9999 -9999
2021 04 07 00    -9  -194 10239   318    90 -9999 -9999 -9999
2021 04 07 03    21  -204 10221   320   106 -9999 -9999 -9999
2021 04 07 06    37  -213 10210   336   123 -9999 -9999 -9999
2021 04 07 09    22  -204 10213     7   100 -9999 -9999 -9999
2021 04 07 12   -30  -199 10229    24    29 -9999 -9999 -9999
2021 04 07 18   -62  -177 10232   322    42 -9999 -9999 -9999
2021 04 07 21   -75  -172 10240   334    47 -9999 -9999 -9999
2021 04 08 00    -7  -184 10250   356    64 -9999 -9999 -9999
2021 04 08 03    35  -215 10243     7    80 -9999 -9999 -9999
2021 04 08 06    65  -200 10229   355    75 -9999 -9999 -9999
2021 04 08 09    65  -192 10230     6    55 -9999 -9999 -9999
2021 04 08 12    15  -170 10244    40    17 -9999 -9999 -9999
2021 04 08 18   -22  -135 10265   106    10 -9999 -9999 -9999
2021 04 08 21   -20  -122 10271   132    27 -9999 -9999 -9999
2021 04 09 00    46   -95 10280   198    30 -9999 -9999 -9999
2021 04 09 03    90  -122 10273   218    51 -9999 -9999 -9999
2021 04 09 06   110   -99 10250   205    50 -9999 -9999 -9999
2021 04 09 09   101   -80 10240   211    66 -9999 -9999 -9999
2021 04 09 12    56   -83 10239   171    40 -9999 -9999 -9999
2021 04 09 18    30   -76 10214   182    55 -9999 -9999 -9999
2021 04 09 21    20   -71 10206   189    49 -9999 -9999 -9999
2021 04 10 00    90   -57 10197   211    83 -9999 -9999 -9999
2021 04 10 03   151   -37 10170   205   128 -9999 -9999 -9999
2021 04 10 06   156   -38 10145   203   130 -9999 -9999 -9999
2021 04 10 09   150   -30 10136   202   104 -9999 -9999 -9999
2021 04 10 12   140   -29 10135   207    84 -9999 -9999 -9999
2021 04 10 18    85   -47 10171   292    16 -9999 -9999     2
2021 04 10 21    47   -11 10184    54    31 -9999 -9999 -9999
2021 04 11 00    67     6 10197    60    53 -9999 -9999 -9999
2021 04 11 03   122   -24 10196    66    46 -9999 -9999     1
2021 04 11 06   135   -43 10183    28    35 -9999 -9999     1
2021 04 11 09   130   -51 10171    28    38 -9999 -9999 -9999
2021 04 11 12    75   -67 10170    35    25 -9999 -9999 -9999
2021 04 11 18    55     0 10129   129    35 -9999 -9999 -9999
2021 04 11 21    50    40 10095    99    45 -9999 -9999 -9999
2021 04 12 00     2    -6 10080    33    49 -9999 -9999    78
2021 04 12 03   -49   -60 10105    24   109 -9999 -9999   150
2021 04 12 06   -49   -77 10131    27   102 -9999 -9999    97
2021 04 12 09   -45   -82 10150     7    70 -9999 -9999    25
2021 04 12 12   -55   -94 10171     6    48 -9999 -9999 -9999
2021 04 12 18   -95  -133 10171   339    32 -9999 -9999 -9999
2021 04 12 21  -102  -154 10170   332    33 -9999 -9999 -9999
2021 04 13 00   -65  -150 10164   322    17 -9999 -9999 -9999
2021 04 13 03   -32  -125 10145   296    56 -9999 -9999 -9999
2021 04 13 06   -20  -122 10133   313    68 -9999 -9999 -9999
2021 04 13 09   -17  -124 10123   333    20 -9999 -9999 -9999
2021 04 13 12   -35  -115 10124   149    16 -9999 -9999 -9999
2021 04 13 18   -37  -103 10101   196    16 -9999 -9999 -9999
2021 04 13 21   -74  -116 10100   281    15 -9999 -9999 -9999
2021 04 14 00   -27   -87 10103   255    19 -9999 -9999 -9999
2021 04 14 03    15  -103 10100   282    51 -9999 -9999 -9999
2021 04 14 06    32  -126 10093   272    53 -9999 -9999 -9999
2021 04 14 09    42   -95 10085   231    36 -9999 -9999 -9999
2021 04 14 12    16   -67 10093   170    28 -9999 -9999 -9999
2021 04 14 18    -2   -79 10087   242    23 -9999 -9999 -9999
2021 04 14 21   -20   -77 10090    57    10 -9999 -9999 -9999
2021 04 15 00    21   -46 10100    34    21 -9999 -9999 -9999
2021 04 15 03    65   -22 10090   123    39 -9999 -9999 -9999
2021 04 15 06    71   -11 10076    71    45 -9999 -9999 -9999
2021 04 15 09    61   -11 10064    81    40 -9999 -9999 -9999
2021 04 15 12    35   -23 10058    22    45 -9999 -9999 -9999
2021 04 15 18    27     7 10019    69    24 -9999 -9999     3
2021 04 15 21    40     2 10002   120    53 -9999 -9999     3
2021 04 16 00    62     8 10005   130    45 -9999 -9999 -9999
2021 04 16 03    91   -28 10010   170    48 -9999 -9999 -9999
2021 04 16 06    77    12 10023   185    44 -9999 -9999 -9999
2021 04 16 09    37    17 10048    66    87 -9999 -9999 -9999
2021 04 16 12    16     4 10076    62    74 -9999 -9999     4
2021 04 16 18    10     1 10092     1    48 -9999 -9999     8
2021 04 16 21     6    -4 10104    11    52 -9999 -9999 -9999
2021 04 17 00    17    -1 10123    15    56 -9999 -9999 -9999
2021 04 17 03    46   -18 10135     3    38 -9999 -9999 -9999
2021 04 17 06    82   -10 10129   335    54 -9999 -9999 -9999
2021 04 17 09    85   -30 10129   339    27 -9999 -9999 -9999
2021 04 17 12    50   -35 10143   295    18 -9999 -9999 -9999
2021 04 17 18    16   -51 10135   212    23 -9999 -9999 -9999
2021 04 17 21     6   -50 10130   221    27 -9999 -9999 -9999
2021 04 18 00    50   -20 10128   211    35 -9999 -9999 -9999
2021 04 18 03   112   -15 10111   213    76 -9999 -9999 -9999
2021 04 18 06   130    -4 10085   211    67 -9999 -9999 -9999
2021 04 18 09   122     3 10071   194    65 -9999 -9999 -9999
2021 04 18 12    77    -4 10069   167    34 -9999 -9999 -9999
2021 04 18 18    52   -16 10043   152    30 -9999 -9999 -9999
2021 04 18 21    37   -17 10040   156    26 -9999 -9999 -9999
2021 04 19 00    72    13 10050   289    26 -9999 -9999 -9999
2021 04 19 03   115    19 10068   357   119 -9999 -9999 -9999
2021 04 19 06    96   -37 10095   345   129 -9999 -9999 -9999
2021 04 19 09    81   -72 10121   348   118 -9999 -9999 -9999
2021 04 19 12    22   -79 10153   359    46 -9999 -9999 -9999
2021 04 19 18   -15   -94 10192   270    30 -9999 -9999 -9999
2021 04 19 21   -17  -105 10205   278    24 -9999 -9999 -9999
2021 04 20 00    47  -127 10217   337    55 -9999 -9999 -9999
2021 04 20 03    85  -114 10214   331    47 -9999 -9999 -9999
2021 04 20 06   111  -117 10193   253    38 -9999 -9999 -9999
2021 04 20 09   110   -83 10180   230    50 -9999 -9999 -9999
2021 04 20 12    65   -56 10179   211    31 -9999 -9999 -9999
2021 04 20 18    42   -63 10171   176    38 -9999 -9999 -9999
2021 04 20 21    41   -59 10169   177    50 -9999 -9999 -9999
