2021 01 01 00  -362  -398 10365   141     7 -9999 -9999 -9999
2021 01 01 03  -264  -300 10350   348    12 -9999 -9999 -9999
2021 01 01 06  -243  -304 10353   335    35 -9999 -9999 -9999
2021 01 01 09  -293  -333 10388   287    12 -9999 -9999 -9999
2021 01 01 12  -328  -361 10409   165    12 -9999 -9999 -9999
2021 01 01 15  -343  -377 10390   196    15 -9999 -9999 -9999
2021 01 01 18  -347  -383 10385   122     7 -9999 -9999 -9999
2021 01 01 21  -355  -391 10396   360     2 -9999 -9999 -9999
2021 01 02 00  -364  -399 10413   360     1 -9999 -9999 -9999
2021 01 02 03  -293  -327 10402   280     8 -9999 -9999 -9999
2021 01 02 06  -235  -277 10377   335    32 -9999 -9999 -9999
2021 01 02 09  -249  -281 10392   350    11 -9999 -9999 -9999
2021 01 02 12  -249  -279 10405   326    26 -9999 -9999     2
2021 01 02 15  -249  -280 10381   296    10 -9999 -9999     4
2021 01 02 18  -293  -327 10375   303    11 -9999 -9999     2
2021 01 02 21  -327  -359 10390   175    10 -9999 -9999 -9999
2021 01 03 00  -322  -356 10390   158     3 -9999 -9999 -9999
2021 01 03 03  -265  -297 10382   360     0 -9999 -9999 -9999
2021 01 03 06  -234  -285 10370   335    24 -9999 -9999 -9999
2021 01 03 09  -284  -317 10396   159    11 -9999 -9999 -9999
2021 01 03 12  -295  -326 10405   137    11 -9999 -9999 -9999
2021 01 03 15  -289  -322 10387   360     2 -9999 -9999 -9999
2021 01 03 18  -323  -359 10380   167     7 -9999 -9999 -9999
2021 01 03 21  -345  -380 10399   176     6 -9999 -9999 -9999
2021 01 04 00  -358  -393 10412   200     6 -9999 -9999 -9999
2021 01 04 03  -275  -317 10388   346    21 -9999 -9999 -9999
2021 01 04 06  -237  -293 10377   351    18 -9999 -9999 -9999
2021 01 04 09  -289  -324 10407   195    10 -9999 -9999 -9999
2021 01 04 12  -324  -358 10432   332     3 -9999 -9999 -9999
2021 01 04 15  -340  -377 10414   190    14 -9999 -9999 -9999
2021 01 04 18  -354  -390 10405   179     7 -9999 -9999 -9999
2021 01 04 21  -354  -390 10418   178    10 -9999 -9999 -9999
2021 01 05 00  -362  -398 10433   188    10 -9999 -9999 -9999
2021 01 05 03  -302  -338 10414   331     9 -9999 -9999 -9999
2021 01 05 06  -247  -299 10381   332    32 -9999 -9999 -9999
2021 01 05 09  -267  -301 10384   346    11 -9999 -9999 -9999
2021 01 05 12  -287  -317 10392   360     1 -9999 -9999     2
2021 01 05 15  -300  -332 10363   146     9 -9999 -9999     3
2021 01 05 18  -309  -343 10343   290     7 -9999 -9999     1
2021 01 05 21  -309  -342 10341   324    16 -9999 -9999     1
2021 01 06 00  -302  -336 10354   351    18 -9999 -9999     2
2021 01 06 03  -294  -334 10364   345    37 -9999 -9999     1
2021 01 06 06  -280  -330 10351   320    47 -9999 -9999 -9999
2021 01 06 09  -292  -335 10364   306    45 -9999 -9999 -9999
2021 01 06 12  -299  -345 10359   305    53 -9999 -9999 -9999
2021 01 06 15  -320  -363 10353   313    28 -9999 -9999 -9999
2021 01 06 18  -343  -379 10351   323    20 -9999 -9999 -9999
2021 01 06 21  -373  -410 10355   221     7 -9999 -9999 -9999
2021 01 07 00  -388  -426 10369   210     8 -9999 -9999 -9999
2021 01 07 03  -332  -375 10353   322    26 -9999 -9999 -9999
2021 01 07 06  -294  -346 10337   326    32 -9999 -9999 -9999
2021 01 07 09  -300  -340 10350   307     9 -9999 -9999 -9999
2021 01 07 12  -303  -336 10356   336    18 -9999 -9999 -9999
2021 01 07 15  -330  -367 10342   290     3 -9999 -9999 -9999
2021 01 07 18  -354  -389 10330   179     7 -9999 -9999 -9999
2021 01 07 21  -369  -406 10330   175     8 -9999 -9999 -9999
2021 01 08 00  -370  -407 10331   205     6 -9999 -9999 -9999
2021 01 08 03  -283  -318 10311   328    19 -9999 -9999 -9999
2021 01 08 06  -238  -289 10290   340    20 -9999 -9999 -9999
2021 01 08 09  -258  -292 10307   300    10 -9999 -9999 -9999
2021 01 08 12  -286  -316 10326    20    10 -9999 -9999     2
2021 01 08 15  -312  -346 10316   180    10 -9999 -9999     2
2021 01 08 18  -322  -356 10297   230    10 -9999 -9999     0
2021 01 08 21  -301  -335 10292     0 -9999 -9999 -9999 -9999
2021 01 09 00  -299  -333 10308   360     1 -9999 -9999 -9999
2021 01 09 03  -224  -260 10297   330    10 -9999 -9999 -9999
2021 01 09 06  -178  -226 10280   303    17 -9999 -9999 -9999
2021 01 09 09  -187  -216 10277   119     9 -9999 -9999 -9999
2021 01 09 12  -188  -214 10292   323    21 -9999 -9999     4
2021 01 09 15  -245  -272 10294    35     5 -9999 -9999     4
2021 01 09 18  -283  -314 10305   360     1 -9999 -9999 -9999
2021 01 09 21  -273  -304 10310   193     8 -9999 -9999 -9999
2021 01 10 00  -282  -314 10329   140     9 -9999 -9999 -9999
2021 01 10 03  -207  -249 10324   326     9 -9999 -9999 -9999
2021 01 10 06  -167  -217 10323   311    22 -9999 -9999 -9999
2021 01 10 09  -192  -224 10323   178    17 -9999 -9999 -9999
2021 01 10 12  -238  -267 10340   173     7 -9999 -9999 -9999
2021 01 10 15  -269  -299 10320   129     4 -9999 -9999 -9999
2021 01 10 18  -283  -315 10298   214    11 -9999 -9999 -9999
2021 01 10 21  -293  -325 10291   137    10 -9999 -9999 -9999
2021 01 11 00  -303  -336 10299   173     7 -9999 -9999 -9999
2021 01 11 03  -192  -235 10267   120    13 -9999 -9999 -9999
2021 01 11 06  -170  -231 10241   358    23 -9999 -9999 -9999
2021 01 11 09  -220  -259 10250   185    14 -9999 -9999 -9999
2021 01 11 12  -249  -283 10246   149    18 -9999 -9999 -9999
2021 01 11 15  -243  -272 10177    70     5 -9999 -9999 -9999
2021 01 11 18  -219  -246 10134   360     1 -9999 -9999     1
2021 01 11 21  -225  -254 10109   357     7 -9999 -9999     2
2021 01 12 00  -229  -258 10104   360     2 -9999 -9999     2
2021 01 12 03  -169  -212 10078   139    11 -9999 -9999     4
2021 01 12 06  -157  -205 10062   311    20 -9999 -9999     3
2021 01 12 09  -182  -208 10090   335    22 -9999 -9999     1
2021 01 12 12  -242  -274 10127   168     4 -9999 -9999     5
2021 01 12 15  -273  -305 10135   192     6 -9999 -9999     4
2021 01 12 18  -289  -321 10148   122     3 -9999 -9999     1
2021 01 12 21  -295  -329 10157    89     8 -9999 -9999     1
2021 01 13 00  -284  -316 10192   315     6 -9999 -9999     2
2021 01 13 03  -217  -249 10198   355    14 -9999 -9999     4
2021 01 13 06  -197  -262 10200   275    62 -9999 -9999     2
2021 01 13 09  -223  -271 10231   316    31 -9999 -9999 -9999
2021 01 13 12  -279  -313 10269   360     2 -9999 -9999 -9999
2021 01 13 15  -317  -351 10267   196     5 -9999 -9999 -9999
2021 01 13 18  -324  -358 10278   209    10 -9999 -9999 -9999
2021 01 13 21  -339  -373 10289   145     4 -9999 -9999 -9999
2021 01 14 00  -345  -380 10317   360     0 -9999 -9999 -9999
2021 01 14 03  -284  -319 10304   330     9 -9999 -9999 -9999
2021 01 14 06  -209  -269 10273     1    14 -9999 -9999 -9999
2021 01 14 09  -214  -267 10287   297     6 -9999 -9999 -9999
2021 01 14 12  -254  -286 10322   181    13 -9999 -9999 -9999
2021 01 14 15  -279  -311 10330   189    13 -9999 -9999 -9999
2021 01 14 18  -309  -341 10330   147     5 -9999 -9999 -9999
2021 01 14 21  -329  -363 10345    77     6 -9999 -9999 -9999
2021 01 15 00  -340  -375 10378   360     2 -9999 -9999 -9999
2021 01 15 03  -242  -281 10361   329    33 -9999 -9999 -9999
2021 01 15 06  -219  -276 10355   351    32 -9999 -9999 -9999
2021 01 15 09  -248  -285 10383   352    16 -9999 -9999 -9999
2021 01 15 12  -310  -344 10410   153    10 -9999 -9999 -9999
2021 01 15 15  -327  -360 10383   195    11 -9999 -9999 -9999
2021 01 15 18  -339  -374 10374   168     8 -9999 -9999 -9999
2021 01 15 21  -350  -385 10376   205     5 -9999 -9999 -9999
2021 01 16 00  -357  -392 10399   203     7 -9999 -9999 -9999
2021 01 16 03  -272  -312 10371   302    11 -9999 -9999 -9999
2021 01 16 06  -193  -253 10334   290    16 -9999 -9999     1
2021 01 16 09  -208  -247 10338   252    30 -9999 -9999     2
2021 01 16 12  -217  -248 10326   279    15 -9999 -9999     4
2021 01 16 15  -209  -243 10281   224    15 -9999 -9999    11
2021 01 16 18  -242  -274 10247   356    10 -9999 -9999    16
2021 01 16 21 -9999 -9999 -9999 -9999 -9999 -9999 -9999    10
2021 01 17 00  -224  -257 10203   142    13 -9999 -9999     7
2021 01 17 03  -210  -254 10188   241    26 -9999 -9999     9
2021 01 17 06  -209  -260 10189   323    50 -9999 -9999     8
2021 01 17 09  -238  -279 10212   313    32 -9999 -9999    10
2021 01 17 12  -254  -288 10228   332    24 -9999 -9999     7
2021 01 17 15  -309  -341 10249   158    12 -9999 -9999     1
2021 01 17 18  -354  -390 10275   182    11 -9999 -9999 -9999
2021 01 17 21  -370  -409 10310   360     2 -9999 -9999 -9999
2021 01 18 00  -384  -422 10348   197     9 -9999 -9999 -9999
2021 01 18 03  -288  -323 10358   335    29 -9999 -9999 -9999
2021 01 18 06  -257  -337 10366   342    32 -9999 -9999 -9999
2021 01 18 09  -304  -355 10387    56     4 -9999 -9999 -9999
2021 01 18 12  -325  -368 10400   133    10 -9999 -9999 -9999
2021 01 18 15  -348  -382 10361   160     7 -9999 -9999 -9999
2021 01 18 18  -329  -361 10332   360     1 -9999 -9999 -9999
2021 01 18 21  -333  -368 10325   360     2 -9999 -9999 -9999
2021 01 19 00  -303  -337 10324     9     8 -9999 -9999 -9999
2021 01 19 03  -213  -270 10307   317     7 -9999 -9999 -9999
2021 01 19 06  -137  -214 10277   319    19 -9999 -9999 -9999
2021 01 19 09  -198  -234 10299   174     7 -9999 -9999 -9999
2021 01 19 12  -244  -271 10304   360     1 -9999 -9999 -9999
2021 01 19 15  -258  -285 10269   160     3 -9999 -9999 -9999
2021 01 19 18  -260  -289 10229   140     6 -9999 -9999 -9999
2021 01 19 21  -117  -177 10174   154    44 -9999 -9999 -9999
2021 01 20 00  -157  -202 10186   166    19 -9999 -9999 -9999
2021 01 20 03   -97  -169 10179   187    31 -9999 -9999 -9999
2021 01 20 06   -90  -161 10188   252    25 -9999 -9999 -9999
2021 01 20 09  -125  -160 10201    32    11 -9999 -9999 -9999
2021 01 20 12  -135  -163 10251   333    25 -9999 -9999 -9999
2021 01 20 15  -214  -241 10258   183    12 -9999 -9999 -9999
2021 01 20 18  -230  -255 10269   197    15 -9999 -9999 -9999
2021 01 20 21  -244  -273 10273   150    10 -9999 -9999     0
2021 01 21 00  -253  -280 10280   300    10 -9999 -9999     0
2021 01 21 03  -152  -194 10280   360    10 -9999 -9999     0
2021 01 21 06  -116  -176 10274   320    40 -9999 -9999     0
2021 01 21 09  -166  -210 10316     0 -9999 -9999 -9999     0
2021 01 21 12  -224  -250 10351   190    10 -9999 -9999     0
2021 01 21 15  -253  -282 10334   180    10 -9999 -9999     0
2021 01 21 18  -265  -293 10329   180    10 -9999 -9999     0
2021 01 21 21  -255  -285 10331   130    10 -9999 -9999     0
2021 01 22 00  -269  -297 10355   169     9 -9999 -9999 -9999
2021 01 22 03  -130  -170 10313     7     8 -9999 -9999 -9999
2021 01 22 06   -70  -186 10275   167    27 -9999 -9999 -9999
2021 01 22 09  -100  -195 10274   151    19 -9999 -9999 -9999
2021 01 22 12  -107  -184 10276   140    43 -9999 -9999 -9999
2021 01 22 15  -164  -206 10255   188     8 -9999 -9999 -9999
2021 01 22 18  -194  -218 10254   149     7 -9999 -9999 -9999
2021 01 22 21  -208  -232 10251   163     7 -9999 -9999 -9999
2021 01 23 00  -229  -254 10264    76     5 -9999 -9999 -9999
2021 01 23 03  -110  -175 10244   329    10 -9999 -9999 -9999
2021 01 23 06   -29  -146 10219   106     7 -9999 -9999 -9999
2021 01 23 09   -97  -154 10251    73     3 -9999 -9999 -9999
2021 01 23 12  -155  -187 10299    98     9 -9999 -9999 -9999
2021 01 23 15  -184  -203 10284   151     5 -9999 -9999 -9999
2021 01 23 18  -189  -213 10267   210     9 -9999 -9999 -9999
2021 01 23 21  -217  -241 10295   156    10 -9999 -9999 -9999
2021 01 24 00  -218  -240 10331   122    13 -9999 -9999 -9999
2021 01 24 03  -115  -157 10315   347    20 -9999 -9999 -9999
2021 01 24 06     7  -141 10275   214    23 -9999 -9999 -9999
2021 01 24 09   -80  -138 10312   173     8 -9999 -9999 -9999
2021 01 24 12  -125  -153 10336   174    15 -9999 -9999 -9999
2021 01 24 15  -167  -189 10322   110    10 -9999 -9999     0
2021 01 24 18  -137  -151 10284   160    30 -9999 -9999     0
2021 01 24 21  -145  -176 10272   110    10 -9999 -9999     0
2021 01 25 00  -105  -154 10250   141    36 -9999 -9999 -9999
2021 01 25 03  -100  -157 10239   163    40 -9999 -9999 -9999
2021 01 25 06   -87  -145 10182   157    52 -9999 -9999 -9999
2021 01 25 09  -100  -125 10182   144    24 -9999 -9999     8
2021 01 25 12  -110  -144 10184   254    44 -9999 -9999    19
2021 01 25 15  -130  -161 10188   298    28 -9999 -9999    17
2021 01 25 18  -150  -184 10180   246    20 -9999 -9999    10
2021 01 25 21  -167  -202 10173   192    28 -9999 -9999     6
2021 01 26 00  -193  -226 10194   262    36 -9999 -9999     5
2021 01 26 03  -178  -231 10207   285    33 -9999 -9999     5
2021 01 26 06  -183  -234 10205   262    51 -9999 -9999     2
2021 01 26 09  -202  -243 10225   276    39 -9999 -9999     1
2021 01 26 12  -210  -248 10240   283    34 -9999 -9999     1
2021 01 26 15  -214  -254 10239   268    28 -9999 -9999     2
2021 01 26 18  -225  -263 10248   268    28 -9999 -9999     3
2021 01 26 21  -248  -281 10262   304    19 -9999 -9999     1
2021 01 27 00  -253  -289 10271   248    21 -9999 -9999 -9999
2021 01 27 03  -209  -269 10263   263    34 -9999 -9999 -9999
2021 01 27 06  -197  -269 10245   278    46 -9999 -9999 -9999
2021 01 27 09  -219  -277 10262   324    20 -9999 -9999 -9999
2021 01 27 12  -250  -291 10288   290    10 -9999 -9999 -9999
2021 01 27 15  -278  -310 10273   172    10 -9999 -9999     1
2021 01 27 18  -289  -319 10265   358     7 -9999 -9999     2
2021 01 27 21  -304  -338 10274   325    16 -9999 -9999     1
2021 01 28 00  -324  -359 10300   337    17 -9999 -9999 -9999
2021 01 28 03  -274  -315 10303   348    39 -9999 -9999 -9999
2021 01 28 06  -259  -306 10297   322    52 -9999 -9999 -9999
2021 01 28 09  -269  -314 10310   310    42 -9999 -9999 -9999
2021 01 28 12  -320  -353 10333   166     9 -9999 -9999 -9999
2021 01 28 15  -334  -369 10309   199     8 -9999 -9999 -9999
2021 01 28 18  -349  -384 10304   190     9 -9999 -9999 -9999
2021 01 28 21  -354  -389 10291   192    11 -9999 -9999 -9999
2021 01 29 00  -335  -369 10284   291     8 -9999 -9999 -9999
2021 01 29 03  -262  -305 10236     2    18 -9999 -9999 -9999
2021 01 29 06  -174  -223 10180   192    32 -9999 -9999     2
2021 01 29 09  -180  -213 10202   298    23 -9999 -9999     6
2021 01 29 12  -229  -270 10243   287    32 -9999 -9999     7
2021 01 29 15  -275  -315 10260   297    14 -9999 -9999     3
2021 01 29 18  -319  -355 10280   313    12 -9999 -9999 -9999
2021 01 29 21  -355  -393 10308   216    14 -9999 -9999 -9999
2021 01 30 00  -368  -403 10350   169     5 -9999 -9999 -9999
2021 01 30 03  -270  -317 10341   330     7 -9999 -9999 -9999
2021 01 30 06  -218  -294 10318   330    15 -9999 -9999 -9999
2021 01 30 09  -263  -316 10339   287     4 -9999 -9999 -9999
2021 01 30 12  -295  -335 10356   166    11 -9999 -9999 -9999
2021 01 30 15  -257  -299 10307   320    17 -9999 -9999 -9999
2021 01 30 18  -249  -285 10274     7    11 -9999 -9999 -9999
2021 01 30 21  -259  -296 10277   360     0 -9999 -9999 -9999
2021 01 31 00  -249  -286 10267   348    13 -9999 -9999 -9999
2021 01 31 03  -170  -218 10209   309     3 -9999 -9999 -9999
2021 01 31 06  -140  -179 10166   124    38 -9999 -9999     7
2021 01 31 09  -165  -205 10171   134    43 -9999 -9999    19
2021 01 31 12  -187  -235 10188   139    22 -9999 -9999    29
2021 01 31 15  -212  -240 10194   360     0 -9999 -9999    20
2021 01 31 18  -214  -242 10206   359    10 -9999 -9999    10
2021 01 31 21  -277  -323 10262   315    40 -9999 -9999     8
2021 02 01 00  -322  -357 10302   318    17 -9999 -9999     1
2021 02 01 03  -289  -338 10309   326    34 -9999 -9999 -9999
2021 02 01 06  -262  -322 10293   264    49 -9999 -9999 -9999
2021 02 01 09  -267  -313 10318   310    55 -9999 -9999     1
2021 02 01 12  -278  -320 10338   317    36 -9999 -9999     1
2021 02 01 15  -282  -321 10326   313    25 -9999 -9999 -9999
2021 02 01 18  -309  -344 10317   359     8 -9999 -9999 -9999
2021 02 01 21  -337  -371 10315   360     1 -9999 -9999 -9999
2021 02 02 00  -362  -398 10330   360     2 -9999 -9999 -9999
2021 02 02 03  -268  -316 10307   345    33 -9999 -9999 -9999
2021 02 02 06  -248  -314 10306   315    40 -9999 -9999 -9999
2021 02 02 09  -272  -323 10321   318    25 -9999 -9999 -9999
2021 02 02 12  -304  -338 10341   172     8 -9999 -9999 -9999
2021 02 02 15  -343  -380 10309   170     8 -9999 -9999 -9999
2021 02 02 18  -365  -401 10301   360     0 -9999 -9999 -9999
2021 02 02 21  -378  -415 10304   160    10 -9999 -9999 -9999
2021 02 03 00  -374  -412 10321   360     2 -9999 -9999 -9999
2021 02 03 03  -272  -313 10304     5    18 -9999 -9999 -9999
2021 02 03 06  -234  -294 10297   304    45 -9999 -9999 -9999
2021 02 03 09  -254  -308 10314   318    33 -9999 -9999 -9999
2021 02 03 12  -264  -303 10323   336    21 -9999 -9999 -9999
2021 02 03 15  -322  -357 10300   156     3 -9999 -9999 -9999
2021 02 03 18  -324  -358 10276   221     9 -9999 -9999 -9999
2021 02 03 21  -293  -326 10255   169     6 -9999 -9999 -9999
2021 02 04 00  -308  -342 10258   360     2 -9999 -9999 -9999
2021 02 04 03  -195  -258 10239   338    10 -9999 -9999 -9999
2021 02 04 06  -115  -196 10202   324    18 -9999 -9999 -9999
2021 02 04 09  -135  -185 10190   168    14 -9999 -9999 -9999
2021 02 04 12  -170  -200 10202   152    10 -9999 -9999     1
2021 02 04 15  -200  -227 10167   333     7 -9999 -9999     1
2021 02 04 18  -204  -230 10138   155    11 -9999 -9999 -9999
2021 02 04 21  -222  -248 10138   205    11 -9999 -9999 -9999
2021 02 05 00  -240  -266 10161   159     8 -9999 -9999 -9999
2021 02 05 03  -127  -175 10147   350    22 -9999 -9999 -9999
2021 02 05 06   -90  -154 10140     1    26 -9999 -9999 -9999
2021 02 05 09  -110  -154 10158   345    11 -9999 -9999 -9999
2021 02 05 12  -180  -203 10201   160    10 -9999 -9999 -9999
2021 02 05 15  -214  -239 10190   195     8 -9999 -9999 -9999
2021 02 05 18  -224  -248 10193   146     7 -9999 -9999 -9999
2021 02 05 21  -239  -267 10209   164    10 -9999 -9999 -9999
2021 02 06 00  -258  -286 10255   186     9 -9999 -9999 -9999
2021 02 06 03  -150  -192 10251   351    21 -9999 -9999 -9999
2021 02 06 06  -135  -223 10252   339    43 -9999 -9999 -9999
2021 02 06 09  -152  -191 10275   311    43 -9999 -9999     2
2021 02 06 12  -174  -209 10309   300    30 -9999 -9999     4
2021 02 06 15  -182  -214 10298   311    29 -9999 -9999     3
2021 02 06 18  -203  -231 10306   324    26 -9999 -9999     1
2021 02 06 21  -243  -273 10325   306    18 -9999 -9999 -9999
2021 02 07 00  -298  -328 10363   173     9 -9999 -9999 -9999
2021 02 07 03  -204  -245 10342   325    31 -9999 -9999 -9999
2021 02 07 06  -177  -232 10336   328    42 -9999 -9999 -9999
2021 02 07 09  -182  -225 10353   338    19 -9999 -9999 -9999
2021 02 07 12  -239  -266 10392    13     5 -9999 -9999 -9999
2021 02 07 15  -214  -239 10360   360     2 -9999 -9999 -9999
2021 02 07 18  -208  -236 10349   360     2 -9999 -9999 -9999
2021 02 07 21  -230  -263 10356   181     4 -9999 -9999 -9999
2021 02 08 00  -233  -265 10375   352     7 -9999 -9999 -9999
2021 02 08 03  -178  -216 10348   328    35 -9999 -9999 -9999
2021 02 08 06  -130  -191 10308   338    23 -9999 -9999 -9999
2021 02 08 09  -130  -187 10297   207    10 -9999 -9999 -9999
2021 02 08 12  -160  -199 10306   146    11 -9999 -9999 -9999
2021 02 08 15  -209  -234 10299   175     9 -9999 -9999 -9999
2021 02 08 18  -214  -240 10281   190    11 -9999 -9999 -9999
2021 02 08 21  -224  -251 10273   218    10 -9999 -9999 -9999
2021 02 09 00  -234  -262 10280   175     6 -9999 -9999 -9999
2021 02 09 03  -120  -174 10256   299     6 -9999 -9999 -9999
2021 02 09 06   -67  -157 10226   322    37 -9999 -9999 -9999
2021 02 09 12  -137  -170 10264   186     4 -9999 -9999 -9999
2021 02 09 15  -183  -205 10248   148    12 -9999 -9999 -9999
2021 02 09 18  -193  -215 10249   360     2 -9999 -9999 -9999
2021 02 09 21  -210  -234 10260   173    10 -9999 -9999 -9999
2021 02 10 00  -202  -228 10280   302     8 -9999 -9999 -9999
2021 02 10 03   -95  -147 10266   318     8 -9999 -9999 -9999
2021 02 10 06    -5  -121 10219   140    10 -9999 -9999 -9999
2021 02 10 09   -40  -134 10225   156    39 -9999 -9999 -9999
2021 02 11 00   -50  -118 10109   155    19 -9999 -9999 -9999
2021 02 13 12  -219  -261 10350   289    17 -9999 -9999 -9999
2021 02 13 15  -254  -285 10346   184    10 -9999 -9999 -9999
2021 02 13 18  -285  -316 10345   197    16 -9999 -9999 -9999
2021 02 13 21  -300  -331 10345   190    10 -9999 -9999     0
2021 02 14 00  -292  -325 10363   194     3 -9999 -9999 -9999
2021 02 14 03  -200  -259 10342   324    45 -9999 -9999 -9999
2021 02 14 06  -173  -262 10325   332    48 -9999 -9999 -9999
2021 02 14 09  -187  -257 10328   325    43 -9999 -9999 -9999
2021 02 14 12  -243  -269 10343   177     9 -9999 -9999 -9999
2021 02 14 15  -274  -306 10320   185    12 -9999 -9999 -9999
2021 02 14 18  -299  -333 10303   173     7 -9999 -9999 -9999
2021 02 14 21  -314  -348 10290   181     6 -9999 -9999 -9999
2021 02 15 00  -319  -353 10299   360     0 -9999 -9999 -9999
2021 02 15 03  -204  -268 10255   334    25 -9999 -9999 -9999
2021 02 15 06  -182  -254 10239   335    46 -9999 -9999 -9999
2021 02 15 09  -190  -230 10242   322    31 -9999 -9999     1
2021 02 15 12  -215  -244 10269   349    26 -9999 -9999     1
2021 02 15 15  -253  -280 10251   360     2 -9999 -9999     1
2021 02 15 18  -307  -341 10265   175     7 -9999 -9999     1
2021 02 15 21  -325  -359 10272   182    11 -9999 -9999 -9999
2021 02 16 00  -324  -359 10299   356     6 -9999 -9999 -9999
2021 02 16 03  -238  -287 10292   332    37 -9999 -9999 -9999
2021 02 16 06  -229  -290 10312   311    55 -9999 -9999 -9999
2021 02 16 09  -250  -303 10349   326    50 -9999 -9999 -9999
2021 02 16 12  -269  -301 10366   320    24 -9999 -9999 -9999
2021 02 16 15  -304  -336 10358   216    10 -9999 -9999 -9999
2021 02 16 18  -329  -365 10368   163     4 -9999 -9999 -9999
2021 02 16 21  -342  -376 10387   360     0 -9999 -9999 -9999
2021 02 17 00  -335  -371 10403   163     4 -9999 -9999 -9999
2021 02 17 03  -224  -287 10382   349    43 -9999 -9999 -9999
2021 02 17 06  -199  -284 10376   336    47 -9999 -9999 -9999
2021 02 17 09  -204  -279 10389   328    27 -9999 -9999 -9999
2021 02 17 12  -272  -309 10412   174     9 -9999 -9999 -9999
2021 02 17 15  -284  -315 10374   165     6 -9999 -9999 -9999
2021 02 17 18  -279  -311 10348   195    14 -9999 -9999 -9999
2021 02 17 21  -289  -320 10328   153     3 -9999 -9999 -9999
2021 02 18 00  -263  -293 10304   321    10 -9999 -9999 -9999
2021 02 18 03   -70  -162 10230   184    21 -9999 -9999 -9999
2021 02 18 06   -45  -139 10195   284    24 -9999 -9999 -9999
2021 02 18 09   -59  -118 10190   313    27 -9999 -9999 -9999
2021 02 18 12  -134  -155 10197   156     9 -9999 -9999 -9999
2021 02 18 15  -144  -162 10126   212    12 -9999 -9999 -9999
2021 02 18 18  -139  -162 10069   181    19 -9999 -9999 -9999
2021 02 18 21  -112  -133 10011   146    20 -9999 -9999 -9999
2021 02 19 00   -69  -109 10017   286    29 -9999 -9999 -9999
2021 02 19 03   -74  -134 10034   304    86 -9999 -9999     6
2021 02 19 06   -87  -157 10045   310    74 -9999 -9999     6
2021 02 19 09   -99  -168 10065   299    80 -9999 -9999 -9999
2021 02 20 15  -115  -142 10083   360     0 -9999 -9999 -9999
2021 02 20 18  -102  -128 10062   309     8 -9999 -9999 -9999
2021 02 20 21   -95  -110 10058   356     4 -9999 -9999    40
2021 02 21 00   -84   -99 10100   352     7 -9999 -9999    81
2021 02 21 06   -95  -141 10143   321    64 -9999 -9999    19
2021 02 21 12  -154  -201 10214   304    51 -9999 -9999     3
2021 02 21 15  -189  -226 10219   301    41 -9999 -9999     3
2021 02 21 18  -215  -250 10252   337    30 -9999 -9999     1
2021 02 21 21  -243  -276 10279   332    20 -9999 -9999     1
2021 02 22 00  -252  -283 10318   339    24 -9999 -9999 -9999
2021 02 22 03  -220  -272 10332   352    47 -9999 -9999 -9999
2021 02 22 06  -194  -263 10333   291    43 -9999 -9999 -9999
2021 02 22 09  -210  -258 10358   282    31 -9999 -9999 -9999
2021 02 22 12  -230  -263 10373   323    31 -9999 -9999     1
2021 02 22 15  -274  -305 10382   360     2 -9999 -9999     1
2021 02 22 18  -320  -355 10392   146     9 -9999 -9999 -9999
2021 02 22 21  -327  -360 10396   186    12 -9999 -9999 -9999
2021 02 23 00  -303  -332 10396   360     2 -9999 -9999 -9999
2021 02 23 03  -179  -248 10363   306    12 -9999 -9999 -9999
2021 02 23 06  -137  -240 10351   325    36 -9999 -9999 -9999
2021 02 23 09  -147  -235 10354   343    20 -9999 -9999 -9999
2021 02 23 12  -234  -269 10369   191    12 -9999 -9999     1
2021 02 23 15  -245  -275 10334   360     0 -9999 -9999     1
2021 02 23 18  -259  -288 10316   360     2 -9999 -9999 -9999
2021 02 23 21  -205  -230 10277   360     1 -9999 -9999     2
2021 02 24 00  -204  -232 10288    80     8 -9999 -9999     3
2021 02 24 03   -95  -172 10269   264    30 -9999 -9999     1
2021 02 24 06  -117  -171 10296   281    57 -9999 -9999 -9999
2021 02 24 09  -150  -196 10304   300    49 -9999 -9999 -9999
2021 02 24 12  -177  -208 10328   332    19 -9999 -9999 -9999
2021 02 24 15  -233  -258 10328   149    13 -9999 -9999 -9999
2021 02 24 18  -275  -305 10352   134     7 -9999 -9999 -9999
2021 02 24 21  -284  -315 10360   184     9 -9999 -9999 -9999
2021 02 25 00  -250  -273 10360   186     6 -9999 -9999 -9999
2021 02 25 03  -127  -208 10336   352    26 -9999 -9999 -9999
2021 02 25 06   -82  -231 10316   167    31 -9999 -9999 -9999
2021 02 25 09   -95  -228 10310   172    32 -9999 -9999 -9999
2021 02 25 12  -170  -235 10319   127    12 -9999 -9999 -9999
2021 02 25 15  -210  -250 10306   143     6 -9999 -9999 -9999
2021 02 25 18  -179  -214 10292   206     8 -9999 -9999 -9999
2021 02 25 21  -194  -232 10304   100     5 -9999 -9999 -9999
2021 02 26 00  -177  -205 10322   146     8 -9999 -9999 -9999
2021 02 26 03   -25  -137 10284   156    35 -9999 -9999 -9999
2021 02 26 06     7  -126 10245   150    36 -9999 -9999 -9999
2021 02 26 09   -15  -114 10235   164    43 -9999 -9999 -9999
2021 02 26 12   -60  -148 10236   153    56 -9999 -9999 -9999
2021 02 26 15   -74  -160 10189   161    53 -9999 -9999 -9999
2021 02 26 18   -62  -160 10154   162    55 -9999 -9999 -9999
2021 02 26 21   -44  -135 10138   169    39 -9999 -9999 -9999
2021 02 27 00     7   -85 10106   190    64 -9999 -9999     7
2021 02 27 03    -7   -35 10113   231    36 -9999 -9999    13
2021 02 27 06   -90  -123 10178   317    52 -9999 -9999    29
2021 02 27 09  -105  -131 10195   346    31 -9999 -9999    36
2021 02 27 12  -115  -152 10215   307    44 -9999 -9999    13
2021 02 27 15  -132  -168 10242   323    49 -9999 -9999 -9999
2021 02 27 18  -164  -195 10293   322    19 -9999 -9999 -9999
2021 02 27 21  -222  -247 10330   175    12 -9999 -9999 -9999
2021 02 28 00  -239  -262 10362   144     4 -9999 -9999 -9999
2021 02 28 03  -167  -256 10372   334    42 -9999 -9999 -9999
2021 02 28 06  -157  -280 10384   327    64 -9999 -9999 -9999
2021 02 28 09  -169  -263 10406   324    42 -9999 -9999 -9999
2021 02 28 12  -232  -278 10438   150    13 -9999 -9999 -9999
2021 02 28 15  -274  -307 10448   194    13 -9999 -9999 -9999
2021 02 28 18  -285  -318 10437   186    12 -9999 -9999 -9999
2021 02 28 21  -290  -321 10423   202    13 -9999 -9999 -9999
2021 03 01 00  -280  -307 10433   357     3 -9999 -9999 -9999
2021 03 01 03  -149  -244 10386    61    17 -9999 -9999 -9999
2021 03 01 06  -100  -240 10336   203    32 -9999 -9999 -9999
2021 03 01 09  -122  -221 10326   262    30 -9999 -9999 -9999
2021 03 01 12  -190  -218 10346   145    13 -9999 -9999     1
2021 03 01 15  -228  -254 10319   180    13 -9999 -9999     1
2021 03 01 18  -252  -281 10306   164     8 -9999 -9999 -9999
2021 03 01 21  -273  -302 10305   185     9 -9999 -9999 -9999
2021 03 02 00  -253  -279 10308   360     2 -9999 -9999 -9999
2021 03 02 03   -92  -229 10253   191    65 -9999 -9999 -9999
2021 03 02 06   -77  -162 10233   200    45 -9999 -9999 -9999
2021 03 02 09   -95  -160 10231   149    26 -9999 -9999 -9999
2021 03 02 12  -155  -201 10234   216     5 -9999 -9999 -9999
2021 03 02 15  -147  -181 10187   193    20 -9999 -9999 -9999
2021 03 02 18  -175  -198 10190   165     5 -9999 -9999 -9999
2021 03 02 21  -210  -235 10181   190     8 -9999 -9999 -9999
2021 03 03 00  -190  -211 10181   320     3 -9999 -9999 -9999
2021 03 03 03  -110  -157 10139   359    10 -9999 -9999 -9999
2021 03 03 06    -5  -128 10095   193    54 -9999 -9999     2
2021 03 03 09   -37   -89 10127   171    25 -9999 -9999     3
2021 03 03 12   -39   -77 10140   164    14 -9999 -9999     2
2021 03 03 15   -45   -72 10124   197    10 -9999 -9999     1
2021 03 03 18   -74   -96 10095   173    15 -9999 -9999 -9999
2021 03 03 21   -90  -105 10095   285     8 -9999 -9999 -9999
2021 03 04 00   -52   -65 10090   175    20 -9999 -9999    10
2021 03 04 03   -30   -63 10106   288    34 -9999 -9999    10
2021 03 04 06   -62  -100 10141   322    51 -9999 -9999     1
2021 03 04 09  -112  -153 10200   310    48 -9999 -9999     3
2021 03 04 12  -152  -235 10237   324    32 -9999 -9999     2
2021 03 04 15  -197  -249 10270   333    23 -9999 -9999 -9999
2021 03 04 18  -247  -279 10316   296    11 -9999 -9999 -9999
2021 03 04 21  -290  -321 10368   173    10 -9999 -9999 -9999
2021 03 05 00  -269  -296 10405   175     7 -9999 -9999 -9999
2021 03 05 03  -195  -266 10414   320    53 -9999 -9999 -9999
2021 03 05 06  -183  -281 10438   321    58 -9999 -9999 -9999
2021 03 05 09  -194  -284 10467   304    49 -9999 -9999 -9999
2021 03 05 12  -259  -300 10500   164     8 -9999 -9999 -9999
2021 03 05 15  -293  -325 10491   192    13 -9999 -9999 -9999
2021 03 05 18  -307  -340 10490   161     5 -9999 -9999 -9999
2021 03 05 21  -314  -347 10490   183     7 -9999 -9999 -9999
2021 03 06 00  -288  -317 10484   350     5 -9999 -9999 -9999
2021 03 06 03  -120  -220 10428   233    29 -9999 -9999 -9999
2021 03 06 06   -82  -244 10394   235    39 -9999 -9999 -9999
2021 03 06 09   -97  -200 10375   162    37 -9999 -9999 -9999
2021 03 06 12  -117  -210 10358   214    32 -9999 -9999 -9999
2021 03 06 15  -117  -175 10306   153    35 -9999 -9999 -9999
2021 03 06 18  -174  -202 10311   154    14 -9999 -9999 -9999
2021 03 06 21  -199  -224 10316   198    13 -9999 -9999 -9999
2021 03 07 00  -183  -208 10319    28     3 -9999 -9999 -9999
2021 03 07 03   -40  -125 10284   360    16 -9999 -9999 -9999
2021 03 07 06    -2  -150 10282   233    26 -9999 -9999 -9999
2021 03 07 09   -10  -143 10289   223    24 -9999 -9999 -9999
2021 03 07 12   -95  -148 10311   151    11 -9999 -9999 -9999
2021 03 07 15  -139  -172 10281   216     8 -9999 -9999 -9999
2021 03 07 18  -149  -174 10260   191    10 -9999 -9999 -9999
2021 03 07 21  -164  -188 10253    91     6 -9999 -9999 -9999
2021 03 08 00  -127  -162 10255   292     6 -9999 -9999 -9999
2021 03 08 03     6  -131 10219   129    19 -9999 -9999 -9999
2021 03 08 06    35  -121 10190   252    33 -9999 -9999 -9999
2021 03 08 09    25  -105 10190   228    21 -9999 -9999 -9999
2021 03 08 12   -29   -88 10207    17     9 -9999 -9999 -9999
2021 03 08 15   -87  -108 10195   189    10 -9999 -9999 -9999
2021 03 08 18   -92  -112 10186   197     7 -9999 -9999 -9999
2021 03 08 21   -65  -141 10208   310    62 -9999 -9999 -9999
2021 03 09 00   -92  -170 10272   326    38 -9999 -9999 -9999
2021 03 09 03   -69  -174 10305   323    68 -9999 -9999 -9999
2021 03 09 06   -52  -201 10303   323    58 -9999 -9999 -9999
2021 03 09 09   -47  -189 10294   328    26 -9999 -9999 -9999
2021 03 09 12  -122  -190 10327   179    22 -9999 -9999 -9999
2021 03 09 15  -150  -211 10313   180    13 -9999 -9999 -9999
2021 03 09 18  -152  -202 10287   208     5 -9999 -9999 -9999
2021 03 09 21  -170  -219 10260    39     6 -9999 -9999 -9999
2021 03 10 00  -125  -195 10254   104    10 -9999 -9999 -9999
2021 03 10 03    32  -101 10216   225    28 -9999 -9999 -9999
2021 03 10 06    27   -64 10225   300    42 -9999 -9999 -9999
2021 03 10 09    12   -67 10251   328    32 -9999 -9999 -9999
2021 03 10 12   -50   -84 10283   333    12 -9999 -9999 -9999
2021 03 10 15   -95  -117 10274   213    12 -9999 -9999 -9999
2021 03 10 18  -131  -152 10291   180    20 -9999 -9999     0
2021 03 10 21  -147  -168 10311   195    16 -9999 -9999 -9999
2021 03 11 00  -119  -145 10331   103     3 -9999 -9999 -9999
2021 03 11 03   -22  -112 10316   337    31 -9999 -9999 -9999
2021 03 11 06     7  -145 10306   317    39 -9999 -9999 -9999
2021 03 11 09    -5  -132 10312   325    19 -9999 -9999 -9999
2021 03 11 12   -77  -127 10338   206    10 -9999 -9999 -9999
2021 03 11 15  -112  -147 10330   177    14 -9999 -9999 -9999
2021 03 11 18  -142  -173 10331   192    10 -9999 -9999 -9999
2021 03 11 21  -162  -187 10341   162     5 -9999 -9999 -9999
2021 03 12 00  -107  -159 10352   170     4 -9999 -9999 -9999
2021 03 12 03     5  -107 10324   342    20 -9999 -9999 -9999
2021 03 12 06    51  -133 10295   284    27 -9999 -9999 -9999
2021 03 12 09    46  -115 10285   258    21 -9999 -9999 -9999
2021 03 12 12   -47  -106 10301   154     6 -9999 -9999 -9999
2021 03 12 15   -84  -124 10271   185    10 -9999 -9999 -9999
2021 03 12 18  -100  -134 10248   191    16 -9999 -9999 -9999
2021 03 12 21  -125  -142 10242   194    12 -9999 -9999 -9999
2021 03 13 00   -79   -97 10255   158    13 -9999 -9999 -9999
2021 03 13 03    57   -96 10216   182    24 -9999 -9999 -9999
2021 03 13 06    80   -70 10191   187    29 -9999 -9999 -9999
2021 03 13 09    75   -66 10190   204    22 -9999 -9999 -9999
2021 03 13 12    -5   -57 10196   156    11 -9999 -9999 -9999
2021 03 13 15    30   -79 10142   188    33 -9999 -9999 -9999
2021 03 13 18    16   -74 10138   156    37 -9999 -9999 -9999
2021 03 13 21    17  -117 10113   140    26 -9999 -9999 -9999
2021 03 14 00    51  -119 10110   156    34 -9999 -9999 -9999
2021 03 14 03    81  -123 10062   171    55 -9999 -9999 -9999
2021 03 14 06    96  -105 10020   178    56 -9999 -9999 -9999
2021 03 14 09    95   -96  9984   164    42 -9999 -9999 -9999
2021 03 14 12    62   -54  9952   161    72 -9999 -9999 -9999
2021 03 14 15    56   -18  9902   168    55 -9999 -9999 -9999
2021 03 14 18    17   -49  9910   259    79 -9999 -9999 -9999
2021 03 14 21   -90  -128  9977   279    49 -9999 -9999    11
2021 03 15 00  -105  -138 10004   279    74 -9999 -9999    17
2021 03 15 03  -114  -136 10016   277    79 -9999 -9999    32
2021 03 15 06   -99  -121 10047   301    82 -9999 -9999    64
2021 03 15 09   -97  -123 10129   310   111 -9999 -9999    61
2021 03 15 12   -97  -122 10191   316    78 -9999 -9999    32
2021 03 15 15  -110  -192 10222   314    76 -9999 -9999     9
2021 03 15 18  -132  -215 10245   346    18 -9999 -9999 -9999
2021 03 15 21  -162  -223 10279   277     9 -9999 -9999 -9999
2021 03 16 00  -137  -222 10281   356    33 -9999 -9999 -9999
2021 03 16 03   -90  -221 10283   330    58 -9999 -9999 -9999
2021 03 16 06   -65  -208 10270   334    42 -9999 -9999 -9999
2021 03 16 09   -77  -190 10284   332    45 -9999 -9999 -9999
2021 03 16 12  -120  -172 10292   275     3 -9999 -9999 -9999
2021 03 16 15  -110  -164 10290   167    11 -9999 -9999 -9999
2021 03 16 18  -139  -179 10283   218     9 -9999 -9999 -9999
2021 03 16 21  -184  -220 10309   192     9 -9999 -9999 -9999
2021 03 17 00  -140  -194 10325   127     4 -9999 -9999 -9999
2021 03 17 03   -49  -198 10299   344    30 -9999 -9999 -9999
2021 03 17 06   -30  -136 10296   341    48 -9999 -9999 -9999
2021 03 17 09   -27  -124 10304   308    46 -9999 -9999 -9999
2021 03 17 12   -55  -119 10312   298    19 -9999 -9999 -9999
2021 03 17 15  -112  -142 10305   168     4 -9999 -9999 -9999
2021 03 17 18  -139  -159 10311   156    10 -9999 -9999 -9999
2021 03 17 21  -157  -180 10316   165    13 -9999 -9999 -9999
2021 03 18 00  -112  -144 10318   154     9 -9999 -9999 -9999
2021 03 18 03   -37  -142 10302   304    32 -9999 -9999 -9999
2021 03 18 06     7  -137 10275   336    20 -9999 -9999 -9999
2021 03 18 09   -17  -116 10288   320    31 -9999 -9999 -9999
2021 03 18 12   -27  -105 10276   301    12 -9999 -9999 -9999
2021 03 18 15   -42   -91 10249    17     4 -9999 -9999 -9999
2021 03 18 18   -55  -101 10239   347    12 -9999 -9999 -9999
2021 03 18 21   -45   -67 10238   159    24 -9999 -9999     3
2021 03 19 00   -42   -60 10240   222     5 -9999 -9999    37
2021 03 19 03     0   -66 10229   237    16 -9999 -9999    34
2021 03 19 06    15   -73 10220   324    25 -9999 -9999 -9999
2021 03 19 09     5   -57 10221   316    30 -9999 -9999 -9999
2021 03 19 12   -12   -51 10230   360     1 -9999 -9999 -9999
2021 03 19 15   -27   -58 10216   360     0 -9999 -9999 -9999
2021 03 19 18   -35   -47 10197   349    11 -9999 -9999     6
2021 03 19 21   -42   -54 10181   337    11 -9999 -9999     6
2021 03 20 00   -44   -56 10178   342    19 -9999 -9999    16
2021 03 20 03   -37   -56 10169   318    29 -9999 -9999    36
2021 03 20 06   -47   -73 10157   322    55 -9999 -9999    24
2021 03 20 09   -44   -89 10163   341    36 -9999 -9999    12
2021 03 20 12   -50  -118 10180   329    39 -9999 -9999     8
2021 03 20 15   -77  -132 10194   331    34 -9999 -9999 -9999
2021 03 20 18  -115  -133 10203   305    10 -9999 -9999 -9999
2021 03 20 21  -155  -177 10214   188    14 -9999 -9999 -9999
2021 03 21 00  -112  -150 10212   132     8 -9999 -9999 -9999
2021 03 21 03   -59  -146 10200   302    42 -9999 -9999 -9999
2021 03 21 06   -39  -136 10185   306    77 -9999 -9999 -9999
2021 03 21 09   -35  -141 10183   293    46 -9999 -9999 -9999
2021 03 21 12   -37  -134 10178   301    34 -9999 -9999 -9999
2021 03 21 15  -102  -139 10182   150    17 -9999 -9999 -9999
2021 03 21 18  -139  -162 10183   207     8 -9999 -9999 -9999
2021 03 21 21  -145  -166 10179   195    12 -9999 -9999 -9999
2021 03 22 00   -84  -122 10153   360     0 -9999 -9999 -9999
2021 03 22 03    41  -119 10112   207    14 -9999 -9999 -9999
2021 03 22 06    60   -91 10094   246    40 -9999 -9999 -9999
2021 03 22 09    60  -107 10087   309    53 -9999 -9999 -9999
2021 03 22 12   -17   -84 10105   131    12 -9999 -9999 -9999
2021 03 22 15   -30   -91 10073   156    15 -9999 -9999 -9999
2021 03 22 18   -54   -98 10074   158    12 -9999 -9999 -9999
2021 03 22 21   -72  -103 10074   157     9 -9999 -9999 -9999
2021 03 23 00   -14   -77 10093    53     7 -9999 -9999 -9999
2021 03 23 03    35   -92 10097   302    75 -9999 -9999 -9999
2021 03 23 06    42   -89 10101   322    71 -9999 -9999 -9999
2021 03 23 09    41   -96 10120   310    60 -9999 -9999 -9999
2021 03 23 12     5   -87 10138   329    22 -9999 -9999 -9999
2021 03 23 15   -44   -82 10147   142     9 -9999 -9999 -9999
2021 03 23 18   -69   -98 10165   170     8 -9999 -9999 -9999
2021 03 23 21   -87  -112 10179   182     4 -9999 -9999 -9999
2021 03 24 00   -42   -84 10188   183     4 -9999 -9999 -9999
2021 03 24 03    31   -86 10181   260    47 -9999 -9999 -9999
2021 03 24 06    56   -94 10157   301    39 -9999 -9999 -9999
2021 03 24 09    57  -100 10146   252    17 -9999 -9999 -9999
2021 03 24 12     1   -76 10151   164    18 -9999 -9999 -9999
2021 03 24 15   -22   -74 10137   142    12 -9999 -9999 -9999
2021 03 24 18   -47   -71 10135   207    13 -9999 -9999 -9999
2021 03 24 21   -60   -78 10152   347     4 -9999 -9999 -9999
2021 03 25 00   -19   -47 10187   326    16 -9999 -9999 -9999
2021 03 25 03    21   -65 10198   327    70 -9999 -9999 -9999
2021 03 25 06    42   -82 10196   324    43 -9999 -9999 -9999
2021 03 25 09    40   -95 10207   334    27 -9999 -9999 -9999
2021 03 25 12   -10   -74 10214   162    14 -9999 -9999 -9999
2021 03 25 15   -25   -68 10198   343     8 -9999 -9999 -9999
2021 03 25 18    21  -107 10154   155    49 -9999 -9999 -9999
2021 03 25 21    20  -105 10122   142    34 -9999 -9999 -9999
2021 03 26 00    17   -65 10110   161    79 -9999 -9999 -9999
2021 03 26 03    32   -36 10085   164    82 -9999 -9999 -9999
2021 03 26 06    77   -63 10037   143    60 -9999 -9999 -9999
2021 03 26 09    72   -51 10052   285    49 -9999 -9999 -9999
2021 03 26 12     6   -46 10082   217     3 -9999 -9999 -9999
2021 03 26 15   -22   -55 10100    13     3 -9999 -9999 -9999
2021 03 26 18   -40   -61 10088   195    15 -9999 -9999 -9999
2021 03 26 21   -59   -74 10081   184    22 -9999 -9999 -9999
2021 03 27 00    -7   -49 10081   132    19 -9999 -9999 -9999
2021 03 27 03    92   -83 10040   163    34 -9999 -9999 -9999
2021 03 27 06   116   -72  9998   146    59 -9999 -9999 -9999
2021 03 27 09   136   -77  9960   181    34 -9999 -9999 -9999
2021 03 27 12   107   -85  9939   155    60 -9999 -9999 -9999
2021 03 27 15    87   -70  9911   160    44 -9999 -9999 -9999
2021 03 27 18    52  -127  9914   179    47 -9999 -9999 -9999
2021 03 27 21    20   -53  9898   175    45 -9999 -9999 -9999
2021 03 28 00    -2   -47  9917   186    46 -9999 -9999 -9999
2021 03 28 03    -7   -35  9922   195    46 -9999 -9999     6
2021 03 28 06     0   -22  9927   231    44 -9999 -9999    15
2021 03 28 09    -7   -25  9951   273    49 -9999 -9999    34
2021 03 28 12   -20   -35  9986   305    55 -9999 -9999    68
2021 03 28 15   -32   -52 10007   308    69 -9999 -9999    80
2021 03 28 18   -35   -56 10017   305    65 -9999 -9999    55
2021 03 28 21   -45   -67 10037   309    47 -9999 -9999    42
2021 03 29 00   -52   -75 10061   315    64 -9999 -9999    35
2021 03 29 03   -35   -72 10077   326    52 -9999 -9999    11
2021 03 29 06   -14   -65 10081   328    59 -9999 -9999 -9999
2021 03 29 09     7   -63 10081   325    58 -9999 -9999 -9999
2021 03 29 12   -40   -88 10110   148     4 -9999 -9999 -9999
2021 03 29 15   -82  -110 10130   152    12 -9999 -9999 -9999
2021 03 29 18  -104  -129 10130   191     4 -9999 -9999 -9999
2021 03 29 21  -105  -139 10132   156    17 -9999 -9999 -9999
2021 03 30 00   -55  -103 10138   333     6 -9999 -9999 -9999
2021 03 30 03    70  -108 10103   326    15 -9999 -9999 -9999
2021 03 30 06   107  -101 10081   183    38 -9999 -9999 -9999
2021 03 30 09    92   -97 10086   154    23 -9999 -9999 -9999
2021 03 30 12    25   -43 10102   188     7 -9999 -9999 -9999
2021 03 30 15    60  -103 10081   164    15 -9999 -9999 -9999
2021 03 30 18    30   -29 10097    61     9 -9999 -9999 -9999
2021 03 30 21    17   -23 10130    42     9 -9999 -9999 -9999
2021 03 31 00    52   -15 10171    53     7 -9999 -9999 -9999
2021 03 31 03    82   -13 10178   331    39 -9999 -9999 -9999
2021 03 31 06   101   -32 10176   294    22 -9999 -9999 -9999
2021 03 31 09    96   -51 10184   330    27 -9999 -9999 -9999
2021 03 31 12    12   -44 10223   173    11 -9999 -9999 -9999
2021 03 31 15   -14   -65 10228   187    11 -9999 -9999 -9999
2021 03 31 18   -17   -76 10227   180    16 -9999 -9999 -9999
2021 03 31 21   -30   -59 10234   360     2 -9999 -9999 -9999
2021 04 01 00     2   -45 10253   360     2 -9999 -9999 -9999
2021 04 01 03    95   -72 10223   178    50 -9999 -9999 -9999
2021 04 01 06   105   -60 10200   176    37 -9999 -9999 -9999
2021 04 01 09    95   -65 10187   174    37 -9999 -9999 -9999
2021 04 01 12    67   -65 10178   167    29 -9999 -9999 -9999
2021 04 01 15    57   -68 10152   196    30 -9999 -9999 -9999
2021 04 01 18    27    -3 10127   146    35 -9999 -9999 -9999
2021 04 01 21    22     5 10100   149    39 -9999 -9999    17
2021 04 02 00    17     8 10124   225    30 -9999 -9999    27
2021 04 02 03    -2    -5 10171   307    67 -9999 -9999    14
2021 04 02 06    -5   -25 10212   317    51 -9999 -9999    11
2021 04 02 09    12  -105 10218   308    80 -9999 -9999     7
2021 04 02 12   -20  -116 10267   306    61 -9999 -9999 -9999
2021 04 02 15   -35  -144 10292   328    31 -9999 -9999 -9999
2021 04 02 18   -60  -129 10298   335    20 -9999 -9999 -9999
2021 04 02 21   -67  -125 10298   335    31 -9999 -9999 -9999
2021 04 03 00   -30  -121 10309   340    32 -9999 -9999 -9999
2021 04 03 03    -4  -130 10310   320    75 -9999 -9999 -9999
2021 04 03 06    11  -116 10303   314    76 -9999 -9999 -9999
2021 04 03 09    17  -114 10285   333    43 -9999 -9999 -9999
2021 04 03 12   -29   -98 10287   310     9 -9999 -9999 -9999
2021 04 03 15   -55  -103 10287   145    16 -9999 -9999 -9999
2021 04 03 18   -72  -116 10271   187     9 -9999 -9999 -9999
2021 04 03 21   -64  -117 10249   161    18 -9999 -9999 -9999
2021 04 04 00    25  -101 10227   114    27 -9999 -9999 -9999
2021 04 04 03    65   -82 10218   284    44 -9999 -9999 -9999
2021 04 04 06    80  -125 10205   317    75 -9999 -9999 -9999
2021 04 04 09    76  -128 10194   304    55 -9999 -9999 -9999
2021 04 04 12     0   -81 10192   200    12 -9999 -9999 -9999
2021 04 04 15   -30   -81 10186   174     5 -9999 -9999 -9999
2021 04 04 18   -45   -88 10174   360     0 -9999 -9999 -9999
2021 04 04 21   -57   -87 10171   345     9 -9999 -9999 -9999
2021 04 05 00    15   -66 10181   350    14 -9999 -9999 -9999
2021 04 05 03    52   -58 10185   298    58 -9999 -9999 -9999
2021 04 05 06    55   -91 10183   329    80 -9999 -9999 -9999
2021 04 05 09    45  -112 10193   313    63 -9999 -9999 -9999
2021 04 05 12    11  -123 10203   308    28 -9999 -9999 -9999
2021 04 05 15   -35  -104 10205   171    11 -9999 -9999 -9999
2021 04 05 18   -62   -94 10216    62     4 -9999 -9999 -9999
2021 04 05 21   -55  -107 10226   341    18 -9999 -9999 -9999
2021 04 06 00   -14   -97 10241   330    38 -9999 -9999 -9999
2021 04 06 03    12  -132 10256   313    76 -9999 -9999 -9999
2021 04 06 06    10  -135 10259   322    87 -9999 -9999 -9999
2021 04 06 09    -2  -206 10267   324    89 -9999 -9999 -9999
2021 04 06 12   -39  -202 10287   333    31 -9999 -9999 -9999
2021 04 06 15   -75  -170 10301   360     2 -9999 -9999 -9999
2021 04 06 18   -97  -151 10305   165    10 -9999 -9999 -9999
2021 04 06 21  -102  -164 10310   162    13 -9999 -9999 -9999
2021 04 07 00   -24  -189 10305   103    13 -9999 -9999 -9999
2021 04 07 03    27  -144 10286   303    60 -9999 -9999 -9999
2021 04 07 06    50  -139 10257   309    94 -9999 -9999 -9999
2021 04 07 09    55  -125 10244   303    61 -9999 -9999 -9999
2021 04 07 12    -5   -96 10254   295    17 -9999 -9999 -9999
2021 04 07 15   -44   -89 10256   210     9 -9999 -9999 -9999
2021 04 07 18   -62   -97 10259   173    12 -9999 -9999 -9999
2021 04 07 21   -72  -102 10267   194     6 -9999 -9999 -9999
2021 04 08 00     1   -86 10272    51     9 -9999 -9999 -9999
2021 04 08 03    67  -101 10262   318    36 -9999 -9999 -9999
2021 04 08 06    87  -107 10249   346    45 -9999 -9999 -9999
2021 04 08 09    86  -108 10238   312    37 -9999 -9999 -9999
2021 04 08 12     2   -79 10253   169    16 -9999 -9999 -9999
2021 04 08 15   -20   -83 10246   166    23 -9999 -9999 -9999
2021 04 08 18   -42   -83 10244   225    11 -9999 -9999 -9999
2021 04 08 21   -60   -83 10250   302     7 -9999 -9999 -9999
2021 04 09 00    22   -63 10254    35     8 -9999 -9999 -9999
2021 04 09 03   100  -113 10237   192    39 -9999 -9999 -9999
2021 04 09 06   125  -119 10217   198    47 -9999 -9999 -9999
2021 04 09 09   126  -126 10209   172    33 -9999 -9999 -9999
2021 04 09 12    37   -82 10213   152    23 -9999 -9999 -9999
2021 04 09 15    62  -133 10178   151    41 -9999 -9999 -9999
2021 04 09 18    70   -95 10160   186    47 -9999 -9999 -9999
2021 04 09 21    77   -97 10146   167    46 -9999 -9999 -9999
2021 04 10 00    95   -96 10162   193    54 -9999 -9999 -9999
2021 04 10 03    85   -54 10168   267    56 -9999 -9999 -9999
2021 04 10 06    92   -24 10166   310    31 -9999 -9999 -9999
2021 04 10 09    80   -45 10173   319    56 -9999 -9999 -9999
2021 04 10 12    50   -81 10190    44     7 -9999 -9999 -9999
2021 04 10 15    30   -79 10211     8     9 -9999 -9999 -9999
2021 04 10 18     0   -66 10217   198     9 -9999 -9999 -9999
2021 04 10 21   -35   -82 10227   186    11 -9999 -9999 -9999
2021 04 11 00    12   -86 10229   194     8 -9999 -9999 -9999
2021 04 11 03    96  -117 10198   214    25 -9999 -9999 -9999
2021 04 11 06   106   -71 10174   177    52 -9999 -9999 -9999
2021 04 11 09    76   -14 10167   155    36 -9999 -9999 -9999
2021 04 11 12    35    15 10159   338    12 -9999 -9999    12
2021 04 11 15    47    10 10111   168    35 -9999 -9999    12
2021 04 11 18    17    12 10095     4    24 -9999 -9999    18
2021 04 11 21   -15   -23 10122   326    43 -9999 -9999    42
2021 04 12 00   -32   -54 10162   318    59 -9999 -9999    30
2021 04 12 03   -34   -96 10183   330    71 -9999 -9999     6
2021 04 12 06   -40  -129 10205   320    92 -9999 -9999 -9999
2021 04 12 09   -50  -143 10220   324    75 -9999 -9999 -9999
2021 04 12 12   -62  -189 10237   308    46 -9999 -9999 -9999
2021 04 12 15   -87  -172 10243   329    28 -9999 -9999 -9999
2021 04 12 18  -115  -161 10242   219     7 -9999 -9999 -9999
2021 04 12 21  -135  -164 10239   180    11 -9999 -9999 -9999
2021 04 13 00   -64  -164 10213     1    28 -9999 -9999 -9999
2021 04 13 03   -20  -185 10185   325    68 -9999 -9999 -9999
2021 04 13 06    -2  -158 10166   294    43 -9999 -9999 -9999
2021 04 13 09   -22  -125 10160   310    46 -9999 -9999 -9999
2021 04 13 12   -40  -115 10150   284    12 -9999 -9999 -9999
2021 04 13 15   -70  -153 10152   263     9 -9999 -9999 -9999
2021 04 13 18  -102  -152 10154   195    15 -9999 -9999 -9999
2021 04 13 21  -125  -156 10167   225     6 -9999 -9999 -9999
2021 04 14 00   -20  -173 10146   133    11 -9999 -9999 -9999
2021 04 14 03    42  -145 10118   259    34 -9999 -9999 -9999
2021 04 14 06    75  -118 10094   287    68 -9999 -9999 -9999
2021 04 14 09    60   -80 10111   317    65 -9999 -9999 -9999
2021 04 14 12    11   -84 10117   292    17 -9999 -9999 -9999
2021 04 14 15   -25   -78 10109   194    14 -9999 -9999 -9999
2021 04 14 18   -37   -76 10093   193     6 -9999 -9999 -9999
2021 04 14 21   -25   -78 10073   184    18 -9999 -9999 -9999
2021 04 15 00    31   -89 10036   148    41 -9999 -9999 -9999
2021 04 15 03    55   -81 10003   138    85 -9999 -9999 -9999
2021 04 15 06    45   -61  9991   138    77 -9999 -9999 -9999
2021 04 15 09    51   -64  9978   147    61 -9999 -9999 -9999
2021 04 15 12    37   -58  9987   164    38 -9999 -9999 -9999
2021 04 15 15    17   -49  9976   134    31 -9999 -9999 -9999
2021 04 15 18    -5   -17  9972   161     4 -9999 -9999    17
2021 04 15 21   -15   -27  9958   310    13 -9999 -9999    36
2021 04 16 00   -24   -38  9978   322    42 -9999 -9999    67
2021 04 16 03   -25   -51 10006   318    73 -9999 -9999    53
2021 04 16 06   -25   -44 10036   322    72 -9999 -9999    22
2021 04 16 09   -32   -48 10081   322    55 -9999 -9999    44
2021 04 16 12   -30   -53 10124   323    47 -9999 -9999    45
2021 04 16 15   -32   -52 10151   316    20 -9999 -9999    28
2021 04 16 18   -52   -68 10174   334    21 -9999 -9999    10
2021 04 16 21   -59   -68 10192   326    31 -9999 -9999 -9999
2021 04 17 00   -40   -66 10209   314    22 -9999 -9999 -9999
2021 04 17 03    16   -82 10202   336    50 -9999 -9999 -9999
2021 04 17 06    41  -119 10192   329    51 -9999 -9999 -9999
2021 04 17 09    50  -124 10180   332    37 -9999 -9999 -9999
2021 04 17 12   -12   -87 10194   166    15 -9999 -9999 -9999
2021 04 17 15   -34   -94 10176   148    16 -9999 -9999 -9999
2021 04 17 18   -45   -82 10156   169     8 -9999 -9999 -9999
2021 04 17 21   -60   -81 10137   324     9 -9999 -9999 -9999
2021 04 18 00   105   -98 10082   137    24 -9999 -9999 -9999
2021 04 18 03   127   -68 10074   210    44 -9999 -9999 -9999
2021 04 18 06   170   -83 10049   289    53 -9999 -9999 -9999
2021 04 18 09   175   -78 10041   293    26 -9999 -9999 -9999
2021 04 18 12    60   -45 10045   161    19 -9999 -9999 -9999
2021 04 18 15    20   -48 10066   323    33 -9999 -9999 -9999
2021 04 18 18    -5   -45 10090   140    10 -9999 -9999 -9999
2021 04 18 21    -7   -60 10119   313    23 -9999 -9999 -9999
2021 04 19 00    20  -126 10160   320    52 -9999 -9999 -9999
2021 04 19 03    40  -143 10180   325    64 -9999 -9999 -9999
2021 04 19 06    60  -148 10187   322    69 -9999 -9999 -9999
2021 04 19 09    56  -162 10192   322    60 -9999 -9999 -9999
2021 04 19 12   -10  -135 10221   308    16 -9999 -9999 -9999
2021 04 19 15   -40  -114 10238   147    12 -9999 -9999 -9999
2021 04 19 18   -52  -120 10240   194    10 -9999 -9999 -9999
2021 04 19 21   -70  -120 10234   360     1 -9999 -9999 -9999
2021 04 20 00    70  -118 10208   163    34 -9999 -9999 -9999
2021 04 20 03   122   -88 10187   161    44 -9999 -9999 -9999
2021 04 20 06   147  -108 10161   178    47 -9999 -9999 -9999
2021 04 20 09   151  -105 10155   175    38 -9999 -9999 -9999
2021 04 20 12   100  -119 10142   151    38 -9999 -9999 -9999
2021 04 20 15    76  -117 10136   172    31 -9999 -9999 -9999
2021 04 20 18    71  -106 10120   203    23 -9999 -9999 -9999
2021 04 20 21    67   -97 10111   184    28 -9999 -9999 -9999
