2021 01 01 00  -265  -300 10274   240    20 -9999 -9999     0
2021 01 01 03  -194  -274 10275   330    30 -9999 -9999     0
2021 01 01 06  -179  -277 10274   320    30 -9999 -9999     0
2021 01 01 09  -210  -281 10283   220    10 -9999 -9999     0
2021 01 01 12  -238  -271 10290   250    10 -9999 -9999     0
2021 01 01 15  -241  -282 10293   230    10 -9999 -9999     0
2021 01 01 18  -240  -289 10289   230    20 -9999 -9999     0
2021 01 01 21  -242  -287 10284   230    20 -9999 -9999     0
2021 01 02 00  -241  -287 10285   230    10 -9999 -9999     0
2021 01 02 03  -170  -254 10285   300    30 -9999 -9999     0
2021 01 02 06  -136  -243 10274   320    20 -9999 -9999     0
2021 01 02 09  -168  -246 10280   220    20 -9999 -9999     0
2021 01 02 12  -181  -247 10283   250    10 -9999 -9999     0
2021 01 02 15  -198  -261 10286   300    20 -9999 -9999     0
2021 01 02 18  -212  -275 10289   300    10 -9999 -9999     0
2021 01 02 21  -236  -277 10292   260    10 -9999 -9999     0
2021 01 03 00  -249  -279 10299   220    10 -9999 -9999     0
2021 01 03 03  -170  -254 10296   320    20 -9999 -9999     0
2021 01 03 06  -145  -249 10285   300    20 -9999 -9999     0
2021 01 03 09  -169  -253 10287   220    20 -9999 -9999     0
2021 01 03 12  -185  -255 10291   230    20 -9999 -9999     0
2021 01 03 15  -216  -266 10294   290    10 -9999 -9999     0
2021 01 03 18  -213  -274 10298     0 -9999 -9999 -9999     0
2021 01 03 21  -234  -280 10293   360    10 -9999 -9999     0
2021 01 04 00  -232  -276 10301   230    20 -9999 -9999     0
2021 01 04 03  -166  -248 10301   280    20 -9999 -9999     0
2021 01 04 06  -142  -241 10288   290    20 -9999 -9999     0
2021 01 04 09  -182  -246 10296   230    10 -9999 -9999     0
2021 01 04 12  -187  -247 10300   220    20 -9999 -9999     0
2021 01 04 15  -199  -259 10305   310    20 -9999 -9999     0
2021 01 04 18  -233  -276 10312   260    10 -9999 -9999     0
2021 01 04 21  -236  -280 10309   240    10 -9999 -9999     0
2021 01 05 00  -243  -284 10317   250    10 -9999 -9999     0
2021 01 05 03  -169  -251 10310   310    20 -9999 -9999     0
2021 01 05 06  -158  -248 10297   260    10 -9999 -9999     0
2021 01 05 09  -172  -243 10295   100    10 -9999 -9999     0
2021 01 05 12  -192  -245 10291   240    10 -9999 -9999     0
2021 01 05 15  -203  -255 10282   280    10 -9999 -9999     0
2021 01 05 18  -204  -258 10267   360    10 -9999 -9999     0
2021 01 05 21  -214  -244 10261    30    20 -9999 -9999     1
2021 01 06 00  -214  -246 10270    10    30 -9999 -9999     1
2021 01 06 03  -206  -251 10269    10    40 -9999 -9999     1
2021 01 06 06  -203  -264 10258   350    30 -9999 -9999     1
2021 01 06 09  -215  -247 10261    40    10 -9999 -9999     1
2021 01 06 12  -246  -272 10266   330    10 -9999 -9999     1
2021 01 06 15  -242  -307 10266   320    20 -9999 -9999     0
2021 01 06 18  -252  -313 10263   290    10 -9999 -9999     0
2021 01 06 21  -277  -323 10254   290    10 -9999 -9999     0
2021 01 07 00  -282  -334 10266   310    10 -9999 -9999     0
2021 01 07 03  -231  -315 10256   340    30 -9999 -9999     0
2021 01 07 06  -211  -299 10244   330    20 -9999 -9999     0
2021 01 07 09  -234  -301 10248   260    10 -9999 -9999     0
2021 01 07 12  -268  -305 10249   250    10 -9999 -9999     0
2021 01 07 15  -278  -320 10243   270    10 -9999 -9999     0
2021 01 07 18  -275  -321 10230   230    20 -9999 -9999     0
2021 01 07 21  -281  -323 10219   240    20 -9999 -9999     0
2021 01 08 00  -277  -319 10215   240    20 -9999 -9999     0
2021 01 08 03  -204  -284 10205   290    20 -9999 -9999     0
2021 01 08 06  -175  -268 10191   300    20 -9999 -9999     0
2021 01 08 09  -190  -271 10192   210    20 -9999 -9999     0
2021 01 08 12  -214  -273 10199   240    10 -9999 -9999     0
2021 01 08 15  -238  -284 10199   240    10 -9999 -9999     0
2021 01 08 18  -249  -289 10199   230    10 -9999 -9999     0
2021 01 08 21  -249  -285 10196   240    10 -9999 -9999     0
2021 01 09 00  -239  -278 10201   240    20 -9999 -9999     0
2021 01 09 03  -158  -236 10198   320    20 -9999 -9999     0
2021 01 09 06  -128  -233 10188   350    30 -9999 -9999     0
2021 01 09 09  -165  -234 10197   180    10 -9999 -9999     0
2021 01 09 12  -200  -230 10211   220    20 -9999 -9999     0
2021 01 09 15  -203  -239 10213   250    20 -9999 -9999     0
2021 01 09 18  -218  -252 10228   240    10 -9999 -9999     0
2021 01 09 21  -227  -259 10232   240    10 -9999 -9999     0
2021 01 10 00  -216  -253 10242   240    20 -9999 -9999     0
2021 01 10 03  -127  -219 10241   310    30 -9999 -9999     0
2021 01 10 06  -101  -209 10232   320    30 -9999 -9999     0
2021 01 10 09  -143  -210 10244   170    10 -9999 -9999     0
2021 01 10 12  -179  -214 10250   230    20 -9999 -9999     0
2021 01 10 15  -176  -219 10245   220    20 -9999 -9999     0
2021 01 10 18  -176  -219 10235   220    10 -9999 -9999     0
2021 01 10 21  -216  -241 10217   260    10 -9999 -9999     0
2021 01 11 00  -213  -240 10204   260    10 -9999 -9999     0
2021 01 11 03  -117  -198 10193   240    10 -9999 -9999     0
2021 01 11 06   -89  -192 10168   240    20 -9999 -9999     0
2021 01 11 09  -130  -197 10170   230    10 -9999 -9999     0
2021 01 11 12  -164  -206 10163   180    20 -9999 -9999     0
2021 01 11 15  -144  -207 10139   210    20 -9999 -9999     0
2021 01 11 18  -196  -217 10126   230    10 -9999 -9999     0
2021 01 11 21  -183  -213 10105    90    20 -9999 -9999     0
2021 01 12 00  -184  -214 10096    80    20 -9999 -9999     0
2021 01 12 03  -147  -188 10083    80    20 -9999 -9999     0
2021 01 12 06  -123  -177 10063    90    20 -9999 -9999     0
2021 01 12 09  -129  -155 10066    90    20 -9999 -9999     4
2021 01 12 12  -138  -159 10072    60    20 -9999 -9999     9
2021 01 12 15  -155  -176 10070    20    20 -9999 -9999     8
2021 01 12 18  -159  -183 10075   350    20 -9999 -9999     6
2021 01 12 21  -179  -204 10085   340    20 -9999 -9999     9
2021 01 13 00  -197  -221 10103   320    10 -9999 -9999     6
2021 01 13 03  -153  -197 10116   340    30 -9999 -9999     0
2021 01 13 06  -128  -187 10122   330    30 -9999 -9999     0
2021 01 13 09  -163  -197 10145   230    10 -9999 -9999     0
2021 01 13 12  -168  -199 10166   250    10 -9999 -9999     0
2021 01 13 15  -212  -239 10185   270    10 -9999 -9999     1
2021 01 13 18  -229  -261 10203   250    10 -9999 -9999     1
2021 01 13 21  -232  -273 10221   240    10 -9999 -9999     0
2021 01 14 00  -240  -275 10242   230    10 -9999 -9999     0
2021 01 14 03  -170  -252 10251   310    20 -9999 -9999     0
2021 01 14 06  -153  -253 10250   350    10 -9999 -9999     0
2021 01 14 09  -170  -241 10259   110    10 -9999 -9999     0
2021 01 14 12  -187  -236 10274     0 -9999 -9999 -9999     0
2021 01 14 15  -205  -238 10276     0 -9999 -9999 -9999     0
2021 01 14 18  -226  -250 10274   100    10 -9999 -9999     0
2021 01 14 21  -248  -277 10273    80    10 -9999 -9999     0
2021 01 15 00  -263  -291 10286   330    10 -9999 -9999     0
2021 01 15 03  -180  -248 10280    10    20 -9999 -9999     0
2021 01 15 06  -153  -238 10268    30    20 -9999 -9999     0
2021 01 15 09  -188  -248 10278   300    10 -9999 -9999     0
2021 01 15 12  -219  -251 10286   250    10 -9999 -9999     0
2021 01 15 15  -227  -268 10287   250    10 -9999 -9999     0
2021 01 15 18  -239  -275 10289   230    10 -9999 -9999     0
2021 01 15 21  -253  -289 10283   240    10 -9999 -9999     0
2021 01 16 00  -229  -277 10277   220    20 -9999 -9999     0
2021 01 16 03  -165  -247 10265   230    30 -9999 -9999     0
2021 01 16 06  -121  -219 10245   240    40 -9999 -9999     0
2021 01 16 09  -144  -213 10246   230    20 -9999 -9999     0
2021 01 16 12  -172  -226 10236   240    20 -9999 -9999     0
2021 01 16 15  -200  -242 10221   230    10 -9999 -9999     0
2021 01 16 18  -204  -251 10202   240    20 -9999 -9999     0
2021 01 16 21  -191  -246 10182   240    20 -9999 -9999     0
2021 01 17 00  -218  -256 10170   240    20 -9999 -9999     0
2021 01 17 03  -152  -228 10160   300    20 -9999 -9999     0
2021 01 17 06  -144  -230 10149    10    30 -9999 -9999     0
2021 01 17 09  -171  -234 10158    90    20 -9999 -9999     0
2021 01 17 12  -183  -219 10177    80    30 -9999 -9999     1
2021 01 17 15  -224  -258 10190    60    20 -9999 -9999     4
2021 01 17 18  -256  -284 10201    10    10 -9999 -9999     3
2021 01 17 21  -279  -310 10219   260    10 -9999 -9999     0
2021 01 18 00  -282  -313 10244   300    10 -9999 -9999     0
2021 01 18 03  -211  -292 10263   360    50 -9999 -9999     0
2021 01 18 06  -200  -302 10274   330    40 -9999 -9999     0
2021 01 18 09  -226  -298 10289   200    10 -9999 -9999     0
2021 01 18 12  -241  -308 10304   230    10 -9999 -9999     0
2021 01 18 15  -259  -301 10309   230    20 -9999 -9999     0
2021 01 18 18  -271  -311 10309   230    10 -9999 -9999     0
2021 01 18 21  -299  -333 10301     0 -9999 -9999 -9999     0
2021 01 19 00  -237  -295 10303   200    20 -9999 -9999     0
2021 01 19 03  -171  -302 10284   180    30 -9999 -9999     0
2021 01 19 06  -150  -253 10262   220    40 -9999 -9999     0
2021 01 19 09  -153  -246 10266   170    30 -9999 -9999     0
2021 01 19 12  -157  -244 10260   190    30 -9999 -9999     0
2021 01 19 15  -169  -234 10251   180    30 -9999 -9999     0
2021 01 19 18  -185  -233 10236   140    10 -9999 -9999     0
2021 01 19 21  -190  -238 10213   150    30 -9999 -9999     0
2021 01 20 00  -199  -243 10186   140    20 -9999 -9999     0
2021 01 20 03  -152  -198 10151   180    20 -9999 -9999     0
2021 01 20 06  -129  -167 10125   250    20 -9999 -9999 -9999
2021 01 20 09  -165  -200 10147   330    10 -9999 -9999     0
2021 01 20 12  -194  -226 10183   330    10 -9999 -9999     0
2021 01 20 15  -221  -245 10218   240    10 -9999 -9999     0
2021 01 20 18  -207  -232 10238   150    10 -9999 -9999     0
2021 01 20 21  -184  -216 10240   250    20 -9999 -9999     0
2021 01 21 00  -157  -187 10256   260    20 -9999 -9999     0
2021 01 21 03  -108  -175 10257   240    20 -9999 -9999     0
2021 01 21 06   -78  -150 10246    20    20 -9999 -9999     0
2021 01 21 09  -110  -160 10256    86     7 -9999 -9999 -9999
2021 01 21 12  -144  -166 10266    50    10 -9999 -9999     0
2021 01 21 15  -158  -180 10270   260    10 -9999 -9999     0
2021 01 21 18  -162  -183 10268   220    20 -9999 -9999     0
2021 01 21 21  -167  -186 10268   230    20 -9999 -9999     0
2021 01 22 00  -171  -192 10277   220    20 -9999 -9999     0
2021 01 22 03  -107  -158 10276   210    20 -9999 -9999     0
2021 01 22 06   -57  -152 10256   220    20 -9999 -9999     0
2021 01 22 09   -85  -151 10256   120    10 -9999 -9999     0
2021 01 22 12   -86  -154 10252   130    30 -9999 -9999     0
2021 01 22 15   -95  -152 10237   200    40 -9999 -9999     0
2021 01 22 18  -117  -161 10228   200    40 -9999 -9999     0
2021 01 22 21  -132  -167 10223   210    40 -9999 -9999     0
2021 01 23 03  -104  -161 10221   220    30 -9999 -9999     0
2021 01 23 06   -42  -131 10193   210    30 -9999 -9999     0
2021 01 23 09   -55  -145 10194   190    10 -9999 -9999     0
2021 01 23 12   -52  -140 10197   210    50 -9999 -9999     0
2021 01 23 15   -83  -141 10209   210    30 -9999 -9999     0
2021 01 23 18  -143  -170 10227    40    10 -9999 -9999     0
2021 01 23 21  -175  -200 10247    40    20 -9999 -9999     0
2021 01 24 00  -183  -206 10269    60    20 -9999 -9999     0
2021 01 24 03  -103  -149 10285    60    30 -9999 -9999     0
2021 01 24 06   -67  -136 10288    50    30 -9999 -9999     0
2021 01 24 09   -96  -157 10313    60    30 -9999 -9999     0
2021 01 24 12  -140  -178 10344    60    30 -9999 -9999     0
2021 01 24 15  -160  -209 10351    60    20 -9999 -9999     0
2021 01 24 18  -178  -233 10355    50    20 -9999 -9999     0
2021 01 24 21  -193  -249 10345    60    30 -9999 -9999     0
2021 01 25 00  -198  -247 10340    60    30 -9999 -9999     0
2021 01 25 03  -166  -242 10320    40    30 -9999 -9999     0
2021 01 25 06  -150  -227 10264    30    20 -9999 -9999     0
2021 01 25 09  -144  -211 10234    70    20 -9999 -9999     0
2021 01 25 12  -151  -198 10220   300    10 -9999 -9999     0
2021 01 25 15  -177  -203 10199   250    20 -9999 -9999 -9999
2021 01 25 18  -202  -223 10193   210    10 -9999 -9999     0
2021 01 25 21  -219  -240 10180   100    10 -9999 -9999     0
2021 01 26 00  -218  -249 10177   300    10 -9999 -9999     0
2021 01 26 03  -155  -199 10173   300    10 -9999 -9999     0
2021 01 26 06  -114  -186 10160   250    30 -9999 -9999     0
2021 01 26 09  -107  -186 10163   210    30 -9999 -9999     0
2021 01 26 12  -144  -235 10188   340    10 -9999 -9999     0
2021 01 26 15  -185  -259 10196   260    10 -9999 -9999     0
2021 01 26 18  -170  -254 10189   230    40 -9999 -9999     0
2021 01 26 21  -188  -246 10199   310    20 -9999 -9999     0
2021 01 27 00  -214  -254 10219   220    10 -9999 -9999     0
2021 01 27 03  -137  -256 10222   280    30 -9999 -9999     0
2021 01 27 06  -111  -239 10198   270    40 -9999 -9999     0
2021 01 27 09  -130  -243 10194   220    10 -9999 -9999     0
2021 01 27 12  -166  -244 10209   320    10 -9999 -9999     0
2021 01 27 15  -186  -262 10215   330    10 -9999 -9999     0
2021 01 27 18  -206  -269 10210    20    10 -9999 -9999     0
2021 01 27 21  -243  -285 10209     0 -9999 -9999 -9999     0
2021 01 28 00  -234  -287 10222   330    20 -9999 -9999     0
2021 01 28 03  -197  -289 10225   340    50 -9999 -9999     0
2021 01 28 06  -189  -297 10224   360    40 -9999 -9999     0
2021 01 28 09  -197  -289 10235   100    10 -9999 -9999     0
2021 01 28 12  -241  -297 10250   290    20 -9999 -9999     0
2021 01 28 15  -252  -322 10255   260    10 -9999 -9999     0
2021 01 28 18  -277  -329 10253   250    10 -9999 -9999     0
2021 01 28 21  -283  -330 10254   240    20 -9999 -9999     0
2021 01 29 00  -279  -325 10254   220    10 -9999 -9999     0
2021 01 29 03  -200  -299 10234   220    20 -9999 -9999     0
2021 01 29 06  -175  -284 10210   140    30 -9999 -9999     0
2021 01 29 09  -190  -254 10210   110    30 -9999 -9999 -9999
2021 01 29 12  -195  -228 10211   110    40 -9999 -9999     5
2021 01 29 15  -202  -233 10215   100    30 -9999 -9999     9
2021 01 29 18  -223  -249 10229    60    20 -9999 -9999     5
2021 01 29 21  -256  -282 10257    70    10 -9999 -9999     2
2021 01 30 00  -277  -301 10285    20    10 -9999 -9999     1
2021 01 30 03  -215  -260 10297    70    10 -9999 -9999     0
2021 01 30 06  -188  -254 10297   230    30 -9999 -9999 -9999
2021 01 30 09  -207  -247 10306   230    20 -9999 -9999     0
2021 01 30 12  -200  -236 10308   190    20 -9999 -9999     0
2021 01 30 15  -203  -237 10303   180    20 -9999 -9999     0
2021 01 30 18  -201  -235 10290   170    30 -9999 -9999     0
2021 01 30 21  -207  -244 10280   180    30 -9999 -9999     0
2021 01 31 00  -219  -250 10279   170    30 -9999 -9999     0
2021 01 31 03  -177  -223 10263   130    20 -9999 -9999     0
2021 01 31 06  -166  -215 10236   160    20 -9999 -9999 -9999
2021 01 31 09  -177  -206 10223    90    30 -9999 -9999     6
2021 01 31 12  -186  -215 10212    90    30 -9999 -9999    20
2021 01 31 15  -195  -224 10199    40    20 -9999 -9999    20
2021 01 31 18  -201  -232 10198    30    30 -9999 -9999    10
2021 01 31 21  -211  -245 10196    10    40 -9999 -9999     8
2021 02 01 00  -222  -259 10218   360    40 -9999 -9999     3
2021 02 01 03  -213  -268 10234    10    50 -9999 -9999 -9999
2021 02 01 06  -202  -282 10235   350    50 -9999 -9999     0
2021 02 01 09  -218  -294 10240   100    20 -9999 -9999     0
2021 02 01 12  -250  -292 10256   250    10 -9999 -9999     0
2021 02 01 15  -259  -309 10247   270    20 -9999 -9999     0
2021 02 01 18  -266  -320 10238   280    10 -9999 -9999     0
2021 02 01 21  -281  -328 10225   270    10 -9999 -9999     0
2021 02 02 00  -271  -325 10224   280    10 -9999 -9999     0
2021 02 02 03  -209  -312 10217   300    30 -9999 -9999     0
2021 02 02 06  -183  -294 10198   270    50 -9999 -9999     0
2021 02 02 09  -203  -278 10197   280    10 -9999 -9999     0
2021 02 02 12  -210  -301 10206   310    20 -9999 -9999     0
2021 02 02 15  -238  -313 10215   290    20 -9999 -9999     0
2021 02 02 18  -264  -324 10213   230    10 -9999 -9999     0
2021 02 02 21  -263  -323 10206   240    20 -9999 -9999     0
2021 02 03 00  -255  -323 10211   250    20 -9999 -9999     0
2021 02 03 03  -184  -287 10203   270    40 -9999 -9999     0
2021 02 03 06  -162  -278 10187   280    30 -9999 -9999     0
2021 02 03 09  -169  -268 10186   210    40 -9999 -9999     0
2021 02 03 12  -196  -278 10197   300    30 -9999 -9999     0
2021 02 03 15  -220  -305 10206   290    10 -9999 -9999     0
2021 02 03 18  -234  -307 10208   290    20 -9999 -9999     0
2021 02 03 21  -264  -315 10210   240    10 -9999 -9999     0
2021 02 04 00  -247  -304 10213   230    10 -9999 -9999     0
2021 02 04 03  -164  -280 10214   260    30 -9999 -9999     0
2021 02 04 06  -131  -274 10192   210    30 -9999 -9999     0
2021 02 04 09  -150  -243 10186   140    20 -9999 -9999     0
2021 02 04 12  -147  -196 10175   170    30 -9999 -9999     0
2021 02 04 15  -156  -195 10143   170    30 -9999 -9999     0
2021 02 04 18  -162  -206 10119   160    30 -9999 -9999     0
2021 02 04 21  -175  -215 10095   330    10 -9999 -9999     0
2021 02 05 00  -193  -217 10089     0 -9999 -9999 -9999     0
2021 02 05 03  -134  -188 10081   300    10 -9999 -9999     0
2021 02 05 06   -97  -166 10083    30    20 -9999 -9999     0
2021 02 05 09  -101  -160 10098   110    10 -9999 -9999     0
2021 02 05 12  -148  -173 10125    90    20 -9999 -9999     0
2021 02 05 15  -193  -215 10146   320    10 -9999 -9999     0
2021 02 05 18  -195  -218 10152   100    10 -9999 -9999     0
2021 02 05 21  -216  -238 10162    70    10 -9999 -9999     0
2021 02 06 00  -227  -253 10189   290    10 -9999 -9999     0
2021 02 06 03  -130  -197 10204   360    30 -9999 -9999     0
2021 02 06 06   -96  -219 10204   330    20 -9999 -9999     0
2021 02 06 09  -112  -221 10208   220    20 -9999 -9999     0
2021 02 06 12  -152  -218 10226   220    20 -9999 -9999     0
2021 02 06 15  -182  -228 10238   290    20 -9999 -9999     0
2021 02 06 18  -174  -239 10253   280    10 -9999 -9999     0
2021 02 06 21  -187  -242 10261   320    10 -9999 -9999     0
2021 02 07 00  -191  -253 10283   310    10 -9999 -9999     0
2021 02 07 03  -133  -232 10288   360    30 -9999 -9999     0
2021 02 07 06  -114  -223 10283   350    30 -9999 -9999     0
2021 02 07 09  -133  -227 10292    90    20 -9999 -9999     0
2021 02 07 12  -191  -237 10304    90    10 -9999 -9999     0
2021 02 07 15  -225  -256 10305   260    10 -9999 -9999     0
2021 02 07 18  -233  -256 10303   230    10 -9999 -9999     0
2021 02 07 21  -245  -268 10301   240    10 -9999 -9999     0
2021 02 08 00  -214  -253 10303   240    10 -9999 -9999     0
2021 02 08 03  -128  -220 10295   290    30 -9999 -9999     0
2021 02 08 06   -94  -205 10271   300    30 -9999 -9999     0
2021 02 08 09  -108  -204 10259   230    20 -9999 -9999     0
2021 02 08 12  -130  -208 10248   220    20 -9999 -9999     0
2021 02 08 15  -129  -205 10222   220    30 -9999 -9999     0
2021 02 08 18  -154  -208 10203   230    20 -9999 -9999     0
2021 02 08 21  -159  -208 10190   230    20 -9999 -9999     0
2021 02 09 00  -160  -205 10190   240    10 -9999 -9999     0
2021 02 09 03   -77  -171 10187   290    20 -9999 -9999     0
2021 02 09 06   -32  -140 10176   280    20 -9999 -9999     0
2021 02 09 12   -55  -131 10181   190    30 -9999 -9999     0
2021 02 09 15   -74  -136 10174   220    10 -9999 -9999     0
2021 02 09 18  -121  -151 10176   270    10 -9999 -9999     0
2021 02 09 21  -106  -142 10182   280    10 -9999 -9999     0
2021 02 10 00  -120  -143 10187   260    20 -9999 -9999     0
2021 02 10 03   -22  -112 10191    10    20 -9999 -9999     0
2021 02 10 06     3   -94 10187   280    20 -9999 -9999     0
2021 02 10 09   -22   -98 10194   230    10 -9999 -9999     0
2021 02 11 00   -62  -101 10135   140    40 -9999 -9999     0
2021 02 13 12  -100  -216 10261   320    20 -9999 -9999     1
2021 02 13 15  -133  -225 10278   320    30 -9999 -9999     0
2021 02 13 18  -152  -231 10280   290    10 -9999 -9999     0
2021 02 13 21  -170  -239 10274   290    20 -9999 -9999     0
2021 02 14 00  -156  -232 10278   290    10 -9999 -9999     0
2021 02 14 03  -112  -221 10269   320    40 -9999 -9999     0
2021 02 14 06   -92  -240 10244   340    40 -9999 -9999     0
2021 02 14 09  -104  -243 10238   300    10 -9999 -9999     0
2021 02 14 12  -158  -232 10241   250    10 -9999 -9999     0
2021 02 14 15  -157  -257 10238   300    20 -9999 -9999     0
2021 02 14 18  -178  -253 10227   310    20 -9999 -9999     0
2021 02 14 21  -199  -257 10216   330    10 -9999 -9999     0
2021 02 15 00  -192  -258 10218   330    10 -9999 -9999     0
2021 02 15 03  -140  -250 10201   350    40 -9999 -9999     0
2021 02 15 06  -125  -248 10177   330    40 -9999 -9999     0
2021 02 15 09  -133  -255 10175   330    10 -9999 -9999     0
2021 02 15 12  -156  -251 10182   100    20 -9999 -9999     0
2021 02 15 15  -210  -258 10188   340    10 -9999 -9999     0
2021 02 15 18  -231  -267 10189   310    10 -9999 -9999     0
2021 02 15 21  -228  -276 10196   330    10 -9999 -9999     0
2021 02 16 00  -220  -271 10205   260    10 -9999 -9999     0
2021 02 16 03  -156  -253 10202   340    50 -9999 -9999     0
2021 02 16 06  -127  -232 10190   330    50 -9999 -9999     0
2021 02 16 09  -120  -234 10189   330    30 -9999 -9999     0
2021 02 16 12  -153  -248 10207   320    40 -9999 -9999     0
2021 02 16 15  -171  -260 10207   320    40 -9999 -9999     0
2021 02 16 18  -171  -253 10206   330    40 -9999 -9999     0
2021 02 16 21  -162  -244 10199   330    40 -9999 -9999     0
2021 02 17 00  -142  -241 10207   350    60 -9999 -9999     0
2021 02 17 03  -110  -225 10211   360    60 -9999 -9999     0
2021 02 17 06   -78  -206 10202   350    60 -9999 -9999     0
2021 02 17 09   -78  -203 10212   350    40 -9999 -9999     0
2021 02 17 12  -112  -210 10226   310    20 -9999 -9999     0
2021 02 17 15  -136  -233 10234   320    20 -9999 -9999     0
2021 02 17 18  -163  -241 10234   250    10 -9999 -9999     0
2021 02 17 21  -174  -243 10228   250    10 -9999 -9999     0
2021 02 18 00  -142  -249 10213   210    30 -9999 -9999     0
2021 02 18 03   -69  -232 10171   210    50 -9999 -9999     0
2021 02 18 06   -35  -207 10110   220    70 -9999 -9999     0
2021 02 18 09   -28  -176 10096   210    20 -9999 -9999     0
2021 02 18 12   -38  -167 10086   220    30 -9999 -9999     0
2021 02 18 15   -88  -162 10086    60    10 -9999 -9999     0
2021 02 18 18   -82  -161 10062    90    20 -9999 -9999     0
2021 02 18 21   -72  -143 10034   120    20 -9999 -9999     0
2021 02 19 00   -74  -147 10000    20    20 -9999 -9999     0
2021 02 19 03   -62  -133  9969   100    20 -9999 -9999     0
2021 02 19 06   -46  -106  9952    30    10 -9999 -9999 -9999
2021 02 19 09   -64  -101  9975    10    20 -9999 -9999     0
2021 02 20 15  -124  -156 10099    89     7 -9999 -9999 -9999
2021 02 20 18  -134  -157 10109    95    12 -9999 -9999 -9999
2021 02 20 21  -120  -147 10109   112    19 -9999 -9999 -9999
2021 02 21 00   -97  -141 10128   143    14 -9999 -9999 -9999
2021 02 21 09   -70   -88 10125   246    17 -9999 -9999     3
2021 02 21 12   -77   -90 10143   242    15 -9999 -9999     6
2021 02 21 15  -110  -120 10145   254    17 -9999 -9999     8
2021 02 21 18  -105  -189 10151   310    40 -9999 -9999     3
2021 02 21 21  -137  -199 10164   306    32 -9999 -9999 -9999
2021 02 22 00  -117  -160 10205   353    53 -9999 -9999 -9999
2021 02 22 03  -100  -163 10223   310    40 -9999 -9999 -9999
2021 02 22 06   -86  -195 10226   330    30 -9999 -9999     0
2021 02 22 09  -100  -213 10235   320    20 -9999 -9999     0
2021 02 22 12  -129  -237 10256   320    40 -9999 -9999     0
2021 02 22 15  -153  -227 10270   320    30 -9999 -9999     0
2021 02 22 18  -173  -248 10283   310    20 -9999 -9999     0
2021 02 22 21  -190  -262 10290   310    20 -9999 -9999     0
2021 02 23 00  -175  -252 10301   300    20 -9999 -9999     0
2021 02 23 03  -126  -234 10299   310    50 -9999 -9999     0
2021 02 23 06  -105  -227 10286   300    40 -9999 -9999     0
2021 02 23 09  -108  -227 10275   230    20 -9999 -9999     0
2021 02 23 12  -147  -226 10278   230    20 -9999 -9999     0
2021 02 23 15  -173  -236 10283   240    20 -9999 -9999     0
2021 02 23 18  -211  -248 10290   230    20 -9999 -9999     0
2021 02 23 21  -173  -242 10276    90    20 -9999 -9999     0
2021 02 24 00  -204  -240 10284   300    10 -9999 -9999     0
2021 02 24 03  -110  -211 10267    60    10 -9999 -9999     0
2021 02 24 06   -90  -196 10246    70    10 -9999 -9999     0
2021 02 24 09   -89  -213 10235   110    10 -9999 -9999     0
2021 02 24 12  -128  -206 10245    90    10 -9999 -9999     0
2021 02 24 15  -176  -192 10257     0 -9999 -9999 -9999     0
2021 02 24 18  -195  -215 10268   240    20 -9999 -9999     0
2021 02 24 21  -196  -223 10274   250    10 -9999 -9999     0
2021 02 25 00  -132  -189 10286   300    20 -9999 -9999     0
2021 02 25 03   -75  -185 10296   300    40 -9999 -9999     0
2021 02 25 06   -49  -202 10281   320    30 -9999 -9999     0
2021 02 25 09   -53  -202 10269   190    20 -9999 -9999     0
2021 02 25 12   -69  -205 10270   170    30 -9999 -9999     0
2021 02 25 15   -75  -191 10263   180    20 -9999 -9999     0
2021 02 25 18  -109  -188 10265   150    10 -9999 -9999     0
2021 02 25 21  -176  -210 10281    20    10 -9999 -9999     0
2021 02 26 00  -162  -204 10308    20    20 -9999 -9999     0
2021 02 26 03   -85  -175 10315    20    30 -9999 -9999     0
2021 02 26 06   -60  -152 10307    40    20 -9999 -9999     0
2021 02 26 09   -70  -152 10300    90    40 -9999 -9999     0
2021 02 26 12   -93  -150 10298   110    40 -9999 -9999     0
2021 02 26 15  -102  -148 10282   130    40 -9999 -9999     0
2021 02 26 18  -104  -152 10255   130    40 -9999 -9999     0
2021 02 26 21  -101  -158 10210   140    30 -9999 -9999     0
2021 02 27 00   -87  -147 10173   170    20 -9999 -9999     0
2021 02 27 03   -29  -107 10125   210    50 -9999 -9999     0
2021 02 27 06    23   -79 10096   220    50 -9999 -9999     0
2021 02 27 09    26   -68 10112   270    20 -9999 -9999     0
2021 02 27 12     1  -125 10153   310    60 -9999 -9999     0
2021 02 27 15   -26  -135 10193   320    30 -9999 -9999     0
2021 02 27 18   -46  -139 10225   320    30 -9999 -9999     0
2021 02 27 21   -65  -147 10249   310    30 -9999 -9999     0
2021 02 28 00   -88  -178 10281   350    20 -9999 -9999     0
2021 02 28 03   -49  -215 10292   350    30 -9999 -9999     0
2021 02 28 06   -34  -189 10288   300    40 -9999 -9999     0
2021 02 28 09   -48  -205 10303   350    30 -9999 -9999     0
2021 02 28 12   -99  -246 10332   310    30 -9999 -9999     0
2021 02 28 15  -129  -249 10361   320    10 -9999 -9999     0
2021 02 28 18  -134  -233 10368   340    30 -9999 -9999     0
2021 02 28 21  -160  -241 10360   292    12 -9999 -9999 -9999
2021 03 01 00  -142  -231 10373   310    10 -9999 -9999     0
2021 03 01 03   -89  -241 10362   360    30 -9999 -9999     0
2021 03 01 06   -71  -243 10318    80    20 -9999 -9999     0
2021 03 01 09   -75  -229 10301   240    10 -9999 -9999     0
2021 03 01 12   -96  -229 10296   130    30 -9999 -9999     0
2021 03 01 15   -99  -210 10285   160    20 -9999 -9999     0
2021 03 01 18  -105  -221 10272   190    30 -9999 -9999     0
2021 03 01 21  -131  -200 10268   170    20 -9999 -9999     0
2021 03 02 00  -130  -204 10273   220    30 -9999 -9999     0
2021 03 02 03   -92  -184 10263   220    30 -9999 -9999     0
2021 03 02 06   -48  -160 10231   200    30 -9999 -9999     0
2021 03 02 09   -49  -150 10213   180    40 -9999 -9999     0
2021 03 02 12   -74  -136 10204   190    40 -9999 -9999     0
2021 03 02 15   -79  -149 10182   170    40 -9999 -9999     0
2021 03 02 18   -78  -150 10168   180    30 -9999 -9999     0
2021 03 02 21   -83  -145 10148   180    20 -9999 -9999     0
2021 03 03 00   -97  -141 10148   340    20 -9999 -9999     0
2021 03 03 03   -44  -125 10136   100    10 -9999 -9999     0
2021 03 03 06   -16  -114 10107   180    30 -9999 -9999     0
2021 03 03 09   -18  -104 10099   170    20 -9999 -9999     0
2021 03 03 12   -23   -86 10100   200    20 -9999 -9999     0
2021 03 03 15   -73  -102 10101    40    10 -9999 -9999     0
2021 03 03 18   -65   -86 10099   240    10 -9999 -9999     0
2021 03 03 21   -79  -100 10094   310    10 -9999 -9999     0
2021 03 04 00   -69   -93 10097    90    10 -9999 -9999     0
2021 03 04 03     4   -91 10090   310    10 -9999 -9999     0
2021 03 04 06    50   -48 10081   270    20 -9999 -9999     0
2021 03 04 09    35   -67 10097    20    10 -9999 -9999     0
2021 03 04 12    16   -90 10135   350    40 -9999 -9999 -9999
2021 03 04 15   -63  -141 10197    10    60 -9999 -9999     0
2021 03 04 18  -129  -207 10248    30    40 -9999 -9999     0
2021 03 04 21  -157  -233 10290   360    20 -9999 -9999     0
2021 03 05 00  -148  -241 10330   360    30 -9999 -9999     0
2021 03 05 03  -116  -277 10347   340    60 -9999 -9999     0
2021 03 05 06   -98  -297 10353   340    60 -9999 -9999     0
2021 03 05 09   -93  -293 10362   330    20 -9999 -9999     0
2021 03 05 12  -128  -275 10386   320    20 -9999 -9999     0
2021 03 05 15  -147  -268 10401   280    20 -9999 -9999     0
2021 03 05 18  -171  -265 10410   240    10 -9999 -9999     0
2021 03 05 21  -186  -258 10407   250    10 -9999 -9999     0
2021 03 06 00  -152  -258 10411   240    20 -9999 -9999     0
2021 03 06 03   -88  -262 10385   250    30 -9999 -9999     0
2021 03 06 06   -65  -233 10354   240    50 -9999 -9999     0
2021 03 06 09   -57  -222 10327   220    30 -9999 -9999     0
2021 03 06 12   -68  -231 10299   200    50 -9999 -9999     0
2021 03 06 15   -73  -216 10262   210    60 -9999 -9999     0
2021 03 06 18   -88  -191 10238   220    50 -9999 -9999     0
2021 03 06 21  -107  -182 10230   220    30 -9999 -9999     0
2021 03 07 00   -62  -159 10238   280    20 -9999 -9999     0
2021 03 07 03    23  -148 10235   320    40 -9999 -9999     0
2021 03 07 06    54  -146 10223   300    40 -9999 -9999     0
2021 03 07 09    55  -140 10226   310    20 -9999 -9999     0
2021 03 07 12    -5  -152 10245    70    10 -9999 -9999     0
2021 03 07 15   -49  -145 10246   100    10 -9999 -9999     0
2021 03 07 18   -68  -133 10242    90    20 -9999 -9999     0
2021 03 07 21   -78  -125 10230    90    10 -9999 -9999     0
2021 03 08 00   -71  -106 10225   240    10 -9999 -9999     0
2021 03 08 03    31   -95 10199   230    40 -9999 -9999     0
2021 03 08 06    82  -112 10153   220    70 -9999 -9999     0
2021 03 08 09    80  -113 10134   210    60 -9999 -9999     0
2021 03 08 12    45   -89 10122   200    60 -9999 -9999     0
2021 03 08 15    11   -79 10118   250    30 -9999 -9999     0
2021 03 08 18   -12  -100 10115   230    20 -9999 -9999     0
2021 03 08 21    -1  -109 10126   280    40 -9999 -9999     0
2021 03 09 00    14  -127 10157   310    70 -9999 -9999     0
2021 03 09 03    27  -199 10195   350    90 -9999 -9999     0
2021 03 09 06    44  -160 10223   350    60 -9999 -9999     0
2021 03 09 09    41  -147 10245    10    20 -9999 -9999     0
2021 03 09 12    -7  -153 10270   350    10 -9999 -9999     0
2021 03 09 15   -56  -128 10277   170    10 -9999 -9999     0
2021 03 09 18   -60  -150 10274   160    10 -9999 -9999     0
2021 03 09 21   -64  -161 10247   170    10 -9999 -9999     0
2021 03 10 00     2  -190 10228   210    50 -9999 -9999     0
2021 03 10 03    56  -162 10197   220    90 -9999 -9999     0
2021 03 10 06    82  -154 10167   210    60 -9999 -9999     0
2021 03 10 09    81  -135 10165   220    40 -9999 -9999     0
2021 03 10 12    44  -121 10185   220    20 -9999 -9999     0
2021 03 10 15     8  -116 10215   340    20 -9999 -9999     0
2021 03 10 18   -22  -131 10233   330    10 -9999 -9999     0
2021 03 10 21   -31  -128 10256    40    10 -9999 -9999     0
2021 03 11 00    -3  -117 10278    10    20 -9999 -9999     0
2021 03 11 03    59  -117 10278    40    20 -9999 -9999     0
2021 03 11 06    78  -138 10262   330    30 -9999 -9999     0
2021 03 11 09    74  -147 10264   360    10 -9999 -9999     0
2021 03 11 12    -8  -130 10276   200    10 -9999 -9999     0
2021 03 11 15   -33   -80 10286   280    10 -9999 -9999     0
2021 03 11 18   -37  -124 10287   240    10 -9999 -9999     0
2021 03 11 21   -61  -122 10290   240    10 -9999 -9999     0
2021 03 12 00   -15  -103 10305   250    10 -9999 -9999     0
2021 03 12 03    72  -110 10296   260    30 -9999 -9999     0
2021 03 12 06   100  -132 10267   220    20 -9999 -9999     0
2021 03 12 09    92  -139 10250   210    30 -9999 -9999     0
2021 03 12 12    58  -122 10246   180    30 -9999 -9999     0
2021 03 12 15    20  -119 10233   220    40 -9999 -9999     0
2021 03 12 18    18  -135 10216   210    50 -9999 -9999     0
2021 03 12 21   -23  -123 10203   220    30 -9999 -9999     0
2021 03 13 00     3  -130 10195   210    30 -9999 -9999     0
2021 03 13 03    76  -112 10184   210    40 -9999 -9999     0
2021 03 13 06   120   -91 10155   210    60 -9999 -9999     0
2021 03 13 09   119   -80 10141   170    30 -9999 -9999     0
2021 03 13 12    93   -83 10140   190    40 -9999 -9999     0
2021 03 13 15    68   -69 10127   210    40 -9999 -9999     0
2021 03 13 18    30   -72 10123   210    40 -9999 -9999     0
2021 03 13 21    26   -79 10120   200    30 -9999 -9999     0
2021 03 14 00    38   -70 10116   210    50 -9999 -9999     0
2021 03 14 03   126   -64 10104   220    70 -9999 -9999     0
2021 03 14 06   154   -74 10068   210    70 -9999 -9999     0
2021 03 14 09   105   -12 10053   180    50 -9999 -9999     0
2021 03 14 12    74    -3 10030   180    70 -9999 -9999     0
2021 03 14 15    60     8  9997   200    70 -9999 -9999     0
2021 03 14 18    54    10  9940   170    70 -9999 -9999     0
2021 03 14 21    59    18  9903   190    70 -9999 -9999     0
2021 03 15 00    67   -44  9907   240    80 -9999 -9999     0
2021 03 15 03    26  -150  9944   260   100 -9999 -9999     0
2021 03 15 06    20  -146  9934   230    70 -9999 -9999     0
2021 03 15 09    13   -60  9946   310    60 -9999 -9999 -9999
2021 03 15 12    -2   -72 10011   320    80 -9999 -9999 -9999
2021 03 15 15   -20  -113 10067   340    70 -9999 -9999     0
2021 03 15 18   -37  -145 10109   340    70 -9999 -9999     0
2021 03 15 21   -64  -149 10136   310    10 -9999 -9999     0
2021 03 16 00   -36  -217 10167   330    50 -9999 -9999     0
2021 03 16 03    -6  -214 10173    10    60 -9999 -9999     0
2021 03 16 06    28  -213 10175   330    40 -9999 -9999     0
2021 03 16 09    21  -185 10185    80    30 -9999 -9999     0
2021 03 16 12   -10  -168 10209   120    10 -9999 -9999     0
2021 03 16 15   -24  -139 10226   160    10 -9999 -9999     0
2021 03 16 18   -54  -132 10232   110    10 -9999 -9999     0
2021 03 16 21   -56  -134 10242    90    10 -9999 -9999     0
2021 03 17 00   -27  -133 10254    30    10 -9999 -9999     0
2021 03 17 03    26  -159 10254   250    30 -9999 -9999     0
2021 03 17 06    50  -167 10237   290    30 -9999 -9999     0
2021 03 17 09    52  -172 10232   310    20 -9999 -9999     0
2021 03 17 12    23  -152 10242   190    20 -9999 -9999     0
2021 03 17 15   -34  -131 10252   290    10 -9999 -9999     0
2021 03 17 18   -52  -113 10252   270    10 -9999 -9999     0
2021 03 17 21   -58  -108 10251   270    20 -9999 -9999     0
2021 03 18 00   -10  -106 10255   310    30 -9999 -9999     0
2021 03 18 03    40  -129 10257    10    20 -9999 -9999     0
2021 03 18 06    66  -148 10240   340    20 -9999 -9999     0
2021 03 18 09    59  -142 10245   360    20 -9999 -9999     0
2021 03 18 15    -1  -118 10249   100    10 -9999 -9999     0
2021 03 18 18   -12   -84 10249     0 -9999 -9999 -9999     0
2021 03 18 21    -4   -93 10248   250    10 -9999 -9999     0
2021 03 19 00    17  -101 10249    90    10 -9999 -9999     0
2021 03 19 03    61   -86 10243   200    20 -9999 -9999     0
2021 03 19 06    70   -74 10230   120    20 -9999 -9999     0
2021 03 19 09    61   -75 10224   150    20 -9999 -9999     0
2021 03 19 12    39   -75 10228   100    10 -9999 -9999     0
2021 03 19 15     2   -73 10224   110    10 -9999 -9999     0
2021 03 19 18     0   -66 10209   120    10 -9999 -9999     0
2021 03 19 21    -4   -70 10193    80    10 -9999 -9999     0
2021 03 20 00     5   -80 10184    90    20 -9999 -9999     0
2021 03 20 03    49  -104 10164    60    20 -9999 -9999     0
2021 03 20 06    59  -112 10136    80    30 -9999 -9999     0
2021 03 20 09    47  -137 10127    80    30 -9999 -9999     0
2021 03 20 12    26  -110 10134    40    20 -9999 -9999     0
2021 03 20 15     1   -96 10126    60    20 -9999 -9999     0
2021 03 20 18   -15   -91 10120    20    20 -9999 -9999     0
2021 03 20 21   -31  -100 10126   340    10 -9999 -9999     0
2021 03 21 00   -11   -85 10131   350    40 -9999 -9999     0
2021 03 21 03    38  -110 10122   360    50 -9999 -9999     0
2021 03 21 06    55  -125 10106   350    40 -9999 -9999     0
2021 03 21 09    51  -160 10106   320    40 -9999 -9999     0
2021 03 21 12     5  -143 10126   310    30 -9999 -9999     0
2021 03 21 15   -17  -108 10125   300    20 -9999 -9999     0
2021 03 21 18   -60  -104 10121   250    10 -9999 -9999     0
2021 03 21 21   -58  -106 10117   230    20 -9999 -9999     0
2021 03 22 00    -2   -89 10118   270    20 -9999 -9999     0
2021 03 22 03    56  -119 10105   260    20 -9999 -9999     0
2021 03 22 06    86  -125 10073   220    30 -9999 -9999     0
2021 03 22 09    80  -130 10053   210    40 -9999 -9999     0
2021 03 22 12    59   -88 10041   190    40 -9999 -9999     0
2021 03 22 15    34   -77 10025   210    40 -9999 -9999     0
2021 03 22 18    -1   -76 10009   230    20 -9999 -9999     0
2021 03 22 21   -27   -88 10013   250    10 -9999 -9999     0
2021 03 23 00    62   -74 10032   320    30 -9999 -9999     0
2021 03 23 03   124   -81 10045   350    30 -9999 -9999     0
2021 03 23 06   136   -96 10051   330    20 -9999 -9999     0
2021 03 23 09   113   -85 10064   360    20 -9999 -9999     0
2021 03 23 12    63   -88 10095    10    20 -9999 -9999     0
2021 03 23 15    43  -122 10109   100    30 -9999 -9999     0
2021 03 23 18     5  -115 10120    90    20 -9999 -9999     0
2021 03 23 21   -38   -98 10141    40    20 -9999 -9999     0
2021 03 24 00     1  -122 10164    80    20 -9999 -9999     0
2021 03 24 03    56  -115 10165    10    20 -9999 -9999     0
2021 03 24 06   101  -101 10149   250    10 -9999 -9999     0
2021 03 24 09    94   -82 10145   170    30 -9999 -9999     0
2021 03 24 12    65   -94 10146   130    30 -9999 -9999     0
2021 03 24 15    60   -83 10137   150    20 -9999 -9999     0
2021 03 24 18    49   -69 10119   140    30 -9999 -9999     0
2021 03 24 21    45   -42 10114   100    20 -9999 -9999 -9999
2021 03 25 00    69   -15 10124    90    10 -9999 -9999     0
2021 03 25 03    88    15 10139   160    20 -9999 -9999     0
2021 03 25 06   114   -28 10143   360    40 -9999 -9999     0
2021 03 25 09    91    18 10167    90    30 -9999 -9999     0
2021 03 25 12    47    15 10197   110    20 -9999 -9999     0
2021 03 25 15    28    10 10209   130    10 -9999 -9999     0
2021 03 25 18    -3   -14 10207   320    10 -9999 -9999     0
2021 03 25 21   -18   -24 10205   230    10 -9999 -9999     0
2021 03 26 00     1   -12 10202   140    20 -9999 -9999     0
2021 03 26 03    22     3 10182   140    30 -9999 -9999     0
2021 03 26 06    33    15 10138   110    30 -9999 -9999 -9999
2021 03 26 09    51    21 10098   110    60 -9999 -9999     0
2021 03 26 12    42    12 10077    90    20 -9999 -9999     0
2021 03 26 15    -2    -9 10065    50    10 -9999 -9999     0
2021 03 26 18   -26   -29 10060   230    10 -9999 -9999     0
2021 03 26 21   -20   -21 10056   230    20 -9999 -9999     0
2021 03 27 00    14     7 10068   250    20 -9999 -9999     0
2021 03 27 03    98   -22 10063   260    30 -9999 -9999     0
2021 03 27 06   129   -38 10039   240    30 -9999 -9999     0
2021 03 27 09   119   -23 10029   130    30 -9999 -9999     0
2021 03 27 12    89   -15 10024   110    50 -9999 -9999     0
2021 03 27 15    73   -19 10004   110    50 -9999 -9999     0
2021 03 27 18    60    10  9981   130    30 -9999 -9999     0
2021 03 27 21    61    22  9950   140    50 -9999 -9999     0
2021 03 28 00    74    29  9951   140    30 -9999 -9999     0
2021 03 28 03    98    40  9942   150    40 -9999 -9999     0
2021 03 28 06    88    42  9925   190    40 -9999 -9999     0
2021 03 28 09    80    35  9916   140    20 -9999 -9999 -9999
2021 03 28 12    70    27  9915   180    30 -9999 -9999     0
2021 03 28 15    57   -15  9902   200    30 -9999 -9999     0
2021 03 28 18    10    -5  9907   350    20 -9999 -9999     0
2021 03 28 21    29    28  9920   360    20 -9999 -9999     0
2021 03 29 00    32    22  9943   350    30 -9999 -9999     6
2021 03 29 03    39    26  9960   350    50 -9999 -9999    10
2021 03 29 06    52    40  9977   340    30 -9999 -9999    20
2021 03 29 09    55    32 10000   350    40 -9999 -9999    20
2021 03 29 12    51     9 10028   310    20 -9999 -9999     2
2021 03 29 15    37    -7 10046   320    20 -9999 -9999     0
2021 03 29 18    30   -12 10066   320    10 -9999 -9999     0
2021 03 29 21     9   -38 10077   310    20 -9999 -9999     0
2021 03 30 00    37   -33 10098   310    30 -9999 -9999     0
2021 03 30 03    76   -62 10099   300    30 -9999 -9999     0
2021 03 30 06   103   -89 10087   340    20 -9999 -9999     0
2021 03 30 09   107   -75 10092   220    10 -9999 -9999     0
2021 03 30 12    77   -57 10106   160    20 -9999 -9999     0
2021 03 30 15    72   -62 10118   130    20 -9999 -9999     0
2021 03 30 18    68   -59 10132   140    20 -9999 -9999     0
2021 03 30 21    27   -30 10147    70    20 -9999 -9999     0
2021 03 31 00    54   -24 10180    50    20 -9999 -9999     0
2021 03 31 03   110   -51 10193    20    30 -9999 -9999     0
2021 03 31 06   133   -63 10191   310    20 -9999 -9999     0
2021 03 31 09   130   -51 10190   250    20 -9999 -9999     0
2021 03 31 12    85   -61 10207   190    10 -9999 -9999     0
2021 03 31 15    34   -48 10215   210    10 -9999 -9999     0
2021 03 31 18    26   -39 10220   200    20 -9999 -9999     0
2021 03 31 21    52   -49 10224   210    30 -9999 -9999     0
2021 04 01 00    81   -40 10238   210    40 -9999 -9999     0
2021 04 01 03   124   -15 10231   210    50 -9999 -9999     0
2021 04 01 06   145   -24 10212   210    60 -9999 -9999     0
2021 04 01 09   140   -29 10194   170    30 -9999 -9999     0
2021 04 01 12   117   -40 10197   180    20 -9999 -9999     0
2021 04 01 15   105   -39 10178   150    20 -9999 -9999     0
2021 04 01 18    90   -42 10161   130    30 -9999 -9999     0
2021 04 01 21    84   -41 10134   140    20 -9999 -9999     0
2021 04 02 00    75     7 10110   160    20 -9999 -9999     4
2021 04 02 03   107    35 10090   210    60 -9999 -9999     6
2021 04 02 06   152    13 10084   280    60 -9999 -9999     2
2021 04 02 09   110   -14 10128   300    60 -9999 -9999     0
2021 04 02 12    63   -51 10169   220    10 -9999 -9999     0
2021 04 02 15    46  -107 10209   330    50 -9999 -9999     0
2021 04 02 18    21  -129 10230   310    30 -9999 -9999     0
2021 04 02 21   -15  -125 10245   250    20 -9999 -9999     0
2021 04 03 00    38  -160 10263   320    50 -9999 -9999     0
2021 04 03 03    61  -179 10258   340    50 -9999 -9999     0
2021 04 03 06    95  -167 10236   320    50 -9999 -9999     0
2021 04 03 09    93  -160 10227   330    40 -9999 -9999     0
2021 04 03 12    32  -112 10241   310    10 -9999 -9999     0
2021 04 03 15     6  -128 10246   340    20 -9999 -9999     0
2021 04 03 18   -12  -111 10237   230    20 -9999 -9999     0
2021 04 03 21     2  -115 10220   220    30 -9999 -9999     0
2021 04 04 00    45   -89 10216   210    30 -9999 -9999     0
2021 04 04 03   105   -98 10189   230    60 -9999 -9999     0
2021 04 04 06   140   -93 10148   220    70 -9999 -9999     0
2021 04 04 09   151   -90 10124   270    40 -9999 -9999     0
2021 04 04 12    69   -83 10147   230    10 -9999 -9999     0
2021 04 04 15    38   -86 10149   160    10 -9999 -9999     0
2021 04 04 18    44   -80 10137   220    20 -9999 -9999     0
2021 04 04 21    21   -92 10128   230    20 -9999 -9999     0
2021 04 05 00    85   -77 10122   260    20 -9999 -9999     0
2021 04 05 03   149   -66 10110   320    50 -9999 -9999     0
2021 04 05 06   135   -72 10113   330    60 -9999 -9999     0
2021 04 05 09   125  -112 10123   320    30 -9999 -9999     0
2021 04 05 12    76   -80 10147   320    20 -9999 -9999     0
2021 04 05 15    24   -72 10149   260    10 -9999 -9999     0
2021 04 05 18    13   -75 10153   280    10 -9999 -9999     0
2021 04 05 21    14   -84 10163   290    30 -9999 -9999     0
2021 04 06 00    54  -112 10193   350    50 -9999 -9999     0
2021 04 06 03    78  -110 10198   310    60 -9999 -9999     0
2021 04 06 06    94  -159 10185   330    60 -9999 -9999     0
2021 04 06 09    77  -199 10198   330    50 -9999 -9999     0
2021 04 06 12    13  -152 10239   320    20 -9999 -9999     0
2021 04 06 15   -17  -159 10261    10    20 -9999 -9999     0
2021 04 06 18   -38  -132 10265   250    10 -9999 -9999     0
2021 04 06 21   -53  -121 10261   250    10 -9999 -9999     0
2021 04 07 00    22  -144 10263   300    30 -9999 -9999     0
2021 04 07 03    60  -159 10241   320    40 -9999 -9999     0
2021 04 07 06    91  -133 10207   330    50 -9999 -9999     0
2021 04 07 09    82  -134 10200    80    40 -9999 -9999     0
2021 04 07 12    35  -157 10225    90    30 -9999 -9999     0
2021 04 07 15   -18  -139 10238    30    10 -9999 -9999     0
2021 04 07 18   -42  -104 10243     0 -9999 -9999 -9999     0
2021 04 07 21   -59   -93 10249     0 -9999 -9999 -9999     0
2021 04 08 00    11  -138 10262   210    10 -9999 -9999     0
2021 04 08 03    61  -158 10256   330    20 -9999 -9999     0
2021 04 08 06    87  -118 10243   360    20 -9999 -9999     0
2021 04 08 09    86  -108 10232    70    20 -9999 -9999     0
2021 04 08 12    51   -95 10242    70    10 -9999 -9999     0
2021 04 08 15    19   -67 10255   200    10 -9999 -9999     0
2021 04 08 18    13   -39 10256   140    10 -9999 -9999     0
2021 04 08 21    48   -94 10258   190    20 -9999 -9999     0
2021 04 09 00    72   -96 10269   180    30 -9999 -9999     0
2021 04 09 03   113   -91 10261   210    40 -9999 -9999     0
2021 04 09 06   126   -69 10239   160    50 -9999 -9999     0
2021 04 09 09   123   -57 10220   180    50 -9999 -9999     0
2021 04 09 12   107   -62 10217   180    40 -9999 -9999     0
2021 04 09 15    97   -62 10210   200    50 -9999 -9999     0
2021 04 09 18    87   -67 10196   210    70 -9999 -9999     0
2021 04 09 21    73   -68 10191   210    70 -9999 -9999     0
2021 04 10 00    98   -61 10185   210    80 -9999 -9999     0
2021 04 10 03   154   -56 10156   200    80 -9999 -9999     0
2021 04 10 06   182   -39 10127   210    70 -9999 -9999     0
2021 04 10 09   189   -33 10116   210    60 -9999 -9999     0
2021 04 10 12   167   -40 10145   300    20 -9999 -9999     0
2021 04 10 15   141    14 10174   250    20 -9999 -9999 -9999
2021 04 10 18   110   -51 10187   340    10 -9999 -9999     0
2021 04 10 21    74   -44 10190   250    10 -9999 -9999     0
2021 04 11 00    90   -76 10200   330    20 -9999 -9999     0
2021 04 11 03   130   -17 10201    20    20 -9999 -9999     0
2021 04 11 06   158   -42 10181   120    20 -9999 -9999     0
2021 04 11 09   152   -52 10164   270    20 -9999 -9999     0
2021 04 11 12   131   -60 10159   150    20 -9999 -9999     0
2021 04 11 15   117    24 10139   190    20 -9999 -9999     0
2021 04 11 18    90    63 10108   140    20 -9999 -9999     3
2021 04 11 21    88    68 10077   210    30 -9999 -9999     6
2021 04 12 00     1    -9 10102   360    60 -9999 -9999    60
2021 04 12 03   -29   -42 10141   360    70 -9999 -9999   110
2021 04 12 06   -20   -58 10163    10    60 -9999 -9999    60
2021 04 12 09   -20   -73 10173    20    60 -9999 -9999     2
2021 04 12 12   -40   -71 10195   360    20 -9999 -9999     0
2021 04 12 15   -33   -61 10191   240    10 -9999 -9999     0
2021 04 12 18   -34   -60 10177   190    10 -9999 -9999     0
2021 04 12 21   -37   -48 10178    20    10 -9999 -9999 -9999
2021 04 13 00   -20   -73 10182   360    40 -9999 -9999     1
2021 04 13 03     1  -139 10163   300    40 -9999 -9999     1
2021 04 13 06    29  -100 10132   290    40 -9999 -9999     0
2021 04 13 09    33   -97 10114   220    40 -9999 -9999     0
2021 04 13 12    19   -79 10118   200    30 -9999 -9999     0
2021 04 13 15    -3   -59 10110   220    30 -9999 -9999     0
2021 04 13 18   -20   -50 10104   240    20 -9999 -9999     0
2021 04 13 21   -42   -71 10106   260    10 -9999 -9999     0
2021 04 14 00     6   -86 10118   290    30 -9999 -9999     0
2021 04 14 03    54  -146 10109   320    40 -9999 -9999     0
2021 04 14 06    80  -130 10090   230    30 -9999 -9999     0
2021 04 14 09    87  -107 10071   180    40 -9999 -9999     0
2021 04 14 12    69   -87 10079   190    40 -9999 -9999     0
2021 04 14 15    34   -74 10084   240    20 -9999 -9999     0
2021 04 14 18    14   -57 10087   220    20 -9999 -9999     0
2021 04 14 21   -18   -48 10094   250    10 -9999 -9999     0
2021 04 15 00    52   -19 10092    80    20 -9999 -9999     0
2021 04 15 03    79   -27 10071   110    40 -9999 -9999     0
2021 04 15 06    96   -30 10052   100    50 -9999 -9999     0
2021 04 15 09   100   -20 10030    90    40 -9999 -9999     0
2021 04 15 12    82   -13 10013    90    50 -9999 -9999     0
2021 04 15 15    56     0  9999    60    30 -9999 -9999     0
2021 04 15 18    56    17  9970    80    30 -9999 -9999     0
2021 04 15 21    72    19  9958   140    40 -9999 -9999     4
2021 04 16 00    74    10  9964   150    40 -9999 -9999     9
2021 04 16 03    71    14  9983   140    40 -9999 -9999     5
2021 04 16 06    70    27  9996    90    50 -9999 -9999 -9999
2021 04 16 09    45    30 10021    80    30 -9999 -9999    30
2021 04 16 12    46    28 10058    60    30 -9999 -9999    30
2021 04 16 15    39    21 10086    50    30 -9999 -9999 -9999
2021 04 16 18    17     1 10106    20    50 -9999 -9999     4
2021 04 16 21    10    -2 10121    10    30 -9999 -9999     5
2021 04 17 00    28   -35 10138    10    50 -9999 -9999     1
2021 04 17 03    73   -24 10150    10    40 -9999 -9999     0
2021 04 17 06   101   -47 10143   360    40 -9999 -9999     0
2021 04 17 09   102   -62 10141   360    20 -9999 -9999     0
2021 04 17 12    65   -52 10149   220    20 -9999 -9999     0
2021 04 17 15    49   -44 10145   220    20 -9999 -9999     0
2021 04 17 18    33   -33 10136   220    30 -9999 -9999     0
2021 04 17 21    33   -33 10126   210    30 -9999 -9999     0
2021 04 18 00    69   -10 10118   220    30 -9999 -9999     0
2021 04 18 03   130   -17 10098   200    30 -9999 -9999     0
2021 04 18 06   156   -24 10069   190    50 -9999 -9999     0
2021 04 18 09   155    -3 10051   180    40 -9999 -9999     0
2021 04 18 12   128    -1 10047   140    30 -9999 -9999     0
2021 04 18 15   109     0 10033   150    20 -9999 -9999     0
2021 04 18 18    85    12 10032   170    20 -9999 -9999     0
2021 04 18 21    40    19 10044   310    20 -9999 -9999     0
2021 04 19 00   114     2 10073   340    60 -9999 -9999     0
2021 04 19 03   144   -21 10092   350    60 -9999 -9999     0
2021 04 19 06   145  -103 10113   360    60 -9999 -9999     0
2021 04 19 09   131  -138 10135   340    60 -9999 -9999     0
2021 04 19 12    77   -88 10163   320    30 -9999 -9999     0
2021 04 19 15    41  -104 10188   320    30 -9999 -9999     0
2021 04 19 18    19   -85 10208    90    10 -9999 -9999     0
2021 04 19 21    -6   -68 10222     0 -9999 -9999 -9999     0
2021 04 20 00    74  -135 10225    50    20 -9999 -9999     0
2021 04 20 03   110  -164 10216   210    20 -9999 -9999     0
2021 04 20 06   131  -130 10194   220    40 -9999 -9999     0
2021 04 20 09   144   -76 10169   200    30 -9999 -9999     0
2021 04 20 12   122   -58 10169   190    40 -9999 -9999     0
2021 04 20 15   117   -62 10160   210    50 -9999 -9999     0
2021 04 20 18   104   -48 10154   210    40 -9999 -9999     0
2021 04 20 21    92   -40 10148   170    30 -9999 -9999     0
