2021 01 08 06  -160  -280 10199   320    30 -9999 -9999     0
2021 01 08 09  -202  -284 10203   220    10 -9999 -9999     0
2021 01 08 12  -245  -299 10204   250    10 -9999 -9999     0
2021 01 08 18  -233  -293 10208   290    20 -9999 -9999     0
2021 01 08 21  -236  -292 10205   270    10 -9999 -9999     0
2021 01 20 21  -203  -231 10242     0 -9999 -9999 -9999     0
2021 01 21 00  -197  -226 10255   200    10 -9999 -9999     0
2021 01 21 03   -72  -152 10244   310    10 -9999 -9999     0
2021 01 21 06   -45  -146 10230   320    30 -9999 -9999     0
2021 01 21 09   -98  -159 10253   310    20 -9999 -9999     0
2021 01 21 12  -160  -185 10267   200    10 -9999 -9999     0
2021 01 21 18  -204  -230 10279   200    10 -9999 -9999     0
2021 01 21 21  -214  -244 10279   210    10 -9999 -9999     0
2021 01 22 00  -176  -199 10289   190    20 -9999 -9999     0
2021 01 24 18  -163  -207 10347   350    40 -9999 -9999     0
2021 01 24 21  -179  -231 10339   350    40 -9999 -9999     0
2021 01 27 12  -132  -251 10208   250    40 -9999 -9999     0
2021 02 02 00  -239  -307 10239   259    36 -9999 -9999 -9999
2021 02 04 00  -217  -278 10225   200    20 -9999 -9999     0
2021 02 13 21  -145  -238 10279   327    31 -9999 -9999 -9999
2021 02 17 12   -92  -233 10233   327    49 -9999 -9999 -9999
2021 02 20 18   -89  -122 10098   243    24 -9999 -9999 -9999
2021 02 20 21   -82  -116 10100   253    17 -9999 -9999 -9999
2021 02 21 00   -92  -111 10121   245    20 -9999 -9999     5
2021 02 21 03   -77  -105 10128   256    38 -9999 -9999    20
2021 02 21 06   -62   -97 10114   289    21 -9999 -9999    17
2021 02 21 12   -97  -111 10148   194     8 -9999 -9999     1
2021 02 21 18  -120  -192 10169   295    44 -9999 -9999     1
2021 02 21 21  -122  -204 10180   288    76 -9999 -9999 -9999
2021 02 22 00  -119  -195 10212   316    61 -9999 -9999 -9999
2021 02 27 18   -22  -153 10225   348    53 -9999 -9999 -9999
2021 02 28 00   -54  -169 10280   337    49 -9999 -9999 -9999
2021 03 02 12   -95  -147 10210   222    21 -9999 -9999 -9999
2021 03 05 06   -85  -264 10357   338    66 -9999 -9999 -9999
2021 03 05 18  -169  -271 10420   285    17 -9999 -9999 -9999
2021 03 06 12   -85  -217 10318   190    37 -9999 -9999 -9999
2021 03 08 00   -37  -117 10232   207    18 -9999 -9999 -9999
2021 03 09 12   -52  -164 10276   360     0 -9999 -9999 -9999
2021 03 11 12   -22  -132 10280   360     0 -9999 -9999 -9999
2021 03 15 06     7  -156  9981   241   112 -9999 -9999 -9999
2021 03 15 09    12  -140  9990   259    84 -9999 -9999 -9999
2021 03 17 12   -37  -188 10248   160     3 -9999 -9999 -9999
2021 03 19 12    25   -66 10226   300     4 -9999 -9999 -9999
2021 03 20 12    12   -46 10134   326    26 -9999 -9999 -9999
2021 03 22 00     0  -111 10130   280    29 -9999 -9999 -9999
2021 03 22 06    87  -118 10086   200    36 -9999 -9999 -9999
2021 03 24 09   105   -83 10145   238    26 -9999 -9999 -9999
2021 03 30 00    50   -55 10108   316    43 -9999 -9999 -9999
2021 03 30 06   125   -81 10090   246    20 -9999 -9999 -9999
2021 04 03 21   -60  -114 10234   281    10 -9999 -9999 -9999
2021 04 10 12   176   -32 10152   204    47 -9999 -9999 -9999
