2021 01 01 00  -245  -276 10451    96     8 -9999 -9999 -9999
2021 01 01 03  -229  -262 10449    69     4 -9999 -9999 -9999
2021 01 01 06  -182  -237 10439   152     8 -9999 -9999 -9999
2021 01 01 09  -174  -221 10432   252     3 -9999 -9999 -9999
2021 01 01 12  -178  -221 10429    64     7 -9999 -9999 -9999
2021 01 01 15  -179  -217 10426   173     6 -9999 -9999 -9999
2021 01 01 18  -177  -202 10413    25     5 -9999 -9999     1
2021 01 01 21  -167  -190 10412   292     7 -9999 -9999     5
2021 01 02 00  -174  -196 10425   192     7 -9999 -9999     8
2021 01 02 03  -195  -223 10449   360     2 -9999 -9999     8
2021 01 02 06  -192  -224 10461   224    19 -9999 -9999     4
2021 01 02 09  -184  -220 10463   269     4 -9999 -9999 -9999
2021 01 02 12  -224  -246 10488   307     3 -9999 -9999 -9999
2021 01 02 15  -262  -290 10506    85    19 -9999 -9999 -9999
2021 01 02 18  -269  -297 10504    62    13 -9999 -9999     1
2021 01 02 21  -289  -319 10507   210     4 -9999 -9999     1
2021 01 03 00  -295  -328 10518    70     8 -9999 -9999     1
2021 01 03 03  -273  -302 10535   119    11 -9999 -9999     1
2021 01 03 06  -224  -259 10525   179     6 -9999 -9999 -9999
2021 01 03 09  -213  -246 10536    77    16 -9999 -9999 -9999
2021 01 03 12  -258  -285 10559   107    11 -9999 -9999 -9999
2021 01 03 15  -285  -315 10577   113     7 -9999 -9999 -9999
2021 01 03 18  -303  -333 10576   136     9 -9999 -9999 -9999
2021 01 03 21  -314  -347 10578    71    18 -9999 -9999 -9999
2021 01 04 00  -314  -344 10599    88    16 -9999 -9999 -9999
2021 01 04 03  -274  -302 10610   136     3 -9999 -9999 -9999
2021 01 04 06  -239  -271 10613   245     4 -9999 -9999 -9999
2021 01 04 09  -220  -266 10615   260    10 -9999 -9999 -9999
2021 01 04 12  -263  -293 10629   108    11 -9999 -9999 -9999
2021 01 04 15  -280  -310 10620    88     9 -9999 -9999 -9999
2021 01 04 18  -287  -317 10598    96    11 -9999 -9999 -9999
2021 01 04 21  -287  -317 10587    88    17 -9999 -9999 -9999
2021 01 05 00  -298  -331 10590   360     1 -9999 -9999 -9999
2021 01 05 03  -274  -305 10581   105     6 -9999 -9999 -9999
2021 01 05 06  -213  -267 10556   179     6 -9999 -9999 -9999
2021 01 05 09  -188  -252 10537   360     2 -9999 -9999 -9999
2021 01 05 12  -254  -285 10553   103     9 -9999 -9999 -9999
2021 01 05 15  -289  -319 10552   122    17 -9999 -9999 -9999
2021 01 05 18  -277  -306 10535   103    16 -9999 -9999 -9999
2021 01 05 21  -284  -318 10539   135     8 -9999 -9999 -9999
2021 01 06 00  -264  -310 10547    80    10 -9999 -9999 -9999
2021 01 06 03  -235  -287 10556   126    11 -9999 -9999 -9999
2021 01 06 06  -167  -246 10531   360     1 -9999 -9999 -9999
2021 01 06 09  -164  -244 10521   360     2 -9999 -9999 -9999
2021 01 06 12  -215  -277 10531   101    11 -9999 -9999 -9999
2021 01 06 15  -229  -287 10520   112    15 -9999 -9999 -9999
2021 01 06 18  -243  -297 10506    74    23 -9999 -9999 -9999
2021 01 06 21  -239  -303 10497   111     6 -9999 -9999 -9999
2021 01 07 00  -255  -306 10505    90     8 -9999 -9999 -9999
2021 01 07 03  -230  -287 10510    85    26 -9999 -9999 -9999
2021 01 07 06  -185  -260 10502   136     9 -9999 -9999 -9999
2021 01 07 09  -154  -239 10485   236     5 -9999 -9999 -9999
2021 01 07 12  -213  -267 10500   102     4 -9999 -9999 -9999
2021 01 07 15  -227  -268 10496    95    10 -9999 -9999 -9999
2021 01 07 18  -235  -278 10479   133     3 -9999 -9999 -9999
2021 01 07 21  -243  -287 10469   100    13 -9999 -9999 -9999
2021 01 08 00  -242  -289 10477   101    10 -9999 -9999 -9999
2021 01 08 03  -234  -281 10495   117    19 -9999 -9999 -9999
2021 01 08 06  -186  -248 10471   220    10 -9999 -9999     0
2021 01 08 09  -176  -239 10471    70    10 -9999 -9999     0
2021 01 08 12  -213  -252 10487   350    10 -9999 -9999     0
2021 01 08 15  -221  -256 10504    90    10 -9999 -9999     0
2021 01 08 18  -205  -247 10478   170    10 -9999 -9999     0
2021 01 08 21  -200  -234 10486   220    20 -9999 -9999     0
2021 01 09 00  -193  -229 10490   305    11 -9999 -9999 -9999
2021 01 09 03  -184  -214 10508   360     2 -9999 -9999 -9999
2021 01 09 06  -175  -213 10508   111    20 -9999 -9999     6
2021 01 09 09  -177  -211 10514   240     6 -9999 -9999     9
2021 01 09 12  -197  -224 10529    94    20 -9999 -9999     4
2021 01 09 15  -222  -246 10545    92    18 -9999 -9999     1
2021 01 09 18  -243  -270 10550   117     9 -9999 -9999 -9999
2021 01 09 21  -259  -286 10557   103    15 -9999 -9999 -9999
2021 01 10 00  -268  -295 10562    96    16 -9999 -9999 -9999
2021 01 10 03  -249  -276 10572   107    16 -9999 -9999 -9999
2021 01 10 06  -183  -226 10548   124    19 -9999 -9999 -9999
2021 01 10 09  -155  -224 10524   139     8 -9999 -9999 -9999
2021 01 10 12  -194  -230 10527    51    15 -9999 -9999 -9999
2021 01 10 15  -200  -232 10520   107     8 -9999 -9999 -9999
2021 01 10 18  -169  -219 10473    37    12 -9999 -9999 -9999
2021 01 10 21  -200  -240 10470    93    31 -9999 -9999 -9999
2021 01 11 00  -209  -250 10463   117    14 -9999 -9999 -9999
2021 01 11 03  -193  -239 10451    76    16 -9999 -9999 -9999
2021 01 11 06  -130  -202 10403    93    14 -9999 -9999 -9999
2021 01 11 09  -110  -181 10387    94    21 -9999 -9999 -9999
2021 01 11 12  -157  -213 10371   142    12 -9999 -9999 -9999
2021 01 11 15  -180  -227 10361   112    18 -9999 -9999 -9999
2021 01 11 18  -175  -226 10318    86    15 -9999 -9999 -9999
2021 01 11 21  -192  -233 10301    97    14 -9999 -9999 -9999
2021 01 12 00  -189  -229 10296    98     4 -9999 -9999 -9999
2021 01 12 03  -179  -236 10301   114    18 -9999 -9999 -9999
2021 01 12 06  -122  -192 10278   107    14 -9999 -9999 -9999
2021 01 12 09  -100  -176 10269    87    23 -9999 -9999 -9999
2021 01 12 12  -129  -181 10275    73    15 -9999 -9999 -9999
2021 01 12 15  -109  -166 10248   126    11 -9999 -9999 -9999
2021 01 12 18  -102  -152 10243   150     6 -9999 -9999 -9999
2021 01 12 21   -85  -133 10201    83    25 -9999 -9999 -9999
2021 01 13 00   -80  -119 10197    26    10 -9999 -9999 -9999
2021 01 13 03   -92  -117 10218   223    18 -9999 -9999     2
2021 01 13 06   -90  -145 10233   132    25 -9999 -9999     6
2021 01 13 09  -112  -146 10247   122    16 -9999 -9999     4
2021 01 13 12  -127  -149 10270   124    15 -9999 -9999 -9999
2021 01 13 15  -137  -157 10297    60    10 -9999 -9999     3
2021 01 13 18  -149  -170 10319    25    15 -9999 -9999     5
2021 01 13 21  -162  -183 10335   311     3 -9999 -9999     2
2021 01 14 00  -164  -185 10361   245    14 -9999 -9999     1
2021 01 14 03  -167  -191 10386   250    11 -9999 -9999     3
2021 01 14 06  -178  -207 10413   274    32 -9999 -9999     2
2021 01 14 09  -194  -224 10438   269    42 -9999 -9999 -9999
2021 01 14 12  -235  -262 10470   264     4 -9999 -9999 -9999
2021 01 14 15  -254  -278 10485   135     7 -9999 -9999 -9999
2021 01 14 18  -289  -320 10497   187     4 -9999 -9999 -9999
2021 01 14 21  -294  -324 10506   104    12 -9999 -9999 -9999
2021 01 15 00  -284  -312 10520    86    15 -9999 -9999 -9999
2021 01 15 03  -279  -309 10539   129    10 -9999 -9999 -9999
2021 01 15 06  -224  -253 10540    97    15 -9999 -9999 -9999
2021 01 15 09  -195  -242 10538   200     3 -9999 -9999 -9999
2021 01 15 12  -259  -287 10560    82    26 -9999 -9999 -9999
2021 01 15 15  -273  -298 10580    86    26 -9999 -9999 -9999
2021 01 15 18  -274  -303 10576   101    19 -9999 -9999 -9999
2021 01 15 21  -269  -299 10572   105     9 -9999 -9999 -9999
2021 01 16 00  -269  -298 10592   360     2 -9999 -9999 -9999
2021 01 16 03  -237  -265 10585   112     9 -9999 -9999 -9999
2021 01 16 06  -170  -225 10546    40     3 -9999 -9999 -9999
2021 01 16 09  -159  -219 10520    97    20 -9999 -9999 -9999
2021 01 16 12  -204  -247 10507   101    11 -9999 -9999 -9999
2021 01 16 15  -218  -264 10472   101    17 -9999 -9999 -9999
2021 01 16 18  -207  -251 10422    54     3 -9999 -9999 -9999
2021 01 16 21  -205  -253 10387    99    12 -9999 -9999 -9999
2021 01 17 00  -194  -242 10373   110    15 -9999 -9999 -9999
2021 01 17 03  -160  -228 10365   103    24 -9999 -9999 -9999
2021 01 17 06  -110  -196 10345   151    12 -9999 -9999 -9999
2021 01 17 09  -112  -190 10335   269     8 -9999 -9999 -9999
2021 01 17 12  -179  -218 10345   104    22 -9999 -9999 -9999
2021 01 17 15  -190  -239 10335   108    12 -9999 -9999 -9999
2021 01 17 18  -200  -237 10312    93    22 -9999 -9999 -9999
2021 01 17 21  -195  -234 10298    96     3 -9999 -9999 -9999
2021 01 18 00  -188  -229 10291   104    16 -9999 -9999 -9999
2021 01 18 03  -167  -224 10283    97    17 -9999 -9999 -9999
2021 01 18 06  -117  -190 10269   102    29 -9999 -9999 -9999
2021 01 18 09   -97  -192 10251    92    13 -9999 -9999 -9999
2021 01 18 12  -162  -211 10271   125     5 -9999 -9999 -9999
2021 01 18 15  -183  -224 10275   106    20 -9999 -9999 -9999
2021 01 18 18  -194  -224 10268   103     6 -9999 -9999 -9999
2021 01 18 21  -204  -241 10263    86    10 -9999 -9999 -9999
2021 01 19 00  -190  -226 10278   103    17 -9999 -9999 -9999
2021 01 19 03  -159  -210 10287    94    21 -9999 -9999 -9999
2021 01 19 06   -95  -187 10280   116     6 -9999 -9999 -9999
2021 01 19 09   -84  -165 10276   208     7 -9999 -9999 -9999
2021 01 19 12  -140  -191 10289   114    12 -9999 -9999 -9999
2021 01 19 15  -160  -196 10286    91     6 -9999 -9999 -9999
2021 01 19 18  -170  -207 10280    75    14 -9999 -9999 -9999
2021 01 19 21  -164  -204 10268   353    13 -9999 -9999 -9999
2021 01 20 00  -157  -194 10288     6     3 -9999 -9999 -9999
2021 01 20 03  -144  -197 10304   110    13 -9999 -9999 -9999
2021 01 20 06  -105  -159 10307   288     7 -9999 -9999 -9999
2021 01 20 09   -77  -146 10295    91    22 -9999 -9999 -9999
2021 01 20 12  -102  -160 10321   138    10 -9999 -9999 -9999
2021 01 20 15  -117  -163 10334   360     2 -9999 -9999 -9999
2021 01 20 18  -115  -160 10323    81    19 -9999 -9999 -9999
2021 01 20 21  -129  -171 10321   100    10 -9999 -9999     0
2021 01 21 00  -120  -165 10321   100    20 -9999 -9999     0
2021 01 21 03   -90  -136 10314     0 -9999 -9999 -9999     0
2021 01 21 06   -41   -84 10278   260    10 -9999 -9999     0
2021 01 21 09   -21   -92 10256     0 -9999 -9999 -9999     0
2021 01 21 12   -86  -110 10246   180    10 -9999 -9999     0
2021 01 21 15   -85  -115 10220   170    10 -9999 -9999     0
2021 01 21 18  -102  -119 10193   190    20 -9999 -9999     0
2021 01 21 21   -67  -120 10165   190    30 -9999 -9999     0
2021 01 22 00   -25  -102 10159   124    13 -9999 -9999 -9999
2021 01 22 03    -9  -105 10147    30    78 -9999 -9999 -9999
2021 01 22 06    11   -98 10138   207    20 -9999 -9999 -9999
2021 01 22 09    15   -71 10122   242     6 -9999 -9999 -9999
2021 01 22 12   -54  -106 10138   100    14 -9999 -9999 -9999
2021 01 22 15   -87  -123 10173   247    13 -9999 -9999 -9999
2021 01 22 18  -107  -134 10219   102    20 -9999 -9999 -9999
2021 01 22 21  -102  -126 10251   108    15 -9999 -9999 -9999
2021 01 23 00   -75   -88 10282   266    56 -9999 -9999    17
2021 01 23 03  -115  -136 10339   264    86 -9999 -9999    19
2021 01 23 06  -124  -148 10369   266    65 -9999 -9999     2
2021 01 23 09  -127  -154 10365   281    50 -9999 -9999 -9999
2021 01 23 12  -149  -177 10384    40     9 -9999 -9999 -9999
2021 01 23 15  -160  -182 10396    80     8 -9999 -9999 -9999
2021 01 23 18  -184  -205 10397   106     5 -9999 -9999 -9999
2021 01 23 21  -194  -215 10395    92    13 -9999 -9999 -9999
2021 01 24 00  -199  -221 10407    29    17 -9999 -9999 -9999
2021 01 24 03  -179  -203 10425   360     1 -9999 -9999 -9999
2021 01 24 06  -142  -164 10425   360     1 -9999 -9999     1
2021 01 24 09  -135  -168 10433   111    24 -9999 -9999     1
2021 01 24 12  -147  -171 10439    99    23 -9999 -9999 -9999
2021 01 24 15  -127  -147 10420    90    30 -9999 -9999    10
2021 01 24 18  -110  -129 10394    70    30 -9999 -9999    40
2021 01 24 21  -118  -135 10394   280    10 -9999 -9999    60
2021 01 25 00  -160  -179 10422   264    26 -9999 -9999    31
2021 01 25 03  -199  -225 10450   252    12 -9999 -9999     6
2021 01 25 06  -193  -222 10450   234    18 -9999 -9999     2
2021 01 25 09  -182  -218 10444    83    18 -9999 -9999 -9999
2021 01 25 12  -235  -259 10463    79    19 -9999 -9999 -9999
2021 01 25 15  -243  -269 10463   100    14 -9999 -9999 -9999
2021 01 25 18  -248  -274 10451   119     9 -9999 -9999 -9999
2021 01 25 21  -209  -234 10427    78     9 -9999 -9999 -9999
2021 01 26 00  -195  -223 10429   308    12 -9999 -9999 -9999
2021 01 26 03  -188  -217 10439    55     7 -9999 -9999 -9999
2021 01 26 06  -150  -194 10433   360     2 -9999 -9999 -9999
2021 01 26 09  -145  -188 10421   360     2 -9999 -9999 -9999
2021 01 26 12  -184  -215 10442    51     9 -9999 -9999     1
2021 01 26 15  -217  -242 10463   109     9 -9999 -9999     1
2021 01 26 18  -237  -260 10467    94    14 -9999 -9999 -9999
2021 01 26 21  -244  -270 10474   108     7 -9999 -9999 -9999
2021 01 27 00  -238  -267 10491    89    21 -9999 -9999 -9999
2021 01 27 03  -215  -244 10495   104    20 -9999 -9999 -9999
2021 01 27 06  -129  -212 10474   162     5 -9999 -9999 -9999
2021 01 27 09  -144  -203 10467   360     2 -9999 -9999 -9999
2021 01 27 12  -185  -227 10474   360     1 -9999 -9999 -9999
2021 01 27 15  -207  -237 10474   112     6 -9999 -9999 -9999
2021 01 27 18  -215  -244 10458    89    25 -9999 -9999 -9999
2021 01 27 21  -208  -245 10451    92     6 -9999 -9999 -9999
2021 01 28 00  -188  -224 10449   120    12 -9999 -9999 -9999
2021 01 28 03  -185  -232 10465    74    17 -9999 -9999 -9999
2021 01 28 06  -102  -189 10444   360     1 -9999 -9999 -9999
2021 01 28 09  -134  -193 10436   314    10 -9999 -9999 -9999
2021 01 28 12  -177  -215 10449    78    12 -9999 -9999 -9999
2021 01 28 15  -197  -228 10460   102     8 -9999 -9999 -9999
2021 01 28 18  -213  -238 10449    97    22 -9999 -9999 -9999
2021 01 28 21  -215  -245 10461    92    15 -9999 -9999 -9999
2021 01 29 00  -220  -252 10473   104     9 -9999 -9999 -9999
2021 01 29 03  -189  -227 10481   113    16 -9999 -9999 -9999
2021 01 29 06  -135  -201 10472    21     3 -9999 -9999 -9999
2021 01 29 09  -129  -187 10460   254    11 -9999 -9999 -9999
2021 01 29 12  -179  -217 10468    89     7 -9999 -9999 -9999
2021 01 29 15  -194  -224 10459    86    17 -9999 -9999 -9999
2021 01 29 18  -194  -225 10441    61    19 -9999 -9999 -9999
2021 01 29 21  -164  -198 10421   120     9 -9999 -9999 -9999
2021 01 30 00  -145  -186 10416    89    20 -9999 -9999 -9999
2021 01 30 03  -157  -198 10422    17    12 -9999 -9999 -9999
2021 01 30 06  -117  -173 10409    71    10 -9999 -9999 -9999
2021 01 30 09  -122  -163 10391    68    19 -9999 -9999 -9999
2021 01 30 12  -170  -192 10394    93    23 -9999 -9999 -9999
2021 01 30 15  -189  -209 10398    79    24 -9999 -9999 -9999
2021 01 30 18  -199  -223 10383    84    16 -9999 -9999 -9999
2021 01 30 21  -209  -233 10369    79    18 -9999 -9999 -9999
2021 01 31 00  -204  -228 10373   112     7 -9999 -9999 -9999
2021 01 31 03  -190  -217 10371   360     2 -9999 -9999 -9999
2021 01 31 06  -142  -189 10361   284     3 -9999 -9999 -9999
2021 01 31 09  -120  -171 10350    74    16 -9999 -9999 -9999
2021 01 31 12  -162  -191 10360   360     2 -9999 -9999 -9999
2021 01 31 15  -179  -216 10355    39    10 -9999 -9999 -9999
2021 01 31 18  -193  -220 10349   104     8 -9999 -9999 -9999
2021 01 31 21  -184  -210 10332    85    23 -9999 -9999 -9999
2021 02 01 00  -189  -219 10340    89    23 -9999 -9999 -9999
2021 02 01 03  -164  -206 10348   114    17 -9999 -9999 -9999
2021 02 01 06   -95  -165 10339    79    11 -9999 -9999 -9999
2021 02 01 09   -80  -145 10335   360     2 -9999 -9999 -9999
2021 02 01 12  -117  -176 10351    94    10 -9999 -9999 -9999
2021 02 01 15  -117  -175 10354    86    18 -9999 -9999 -9999
2021 02 01 18  -160  -202 10354    93    19 -9999 -9999 -9999
2021 02 01 21  -137  -193 10346    99    22 -9999 -9999 -9999
2021 02 02 00  -159  -206 10360    97    21 -9999 -9999 -9999
2021 02 02 03  -139  -198 10363    95    16 -9999 -9999 -9999
2021 02 02 06  -100  -167 10370   211     5 -9999 -9999 -9999
2021 02 02 09   -75  -151 10355   360     1 -9999 -9999 -9999
2021 02 02 12  -125  -174 10382    75    14 -9999 -9999 -9999
2021 02 02 15  -150  -188 10398    69    25 -9999 -9999 -9999
2021 02 02 18  -155  -199 10393   102    14 -9999 -9999 -9999
2021 02 02 21  -135  -189 10383    96     4 -9999 -9999 -9999
2021 02 03 00  -120  -173 10390   108    21 -9999 -9999 -9999
2021 02 03 03  -115  -174 10401   119    12 -9999 -9999 -9999
2021 02 03 06   -50  -151 10385   360     0 -9999 -9999 -9999
2021 02 03 09   -62  -128 10377    89    21 -9999 -9999 -9999
2021 02 03 12  -120  -160 10392    73    20 -9999 -9999     1
2021 02 03 15  -140  -168 10396    81     9 -9999 -9999     1
2021 02 03 18  -145  -182 10376   113    13 -9999 -9999 -9999
2021 02 03 21  -112  -158 10361   360     2 -9999 -9999 -9999
2021 02 04 00  -107  -141 10363   129    12 -9999 -9999 -9999
2021 02 04 03   -99  -142 10366    95     8 -9999 -9999 -9999
2021 02 04 06   -47  -111 10352   105    17 -9999 -9999 -9999
2021 02 04 09   -27   -93 10326   233     6 -9999 -9999 -9999
2021 02 04 12   -55   -90 10329    87    20 -9999 -9999 -9999
2021 02 04 15   -85  -110 10327   360     0 -9999 -9999 -9999
2021 02 04 18  -119  -138 10313    82    11 -9999 -9999 -9999
2021 02 04 21  -124  -137 10298   111     5 -9999 -9999 -9999
2021 02 05 00  -140  -157 10298   100    12 -9999 -9999 -9999
2021 02 05 03  -110  -126 10305    93    21 -9999 -9999 -9999
2021 02 05 06   -57  -105 10301   360     0 -9999 -9999 -9999
2021 02 05 09   -45   -89 10290   360     1 -9999 -9999 -9999
2021 02 05 12   -94  -116 10308    85    14 -9999 -9999 -9999
2021 02 05 15  -115  -130 10309    95    20 -9999 -9999 -9999
2021 02 05 18  -142  -159 10303    83    12 -9999 -9999 -9999
2021 02 05 21  -142  -167 10291   110     7 -9999 -9999 -9999
2021 02 06 00  -132  -150 10300   121    12 -9999 -9999 -9999
2021 02 06 03   -90  -121 10298    97    20 -9999 -9999 -9999
2021 02 06 06   -45  -109 10296   115     4 -9999 -9999 -9999
2021 02 06 09   -40   -87 10285   229    19 -9999 -9999 -9999
2021 02 06 12   -89  -119 10300    90    19 -9999 -9999 -9999
2021 02 06 15   -92  -117 10293    89    10 -9999 -9999 -9999
2021 02 06 18   -87  -115 10289   260    14 -9999 -9999 -9999
2021 02 06 21   -79  -114 10283     4    20 -9999 -9999 -9999
2021 02 07 00  -104  -129 10301    95    13 -9999 -9999 -9999
2021 02 07 03   -95  -137 10325    93    24 -9999 -9999 -9999
2021 02 07 06   -25   -84 10316   210     6 -9999 -9999 -9999
2021 02 07 09   -20   -76 10312   193    15 -9999 -9999 -9999
2021 02 07 12   -54   -91 10336    57     9 -9999 -9999 -9999
2021 02 07 15   -72  -113 10337   100    19 -9999 -9999 -9999
2021 02 07 18   -77  -117 10318    77    23 -9999 -9999 -9999
2021 02 07 21   -89  -120 10306   342    16 -9999 -9999 -9999
2021 02 08 00   -42  -106 10286   109    24 -9999 -9999 -9999
2021 02 08 03   -10   -94 10281   252     7 -9999 -9999 -9999
2021 02 08 06     5   -64 10261   211    10 -9999 -9999 -9999
2021 02 08 09     2   -53 10244   360     2 -9999 -9999 -9999
2021 02 08 12   -22   -77 10215   274    10 -9999 -9999 -9999
2021 02 08 15    -9   -71 10195   280    15 -9999 -9999 -9999
2021 02 08 18   -47   -91 10182   273    11 -9999 -9999 -9999
2021 02 08 21   -70  -100 10181   175     7 -9999 -9999 -9999
2021 02 09 00   -52   -84 10195   106    28 -9999 -9999 -9999
2021 02 09 03   -29   -69 10216   358    18 -9999 -9999 -9999
2021 02 09 06   -15   -37 10217   232     6 -9999 -9999 -9999
2021 02 09 12   -17   -25 10215   293    12 -9999 -9999     4
2021 02 09 15   -25   -32 10202   290    11 -9999 -9999    26
2021 02 09 18   -55   -65 10205   269    27 -9999 -9999    97
2021 02 09 21   -54   -66 10202   279    48 -9999 -9999   128
2021 02 10 00   -77   -90 10234   266    52 -9999 -9999    63
2021 02 10 03  -124  -141 10303   268    60 -9999 -9999    10
2021 02 10 06  -107  -149 10326   120    10 -9999 -9999 -9999
2021 02 10 09  -105  -164 10324   143     5 -9999 -9999 -9999
2021 02 13 12  -140  -159 10366    44     9 -9999 -9999 -9999
2021 02 13 15  -179  -198 10388    79    17 -9999 -9999 -9999
2021 02 13 18  -199  -218 10393    76    17 -9999 -9999 -9999
2021 02 14 00  -208  -232 10422    84     9 -9999 -9999 -9999
2021 02 14 03  -167  -190 10445    85    11 -9999 -9999 -9999
2021 02 14 06  -117  -150 10441   360     0 -9999 -9999 -9999
2021 02 14 09   -77  -139 10416   228     1 -9999 -9999 -9999
2021 02 14 12  -155  -188 10431    76     7 -9999 -9999 -9999
2021 02 14 15  -175  -196 10428    76    19 -9999 -9999 -9999
2021 02 14 18  -175  -194 10413    76    27 -9999 -9999 -9999
2021 02 14 21  -185  -208 10398    76    18 -9999 -9999 -9999
2021 02 15 00  -195  -219 10412    76     8 -9999 -9999 -9999
2021 02 15 03  -167  -190 10420    76    10 -9999 -9999 -9999
2021 02 15 06   -95  -153 10404   164     4 -9999 -9999 -9999
2021 02 15 09   -87  -146 10395    59    15 -9999 -9999 -9999
2021 02 15 12  -130  -164 10407    73    13 -9999 -9999 -9999
2021 02 15 15  -162  -188 10408    76    14 -9999 -9999 -9999
2021 02 15 18  -178  -200 10390   103    13 -9999 -9999 -9999
2021 02 15 21  -194  -221 10384   142    10 -9999 -9999 -9999
2021 02 16 00  -187  -210 10387   113    15 -9999 -9999 -9999
2021 02 16 03  -152  -193 10389   149     8 -9999 -9999 -9999
2021 02 16 06   -77  -136 10373   101    16 -9999 -9999 -9999
2021 02 16 09   -45  -118 10357   360     2 -9999 -9999 -9999
2021 02 16 12  -105  -144 10363    96    20 -9999 -9999 -9999
2021 02 16 15  -130  -157 10363   360     0 -9999 -9999 -9999
2021 02 16 18  -150  -178 10358    93    23 -9999 -9999 -9999
2021 02 16 21  -132  -163 10340    95    20 -9999 -9999 -9999
2021 02 17 00  -155  -184 10367   298    16 -9999 -9999 -9999
2021 02 17 03  -129  -176 10380   127    16 -9999 -9999 -9999
2021 02 17 06   -39  -121 10359   360     0 -9999 -9999 -9999
2021 02 17 09   -27  -104 10342   360     0 -9999 -9999 -9999
2021 02 17 12   -82  -133 10352    95    19 -9999 -9999 -9999
2021 02 17 15  -100  -134 10351   120     8 -9999 -9999 -9999
2021 02 17 18  -100  -141 10326    74    12 -9999 -9999 -9999
2021 02 17 21  -115  -157 10330    90    19 -9999 -9999 -9999
2021 02 18 00  -117  -162 10341   116    17 -9999 -9999 -9999
2021 02 18 03   -77  -145 10343   113    10 -9999 -9999 -9999
2021 02 18 06   -19   -97 10333    87    17 -9999 -9999 -9999
2021 02 18 09    -7   -82 10322    90    19 -9999 -9999 -9999
2021 02 18 12   -50  -107 10315    81    19 -9999 -9999 -9999
2021 02 18 15   -62  -120 10302    89    30 -9999 -9999 -9999
2021 02 18 18   -75  -126 10278    82     5 -9999 -9999 -9999
2021 02 18 21   -97  -146 10257   103    11 -9999 -9999 -9999
2021 02 19 00   -82  -134 10237   180    15 -9999 -9999 -9999
2021 02 19 03   -19  -107 10216   216    13 -9999 -9999 -9999
2021 02 19 06    45   -67 10186   284     8 -9999 -9999 -9999
2021 02 19 09    42   -48 10170   300     5 -9999 -9999     1
2021 02 20 12   -85   -97 10292   325    18 -9999 -9999     2
2021 02 20 15   -87   -96 10315    91     7 -9999 -9999 -9999
2021 02 20 18   -90  -102 10335   360     1 -9999 -9999 -9999
2021 02 20 21   -85   -97 10332   360     0 -9999 -9999 -9999
2021 02 21 00   -85   -97 10334   258     7 -9999 -9999 -9999
2021 02 21 03   -87  -100 10353   152     6 -9999 -9999 -9999
2021 02 21 06   -60   -77 10335    98    18 -9999 -9999 -9999
2021 02 21 12   -85  -112 10327   336    12 -9999 -9999 -9999
2021 02 21 18   -85  -106 10349    88    25 -9999 -9999 -9999
2021 02 21 21   -70   -89 10334   113     3 -9999 -9999 -9999
2021 02 22 00  -100  -117 10340    73    17 -9999 -9999 -9999
2021 02 22 03   -50   -78 10343    77    18 -9999 -9999 -9999
2021 02 22 06   -10   -64 10322   102    30 -9999 -9999 -9999
2021 02 22 09    -2   -44 10296   355    21 -9999 -9999 -9999
2021 02 22 12   -17   -46 10303   218    10 -9999 -9999 -9999
2021 02 22 15   -25   -43 10308   303     7 -9999 -9999 -9999
2021 02 22 18   -32   -53 10302   274     4 -9999 -9999 -9999
2021 02 22 21   -37   -58 10291    41    14 -9999 -9999 -9999
2021 02 23 00   -70   -78 10293   103    17 -9999 -9999 -9999
2021 02 23 03   -52   -60 10292   359    12 -9999 -9999 -9999
2021 02 23 06   -35   -64 10278   267    11 -9999 -9999 -9999
2021 02 23 09   -35   -60 10259   321    18 -9999 -9999 -9999
2021 02 23 12   -60   -72 10264   281    12 -9999 -9999 -9999
2021 02 23 15   -70   -78 10273   265     7 -9999 -9999 -9999
2021 02 23 18   -90  -100 10269     7     8 -9999 -9999 -9999
2021 02 23 21  -119  -132 10264   153     9 -9999 -9999 -9999
2021 02 24 00   -94  -119 10257   139    12 -9999 -9999 -9999
2021 02 24 03   -64  -121 10257   182    14 -9999 -9999 -9999
2021 02 24 06    -2   -75 10236   246    16 -9999 -9999 -9999
2021 02 24 09   -19   -70 10224   218    10 -9999 -9999 -9999
2021 02 24 12   -39   -86 10213   232     4 -9999 -9999 -9999
2021 02 24 15    45   -86 10169    57    81 -9999 -9999 -9999
2021 02 24 18    45   -86 10126    38   122 -9999 -9999 -9999
2021 02 24 21    46   -85 10115    98    52 -9999 -9999 -9999
2021 02 25 00    -7   -80 10161    26     8 -9999 -9999 -9999
2021 02 25 03   -77   -96 10175   229    28 -9999 -9999 -9999
2021 02 25 06   -57   -80 10179   115    11 -9999 -9999 -9999
2021 02 25 09   -50   -64 10187   284    51 -9999 -9999    10
2021 02 25 12   -75  -100 10238   287    92 -9999 -9999    14
2021 02 25 15  -109  -128 10292   274   101 -9999 -9999     4
2021 02 25 18  -127  -156 10310   283    66 -9999 -9999 -9999
2021 02 25 21  -159  -188 10342   263    30 -9999 -9999 -9999
2021 02 26 00  -189  -216 10368    80    26 -9999 -9999 -9999
2021 02 26 03  -172  -204 10383   360     2 -9999 -9999 -9999
2021 02 26 06  -144  -187 10394   237    15 -9999 -9999 -9999
2021 02 26 09  -107  -199 10380   296    48 -9999 -9999 -9999
2021 02 26 12  -164  -201 10408   329    29 -9999 -9999 -9999
2021 02 26 15  -179  -220 10428   277    18 -9999 -9999 -9999
2021 02 26 18  -205  -234 10427    94    12 -9999 -9999 -9999
2021 02 26 21  -230  -253 10407    82    14 -9999 -9999 -9999
2021 02 27 00  -243  -273 10421   144     6 -9999 -9999 -9999
2021 02 27 03  -190  -226 10419   120     7 -9999 -9999 -9999
2021 02 27 06  -145  -205 10400   266    11 -9999 -9999 -9999
2021 02 27 09  -117  -192 10396   256    28 -9999 -9999 -9999
2021 02 27 12  -152  -206 10404   288    25 -9999 -9999 -9999
2021 02 27 15  -180  -222 10416   133     8 -9999 -9999 -9999
2021 02 27 18  -197  -230 10424   108    17 -9999 -9999 -9999
2021 02 27 21  -220  -249 10422    83    15 -9999 -9999 -9999
2021 02 28 00  -230  -259 10449    72    23 -9999 -9999 -9999
2021 02 28 03  -179  -238 10469   141    11 -9999 -9999 -9999
2021 02 28 06  -112  -209 10461   360     2 -9999 -9999 -9999
2021 02 28 09   -99  -191 10447   255    11 -9999 -9999 -9999
2021 02 28 12  -134  -195 10448    24     9 -9999 -9999 -9999
2021 02 28 15  -170  -234 10446   145     4 -9999 -9999 -9999
2021 02 28 18  -164  -222 10407   133    12 -9999 -9999 -9999
2021 02 28 21  -100  -194 10359    33    79 -9999 -9999 -9999
2021 03 01 00  -110  -209 10359   360    13 -9999 -9999 -9999
2021 03 01 03  -120  -187 10373   274    20 -9999 -9999 -9999
2021 03 01 06   -57  -145 10348   360     0 -9999 -9999 -9999
2021 03 01 09   -49  -140 10308    70    26 -9999 -9999 -9999
2021 03 01 12   -50  -116 10305   135     7 -9999 -9999 -9999
2021 03 01 15   -60  -108 10313   149    17 -9999 -9999 -9999
2021 03 01 18   -62  -116 10289    61    10 -9999 -9999 -9999
2021 03 01 21   -75  -114 10281    20     4 -9999 -9999 -9999
2021 03 02 00  -104  -157 10281    79    26 -9999 -9999 -9999
2021 03 02 03   -80  -142 10284   107    12 -9999 -9999 -9999
2021 03 02 06   -30  -115 10263    92    20 -9999 -9999 -9999
2021 03 02 09    17   -98 10239   112    23 -9999 -9999 -9999
2021 03 02 12    15   -47 10238    41    58 -9999 -9999 -9999
2021 03 02 15    20   -59 10220    57    51 -9999 -9999 -9999
2021 03 02 18    -5   -55 10210     2    18 -9999 -9999 -9999
2021 03 02 21    -7   -71 10197   110    19 -9999 -9999 -9999
2021 03 03 00   -27   -78 10209   119    26 -9999 -9999 -9999
2021 03 03 03   -22   -67 10217    96    15 -9999 -9999 -9999
2021 03 03 06   -12   -25 10209   100    26 -9999 -9999    12
2021 03 03 09   -47   -60 10220   260    31 -9999 -9999    47
2021 03 03 12   -72   -84 10254   262    56 -9999 -9999    45
2021 03 03 15   -89  -101 10276   350    14 -9999 -9999    13
2021 03 03 18   -87   -98 10292   343     8 -9999 -9999     3
2021 03 03 21   -94  -110 10309     4    37 -9999 -9999 -9999
2021 03 04 00  -125  -144 10331    24     8 -9999 -9999 -9999
2021 03 04 03  -117  -140 10345    95     7 -9999 -9999 -9999
2021 03 04 06  -100  -133 10345    76    30 -9999 -9999 -9999
2021 03 04 09   -80  -126 10324   303    14 -9999 -9999 -9999
2021 03 04 12  -119  -145 10335   179    11 -9999 -9999 -9999
2021 03 04 15  -157  -177 10349    86    12 -9999 -9999 -9999
2021 03 04 18  -180  -206 10354    88    24 -9999 -9999 -9999
2021 03 04 21  -169  -200 10332   111    16 -9999 -9999 -9999
2021 03 05 00  -144  -194 10339    97     4 -9999 -9999 -9999
2021 03 05 03   -89  -167 10328   131    14 -9999 -9999 -9999
2021 03 05 06   -20  -129 10322   132    12 -9999 -9999 -9999
2021 03 05 09   -15   -94 10328   297    28 -9999 -9999 -9999
2021 03 05 12   -37   -47 10378   266    31 -9999 -9999     9
2021 03 05 15   -42   -50 10385    82    11 -9999 -9999    21
2021 03 05 18   -57   -65 10366   291    23 -9999 -9999    12
2021 03 05 21   -74   -82 10355    25     8 -9999 -9999 -9999
2021 03 06 00   -74   -82 10366    93    24 -9999 -9999 -9999
2021 03 06 03   -67   -81 10353   360     2 -9999 -9999 -9999
2021 03 06 06   -42   -91 10328   118    17 -9999 -9999 -9999
2021 03 06 09   -40   -83 10300    67    23 -9999 -9999 -9999
2021 03 06 12   -75  -108 10291   102    20 -9999 -9999 -9999
2021 03 06 15   -97  -113 10282    59     8 -9999 -9999 -9999
2021 03 06 18   -99  -128 10274   191    16 -9999 -9999 -9999
2021 03 06 21   -24  -136 10237    27   103 -9999 -9999 -9999
2021 03 07 00   -27  -136 10250    26   104 -9999 -9999 -9999
2021 03 07 03    -7  -123 10256    27    88 -9999 -9999 -9999
2021 03 07 06    22   -81 10253   291    10 -9999 -9999 -9999
2021 03 07 09    32   -59 10234   360     2 -9999 -9999 -9999
2021 03 07 12     1   -57 10232    74     3 -9999 -9999 -9999
2021 03 07 15   -40   -74 10246   349     4 -9999 -9999 -9999
2021 03 07 18   -55   -96 10239   121     5 -9999 -9999 -9999
2021 03 07 21   -67  -109 10235   156     9 -9999 -9999 -9999
2021 03 08 00   -57  -115 10236   322    15 -9999 -9999 -9999
2021 03 08 03   -27   -98 10252   185     5 -9999 -9999 -9999
2021 03 08 06    -2   -81 10247   244     8 -9999 -9999 -9999
2021 03 08 09    15   -71 10237   268    16 -9999 -9999 -9999
2021 03 08 12   -19   -59 10246   232    15 -9999 -9999 -9999
2021 03 08 15   -47   -68 10269   360     0 -9999 -9999 -9999
2021 03 08 18   -65   -75 10290   104     3 -9999 -9999 -9999
2021 03 08 21   -60   -70 10300   158     7 -9999 -9999 -9999
2021 03 09 00   -65   -74 10319   159     4 -9999 -9999 -9999
2021 03 09 03   -55   -68 10338    74    10 -9999 -9999 -9999
2021 03 09 06   -35   -66 10332    74    24 -9999 -9999 -9999
2021 03 09 12   -27   -59 10292   360     2 -9999 -9999 -9999
2021 03 09 15   -60   -72 10296   360     0 -9999 -9999 -9999
2021 03 09 18   -75   -86 10280    82     8 -9999 -9999 -9999
2021 03 09 21   -62   -85 10253   234    18 -9999 -9999 -9999
2021 03 10 00   -20  -104 10238    49    29 -9999 -9999 -9999
2021 03 10 03    -5   -85 10241   288     8 -9999 -9999 -9999
2021 03 10 06    22   -60 10230   302    22 -9999 -9999 -9999
2021 03 10 09    67   -53 10201   360     2 -9999 -9999 -9999
2021 03 10 12    26   -53 10198   360     1 -9999 -9999 -9999
2021 03 10 15    -5   -56 10215   118    12 -9999 -9999 -9999
2021 03 10 18    -4   -66 10206   200    10 -9999 -9999     0
2021 03 10 21    45   -65 10185    25    95 -9999 -9999 -9999
2021 03 11 00    35   -74 10200    28   102 -9999 -9999 -9999
2021 03 11 03    45   -71 10209    34    97 -9999 -9999 -9999
2021 03 11 06    71   -34 10199   230    12 -9999 -9999 -9999
2021 03 11 09    60   -28 10176   320    14 -9999 -9999 -9999
2021 03 11 12   -10   -23 10203   263    55 -9999 -9999 -9999
2021 03 11 15   -25   -32 10223   261    41 -9999 -9999 -9999
2021 03 11 18   -20   -27 10230    89    27 -9999 -9999 -9999
2021 03 11 21   -17   -23 10249    76    18 -9999 -9999 -9999
2021 03 12 00   -15   -25 10276   360     0 -9999 -9999 -9999
2021 03 12 03    -7   -27 10272   106    20 -9999 -9999 -9999
2021 03 12 06    20   -20 10243    95    11 -9999 -9999 -9999
2021 03 12 09    46    -8 10197   360     1 -9999 -9999 -9999
2021 03 12 12    25    -6 10182   175     9 -9999 -9999 -9999
2021 03 12 15   -10   -25 10191    89    28 -9999 -9999 -9999
2021 03 12 18    12   -39 10175   214    17 -9999 -9999 -9999
2021 03 12 21    30   -65 10144    82    46 -9999 -9999 -9999
2021 03 13 00    42   -69 10133    28    64 -9999 -9999 -9999
2021 03 13 03    55   -65 10136   250    16 -9999 -9999 -9999
2021 03 13 06    77   -22 10106   261    42 -9999 -9999 -9999
2021 03 13 09    55   -20 10086   267     9 -9999 -9999 -9999
2021 03 13 12     0   -11 10108   270    89 -9999 -9999 -9999
2021 03 13 15   -67   -82 10160   265    94 -9999 -9999 -9999
2021 03 13 18   -97  -113 10191   269    79 -9999 -9999     4
2021 03 13 21  -117  -148 10206   256    52 -9999 -9999    15
2021 03 14 00  -129  -167 10229   264    57 -9999 -9999    11
2021 03 14 03  -119  -166 10250   360     1 -9999 -9999 -9999
2021 03 14 06   -92  -138 10248    90    33 -9999 -9999 -9999
2021 03 14 09   -60  -115 10225   233    15 -9999 -9999 -9999
2021 03 14 12   -62   -97 10235   307    18 -9999 -9999 -9999
2021 03 14 15   -64   -96 10252   264    24 -9999 -9999 -9999
2021 03 14 18   -72   -94 10260   269    42 -9999 -9999 -9999
2021 03 14 21   -92  -116 10271   268    55 -9999 -9999 -9999
2021 03 15 00   -97  -115 10292   273    16 -9999 -9999    13
2021 03 15 03   -89  -111 10317   227    10 -9999 -9999    26
2021 03 15 06   -79  -103 10335   274    22 -9999 -9999    21
2021 03 15 09   -67   -98 10332   281    21 -9999 -9999    10
2021 03 15 12   -87  -111 10342   294    24 -9999 -9999     2
2021 03 15 15  -115  -130 10346   316    14 -9999 -9999 -9999
2021 03 15 18  -109  -124 10340   196     3 -9999 -9999 -9999
2021 03 15 21  -104  -117 10332    39    10 -9999 -9999 -9999
2021 03 16 00  -100  -116 10337   257     7 -9999 -9999 -9999
2021 03 16 03   -87  -104 10348   256     4 -9999 -9999 -9999
2021 03 16 06   -60  -100 10334   260     9 -9999 -9999 -9999
2021 03 16 09   -60   -90 10317   252    27 -9999 -9999 -9999
2021 03 16 12   -79   -95 10323   256    32 -9999 -9999 -9999
2021 03 16 15   -80   -96 10338   251    28 -9999 -9999 -9999
2021 03 16 18  -102  -119 10335   270    38 -9999 -9999 -9999
2021 03 16 21  -117  -132 10328   260    12 -9999 -9999 -9999
2021 03 17 00  -122  -139 10338   240    17 -9999 -9999 -9999
2021 03 17 03  -115  -141 10352   256    18 -9999 -9999 -9999
2021 03 17 06   -80  -116 10346   216    21 -9999 -9999 -9999
2021 03 17 09   -80  -113 10341   278    45 -9999 -9999 -9999
2021 03 17 12   -89  -117 10360   253    33 -9999 -9999 -9999
2021 03 17 15  -115  -136 10382     5     4 -9999 -9999 -9999
2021 03 17 18  -127  -142 10388   238    10 -9999 -9999 -9999
2021 03 17 21  -140  -156 10395   360     2 -9999 -9999 -9999
2021 03 18 00  -167  -187 10421   147     4 -9999 -9999 -9999
2021 03 18 03  -139  -167 10444    75    31 -9999 -9999 -9999
2021 03 18 06  -107  -145 10447    76    25 -9999 -9999 -9999
2021 03 18 09   -90  -130 10449    84    16 -9999 -9999 -9999
2021 03 18 12  -109  -145 10473   106    16 -9999 -9999     1
2021 03 18 15  -117  -148 10468    98    17 -9999 -9999     1
2021 03 18 18  -125  -155 10454    86    16 -9999 -9999 -9999
2021 03 18 21  -132  -155 10438    97    16 -9999 -9999 -9999
2021 03 19 00  -145  -167 10442    88    19 -9999 -9999 -9999
2021 03 19 03  -104  -145 10441    83    22 -9999 -9999 -9999
2021 03 19 06   -65  -129 10429   273     9 -9999 -9999 -9999
2021 03 19 09   -42  -121 10411   185    13 -9999 -9999 -9999
2021 03 19 12   -60  -123 10422    78    15 -9999 -9999 -9999
2021 03 19 15   -87  -115 10418    78     9 -9999 -9999 -9999
2021 03 19 18  -115  -150 10406   183     9 -9999 -9999 -9999
2021 03 19 21   -85  -171 10381   113    17 -9999 -9999 -9999
2021 03 20 00   -45  -167 10377    30    65 -9999 -9999 -9999
2021 03 20 03    -7  -154 10381    27    62 -9999 -9999 -9999
2021 03 20 06    30  -161 10363    50    12 -9999 -9999 -9999
2021 03 20 09    37  -126 10337   162    22 -9999 -9999 -9999
2021 03 20 12    17  -105 10317   130     7 -9999 -9999 -9999
2021 03 20 15   -24   -98 10316   263     4 -9999 -9999 -9999
2021 03 20 18   -30  -123 10286   239    20 -9999 -9999 -9999
2021 03 20 21   -17  -155 10257   238    18 -9999 -9999 -9999
2021 03 21 00     7  -180 10237   170    12 -9999 -9999 -9999
2021 03 21 03    70  -180 10208    57    90 -9999 -9999 -9999
2021 03 21 06   100   -47 10177   219    21 -9999 -9999 -9999
2021 03 21 09    40   -16 10177   271    57 -9999 -9999 -9999
2021 03 21 12    26   -31 10181    79    12 -9999 -9999 -9999
2021 03 21 15     1   -33 10203   118    15 -9999 -9999 -9999
2021 03 21 18     0   -48 10209    96     9 -9999 -9999 -9999
2021 03 21 21     0   -71 10224    91    14 -9999 -9999 -9999
2021 03 22 00     6   -72 10249   103    26 -9999 -9999 -9999
2021 03 22 03     7   -40 10265   120    24 -9999 -9999 -9999
2021 03 22 06    35   -41 10260   121    26 -9999 -9999 -9999
2021 03 22 09    50   -51 10250   255    16 -9999 -9999 -9999
2021 03 22 12    26   -21 10248   311    12 -9999 -9999 -9999
2021 03 22 15    -2   -25 10248    82     3 -9999 -9999 -9999
2021 03 22 18   -17   -34 10235   360     1 -9999 -9999 -9999
2021 03 22 21   -27   -39 10216   337     4 -9999 -9999 -9999
2021 03 23 00   -32   -52 10220     4     4 -9999 -9999 -9999
2021 03 23 03    -2   -25 10230   360     0 -9999 -9999 -9999
2021 03 23 06   125   -92 10183   111    38 -9999 -9999 -9999
2021 03 23 09   135   -72 10161   237    24 -9999 -9999 -9999
2021 03 23 12    97   -26 10151   358    19 -9999 -9999 -9999
2021 03 23 15    45   -31 10164   339    10 -9999 -9999 -9999
2021 03 23 18    85  -104 10123    42    71 -9999 -9999 -9999
2021 03 23 21    82  -106 10111    36    98 -9999 -9999 -9999
2021 03 24 00    40   -67 10152   294    19 -9999 -9999 -9999
2021 03 24 03    57   -49 10185   225    19 -9999 -9999 -9999
2021 03 24 06    55    -3 10188   272    94 -9999 -9999 -9999
2021 03 24 09    36    13 10217   297    67 -9999 -9999 -9999
2021 03 24 12    41   -74 10235   302    53 -9999 -9999 -9999
2021 03 24 15    -7   -32 10262   274    37 -9999 -9999 -9999
2021 03 24 18   -27   -40 10269   278    28 -9999 -9999 -9999
2021 03 24 21   -44   -54 10270   104     8 -9999 -9999 -9999
2021 03 25 00   -45   -56 10268   209     7 -9999 -9999 -9999
2021 03 25 03    -2   -38 10266   197    11 -9999 -9999 -9999
2021 03 25 06    41   -65 10253   295    13 -9999 -9999 -9999
2021 03 25 09    71   -89 10224   241    19 -9999 -9999 -9999
2021 03 25 12    60   -83 10210   297    11 -9999 -9999 -9999
2021 03 25 15    17   -46 10200    88    11 -9999 -9999 -9999
2021 03 25 18    37   -93 10160   114    26 -9999 -9999 -9999
2021 03 25 21    55  -111 10126    43    71 -9999 -9999 -9999
2021 03 26 00    60  -107 10110    37    71 -9999 -9999 -9999
2021 03 26 03    62   -84 10116    26     8 -9999 -9999 -9999
2021 03 26 06    37    11 10137    68    38 -9999 -9999     4
2021 03 26 09    60    16 10123   151    24 -9999 -9999     5
2021 03 26 12    57    14 10130   224    16 -9999 -9999     1
2021 03 26 15     7     0 10162   201    13 -9999 -9999 -9999
2021 03 26 18     2    -2 10163   275    15 -9999 -9999 -9999
2021 03 26 21    -7   -10 10158   178     6 -9999 -9999 -9999
2021 03 27 00   -12   -16 10172   111     6 -9999 -9999 -9999
2021 03 27 03    17   -22 10192   116     8 -9999 -9999 -9999
2021 03 27 06    62    -1 10192   231    22 -9999 -9999 -9999
2021 03 27 09    71   -21 10180   350    14 -9999 -9999 -9999
2021 03 27 12    70    -7 10180   304     9 -9999 -9999 -9999
2021 03 27 15    50    -3 10177    91    21 -9999 -9999 -9999
2021 03 27 18    27    -7 10156   129     9 -9999 -9999 -9999
2021 03 27 21     5   -15 10143   144    13 -9999 -9999 -9999
2021 03 28 00    -5   -25 10134   360     1 -9999 -9999 -9999
2021 03 28 03    57   -10 10126   277    10 -9999 -9999 -9999
2021 03 28 06   131   -28 10084   136    17 -9999 -9999 -9999
2021 03 28 09   142   -22 10051   151    27 -9999 -9999 -9999
2021 03 28 12   125   -25 10043    97    22 -9999 -9999 -9999
2021 03 28 15    97     4 10042   314    14 -9999 -9999 -9999
2021 03 28 18    61    43 10054   354    44 -9999 -9999     6
2021 03 28 21    52    46 10069   243    12 -9999 -9999     9
2021 03 29 00    45    41 10090   284    17 -9999 -9999     3
2021 03 29 03    45    42 10121   253    30 -9999 -9999     5
2021 03 29 06    72    26 10139   295    49 -9999 -9999     6
2021 03 29 09    97   -20 10136   284    68 -9999 -9999     1
2021 03 29 12    80   -12 10158   284    42 -9999 -9999 -9999
2021 03 29 15    47    15 10196   279    74 -9999 -9999 -9999
2021 03 29 18     7    -5 10215   284    49 -9999 -9999 -9999
2021 03 29 21   -10   -24 10223   282    56 -9999 -9999 -9999
2021 03 30 00   -12   -24 10237   269    48 -9999 -9999 -9999
2021 03 30 03     2   -28 10258   269    48 -9999 -9999 -9999
2021 03 30 06    50   -28 10246   260    76 -9999 -9999 -9999
2021 03 30 09    60   -69 10242   298    81 -9999 -9999 -9999
2021 03 30 12    36   -78 10264   275    93 -9999 -9999 -9999
2021 03 30 15     5   -76 10294   297    31 -9999 -9999 -9999
2021 03 30 18   -22   -50 10298   280    41 -9999 -9999 -9999
2021 03 30 21   -29   -46 10289   360     1 -9999 -9999 -9999
2021 03 31 00   -39   -54 10294   301    21 -9999 -9999 -9999
2021 03 31 03    -4   -54 10308   165    12 -9999 -9999 -9999
2021 03 31 06    32  -115 10292   312    16 -9999 -9999 -9999
2021 03 31 09    55  -146 10274   268    51 -9999 -9999 -9999
2021 03 31 12    42   -92 10279   267    58 -9999 -9999 -9999
2021 03 31 15     0   -57 10295   304    25 -9999 -9999 -9999
2021 03 31 18   -19   -61 10291   122     6 -9999 -9999 -9999
2021 03 31 21   -27   -58 10286    78     8 -9999 -9999 -9999
2021 04 01 00   -30   -62 10292   188    12 -9999 -9999 -9999
2021 04 01 06    57   -86 10282   275    46 -9999 -9999 -9999
2021 04 01 09    65   -75 10270   274    42 -9999 -9999 -9999
2021 04 01 12    50   -68 10276   290    35 -9999 -9999 -9999
2021 04 01 15    10   -52 10292   307    22 -9999 -9999 -9999
2021 04 01 18    -9   -49 10297    83    18 -9999 -9999 -9999
2021 04 01 21   -22   -51 10302     7     5 -9999 -9999 -9999
2021 04 02 00   -24   -71 10318   102     9 -9999 -9999 -9999
2021 04 02 03    32   -79 10325   271    10 -9999 -9999 -9999
2021 04 02 06    70   -82 10310   256    21 -9999 -9999 -9999
2021 04 02 09    92  -102 10294   265    51 -9999 -9999 -9999
2021 04 02 12    75   -98 10304   273    65 -9999 -9999 -9999
2021 04 02 15    32   -84 10311   319    34 -9999 -9999 -9999
2021 04 02 18     0   -73 10310   360     1 -9999 -9999 -9999
2021 04 02 21   -20   -66 10310   305     7 -9999 -9999 -9999
2021 04 03 00     7  -116 10308   157    32 -9999 -9999 -9999
2021 04 03 03    67  -173 10301    38    50 -9999 -9999 -9999
2021 04 03 06   105  -199 10283   189    23 -9999 -9999 -9999
2021 04 03 09   126  -208 10264   221    19 -9999 -9999 -9999
2021 04 03 12   111  -130 10257   274    33 -9999 -9999 -9999
2021 04 03 15    57   -96 10255   161    11 -9999 -9999 -9999
2021 04 03 18    72  -162 10227    33    95 -9999 -9999 -9999
2021 04 03 21    61  -171 10213    31    97 -9999 -9999 -9999
2021 04 04 00    60  -187 10210    32    93 -9999 -9999 -9999
2021 04 04 03   120  -187 10208    48    76 -9999 -9999 -9999
2021 04 04 06   151  -205 10181   136    29 -9999 -9999 -9999
2021 04 04 09   160  -183 10158    58    19 -9999 -9999 -9999
2021 04 04 12   142  -147 10151    89    35 -9999 -9999 -9999
2021 04 04 15   115  -128 10143    31    71 -9999 -9999 -9999
2021 04 04 18   112  -122 10135    32   100 -9999 -9999 -9999
2021 04 04 21    97  -122 10142    33    75 -9999 -9999 -9999
2021 04 05 00    95  -130 10167    31    85 -9999 -9999 -9999
2021 04 05 03   125   -93 10189   208    18 -9999 -9999 -9999
2021 04 05 06   170  -161 10180   202    27 -9999 -9999 -9999
2021 04 05 09   182  -182 10175   239    27 -9999 -9999 -9999
2021 04 05 12   167  -139 10185   284    27 -9999 -9999 -9999
2021 04 05 15   106  -102 10210   184    17 -9999 -9999 -9999
2021 04 05 18    66   -70 10223   268     3 -9999 -9999 -9999
2021 04 05 21    55   -78 10231   237     9 -9999 -9999 -9999
2021 04 06 00    40   -74 10250   360     2 -9999 -9999 -9999
2021 04 06 03   117   -71 10254   259    23 -9999 -9999 -9999
2021 04 06 06   167  -109 10243   184    20 -9999 -9999 -9999
2021 04 06 09   177  -100 10225   306    24 -9999 -9999 -9999
2021 04 06 12   157  -109 10227   278    44 -9999 -9999 -9999
2021 04 06 15   110   -78 10228   261    21 -9999 -9999 -9999
2021 04 06 18    76   -39 10230   129     4 -9999 -9999 -9999
2021 04 06 21    57   -36 10228   253     4 -9999 -9999 -9999
2021 04 07 00    30   -20 10245   360     2 -9999 -9999 -9999
2021 04 07 03   106   -21 10238   241    22 -9999 -9999 -9999
2021 04 07 06   162   -81 10218   265    26 -9999 -9999 -9999
2021 04 07 09   177  -110 10199   274    46 -9999 -9999 -9999
2021 04 07 12   151   -53 10211   277    73 -9999 -9999 -9999
2021 04 07 15    90   -15 10223   274    37 -9999 -9999 -9999
2021 04 07 18    70    -7 10224   276    36 -9999 -9999 -9999
2021 04 07 21    37    -6 10234    66     4 -9999 -9999 -9999
2021 04 08 00    25    -4 10246   137    12 -9999 -9999 -9999
2021 04 08 03    85     4 10255   141    19 -9999 -9999 -9999
2021 04 08 06   130   -13 10234   299    26 -9999 -9999 -9999
2021 04 08 09   160   -51 10213   278    75 -9999 -9999 -9999
2021 04 08 12   142   -45 10217   294    48 -9999 -9999 -9999
2021 04 08 15    95   -25 10224   273    43 -9999 -9999 -9999
2021 04 08 18    62   -18 10219   287    16 -9999 -9999 -9999
2021 04 08 21    30   -17 10218    85    26 -9999 -9999 -9999
2021 04 09 00    17   -15 10226    87    13 -9999 -9999 -9999
2021 04 09 03    85   -19 10224   122    14 -9999 -9999 -9999
2021 04 09 06   126   -41 10208   240    39 -9999 -9999 -9999
2021 04 09 09   146   -47 10191   286    76 -9999 -9999 -9999
2021 04 09 12   132   -31 10189   272    62 -9999 -9999 -9999
2021 04 09 15    97     7 10196   317    22 -9999 -9999 -9999
2021 04 09 18    72    20 10183   108    18 -9999 -9999 -9999
2021 04 09 21    70    24 10173   104    13 -9999 -9999 -9999
2021 04 10 00    70  -123 10177   211    32 -9999 -9999 -9999
2021 04 10 03    65   -62 10196   284    46 -9999 -9999 -9999
2021 04 10 06   101  -107 10187   161    22 -9999 -9999 -9999
2021 04 10 09   125   -92 10176   251    25 -9999 -9999 -9999
2021 04 10 12   117   -98 10179   275    77 -9999 -9999 -9999
2021 04 10 15    65   -79 10207   292    24 -9999 -9999 -9999
2021 04 10 18    37   -66 10206    87    23 -9999 -9999 -9999
2021 04 10 21    21   -60 10205    16     6 -9999 -9999 -9999
2021 04 11 00    70  -117 10207    40    82 -9999 -9999 -9999
2021 04 11 03   102  -123 10232    48    86 -9999 -9999 -9999
2021 04 11 06   127  -125 10237    64    47 -9999 -9999 -9999
2021 04 11 09   132  -137 10241    41    27 -9999 -9999 -9999
2021 04 11 12   122  -153 10245    17    29 -9999 -9999 -9999
2021 04 11 15    92  -177 10258    46   106 -9999 -9999 -9999
2021 04 11 18    80  -180 10261    42   118 -9999 -9999 -9999
2021 04 11 21    72  -185 10273    39   122 -9999 -9999 -9999
2021 04 12 00    57  -189 10299   163    19 -9999 -9999 -9999
2021 04 12 03    95  -168 10315   236    24 -9999 -9999 -9999
2021 04 12 06   125  -195 10305   196    24 -9999 -9999 -9999
2021 04 12 09   140  -185 10287   279    24 -9999 -9999 -9999
2021 04 12 12   137  -174 10287   257    21 -9999 -9999 -9999
2021 04 12 15    80  -143 10296   352    44 -9999 -9999 -9999
2021 04 12 18    55  -131 10293    95    11 -9999 -9999 -9999
2021 04 12 21    22   -99 10286   239    18 -9999 -9999 -9999
2021 04 13 00    25   -98 10284   104    11 -9999 -9999 -9999
2021 04 13 03   125  -127 10267    15    10 -9999 -9999 -9999
2021 04 13 06   150  -165 10245   238    30 -9999 -9999 -9999
2021 04 13 09   165  -165 10215   264    36 -9999 -9999 -9999
2021 04 13 12   152  -174 10197   274    47 -9999 -9999 -9999
2021 04 13 15    97  -142 10188   283    19 -9999 -9999 -9999
2021 04 13 18    52  -117 10188   309     4 -9999 -9999 -9999
2021 04 13 21    52   -83 10182   290    58 -9999 -9999 -9999
2021 04 14 00    10   -37 10206   281    71 -9999 -9999 -9999
2021 04 14 03    62   -34 10229   266    49 -9999 -9999 -9999
2021 04 14 06   122   -83 10222   270   120 -9999 -9999 -9999
2021 04 14 09   141  -183 10218   316    97 -9999 -9999 -9999
2021 04 14 12   130  -158 10228   312    78 -9999 -9999 -9999
2021 04 14 15    77  -133 10235   338    45 -9999 -9999 -9999
2021 04 14 18    27   -91 10236    39     8 -9999 -9999 -9999
2021 04 14 21    17   -83 10232    98    35 -9999 -9999 -9999
2021 04 15 00    20   -73 10232    60     7 -9999 -9999 -9999
2021 04 15 03    87   -88 10238   128    28 -9999 -9999 -9999
2021 04 15 06   132  -105 10228   175    15 -9999 -9999 -9999
2021 04 15 09   166  -119 10203   283    33 -9999 -9999 -9999
2021 04 15 12   156   -94 10200   271    56 -9999 -9999 -9999
2021 04 15 15    92   -75 10202   330    35 -9999 -9999 -9999
2021 04 15 18    67   -72 10203    81    13 -9999 -9999 -9999
2021 04 15 21    40   -71 10201   171     4 -9999 -9999 -9999
2021 04 16 00    42   -63 10212   121     4 -9999 -9999 -9999
2021 04 16 03   147   -87 10211   120    22 -9999 -9999 -9999
2021 04 16 06   185   -95 10196   115    15 -9999 -9999 -9999
2021 04 16 09   202  -124 10175   178    19 -9999 -9999 -9999
2021 04 16 12   195  -143 10166   241    23 -9999 -9999 -9999
2021 04 16 15   116  -100 10161   104    11 -9999 -9999 -9999
2021 04 16 18    96   -90 10153   286    10 -9999 -9999 -9999
2021 04 16 21    92   -97 10141    92    18 -9999 -9999 -9999
2021 04 17 00    85   -86 10145   163    14 -9999 -9999 -9999
2021 04 17 03   167  -119 10146   116    15 -9999 -9999 -9999
2021 04 17 06   195  -107 10132   254    32 -9999 -9999 -9999
2021 04 17 09   202  -112 10118   302    28 -9999 -9999 -9999
2021 04 17 12   185   -79 10118   275    35 -9999 -9999 -9999
2021 04 17 15   152   -70 10120   320    34 -9999 -9999 -9999
2021 04 17 18   122   -43 10130   309    31 -9999 -9999 -9999
2021 04 17 21   101   -29 10133   324    30 -9999 -9999 -9999
2021 04 18 00    92   -10 10152   337    15 -9999 -9999 -9999
2021 04 18 03   130    -6 10162   269    60 -9999 -9999 -9999
2021 04 18 06   165   -65 10160   267    72 -9999 -9999 -9999
2021 04 18 09   176   -70 10154   277    98 -9999 -9999 -9999
2021 04 18 12   156   -60 10162   287    75 -9999 -9999 -9999
2021 04 18 15   110   -69 10177   357    36 -9999 -9999 -9999
2021 04 18 18    75   -56 10180    33     8 -9999 -9999 -9999
2021 04 18 21    50   -48 10169   254     3 -9999 -9999 -9999
2021 04 19 00    60   -45 10171   247    18 -9999 -9999 -9999
2021 04 19 03   152   -37 10152   150    20 -9999 -9999 -9999
2021 04 19 06   172   -35 10143   239    28 -9999 -9999 -9999
2021 04 19 09   161   -10 10134    77    12 -9999 -9999 -9999
2021 04 19 12   150     4 10137   211    18 -9999 -9999 -9999
2021 04 19 15   130    -4 10140   314    75 -9999 -9999 -9999
2021 04 19 18   100    51 10138   326    31 -9999 -9999 -9999
2021 04 19 21    97    37 10124   116    28 -9999 -9999 -9999
2021 04 20 00    85    37 10127   100    23 -9999 -9999 -9999
2021 04 20 03   110    40 10128   148    25 -9999 -9999 -9999
2021 04 20 06   115    66 10116    45    50 -9999 -9999     4
2021 04 20 09   150    40 10089    98    34 -9999 -9999     6
2021 04 20 12   147    45 10086     5    25 -9999 -9999     2
2021 04 20 15    60    35 10104   280    39 -9999 -9999 -9999
2021 04 20 18    11    -1 10116   279    65 -9999 -9999 -9999
2021 04 20 21     2     0 10112   255    32 -9999 -9999    15
