2021 01 01 00  -167  -210 10424   357     5 -9999 -9999 -9999
2021 01 01 03  -165  -193 10427   264     7 -9999 -9999 -9999
2021 01 01 06  -152  -183 10418   247    11 -9999 -9999 -9999
2021 01 01 09  -149  -179 10414   242    11 -9999 -9999     4
2021 01 01 12  -152  -174 10414   233    14 -9999 -9999     4
2021 01 01 15  -159  -180 10414   265     6 -9999 -9999 -9999
2021 01 01 18  -157  -180 10409    13     4 -9999 -9999 -9999
2021 01 01 21  -164  -186 10420   276     3 -9999 -9999 -9999
2021 01 02 00  -162  -183 10429    86    15 -9999 -9999 -9999
2021 01 02 03  -170  -190 10452    72    18 -9999 -9999 -9999
2021 01 02 06  -160  -184 10459    83    27 -9999 -9999 -9999
2021 01 02 09  -155  -183 10470    77    13 -9999 -9999 -9999
2021 01 02 12  -159  -184 10482    46     8 -9999 -9999 -9999
2021 01 02 15  -162  -187 10484    85    12 -9999 -9999 -9999
2021 01 02 18  -174  -201 10482     7     9 -9999 -9999 -9999
2021 01 02 21  -188  -217 10484   350     8 -9999 -9999 -9999
2021 01 03 00  -173  -196 10482    44     7 -9999 -9999 -9999
2021 01 03 03  -165  -196 10493    62     6 -9999 -9999 -9999
2021 01 03 06  -150  -196 10494    86    16 -9999 -9999     3
2021 01 03 09  -167  -202 10507    63    15 -9999 -9999     3
2021 01 03 12  -209  -240 10530   340    10 -9999 -9999 -9999
2021 01 03 15  -220  -249 10544   350    10 -9999 -9999 -9999
2021 01 03 18  -217  -246 10552    64     9 -9999 -9999 -9999
2021 01 03 21  -233  -262 10564   250     4 -9999 -9999 -9999
2021 01 04 00  -233  -263 10578   358     8 -9999 -9999 -9999
2021 01 04 03  -240  -271 10600   332    23 -9999 -9999 -9999
2021 01 04 06  -199  -237 10597   228    11 -9999 -9999 -9999
2021 01 04 09  -202  -241 10596   259    13 -9999 -9999 -9999
2021 01 04 12  -239  -272 10606   352     6 -9999 -9999 -9999
2021 01 04 15  -255  -287 10599    65     8 -9999 -9999 -9999
2021 01 04 18  -270  -303 10585    46     9 -9999 -9999 -9999
2021 01 04 21  -277  -311 10576   358    11 -9999 -9999 -9999
2021 01 05 00  -278  -312 10567     8     5 -9999 -9999 -9999
2021 01 05 03  -264  -296 10563     1     8 -9999 -9999 -9999
2021 01 05 06  -233  -269 10548   246    16 -9999 -9999 -9999
2021 01 05 09  -217  -259 10534   249    14 -9999 -9999 -9999
2021 01 05 12  -252  -281 10536   296     6 -9999 -9999 -9999
2021 01 05 15  -263  -296 10529     3     9 -9999 -9999 -9999
2021 01 05 18  -264  -298 10527   360     0 -9999 -9999 -9999
2021 01 05 21  -258  -291 10530   246     4 -9999 -9999 -9999
2021 01 06 00  -257  -285 10528   336    16 -9999 -9999 -9999
2021 01 06 03  -245  -273 10536   256    13 -9999 -9999 -9999
2021 01 06 06  -214  -250 10527   248    16 -9999 -9999 -9999
2021 01 06 09  -219  -258 10525   245    18 -9999 -9999 -9999
2021 01 06 12  -244  -277 10524    94     4 -9999 -9999 -9999
2021 01 06 15  -245  -278 10520   326     9 -9999 -9999 -9999
2021 01 06 18  -254  -283 10510     1     5 -9999 -9999 -9999
2021 01 06 21  -259  -287 10512   250     4 -9999 -9999 -9999
2021 01 07 00  -252  -281 10507   328    14 -9999 -9999 -9999
2021 01 07 03  -254  -285 10514   233     8 -9999 -9999 -9999
2021 01 07 06  -220  -264 10506   191    10 -9999 -9999 -9999
2021 01 07 09  -228  -271 10506   248    15 -9999 -9999 -9999
2021 01 07 12  -240  -274 10503   255     7 -9999 -9999 -9999
2021 01 07 15  -230  -267 10495   333    10 -9999 -9999 -9999
2021 01 07 18  -242  -274 10490   251    10 -9999 -9999 -9999
2021 01 07 21  -230  -264 10484   241    12 -9999 -9999 -9999
2021 01 08 00  -255  -283 10487   247    15 -9999 -9999 -9999
2021 01 08 03  -249  -280 10496    64    13 -9999 -9999 -9999
2021 01 08 06  -228  -263 10492   220    10 -9999 -9999     0
2021 01 08 09  -224  -261 10491   240    20 -9999 -9999     0
2021 01 08 12  -219  -254 10499   250    10 -9999 -9999     0
2021 01 08 15  -219  -251 10502   230    10 -9999 -9999     0
2021 01 08 18  -219  -251 10500    80    10 -9999 -9999     0
2021 01 08 21  -226  -255 10507    80    10 -9999 -9999     0
2021 01 09 00  -239  -269 10507   336     6 -9999 -9999 -9999
2021 01 09 03  -229  -261 10524   333    15 -9999 -9999 -9999
2021 01 09 06  -190  -240 10519   233    12 -9999 -9999 -9999
2021 01 09 09  -188  -236 10523   208     9 -9999 -9999 -9999
2021 01 09 12  -210  -245 10540   243     4 -9999 -9999 -9999
2021 01 09 15  -234  -266 10548   346     8 -9999 -9999 -9999
2021 01 09 18  -239  -273 10546   342    12 -9999 -9999 -9999
2021 01 09 21  -242  -275 10546     6    10 -9999 -9999 -9999
2021 01 10 00  -235  -268 10537   328    14 -9999 -9999 -9999
2021 01 10 03  -237  -272 10546   352    16 -9999 -9999 -9999
2021 01 10 06  -174  -228 10526   220    16 -9999 -9999 -9999
2021 01 10 09  -177  -223 10505   247    16 -9999 -9999 -9999
2021 01 10 12  -178  -216 10503   283     6 -9999 -9999 -9999
2021 01 10 15  -202  -228 10499   246     3 -9999 -9999 -9999
2021 01 10 18  -207  -241 10470   328    10 -9999 -9999 -9999
2021 01 10 21  -214  -248 10459   311    14 -9999 -9999 -9999
2021 01 11 00  -197  -235 10441   330    23 -9999 -9999 -9999
2021 01 11 03  -200  -225 10441    61     5 -9999 -9999 -9999
2021 01 11 06  -170  -210 10418   242    15 -9999 -9999 -9999
2021 01 11 09  -174  -210 10389   239    16 -9999 -9999 -9999
2021 01 11 12  -193  -225 10372   328     6 -9999 -9999 -9999
2021 01 11 15  -209  -233 10355   279    10 -9999 -9999 -9999
2021 01 11 18  -209  -233 10329   278     9 -9999 -9999 -9999
2021 01 11 21  -218  -247 10314   210     4 -9999 -9999 -9999
2021 01 12 00  -224  -254 10302    26     8 -9999 -9999 -9999
2021 01 12 03  -225  -252 10311   100    10 -9999 -9999 -9999
2021 01 12 06  -199  -230 10301    83    22 -9999 -9999 -9999
2021 01 12 09  -184  -224 10289   244    13 -9999 -9999 -9999
2021 01 12 12  -200  -232 10287    35     8 -9999 -9999 -9999
2021 01 12 15  -202  -229 10270   300     3 -9999 -9999 -9999
2021 01 12 18  -203  -229 10258   144     5 -9999 -9999 -9999
2021 01 12 21  -210  -238 10254   328    11 -9999 -9999 -9999
2021 01 13 00  -199  -227 10253   260     6 -9999 -9999 -9999
2021 01 13 03  -187  -216 10272   225    25 -9999 -9999 -9999
2021 01 13 06  -165  -204 10276   159    14 -9999 -9999 -9999
2021 01 13 09  -125  -181 10276   144    21 -9999 -9999 -9999
2021 01 13 12  -167  -203 10302   215    18 -9999 -9999 -9999
2021 01 13 15  -124  -186 10313   253    23 -9999 -9999 -9999
2021 01 13 18  -135  -168 10334    50    13 -9999 -9999 -9999
2021 01 13 21   -79  -170 10330   271    31 -9999 -9999 -9999
2021 01 14 00   -67  -162 10341   317    57 -9999 -9999 -9999
2021 01 14 03  -152  -181 10389   338    17 -9999 -9999 -9999
2021 01 14 06  -119  -163 10406    83    37 -9999 -9999 -9999
2021 01 14 09  -117  -165 10413    78    27 -9999 -9999 -9999
2021 01 14 12  -137  -177 10437    77    28 -9999 -9999 -9999
2021 01 14 15  -150  -190 10468    57    26 -9999 -9999 -9999
2021 01 14 18  -155  -210 10465    85    13 -9999 -9999 -9999
2021 01 14 21  -169  -212 10468    75    21 -9999 -9999 -9999
2021 01 15 00  -174  -207 10480    85    25 -9999 -9999 -9999
2021 01 15 03  -170  -205 10492    65    16 -9999 -9999 -9999
2021 01 15 06  -154  -205 10494    69    18 -9999 -9999 -9999
2021 01 15 09  -162  -207 10501    80    21 -9999 -9999 -9999
2021 01 15 12  -187  -223 10525   360     1 -9999 -9999 -9999
2021 01 15 15  -209  -239 10533   331    12 -9999 -9999 -9999
2021 01 15 18  -192  -222 10542   341    17 -9999 -9999 -9999
2021 01 15 21  -185  -218 10533     4     7 -9999 -9999 -9999
2021 01 16 00  -204  -235 10542   340     4 -9999 -9999 -9999
2021 01 16 03  -192  -221 10544    10     5 -9999 -9999 -9999
2021 01 16 06  -180  -224 10523   237    11 -9999 -9999 -9999
2021 01 16 09  -164  -218 10488   241    20 -9999 -9999 -9999
2021 01 16 12  -189  -225 10472   333     7 -9999 -9999 -9999
2021 01 16 15  -194  -223 10439    84    10 -9999 -9999 -9999
2021 01 16 18  -214  -245 10413   301     9 -9999 -9999 -9999
2021 01 16 21  -215  -244 10382   117     4 -9999 -9999 -9999
2021 01 17 00  -204  -234 10365   326    13 -9999 -9999 -9999
2021 01 17 03  -194  -227 10361    19     4 -9999 -9999 -9999
2021 01 17 06  -155  -210 10349   218     7 -9999 -9999 -9999
2021 01 17 09  -175  -221 10345    88    15 -9999 -9999 -9999
2021 01 17 12  -190  -224 10345    80     7 -9999 -9999 -9999
2021 01 17 15  -204  -235 10341   356     8 -9999 -9999 -9999
2021 01 17 18  -209  -240 10324   358     7 -9999 -9999 -9999
2021 01 17 21  -213  -246 10307    34     8 -9999 -9999 -9999
2021 01 18 00  -225  -252 10295   281     4 -9999 -9999 -9999
2021 01 18 03  -214  -241 10293   282     4 -9999 -9999 -9999
2021 01 18 06  -167  -211 10273   239    20 -9999 -9999 -9999
2021 01 18 09  -164  -209 10266   247    15 -9999 -9999 -9999
2021 01 18 12  -184  -218 10279    88    13 -9999 -9999 -9999
2021 01 18 15  -202  -232 10282   290     6 -9999 -9999 -9999
2021 01 18 18  -203  -236 10277    59     4 -9999 -9999 -9999
2021 01 18 21  -208  -239 10279   348     8 -9999 -9999 -9999
2021 01 19 00  -213  -244 10284   342     9 -9999 -9999 -9999
2021 01 19 03  -193  -225 10293   201     6 -9999 -9999 -9999
2021 01 19 06  -162  -205 10292   229    18 -9999 -9999 -9999
2021 01 19 09  -155  -199 10285   237    18 -9999 -9999 -9999
2021 01 19 12  -167  -202 10294    91     7 -9999 -9999 -9999
2021 01 19 15  -183  -215 10296    63    11 -9999 -9999 -9999
2021 01 19 18  -185  -215 10285   312     6 -9999 -9999 -9999
2021 01 19 21  -174  -210 10283    60     8 -9999 -9999 -9999
2021 01 20 00  -182  -214 10290   307     5 -9999 -9999 -9999
2021 01 20 03  -173  -205 10302    71    16 -9999 -9999 -9999
2021 01 20 06  -140  -189 10308   246    15 -9999 -9999 -9999
2021 01 20 09  -130  -178 10310   230    18 -9999 -9999 -9999
2021 01 20 12  -137  -184 10329   231    13 -9999 -9999 -9999
2021 01 20 15  -132  -173 10332    75    11 -9999 -9999 -9999
2021 01 20 18  -145  -180 10335   328     6 -9999 -9999 -9999
2021 01 20 21  -130  -170 10329   290    10 -9999 -9999     0
2021 01 21 00  -159  -188 10325    70    10 -9999 -9999     0
2021 01 21 03  -146  -185 10311   350    10 -9999 -9999     0
2021 01 21 06   -95  -162 10291   200    10 -9999 -9999     0
2021 01 21 09   -82  -145 10257   239    18 -9999 -9999 -9999
2021 01 21 12  -116  -153 10245     0 -9999 -9999 -9999     0
2021 01 21 15  -104  -143 10215    10    10 -9999 -9999     0
2021 01 21 18   -97  -127 10191   270    10 -9999 -9999     0
2021 01 21 21   -84  -115 10171     0 -9999 -9999 -9999     0
2021 01 22 00   -76  -111 10162   350    10 -9999 -9999     0
2021 01 22 03  -117  -139 10166    88    18 -9999 -9999 -9999
2021 01 22 06   -90  -130 10156   243     8 -9999 -9999 -9999
2021 01 22 09   -95  -135 10149   238    16 -9999 -9999 -9999
2021 01 22 12  -102  -137 10177   241     9 -9999 -9999 -9999
2021 01 22 15   -54  -115 10201    34    32 -9999 -9999 -9999
2021 01 22 18   -12  -114 10226   326   113 -9999 -9999 -9999
2021 01 22 21   -37  -150 10266   323   110 -9999 -9999 -9999
2021 01 23 00   -49  -202 10308   318   112 -9999 -9999 -9999
2021 01 23 03   -44  -202 10353   296    50 -9999 -9999 -9999
2021 01 23 06   -40  -199 10347   355    41 -9999 -9999 -9999
2021 01 23 09   -30  -186 10351   304    26 -9999 -9999 -9999
2021 01 23 12   -45  -155 10366    72    24 -9999 -9999 -9999
2021 01 23 15   -75  -155 10365    48    10 -9999 -9999 -9999
2021 01 23 18   -90  -167 10363   355    13 -9999 -9999 -9999
2021 01 23 21   -80  -153 10357   316    12 -9999 -9999 -9999
2021 01 24 00   -90  -136 10370    11     3 -9999 -9999 -9999
2021 01 24 03   -95  -143 10391    21     3 -9999 -9999 -9999
2021 01 24 06   -82  -119 10393    84    28 -9999 -9999 -9999
2021 01 24 09   -72  -118 10383    76    23 -9999 -9999 -9999
2021 01 24 12   -82  -115 10394    81    16 -9999 -9999 -9999
2021 01 24 15   -88  -116 10394   260    10 -9999 -9999     0
2021 01 24 18   -94  -119 10399   240    20 -9999 -9999     0
2021 01 24 21   -63  -168 10401   320    30 -9999 -9999     0
2021 01 25 00   -77  -200 10410   308    24 -9999 -9999 -9999
2021 01 25 03   -84  -199 10418   329    35 -9999 -9999 -9999
2021 01 25 06   -95  -148 10427   115    26 -9999 -9999 -9999
2021 01 25 09   -82  -157 10409   102    25 -9999 -9999 -9999
2021 01 25 12  -110  -168 10417    78    38 -9999 -9999 -9999
2021 01 25 15  -125  -183 10415    86    27 -9999 -9999 -9999
2021 01 25 18  -125  -196 10402    89    19 -9999 -9999 -9999
2021 01 25 21  -130  -199 10392   315     8 -9999 -9999 -9999
2021 01 26 00  -137  -192 10392   254    12 -9999 -9999 -9999
2021 01 26 03  -135  -188 10404   220    12 -9999 -9999 -9999
2021 01 26 06  -114  -176 10401   243    17 -9999 -9999 -9999
2021 01 26 09   -90  -158 10394   210    15 -9999 -9999 -9999
2021 01 26 12  -105  -161 10419   135     7 -9999 -9999 -9999
2021 01 26 15  -120  -147 10435    50    10 -9999 -9999 -9999
2021 01 26 18  -129  -152 10436    71    18 -9999 -9999 -9999
2021 01 26 21  -137  -167 10440    69    19 -9999 -9999 -9999
2021 01 27 00  -149  -173 10442    84    10 -9999 -9999 -9999
2021 01 27 03  -132  -164 10448    34     7 -9999 -9999 -9999
2021 01 27 06  -100  -162 10437   124     9 -9999 -9999 -9999
2021 01 27 09   -85  -151 10429   111    19 -9999 -9999 -9999
2021 01 27 12  -105  -147 10434   228    13 -9999 -9999 -9999
2021 01 27 15  -129  -159 10436   345    13 -9999 -9999 -9999
2021 01 27 18  -140  -177 10429   342    14 -9999 -9999 -9999
2021 01 27 21  -142  -177 10423   338    20 -9999 -9999 -9999
2021 01 28 00  -157  -187 10428   342    14 -9999 -9999 -9999
2021 01 28 03  -137  -179 10436   349     9 -9999 -9999 -9999
2021 01 28 06   -97  -153 10428    69    17 -9999 -9999 -9999
2021 01 28 09   -95  -145 10421   201    19 -9999 -9999 -9999
2021 01 28 12  -112  -147 10430   211    15 -9999 -9999 -9999
2021 01 28 15  -120  -151 10437   360     1 -9999 -9999 -9999
2021 01 28 18  -137  -165 10435   360     2 -9999 -9999 -9999
2021 01 28 21  -145  -172 10437    62     4 -9999 -9999 -9999
2021 01 29 00  -150  -172 10445    69     8 -9999 -9999 -9999
2021 01 29 03  -137  -162 10454   346     9 -9999 -9999 -9999
2021 01 29 06  -105  -150 10450    67    14 -9999 -9999 -9999
2021 01 29 09   -95  -146 10438   238    20 -9999 -9999 -9999
2021 01 29 12  -112  -151 10435   262     5 -9999 -9999 -9999
2021 01 29 15  -140  -167 10430   239     7 -9999 -9999 -9999
2021 01 29 18  -152  -181 10419    67     6 -9999 -9999 -9999
2021 01 29 21  -162  -191 10414    46     6 -9999 -9999 -9999
2021 01 30 00  -157  -185 10403   321    11 -9999 -9999 -9999
2021 01 30 03  -157  -175 10410    82    15 -9999 -9999 -9999
2021 01 30 06  -109  -153 10396   262     8 -9999 -9999 -9999
2021 01 30 09   -95  -150 10381   234    20 -9999 -9999 -9999
2021 01 30 12  -122  -160 10382   239    14 -9999 -9999 -9999
2021 01 30 15  -144  -177 10379    72     5 -9999 -9999 -9999
2021 01 30 18  -154  -184 10365     2    11 -9999 -9999 -9999
2021 01 30 21  -145  -169 10351   337     4 -9999 -9999 -9999
2021 01 31 00  -164  -189 10344    74     3 -9999 -9999 -9999
2021 01 31 03  -145  -165 10346   360     1 -9999 -9999 -9999
2021 01 31 06  -109  -156 10338   241    26 -9999 -9999 -9999
2021 01 31 09   -87  -146 10324   215    15 -9999 -9999 -9999
2021 01 31 12  -117  -152 10335   250    13 -9999 -9999 -9999
2021 01 31 15  -145  -171 10335   334     9 -9999 -9999 -9999
2021 01 31 18  -155  -183 10324    72    10 -9999 -9999 -9999
2021 01 31 21  -170  -198 10318    11     8 -9999 -9999 -9999
2021 02 01 00  -174  -201 10325     7     4 -9999 -9999 -9999
2021 02 01 03  -167  -198 10338    77    13 -9999 -9999 -9999
2021 02 01 06  -130  -175 10337   240    15 -9999 -9999 -9999
2021 02 01 09  -117  -171 10334   221    17 -9999 -9999 -9999
2021 02 01 12  -132  -172 10346   235    13 -9999 -9999 -9999
2021 02 01 15  -135  -171 10356    12     6 -9999 -9999 -9999
2021 02 01 18  -144  -177 10356     4     3 -9999 -9999 -9999
2021 02 01 21  -150  -179 10359   280     5 -9999 -9999 -9999
2021 02 02 00  -149  -180 10362    82    10 -9999 -9999 -9999
2021 02 02 03  -142  -177 10371    71    10 -9999 -9999 -9999
2021 02 02 06  -107  -167 10368   170    15 -9999 -9999 -9999
2021 02 02 09   -97  -156 10361   219    17 -9999 -9999 -9999
2021 02 02 12  -105  -153 10372   226    19 -9999 -9999 -9999
2021 02 02 15  -120  -147 10384   240     9 -9999 -9999 -9999
2021 02 02 18  -115  -152 10378    80    16 -9999 -9999 -9999
2021 02 02 21  -120  -153 10385    86    14 -9999 -9999 -9999
2021 02 03 00  -125  -160 10388    82    11 -9999 -9999 -9999
2021 02 03 03  -122  -164 10398   120     6 -9999 -9999 -9999
2021 02 03 06   -89  -147 10390    89    15 -9999 -9999 -9999
2021 02 03 09   -72  -139 10375   214    18 -9999 -9999 -9999
2021 02 03 12   -90  -140 10381   144     5 -9999 -9999 -9999
2021 02 03 15  -102  -147 10383    83     9 -9999 -9999 -9999
2021 02 03 18  -109  -151 10370   254     4 -9999 -9999 -9999
2021 02 03 21  -120  -154 10364   360     1 -9999 -9999 -9999
2021 02 04 00  -115  -150 10353    79     7 -9999 -9999 -9999
2021 02 04 03  -105  -147 10354   259     5 -9999 -9999 -9999
2021 02 04 06   -77  -135 10345   243    15 -9999 -9999 -9999
2021 02 04 09   -67  -132 10328   216     9 -9999 -9999 -9999
2021 02 04 12   -79  -129 10328    63     8 -9999 -9999 -9999
2021 02 04 15   -89  -132 10323   256     8 -9999 -9999 -9999
2021 02 04 18   -94  -132 10310   333     6 -9999 -9999 -9999
2021 02 04 21   -94  -133 10301   360     1 -9999 -9999 -9999
2021 02 05 00   -94  -132 10294   326     5 -9999 -9999 -9999
2021 02 05 03   -85  -129 10302   360     0 -9999 -9999 -9999
2021 02 05 06   -60  -118 10298    95    12 -9999 -9999 -9999
2021 02 05 09   -60  -118 10289    85    12 -9999 -9999 -9999
2021 02 05 12   -70  -116 10297   235     8 -9999 -9999 -9999
2021 02 05 15   -94  -128 10302    59     6 -9999 -9999 -9999
2021 02 05 18  -112  -141 10297   340    13 -9999 -9999 -9999
2021 02 05 21  -127  -154 10288   337    11 -9999 -9999 -9999
2021 02 06 00  -127  -152 10290    62     8 -9999 -9999 -9999
2021 02 06 03  -120  -144 10301   360     2 -9999 -9999 -9999
2021 02 06 06   -87  -128 10293   181    10 -9999 -9999 -9999
2021 02 06 09   -65  -120 10281   232    12 -9999 -9999 -9999
2021 02 06 12   -84  -122 10294   236    16 -9999 -9999 -9999
2021 02 06 15  -107  -136 10297    40     6 -9999 -9999 -9999
2021 02 06 18  -115  -140 10292   337    15 -9999 -9999 -9999
2021 02 06 21  -132  -156 10292    31     7 -9999 -9999 -9999
2021 02 07 00  -137  -161 10313    20     5 -9999 -9999 -9999
2021 02 07 03  -100  -127 10325   299     3 -9999 -9999 -9999
2021 02 07 06   -84  -124 10331   110    12 -9999 -9999 -9999
2021 02 07 09   -79  -117 10333   223    25 -9999 -9999 -9999
2021 02 07 12   -87  -115 10340   237    12 -9999 -9999 -9999
2021 02 07 15   -87  -113 10333    72    16 -9999 -9999 -9999
2021 02 07 18   -97  -121 10325    84    21 -9999 -9999 -9999
2021 02 07 21  -102  -121 10312   347    11 -9999 -9999 -9999
2021 02 08 00  -110  -133 10298    53    11 -9999 -9999 -9999
2021 02 08 03   -95  -127 10294   317    16 -9999 -9999 -9999
2021 02 08 06   -45  -107 10269   246    16 -9999 -9999 -9999
2021 02 08 09   -27  -104 10239   208    11 -9999 -9999 -9999
2021 02 08 12   -57  -102 10234   225    12 -9999 -9999 -9999
2021 02 08 15   -79  -107 10225   301    12 -9999 -9999 -9999
2021 02 08 18   -80  -108 10198   289     8 -9999 -9999 -9999
2021 02 08 21   -50   -99 10195   258    12 -9999 -9999 -9999
2021 02 09 00   -35   -90 10201   150    12 -9999 -9999 -9999
2021 02 09 03   -67  -108 10220    84    24 -9999 -9999 -9999
2021 02 09 06   -62  -107 10228    79    25 -9999 -9999 -9999
2021 02 09 12   -37   -98 10218    83     6 -9999 -9999 -9999
2021 02 09 15   -39   -93 10230   307     8 -9999 -9999 -9999
2021 02 09 18   -37   -88 10224   226    15 -9999 -9999 -9999
2021 02 09 21   -45   -72 10233   221    20 -9999 -9999     8
2021 02 10 00   -27  -128 10258    59    19 -9999 -9999     8
2021 02 10 03   -32  -155 10309   324    36 -9999 -9999 -9999
2021 02 10 06   -27   -67 10317   199    53 -9999 -9999 -9999
2021 02 10 09   -20   -95 10306   217    31 -9999 -9999 -9999
2021 02 11 00   -80   -94 10318    52     8 -9999 -9999 -9999
2021 02 13 12   -59   -94 10350    83    17 -9999 -9999 -9999
2021 02 13 15   -60  -100 10365    90     6 -9999 -9999 -9999
2021 02 13 18   -64  -101 10371    70    15 -9999 -9999 -9999
2021 02 13 21   -90  -121 10375    70    20 -9999 -9999     0
2021 02 14 00   -89  -120 10382    82    20 -9999 -9999 -9999
2021 02 14 03   -85  -125 10396   114    13 -9999 -9999 -9999
2021 02 14 06   -72  -120 10394   115    19 -9999 -9999 -9999
2021 02 14 09   -55  -108 10389   110    11 -9999 -9999 -9999
2021 02 14 12   -72  -101 10392    81    23 -9999 -9999 -9999
2021 02 14 15   -77  -103 10394    92    10 -9999 -9999 -9999
2021 02 14 18   -80  -101 10385    74    11 -9999 -9999 -9999
2021 02 14 21   -85  -101 10379   239     6 -9999 -9999 -9999
2021 02 15 00   -85  -104 10380    80    10 -9999 -9999 -9999
2021 02 15 03   -94  -109 10390    72    14 -9999 -9999 -9999
2021 02 15 06   -82  -107 10383    77    20 -9999 -9999 -9999
2021 02 15 09   -67  -101 10369   138    13 -9999 -9999 -9999
2021 02 15 12   -69   -96 10369   136     9 -9999 -9999 -9999
2021 02 15 15   -70   -95 10373   143     7 -9999 -9999 -9999
2021 02 15 18   -74   -93 10364   318     8 -9999 -9999 -9999
2021 02 15 21   -77   -96 10356   226     7 -9999 -9999 -9999
2021 02 16 00   -90  -102 10357    78    22 -9999 -9999 -9999
2021 02 16 03   -94  -112 10366    90    15 -9999 -9999 -9999
2021 02 16 06   -79  -117 10356    69     6 -9999 -9999     4
2021 02 16 09   -67  -104 10340   195    14 -9999 -9999     4
2021 02 16 12   -77  -106 10345    99    12 -9999 -9999 -9999
2021 02 16 15   -85  -110 10350   234     9 -9999 -9999 -9999
2021 02 16 18   -92  -114 10345   245     6 -9999 -9999 -9999
2021 02 16 21  -115  -138 10347   360     2 -9999 -9999 -9999
2021 02 17 00  -112  -132 10354    75     8 -9999 -9999 -9999
2021 02 17 03  -100  -117 10365    85    17 -9999 -9999 -9999
2021 02 17 06   -90  -120 10362    91    28 -9999 -9999 -9999
2021 02 17 09   -72  -112 10347   104    13 -9999 -9999 -9999
2021 02 17 12   -80  -114 10345   231    14 -9999 -9999 -9999
2021 02 17 15  -100  -124 10345   337     7 -9999 -9999 -9999
2021 02 17 18  -114  -134 10338   327    12 -9999 -9999 -9999
2021 02 17 21  -120  -142 10337   348    10 -9999 -9999 -9999
2021 02 18 00  -130  -154 10341    84     4 -9999 -9999 -9999
2021 02 18 03  -112  -129 10352   222     6 -9999 -9999 -9999
2021 02 18 06   -85  -121 10344   203    16 -9999 -9999 -9999
2021 02 18 09   -60  -115 10324   202    23 -9999 -9999 -9999
2021 02 18 12   -75  -116 10313   186     5 -9999 -9999 -9999
2021 02 18 15   -97  -124 10307   240    13 -9999 -9999 -9999
2021 02 18 18  -115  -140 10286   335     5 -9999 -9999 -9999
2021 02 18 21  -114  -136 10253   336    14 -9999 -9999 -9999
2021 02 19 00  -125  -146 10246   360     2 -9999 -9999 -9999
2021 02 19 03  -120  -134 10239   235     8 -9999 -9999 -9999
2021 02 19 06   -89  -117 10216   221    14 -9999 -9999 -9999
2021 02 19 09   -70  -113 10196   207    18 -9999 -9999 -9999
2021 02 20 15   -32   -84 10318   149     6 -9999 -9999 -9999
2021 02 20 18   -42   -90 10326    71    15 -9999 -9999 -9999
2021 02 20 21   -44   -73 10325    80     5 -9999 -9999     2
2021 02 21 00   -44   -62 10320    71     4 -9999 -9999     2
2021 02 21 03   -35   -46 10325    76    21 -9999 -9999     3
2021 02 21 09    -5   -35 10305     2     4 -9999 -9999 -9999
2021 02 21 12   -15   -30 10314   208    13 -9999 -9999     3
2021 02 21 15   -19   -26 10331   207    15 -9999 -9999     8
2021 02 21 18   -20   -26 10318    83     8 -9999 -9999     7
2021 02 21 21   -17   -25 10304    61     9 -9999 -9999     2
2021 02 22 00   -25   -30 10300    42    10 -9999 -9999 -9999
2021 02 22 03   -27   -32 10316    80    16 -9999 -9999 -9999
2021 02 22 06   -10   -29 10311   284     7 -9999 -9999 -9999
2021 02 22 09    -4   -23 10291   203    13 -9999 -9999 -9999
2021 02 22 12    -5   -22 10295   190    13 -9999 -9999 -9999
2021 02 22 15   -14   -21 10304   242     9 -9999 -9999 -9999
2021 02 22 18   -20   -29 10296    53    10 -9999 -9999 -9999
2021 02 22 21   -34   -41 10289    46    11 -9999 -9999 -9999
2021 02 23 00   -32   -36 10284    78    25 -9999 -9999 -9999
2021 02 23 03   -30   -36 10290    56    10 -9999 -9999 -9999
2021 02 23 06   -20   -26 10276    57    10 -9999 -9999 -9999
2021 02 23 09    -7   -19 10258   126    11 -9999 -9999 -9999
2021 02 23 12   -12   -20 10256   238    12 -9999 -9999 -9999
2021 02 23 15   -10   -21 10262    82     8 -9999 -9999 -9999
2021 02 23 18   -15   -26 10249    80    18 -9999 -9999 -9999
2021 02 23 21   -20   -34 10243    81    20 -9999 -9999 -9999
2021 02 24 00   -25   -41 10237    55    14 -9999 -9999 -9999
2021 02 24 03   -25   -41 10239   112    10 -9999 -9999 -9999
2021 02 24 06   -17   -41 10222   230    18 -9999 -9999 -9999
2021 02 24 09    -9   -44 10203   236    15 -9999 -9999 -9999
2021 02 24 12   -14   -41 10188    91    19 -9999 -9999 -9999
2021 02 24 15   -27   -50 10181   107    10 -9999 -9999 -9999
2021 02 24 18   -29   -48 10169   218    21 -9999 -9999 -9999
2021 02 24 21   -30   -43 10148    73     6 -9999 -9999 -9999
2021 02 25 00   -34   -44 10158    66    20 -9999 -9999 -9999
2021 02 25 03   -27   -37 10205    79    28 -9999 -9999 -9999
2021 02 25 06   -22  -132 10219   318   100 -9999 -9999 -9999
2021 02 25 09   -45  -168 10238   321    89 -9999 -9999 -9999
2021 02 25 12   -35  -183 10266   322    73 -9999 -9999 -9999
2021 02 25 15   -52  -201 10296   316    62 -9999 -9999 -9999
2021 02 25 18   -67  -207 10325   334    44 -9999 -9999 -9999
2021 02 25 21   -75  -207 10349   272    40 -9999 -9999 -9999
2021 02 26 00   -82  -220 10351   317    54 -9999 -9999 -9999
2021 02 26 03   -84  -218 10366   317    59 -9999 -9999 -9999
2021 02 26 06   -57  -195 10379   131    26 -9999 -9999 -9999
2021 02 26 09   -50  -119 10374   182    26 -9999 -9999 -9999
2021 02 26 12   -80  -113 10390   179    22 -9999 -9999 -9999
2021 02 26 15   -90  -110 10402   215    19 -9999 -9999 -9999
2021 02 26 18  -107  -181 10388   325    22 -9999 -9999 -9999
2021 02 26 21  -115  -157 10373   333    20 -9999 -9999 -9999
2021 02 27 00  -132  -164 10382   308     9 -9999 -9999 -9999
2021 02 27 03  -124  -153 10388   258    11 -9999 -9999 -9999
2021 02 27 06   -82  -140 10376   132    16 -9999 -9999 -9999
2021 02 27 09   -70  -151 10362   202    26 -9999 -9999 -9999
2021 02 27 12   -82  -152 10368   196    31 -9999 -9999 -9999
2021 02 27 15  -104  -141 10389   259     7 -9999 -9999 -9999
2021 02 27 18  -104  -145 10388    78    12 -9999 -9999 -9999
2021 02 27 21  -110  -143 10395    39     6 -9999 -9999 -9999
2021 02 28 00  -134  -158 10410    89     7 -9999 -9999 -9999
2021 02 28 03  -102  -141 10427    89    11 -9999 -9999 -9999
2021 02 28 06   -75  -157 10420   109    25 -9999 -9999 -9999
2021 02 28 09   -60  -160 10404   134    23 -9999 -9999 -9999
2021 02 28 12   -70  -168 10405   115    24 -9999 -9999 -9999
2021 02 28 15   -89  -163 10401     8    11 -9999 -9999 -9999
2021 02 28 18  -100  -161 10382   342    13 -9999 -9999 -9999
2021 02 28 21  -112  -170 10358   303     6 -9999 -9999 -9999
2021 03 01 00  -107  -175 10348   324    21 -9999 -9999 -9999
2021 03 01 03   -69  -174 10343   227     6 -9999 -9999 -9999
2021 03 01 06   -32  -180 10325   208    22 -9999 -9999 -9999
2021 03 01 09   -14  -171 10305   178    19 -9999 -9999 -9999
2021 03 01 12   -47  -159 10307   185    22 -9999 -9999 -9999
2021 03 01 15   -60  -145 10302    89     8 -9999 -9999 -9999
2021 03 01 18   -80  -136 10288    77    10 -9999 -9999 -9999
2021 03 01 21   -90  -144 10281    51    18 -9999 -9999 -9999
2021 03 02 00   -92  -144 10280    59     6 -9999 -9999 -9999
2021 03 02 03   -62  -143 10277    90     9 -9999 -9999 -9999
2021 03 02 06   -40  -143 10272   121    18 -9999 -9999 -9999
2021 03 02 09   -24  -158 10248   192    15 -9999 -9999 -9999
2021 03 02 12   -32  -135 10246   171     3 -9999 -9999 -9999
2021 03 02 15   -55  -130 10248   231    12 -9999 -9999 -9999
2021 03 02 18   -65  -132 10235   275     4 -9999 -9999 -9999
2021 03 02 21   -64  -123 10218    69     6 -9999 -9999 -9999
2021 03 03 00   -57  -124 10222    87    10 -9999 -9999 -9999
2021 03 03 03   -40  -137 10229   123    10 -9999 -9999 -9999
2021 03 03 06   -27  -131 10234    86    29 -9999 -9999 -9999
2021 03 03 09     2  -114 10236   105    23 -9999 -9999 -9999
2021 03 03 12    -7  -102 10270   188    26 -9999 -9999 -9999
2021 03 03 15   -20  -111 10291   288    17 -9999 -9999 -9999
2021 03 03 18   -17   -92 10291    82    19 -9999 -9999 -9999
2021 03 03 21   -25   -87 10297   360     1 -9999 -9999 -9999
2021 03 04 00   -25   -71 10304   126     9 -9999 -9999 -9999
2021 03 04 03   -35   -50 10316    84    29 -9999 -9999     7
2021 03 04 06   -25   -45 10308    74    22 -9999 -9999     7
2021 03 04 09   -22   -45 10297    67    23 -9999 -9999 -9999
2021 03 04 12   -25   -42 10302    84    12 -9999 -9999 -9999
2021 03 04 15   -30   -42 10302    67    15 -9999 -9999    17
2021 03 04 18   -34   -44 10294   117     4 -9999 -9999    17
2021 03 04 21   -34   -42 10284   256     4 -9999 -9999 -9999
2021 03 05 00   -40   -53 10281    37     5 -9999 -9999 -9999
2021 03 05 03   -12   -46 10289   324    26 -9999 -9999 -9999
2021 03 05 06     1   -53 10308   226    23 -9999 -9999 -9999
2021 03 05 09    -2   -39 10323   224    43 -9999 -9999 -9999
2021 03 05 12    21   -36 10343   323    21 -9999 -9999 -9999
2021 03 05 15    -5   -37 10367   319    14 -9999 -9999 -9999
2021 03 05 18    -7   -40 10356    44    17 -9999 -9999 -9999
2021 03 05 21   -27   -42 10347   324    10 -9999 -9999 -9999
2021 03 06 00   -35   -47 10336   202    10 -9999 -9999 -9999
2021 03 06 03   -35   -53 10339    85    21 -9999 -9999 -9999
2021 03 06 06   -20   -45 10314    99    27 -9999 -9999 -9999
2021 03 06 09   -20   -40 10284    83    28 -9999 -9999 -9999
2021 03 06 12   -25   -48 10272   320     9 -9999 -9999 -9999
2021 03 06 15   -32   -49 10266    70     9 -9999 -9999 -9999
2021 03 06 18   -37   -48 10254   215    16 -9999 -9999 -9999
2021 03 06 21   -49   -56 10243   296    12 -9999 -9999 -9999
2021 03 07 00   -65   -72 10241   282     5 -9999 -9999 -9999
2021 03 07 03   -57   -64 10261    30    11 -9999 -9999 -9999
2021 03 07 06   -42   -50 10260    61    11 -9999 -9999 -9999
2021 03 07 09   -34   -47 10250    84    12 -9999 -9999 -9999
2021 03 07 12   -30   -45 10254    18     7 -9999 -9999 -9999
2021 03 07 15   -34   -49 10263    68    11 -9999 -9999 -9999
2021 03 07 18   -37   -52 10255   139     8 -9999 -9999 -9999
2021 03 07 21   -37   -53 10243    84    10 -9999 -9999 -9999
2021 03 08 00   -42   -55 10249   112    14 -9999 -9999 -9999
2021 03 08 03   -47   -59 10261    81    16 -9999 -9999 -9999
2021 03 08 06   -34   -56 10256   129    17 -9999 -9999 -9999
2021 03 08 09   -27   -54 10250   202    10 -9999 -9999 -9999
2021 03 08 12   -22   -50 10262   204    15 -9999 -9999 -9999
2021 03 08 15   -29   -49 10283   241     6 -9999 -9999 -9999
2021 03 08 18   -25   -45 10282    98     6 -9999 -9999 -9999
2021 03 08 21   -35   -50 10295    68    12 -9999 -9999 -9999
2021 03 09 00   -30   -42 10314    64    23 -9999 -9999 -9999
2021 03 09 03   -20   -42 10324    54    12 -9999 -9999 -9999
2021 03 09 06    15   -35 10307    84    29 -9999 -9999 -9999
2021 03 09 09    50   -22 10283    80    27 -9999 -9999 -9999
2021 03 09 12    31   -24 10277    84    23 -9999 -9999 -9999
2021 03 09 15    -2   -30 10280    73    10 -9999 -9999 -9999
2021 03 09 18   -30   -44 10258     9     8 -9999 -9999 -9999
2021 03 09 21   -40   -54 10240   326     4 -9999 -9999 -9999
2021 03 10 00   -39   -50 10231    86     9 -9999 -9999 -9999
2021 03 10 03    -5   -31 10228    86    13 -9999 -9999 -9999
2021 03 10 06    22   -20 10217   176    19 -9999 -9999 -9999
2021 03 10 09    37   -21 10202   196    23 -9999 -9999 -9999
2021 03 10 12    15   -19 10206   212    18 -9999 -9999 -9999
2021 03 10 15   -15   -31 10222   211     8 -9999 -9999 -9999
2021 03 10 18   -23   -34 10218   340    10 -9999 -9999     0
2021 03 10 21   -30   -36 10219   259     7 -9999 -9999 -9999
2021 03 11 00   -19   -25 10224   216     4 -9999 -9999 -9999
2021 03 11 03   -17   -24 10232   220    11 -9999 -9999 -9999
2021 03 11 06     1   -18 10220    90    20 -9999 -9999 -9999
2021 03 11 09    20   -20 10217   193    29 -9999 -9999 -9999
2021 03 11 12     0   -18 10228   203    25 -9999 -9999 -9999
2021 03 11 15    -2   -19 10256   254     5 -9999 -9999 -9999
2021 03 11 18   -10   -22 10257    46     7 -9999 -9999 -9999
2021 03 11 21   -15   -22 10259    56    16 -9999 -9999 -9999
2021 03 12 00   -17   -26 10259    18    10 -9999 -9999 -9999
2021 03 12 03    15   -13 10260    88    20 -9999 -9999 -9999
2021 03 12 06    42   -15 10234    66    13 -9999 -9999 -9999
2021 03 12 09    75   -18 10194   145    22 -9999 -9999 -9999
2021 03 12 12    66   -13 10187   218    15 -9999 -9999 -9999
2021 03 12 15    22    -8 10185    20     5 -9999 -9999 -9999
2021 03 12 18    15   -23 10167   340    21 -9999 -9999 -9999
2021 03 12 21    -5   -30 10145   348    12 -9999 -9999 -9999
2021 03 13 00   -14   -28 10139     9     3 -9999 -9999 -9999
2021 03 13 03   -15   -28 10144   172    10 -9999 -9999 -9999
2021 03 13 06     2   -18 10133   207    18 -9999 -9999 -9999
2021 03 13 09    61     4 10114   224    25 -9999 -9999 -9999
2021 03 13 12    60     7 10126    66    15 -9999 -9999 -9999
2021 03 13 15    35    10 10154    93    11 -9999 -9999 -9999
2021 03 13 18    10    -6 10186    81    20 -9999 -9999 -9999
2021 03 13 21   -20   -71 10203    89    32 -9999 -9999 -9999
2021 03 14 00   -42  -113 10228    85    24 -9999 -9999 -9999
2021 03 14 03   -47  -127 10234    67    27 -9999 -9999 -9999
2021 03 14 06   -34  -128 10224    95    23 -9999 -9999 -9999
2021 03 14 09   -22  -125 10211   112    16 -9999 -9999 -9999
2021 03 14 12   -27  -113 10230   185    17 -9999 -9999 -9999
2021 03 14 15   -45   -60 10255   221    13 -9999 -9999     7
2021 03 14 18   -37   -46 10258    83    10 -9999 -9999    13
2021 03 14 21   -35   -48 10265    93    20 -9999 -9999     6
2021 03 15 00   -32   -42 10283    72    16 -9999 -9999    10
2021 03 15 03   -24   -41 10311   145    25 -9999 -9999    10
2021 03 15 06   -20   -42 10324   162     5 -9999 -9999    19
2021 03 15 09   -30   -47 10320    74    21 -9999 -9999    19
2021 03 15 12   -32   -42 10328    83    19 -9999 -9999     4
2021 03 15 15   -35   -49 10335   111     7 -9999 -9999     9
2021 03 15 18   -35   -46 10331   231    13 -9999 -9999     7
2021 03 15 21   -50   -60 10328    83    11 -9999 -9999     2
2021 03 16 00   -52   -63 10326    82    16 -9999 -9999     4
2021 03 16 03   -49   -66 10336    85    16 -9999 -9999     6
2021 03 16 06   -30   -63 10330    60    22 -9999 -9999     2
2021 03 16 09   -25   -56 10322    95    14 -9999 -9999 -9999
2021 03 16 12   -29   -55 10327    87    14 -9999 -9999 -9999
2021 03 16 15   -32   -52 10336    73    12 -9999 -9999 -9999
2021 03 16 18   -34   -49 10328    86    14 -9999 -9999 -9999
2021 03 16 21   -37   -56 10316    77    19 -9999 -9999 -9999
2021 03 17 00   -42   -52 10326    84    18 -9999 -9999     7
2021 03 17 03   -39   -57 10340    73    22 -9999 -9999     7
2021 03 17 06   -27   -58 10337    81    20 -9999 -9999     2
2021 03 17 09   -20   -52 10331    93    18 -9999 -9999     2
2021 03 17 12   -15   -48 10345   159    13 -9999 -9999 -9999
2021 03 17 15   -29   -45 10362   198     7 -9999 -9999 -9999
2021 03 17 18   -42   -54 10373   156    10 -9999 -9999 -9999
2021 03 17 21   -67   -89 10376     2    12 -9999 -9999 -9999
2021 03 18 00   -72   -94 10396   335     8 -9999 -9999 -9999
2021 03 18 03   -44   -72 10419    87    28 -9999 -9999 -9999
2021 03 18 06   -20   -67 10420    69    18 -9999 -9999 -9999
2021 03 18 09     4   -67 10413   230    20 -9999 -9999     0
2021 03 18 12    -5   -58 10420   193    15 -9999 -9999 -9999
2021 03 18 15   -17   -58 10425    82    23 -9999 -9999 -9999
2021 03 18 18   -27   -64 10414    70    22 -9999 -9999 -9999
2021 03 18 21   -35   -70 10401    86    12 -9999 -9999 -9999
2021 03 19 00   -35   -73 10400   358    11 -9999 -9999 -9999
2021 03 19 03   -30   -85 10407    86    33 -9999 -9999 -9999
2021 03 19 06     2   -70 10396    80    22 -9999 -9999 -9999
2021 03 19 09    15   -81 10378    79    22 -9999 -9999 -9999
2021 03 19 12     6   -79 10377   100    19 -9999 -9999 -9999
2021 03 19 15   -25   -90 10384    86    31 -9999 -9999 -9999
2021 03 19 18   -37   -90 10374   336    11 -9999 -9999 -9999
2021 03 19 21   -49   -92 10360   357    12 -9999 -9999 -9999
2021 03 20 00   -52  -100 10355   341    19 -9999 -9999 -9999
2021 03 20 03   -10  -107 10355    73    12 -9999 -9999 -9999
2021 03 20 06    16   -90 10336    76    23 -9999 -9999 -9999
2021 03 20 09    47  -118 10312    76    35 -9999 -9999 -9999
2021 03 20 12    40  -113 10297    87    27 -9999 -9999 -9999
2021 03 20 15     6   -91 10285   346    17 -9999 -9999 -9999
2021 03 20 18    -2  -116 10258   329    15 -9999 -9999 -9999
2021 03 20 21    -2  -132 10223   341    19 -9999 -9999 -9999
2021 03 21 00   -24  -114 10213   273     6 -9999 -9999 -9999
2021 03 21 03    21  -104 10209    75    36 -9999 -9999 -9999
2021 03 21 06    60  -107 10188   128    24 -9999 -9999 -9999
2021 03 21 09    80   -95 10176    60    17 -9999 -9999 -9999
2021 03 21 12    66   -67 10192   194    28 -9999 -9999 -9999
2021 03 21 15    51   -56 10214   311    12 -9999 -9999 -9999
2021 03 21 18    67     4 10208   306    21 -9999 -9999 -9999
2021 03 21 21    56   -63 10209    68    19 -9999 -9999 -9999
2021 03 22 00    25   -34 10228    83     5 -9999 -9999 -9999
2021 03 22 03    52   -38 10253    33    15 -9999 -9999 -9999
2021 03 22 06    77   -31 10242    90    30 -9999 -9999 -9999
2021 03 22 09   110   -32 10224   152    20 -9999 -9999 -9999
2021 03 22 12   105   -32 10218   167    13 -9999 -9999 -9999
2021 03 22 15    70   -23 10228    59    27 -9999 -9999 -9999
2021 03 22 18    47   -14 10215    33    19 -9999 -9999 -9999
2021 03 22 21    30   -26 10205   343    21 -9999 -9999 -9999
2021 03 23 00    17   -25 10203   318    15 -9999 -9999 -9999
2021 03 23 03    70   -25 10199   175     7 -9999 -9999 -9999
2021 03 23 06   105   -52 10171    82    21 -9999 -9999 -9999
2021 03 23 09   125   -86 10145    96    25 -9999 -9999 -9999
2021 03 23 12   110   -60 10139    73    13 -9999 -9999 -9999
2021 03 23 15    75   -40 10142   325    19 -9999 -9999 -9999
2021 03 23 18    72   -51 10137   322    20 -9999 -9999 -9999
2021 03 23 21    90   -12 10144   260    30 -9999 -9999 -9999
2021 03 24 00   102   -21 10147   323   102 -9999 -9999 -9999
2021 03 24 03    87   -47 10181   317    71 -9999 -9999 -9999
2021 03 24 06    86   -64 10216   314    74 -9999 -9999 -9999
2021 03 24 09    81   -84 10230   313    64 -9999 -9999 -9999
2021 03 24 12    87  -136 10240   330    33 -9999 -9999 -9999
2021 03 24 15    60  -130 10250   323    43 -9999 -9999 -9999
2021 03 24 18    45  -121 10259    62    21 -9999 -9999 -9999
2021 03 24 21    42   -79 10247    64    29 -9999 -9999 -9999
2021 03 25 00    36   -84 10247    45    19 -9999 -9999 -9999
2021 03 25 03    52   -86 10247    73    26 -9999 -9999 -9999
2021 03 25 06    86   -84 10226    90    20 -9999 -9999 -9999
2021 03 25 09   115   -60 10185   162    24 -9999 -9999 -9999
2021 03 25 12   112   -49 10174   106    23 -9999 -9999 -9999
2021 03 25 15    91   -63 10171    13    14 -9999 -9999 -9999
2021 03 25 18    62   -51 10145   327    25 -9999 -9999 -9999
2021 03 25 21    55   -47 10115   337    20 -9999 -9999 -9999
2021 03 26 00    46   -42 10107   360     1 -9999 -9999 -9999
2021 03 26 03    85   -43 10106   202    15 -9999 -9999 -9999
2021 03 26 06   120     0 10099   150    29 -9999 -9999 -9999
2021 03 26 09   136    25 10109   196    23 -9999 -9999 -9999
2021 03 26 12   107    64 10131   100    10 -9999 -9999     8
2021 03 26 15    72    32 10154    44    19 -9999 -9999    24
2021 03 26 18    61    10 10151    52    13 -9999 -9999    26
2021 03 26 21    55     1 10151    23     6 -9999 -9999    10
2021 03 27 00    41   -15 10166   342    11 -9999 -9999 -9999
2021 03 27 03    71   -16 10178    79    12 -9999 -9999 -9999
2021 03 27 06   110     6 10168   201    20 -9999 -9999 -9999
2021 03 27 09   155    29 10148   179    24 -9999 -9999 -9999
2021 03 27 12   156    43 10143   145    12 -9999 -9999 -9999
2021 03 27 15   110    22 10145    78    33 -9999 -9999 -9999
2021 03 27 18   100    31 10133    57    22 -9999 -9999 -9999
2021 03 27 21    82    24 10107    15    12 -9999 -9999 -9999
2021 03 28 00    90    22 10098     3    16 -9999 -9999 -9999
2021 03 28 03   110    21 10090    77    18 -9999 -9999 -9999
2021 03 28 06   151    29 10059   102    31 -9999 -9999 -9999
2021 03 28 09   170    30 10034   119    22 -9999 -9999 -9999
2021 03 28 12   120    55 10056   320    57 -9999 -9999 -9999
2021 03 28 15   110    37 10060   313    41 -9999 -9999     4
2021 03 28 18   105    31 10072   205    15 -9999 -9999     4
2021 03 28 21   107     8 10077   206    17 -9999 -9999 -9999
2021 03 29 00   100   -15 10099   299    36 -9999 -9999 -9999
2021 03 29 03   112   -18 10120   311    25 -9999 -9999 -9999
2021 03 29 06   135    15 10131   194    43 -9999 -9999 -9999
2021 03 29 09   101    36 10155   282    62 -9999 -9999 -9999
2021 03 29 12    77    -2 10179   316    49 -9999 -9999    28
2021 03 29 15    76   -27 10207   341    45 -9999 -9999    28
2021 03 29 18    65   -21 10229   234    22 -9999 -9999 -9999
2021 03 29 21    55   -26 10241   318    16 -9999 -9999 -9999
2021 03 30 00    41   -34 10256   275    25 -9999 -9999 -9999
2021 03 30 03    66   -39 10262   299    34 -9999 -9999 -9999
2021 03 30 06    97   -29 10253   270    11 -9999 -9999 -9999
2021 03 30 09    95     8 10248   188    46 -9999 -9999 -9999
2021 03 30 12    77   -37 10272   289    49 -9999 -9999 -9999
2021 03 30 15    55   -39 10289   266    37 -9999 -9999 -9999
2021 03 30 18    45   -34 10293    48    13 -9999 -9999 -9999
2021 03 30 21    30   -28 10284   259    15 -9999 -9999 -9999
2021 03 31 00    36   -28 10290   158    15 -9999 -9999 -9999
2021 03 31 03    25   -11 10303   211     8 -9999 -9999 -9999
2021 03 31 06    31   -18 10298    48    14 -9999 -9999     3
2021 03 31 09    62    -2 10282   244    19 -9999 -9999     3
2021 03 31 12    75   -12 10277   243    12 -9999 -9999 -9999
2021 03 31 15    47     7 10290   342    10 -9999 -9999 -9999
2021 03 31 18    57   -49 10284   356    22 -9999 -9999 -9999
2021 03 31 21    25   -32 10277   301     5 -9999 -9999 -9999
2021 04 01 00    25   -28 10280   325    12 -9999 -9999 -9999
2021 04 01 03    70   -33 10284    96    23 -9999 -9999 -9999
2021 04 01 06    91   -13 10267   238    17 -9999 -9999 -9999
2021 04 01 09   101    -7 10255   213    35 -9999 -9999 -9999
2021 04 01 12    97   -16 10264   221    21 -9999 -9999 -9999
2021 04 01 15    70     0 10276   335    13 -9999 -9999 -9999
2021 04 01 18    60    -3 10282     2    15 -9999 -9999 -9999
2021 04 02 00    41   -57 10307   341    12 -9999 -9999 -9999
2021 04 02 06    91   -71 10311    94    27 -9999 -9999 -9999
2021 04 02 09   106   -62 10299    54    19 -9999 -9999 -9999
2021 04 02 12   106   -67 10301    85    12 -9999 -9999 -9999
2021 04 02 15    80   -42 10311   353    11 -9999 -9999 -9999
2021 04 02 18    61   -46 10308   327    24 -9999 -9999 -9999
2021 04 02 21    55   -49 10304     9     9 -9999 -9999 -9999
2021 04 03 00    47   -56 10304    52    10 -9999 -9999 -9999
2021 04 03 03    72   -71 10303   233    19 -9999 -9999 -9999
2021 04 03 06   107   -53 10283   133    27 -9999 -9999 -9999
2021 04 03 09   130  -130 10256    95    25 -9999 -9999 -9999
2021 04 03 12   132  -145 10243   107    24 -9999 -9999 -9999
2021 04 03 15   105  -151 10238    24    11 -9999 -9999 -9999
2021 04 03 18    97  -184 10222    54    13 -9999 -9999 -9999
2021 04 03 21    81  -148 10204   337    17 -9999 -9999 -9999
2021 04 04 00    67  -153 10193   344    23 -9999 -9999 -9999
2021 04 04 03   112  -161 10186    81    25 -9999 -9999 -9999
2021 04 04 06   135  -127 10167    86    43 -9999 -9999 -9999
2021 04 04 09   155   -67 10144    85    32 -9999 -9999 -9999
2021 04 04 12   147   -80 10143    76    20 -9999 -9999 -9999
2021 04 04 15   102   -42 10151   326    21 -9999 -9999 -9999
2021 04 04 18    90   -61 10151   327    26 -9999 -9999 -9999
2021 04 04 21    85   -72 10153   325    37 -9999 -9999 -9999
2021 04 05 00    75   -90 10175   327    29 -9999 -9999 -9999
2021 04 05 03   142  -105 10192    76     6 -9999 -9999 -9999
2021 04 05 06   167   -77 10195   160    15 -9999 -9999 -9999
2021 04 05 09   190   -52 10187   170    28 -9999 -9999 -9999
2021 04 05 12   180   -47 10198   194    31 -9999 -9999 -9999
2021 04 05 15   142    19 10216   324    26 -9999 -9999 -9999
2021 04 05 18   121    17 10225   327    33 -9999 -9999 -9999
2021 04 05 21   115    14 10226   322    37 -9999 -9999 -9999
2021 04 06 00   107    13 10239     1    29 -9999 -9999 -9999
2021 04 06 03   135    11 10256    95    31 -9999 -9999 -9999
2021 04 06 06   165    10 10246    98    25 -9999 -9999 -9999
2021 04 06 09   186   -18 10225    80    34 -9999 -9999 -9999
2021 04 06 12   176    12 10227   321    35 -9999 -9999 -9999
2021 04 06 15   137    24 10239   326    27 -9999 -9999 -9999
2021 04 06 18   122    18 10232   329    39 -9999 -9999 -9999
2021 04 06 21   110    14 10232    16    17 -9999 -9999 -9999
2021 04 07 00    97     6 10237   331    30 -9999 -9999 -9999
2021 04 07 03   152     2 10241   192    19 -9999 -9999 -9999
2021 04 07 06   175    -8 10228   110    19 -9999 -9999 -9999
2021 04 07 09   197   -25 10208   192    26 -9999 -9999 -9999
2021 04 07 12   190   -21 10211   195    27 -9999 -9999 -9999
2021 04 07 15   167     0 10225   270    34 -9999 -9999 -9999
2021 04 07 18   147   -10 10227   316    29 -9999 -9999 -9999
2021 04 07 21   126    -6 10230   128     9 -9999 -9999 -9999
2021 04 08 00   102     5 10240   333    23 -9999 -9999 -9999
2021 04 08 03   162    -1 10241    81    32 -9999 -9999 -9999
2021 04 08 06   185     1 10229    79    28 -9999 -9999 -9999
2021 04 08 09   206     4 10208   184    20 -9999 -9999 -9999
2021 04 08 12   195    -5 10211   196    28 -9999 -9999 -9999
2021 04 08 15   165     1 10218   193    13 -9999 -9999 -9999
2021 04 08 18   140     3 10212   333    26 -9999 -9999 -9999
2021 04 08 21   130    14 10202   328    35 -9999 -9999 -9999
2021 04 09 00   112     6 10207    77     7 -9999 -9999 -9999
2021 04 09 03   165     6 10207    84    22 -9999 -9999 -9999
2021 04 09 06   196    11 10189   197    36 -9999 -9999 -9999
2021 04 09 09   212     4 10163   195    50 -9999 -9999 -9999
2021 04 09 12   210   -75 10164   328    53 -9999 -9999 -9999
2021 04 09 15   176   -50 10172   315    25 -9999 -9999 -9999
2021 04 09 18   156   -19 10167   325    45 -9999 -9999 -9999
2021 04 09 21   145   -21 10167   313    18 -9999 -9999 -9999
2021 04 10 00   115   -17 10170    29     8 -9999 -9999 -9999
2021 04 10 03   165   -12 10176    84    30 -9999 -9999 -9999
2021 04 10 06   192   -23 10163    98    31 -9999 -9999 -9999
2021 04 10 09   225  -119 10150   329    37 -9999 -9999 -9999
2021 04 10 12   202  -151 10163   342    32 -9999 -9999 -9999
2021 04 10 15   161   -82 10188    72    34 -9999 -9999 -9999
2021 04 10 18   122  -121 10197    43    16 -9999 -9999 -9999
2021 04 10 21   100  -126 10194   332    23 -9999 -9999 -9999
2021 04 11 00    85  -121 10208   336    20 -9999 -9999 -9999
2021 04 11 03   130  -123 10218   161    16 -9999 -9999 -9999
2021 04 11 06   160  -115 10219    94    30 -9999 -9999 -9999
2021 04 11 09   177  -131 10223    88    36 -9999 -9999 -9999
2021 04 11 12   171  -136 10239   132    36 -9999 -9999 -9999
2021 04 11 15   127  -125 10264    11    10 -9999 -9999 -9999
2021 04 11 18   105  -115 10268   328    24 -9999 -9999 -9999
2021 04 11 21   101  -132 10270   334    26 -9999 -9999 -9999
2021 04 12 00   100  -147 10279    19    21 -9999 -9999 -9999
2021 04 12 03   132  -136 10291    80    41 -9999 -9999 -9999
2021 04 12 06   170  -137 10282    64    42 -9999 -9999 -9999
2021 04 12 09   181  -140 10269    64    34 -9999 -9999 -9999
2021 04 12 12   180  -141 10264    96    33 -9999 -9999 -9999
2021 04 12 15   146  -135 10271    34    14 -9999 -9999 -9999
2021 04 12 18   135  -154 10269    57    21 -9999 -9999 -9999
2021 04 12 21    97  -157 10257   354    11 -9999 -9999 -9999
2021 04 13 00    87  -164 10255   328    23 -9999 -9999 -9999
2021 04 13 03   161  -155 10249    99    19 -9999 -9999 -9999
2021 04 13 06   187  -147 10230   146    30 -9999 -9999 -9999
2021 04 13 09   200  -153 10206   123    26 -9999 -9999 -9999
2021 04 13 12   197  -140 10191   186    21 -9999 -9999 -9999
2021 04 13 15   142  -113 10198   337    12 -9999 -9999 -9999
2021 04 13 18   137  -141 10202   330    31 -9999 -9999 -9999
2021 04 13 21   137   -82 10190   320    71 -9999 -9999 -9999
2021 04 14 00   136  -187 10203   336    22 -9999 -9999 -9999
2021 04 14 03   167  -163 10227   181    16 -9999 -9999 -9999
2021 04 14 06   201  -207 10222    80    34 -9999 -9999 -9999
2021 04 14 09   227  -189 10201   167    30 -9999 -9999 -9999
2021 04 14 12   215  -176 10195   182    31 -9999 -9999 -9999
2021 04 14 15   165  -179 10211    55    21 -9999 -9999 -9999
2021 04 14 18   127  -124 10228    61    24 -9999 -9999 -9999
2021 04 14 21   105  -122 10219   349    17 -9999 -9999 -9999
2021 04 15 00    87  -124 10221   326    28 -9999 -9999 -9999
2021 04 15 03   127  -109 10230    70    22 -9999 -9999 -9999
2021 04 15 06   165  -102 10219   121    28 -9999 -9999 -9999
2021 04 15 09   195  -106 10195   128    18 -9999 -9999 -9999
2021 04 15 12   197  -116 10189   139    17 -9999 -9999 -9999
2021 04 15 15   160  -115 10192    52    17 -9999 -9999 -9999
2021 04 15 18   130  -116 10195   327    25 -9999 -9999 -9999
2021 04 15 21   110  -117 10187   332    32 -9999 -9999 -9999
2021 04 16 00    97  -110 10198   332    32 -9999 -9999 -9999
2021 04 16 03   172  -105 10197    86    25 -9999 -9999 -9999
2021 04 16 06   200   -83 10185   130    37 -9999 -9999 -9999
2021 04 16 09   220   -99 10164   135    27 -9999 -9999 -9999
2021 04 16 12   217  -112 10153   139    18 -9999 -9999 -9999
2021 04 16 15   166   -93 10154   352    16 -9999 -9999 -9999
2021 04 16 18   147  -101 10145   331    28 -9999 -9999 -9999
2021 04 16 21   147  -100 10134   333    32 -9999 -9999 -9999
2021 04 17 00   126   -80 10142   252    10 -9999 -9999 -9999
2021 04 17 03   162  -104 10149   167    20 -9999 -9999 -9999
2021 04 17 06   230   -80 10128   192    20 -9999 -9999 -9999
2021 04 17 09   227   -43 10122   314    65 -9999 -9999 -9999
2021 04 17 12   207   -18 10140   310    48 -9999 -9999 -9999
2021 04 17 15   172     0 10157   299    20 -9999 -9999 -9999
2021 04 17 18   160    28 10152   328    40 -9999 -9999 -9999
2021 04 17 21   147    33 10155   303    36 -9999 -9999 -9999
2021 04 18 00   136    37 10157   321    51 -9999 -9999 -9999
2021 04 18 03   190    23 10166   310    50 -9999 -9999 -9999
2021 04 18 06   222   -32 10157   315    29 -9999 -9999 -9999
2021 04 18 09   241   -41 10142   312    17 -9999 -9999 -9999
2021 04 18 12   227   -21 10142   301    25 -9999 -9999 -9999
2021 04 18 15   195   -34 10152   327    26 -9999 -9999 -9999
2021 04 18 18   172   -25 10144   331    27 -9999 -9999 -9999
2021 04 18 21   152   -10 10141    12     5 -9999 -9999 -9999
2021 04 19 00   165    -3 10145     1    18 -9999 -9999 -9999
2021 04 19 03   172    13 10145    94    11 -9999 -9999 -9999
2021 04 19 06   196     6 10143   234    64 -9999 -9999 -9999
2021 04 19 09   197    34 10129   238    67 -9999 -9999 -9999
2021 04 19 12   195    40 10124   212    51 -9999 -9999 -9999
2021 04 19 15   166    36 10134   311    23 -9999 -9999 -9999
2021 04 19 18   132    33 10128   152    11 -9999 -9999 -9999
2021 04 19 21   121    -1 10110     8    25 -9999 -9999 -9999
2021 04 20 00   120     4 10106   341    13 -9999 -9999 -9999
2021 04 20 03   160    16 10101    93    11 -9999 -9999 -9999
2021 04 20 06   216    28 10083   185    37 -9999 -9999 -9999
2021 04 20 09   195    55 10075   337    61 -9999 -9999 -9999
2021 04 20 12   216    23 10063     6    31 -9999 -9999 -9999
2021 04 20 15   155    48 10086   312    88 -9999 -9999 -9999
2021 04 20 18   135    48 10066   325    59 -9999 -9999 -9999
2021 04 20 21    91     8 10091    92    12 -9999 -9999 -9999
