2021 01 01 00  -154  -218 10309   279     7 -9999 -9999 -9999
2021 01 01 03  -130  -205 10318    17    12 -9999 -9999 -9999
2021 01 01 06   -60  -197 10269   106     9 -9999 -9999 -9999
2021 01 01 09   -22  -201 10240   100    15 -9999 -9999 -9999
2021 01 01 12   -82  -203 10286    10     9 -9999 -9999 -9999
2021 01 01 18  -122  -218 10289    29    15 -9999 -9999 -9999
2021 01 01 21  -104  -217 10268   193     8 -9999 -9999 -9999
2021 01 02 00  -117  -211 10300   344     6 -9999 -9999 -9999
2021 01 02 03   -97  -192 10322    29    14 -9999 -9999 -9999
2021 01 02 06   -57  -202 10299    35    17 -9999 -9999 -9999
2021 01 02 09   -50  -199 10278   172    12 -9999 -9999 -9999
2021 01 02 12   -77  -197 10311   263     4 -9999 -9999 -9999
2021 01 02 18  -110  -204 10290   330    11 -9999 -9999 -9999
2021 01 02 21  -120  -195 10286   357    18 -9999 -9999 -9999
2021 01 03 00  -117  -167 10287   209    12 -9999 -9999 -9999
2021 01 03 03  -110  -162 10294    70    11 -9999 -9999 -9999
2021 01 03 06   -67  -162 10282   227    24 -9999 -9999 -9999
2021 01 03 09   -54  -169 10275   217    22 -9999 -9999 -9999
2021 01 03 12   -90  -164 10307   226    16 -9999 -9999 -9999
2021 01 03 18  -120  -169 10321   241    17 -9999 -9999 -9999
2021 01 03 21  -155  -186 10340   208    10 -9999 -9999 -9999
2021 01 04 00  -170  -194 10375    70     9 -9999 -9999 -9999
2021 01 04 03  -185  -212 10407   349    10 -9999 -9999 -9999
2021 01 04 06  -132  -170 10382   115    11 -9999 -9999 -9999
2021 01 04 09   -79  -189 10370   152     8 -9999 -9999 -9999
2021 01 04 12  -115  -192 10424   181    18 -9999 -9999 -9999
2021 01 04 18  -200  -234 10469   197     8 -9999 -9999 -9999
2021 01 04 21  -215  -251 10443    12    11 -9999 -9999 -9999
2021 01 05 00  -214  -255 10440    57     7 -9999 -9999 -9999
2021 01 05 03  -213  -258 10457    24     9 -9999 -9999 -9999
2021 01 05 06  -117  -248 10400   135    14 -9999 -9999 -9999
2021 01 05 09   -80  -247 10362   105     8 -9999 -9999 -9999
2021 01 05 12  -154  -218 10401   179     4 -9999 -9999 -9999
2021 01 05 18  -204  -235 10387   130     3 -9999 -9999 -9999
2021 01 05 21  -214  -245 10375    17     9 -9999 -9999 -9999
2021 01 06 00  -218  -247 10405   360     1 -9999 -9999 -9999
2021 01 06 03  -212  -239 10440    15    13 -9999 -9999 -9999
2021 01 06 06  -132  -185 10408   130    10 -9999 -9999 -9999
2021 01 06 09  -102  -192 10390   206    11 -9999 -9999 -9999
2021 01 06 12  -122  -197 10406   231    42 -9999 -9999 -9999
2021 01 06 18  -184  -217 10417    26     3 -9999 -9999 -9999
2021 01 06 21  -193  -225 10395   360     0 -9999 -9999 -9999
2021 01 07 00  -204  -231 10402   216     5 -9999 -9999 -9999
2021 01 07 03  -210  -236 10438   324     4 -9999 -9999 -9999
2021 01 07 06  -127  -199 10391   118    11 -9999 -9999 -9999
2021 01 07 09  -100  -202 10360   149     9 -9999 -9999 -9999
2021 01 07 12  -152  -205 10396   192     6 -9999 -9999 -9999
2021 01 07 18  -203  -233 10392   271     3 -9999 -9999 -9999
2021 01 07 21  -194  -224 10367     1    10 -9999 -9999 -9999
2021 01 08 00  -197  -227 10382   316     7 -9999 -9999 -9999
2021 01 08 03  -178  -212 10397   219     4 -9999 -9999 -9999
2021 01 08 06  -113  -197 10358   230    30 -9999 -9999     0
2021 01 08 09   -98  -200 10339   230    30 -9999 -9999     0
2021 01 08 12  -109  -193 10351     0 -9999 -9999 -9999     0
2021 01 08 18  -125  -146 10355     0 -9999 -9999 -9999     5
2021 01 08 21  -138  -161 10356    50    10 -9999 -9999     5
2021 01 09 00  -173  -198 10379   360     2 -9999 -9999 -9999
2021 01 09 03  -180  -214 10410    73     5 -9999 -9999 -9999
2021 01 09 06   -82  -211 10362    83     5 -9999 -9999 -9999
2021 01 09 09   -62  -231 10346   139    15 -9999 -9999 -9999
2021 01 09 12  -124  -227 10417   200    12 -9999 -9999 -9999
2021 01 09 18  -189  -242 10451   105     5 -9999 -9999 -9999
2021 01 09 21  -155  -258 10442    15    19 -9999 -9999 -9999
2021 01 10 00  -160  -269 10483    29    29 -9999 -9999 -9999
2021 01 10 03  -167  -269 10536    26    20 -9999 -9999 -9999
2021 01 10 06   -97  -248 10486    19    23 -9999 -9999 -9999
2021 01 10 09   -55  -249 10421    59    25 -9999 -9999 -9999
2021 01 10 12  -110  -241 10454    42    19 -9999 -9999 -9999
2021 01 10 18  -160  -248 10445   248    10 -9999 -9999 -9999
2021 01 10 21  -177  -252 10421   187     5 -9999 -9999 -9999
2021 01 11 00  -180  -247 10436     1    12 -9999 -9999 -9999
2021 01 11 03  -175  -247 10443   225     9 -9999 -9999 -9999
2021 01 11 06   -67  -227 10378    98     7 -9999 -9999 -9999
2021 01 11 09 -9999  -192 10304   133     7 -9999 -9999 -9999
2021 01 11 12  -105  -196 10347   198     6 -9999 -9999 -9999
2021 01 11 18  -147  -215 10300    27     8 -9999 -9999 -9999
2021 01 11 21  -152  -225 10256   191     9 -9999 -9999 -9999
2021 01 12 00  -162  -229 10299    50     3 -9999 -9999 -9999
2021 01 12 03  -160  -227 10321    26     9 -9999 -9999 -9999
2021 01 12 06   -22  -211 10243   116    11 -9999 -9999 -9999
2021 01 12 09 -9999  -198 10197   154    11 -9999 -9999 -9999
2021 01 12 12   -95  -182 10269   223     8 -9999 -9999 -9999
2021 01 12 18  -125  -204 10220   308     8 -9999 -9999 -9999
2021 01 12 21  -129  -216 10175   358     6 -9999 -9999 -9999
2021 01 13 00  -144  -219 10217   216     6 -9999 -9999 -9999
2021 01 13 03  -120  -208 10232    23    14 -9999 -9999 -9999
2021 01 13 06   -37  -204 10194   274    18 -9999 -9999 -9999
2021 01 13 09    16  -163 10156    63    26 -9999 -9999 -9999
2021 01 13 12     0  -203 10200   152    40 -9999 -9999 -9999
2021 01 13 18   -55  -220 10206    34    38 -9999 -9999 -9999
2021 01 13 21  -110  -211 10213   359     7 -9999 -9999 -9999
2021 01 14 00  -115  -212 10226     5    12 -9999 -9999 -9999
2021 01 14 03   -90  -190 10238   314    15 -9999 -9999 -9999
2021 01 14 06    -5  -227 10201    80    25 -9999 -9999 -9999
2021 01 14 09   -14  -215 10233    76    48 -9999 -9999 -9999
2021 01 14 12   -42  -238 10274    22    30 -9999 -9999 -9999
2021 01 14 18   -90  -255 10277   260    12 -9999 -9999 -9999
2021 01 14 21  -135  -258 10300    41    24 -9999 -9999 -9999
2021 01 15 00  -155  -263 10320    16    14 -9999 -9999 -9999
2021 01 15 03  -173  -269 10344    16     6 -9999 -9999 -9999
2021 01 15 06   -65  -276 10292     4     8 -9999 -9999 -9999
2021 01 15 09   -25  -230 10272   198    25 -9999 -9999 -9999
2021 01 15 12   -67  -207 10328   217    16 -9999 -9999 -9999
2021 01 15 18  -174  -247 10403   302     5 -9999 -9999 -9999
2021 01 15 21  -184  -257 10416   249     5 -9999 -9999 -9999
2021 01 16 00  -197  -269 10466   184     3 -9999 -9999 -9999
2021 01 16 03  -189  -274 10529   254     4 -9999 -9999 -9999
2021 01 16 06   -72  -275 10471    62     9 -9999 -9999 -9999
2021 01 16 09   -24  -280 10430   186     8 -9999 -9999 -9999
2021 01 16 12  -115  -224 10483   217     7 -9999 -9999 -9999
2021 01 16 18  -185  -254 10422    24    12 -9999 -9999 -9999
2021 01 16 21  -189  -255 10375    28     9 -9999 -9999 -9999
2021 01 17 00  -197  -261 10389    26     5 -9999 -9999 -9999
2021 01 17 03  -184  -252 10391    14    12 -9999 -9999 -9999
2021 01 17 06   -75  -233 10319   122     8 -9999 -9999 -9999
2021 01 17 09    -7  -234 10264   146    10 -9999 -9999 -9999
2021 01 17 12  -110  -214 10323   191     7 -9999 -9999 -9999
2021 01 17 18  -177  -229 10277    52     7 -9999 -9999 -9999
2021 01 17 21  -194  -236 10241    33    16 -9999 -9999 -9999
2021 01 18 00  -187  -245 10262    34    10 -9999 -9999 -9999
2021 01 18 03  -179  -243 10282    43     7 -9999 -9999 -9999
2021 01 18 06   -60  -221 10207    48    11 -9999 -9999 -9999
2021 01 18 09 -9999  -218 10161   174    11 -9999 -9999 -9999
2021 01 18 12  -110  -218 10236   163     9 -9999 -9999 -9999
2021 01 18 18  -150  -227 10208    65     6 -9999 -9999 -9999
2021 01 18 21  -130  -222 10169   103     6 -9999 -9999 -9999
2021 01 19 00  -132  -229 10224   360     2 -9999 -9999 -9999
2021 01 19 03   -92  -215 10237   158    12 -9999 -9999 -9999
2021 01 19 06     7  -216 10187    41     6 -9999 -9999 -9999
2021 01 19 09    52  -219 10142   360     1 -9999 -9999 -9999
2021 01 19 12   -39  -175 10196   194     7 -9999 -9999 -9999
2021 01 19 18   -84  -188 10179    10     6 -9999 -9999 -9999
2021 01 19 21   -95  -191 10173    64     6 -9999 -9999 -9999
2021 01 20 00   -74  -193 10210   155     4 -9999 -9999 -9999
2021 01 20 03   -97  -185 10255    83     5 -9999 -9999 -9999
2021 01 20 06    -7  -153 10213   147     9 -9999 -9999 -9999
2021 01 20 09    45  -138 10190   203     8 -9999 -9999 -9999
2021 01 20 12   -29  -143 10237     9    16 -9999 -9999 -9999
2021 01 20 18   -94  -155 10273   177     4 -9999 -9999 -9999
2021 01 20 21   -95  -162 10256   200    10 -9999 -9999     0
2021 01 21 00   -99  -162 10282     0 -9999 -9999 -9999     0
2021 01 21 03  -118  -165 10310     0 -9999 -9999 -9999     0
2021 01 21 06   -12  -144 10233    80    10 -9999 -9999     0
2021 01 21 09    45  -143 10167   200    20 -9999 -9999     0
2021 01 21 12   -34  -154 10186   180    10 -9999 -9999     0
2021 01 21 18  -118  -172 10167    60    10 -9999 -9999     0
2021 01 21 21  -124  -184 10134    30    10 -9999 -9999     0
2021 01 22 00  -140  -191 10168     3     3 -9999 -9999 -9999
2021 01 22 03  -139  -187 10194   346     6 -9999 -9999 -9999
2021 01 22 06   -20  -177 10118    36    14 -9999 -9999 -9999
2021 01 22 09    41  -188 10066   162     9 -9999 -9999 -9999
2021 01 22 12   -52  -176 10119   140     7 -9999 -9999 -9999
2021 01 22 18   -10  -172 10126   289    23 -9999 -9999 -9999
2021 01 22 21   -35  -213 10128   285    31 -9999 -9999 -9999
2021 01 23 00   -55  -230 10187   317    41 -9999 -9999 -9999
2021 01 23 03   -60  -239 10218   295    20 -9999 -9999 -9999
2021 01 23 06   -65  -186 10212    17    33 -9999 -9999 -9999
2021 01 23 09   -60  -169 10203   151    12 -9999 -9999 -9999
2021 01 23 12   -75  -153 10241   194    20 -9999 -9999 -9999
2021 01 23 18  -117  -206 10265    89     6 -9999 -9999 -9999
2021 01 23 21  -124  -207 10272     8     5 -9999 -9999 -9999
2021 01 24 00  -135  -210 10292    39     7 -9999 -9999 -9999
2021 01 24 03  -110  -212 10322   201     9 -9999 -9999 -9999
2021 01 24 06   -57  -258 10316    39    25 -9999 -9999 -9999
2021 01 24 09   -40  -262 10310   177    24 -9999 -9999 -9999
2021 01 24 12   -80  -255 10347   312    23 -9999 -9999 -9999
2021 01 24 18  -151  -246 10339    20    10 -9999 -9999     0
2021 01 24 21  -154  -242 10319    10    10 -9999 -9999     0
2021 01 25 00  -147  -229 10316    89    11 -9999 -9999 -9999
2021 01 25 03  -115  -225 10340   189     7 -9999 -9999 -9999
2021 01 25 06   -30  -204 10300   158    11 -9999 -9999 -9999
2021 01 25 09    -9  -185 10269   180    23 -9999 -9999 -9999
2021 01 25 12   -74  -178 10304   212    12 -9999 -9999 -9999
2021 01 25 18  -150  -193 10290    73     7 -9999 -9999 -9999
2021 01 25 21  -162  -202 10277     4     8 -9999 -9999 -9999
2021 01 26 00  -157  -212 10300   235    11 -9999 -9999 -9999
2021 01 26 03  -145  -200 10329   179    13 -9999 -9999 -9999
2021 01 26 06   -24  -176 10273   127     9 -9999 -9999 -9999
2021 01 26 09    10  -179 10259    28    25 -9999 -9999 -9999
2021 01 26 12   -30  -190 10301    18    26 -9999 -9999 -9999
2021 01 26 18  -134  -203 10326    30    16 -9999 -9999 -9999
2021 01 26 21  -102  -207 10312   238    12 -9999 -9999 -9999
2021 01 27 00  -124  -214 10344   177     7 -9999 -9999 -9999
2021 01 27 03  -115  -213 10388    19    12 -9999 -9999 -9999
2021 01 27 06   -22  -201 10328    84    12 -9999 -9999 -9999
2021 01 27 09    27  -186 10261   198    14 -9999 -9999 -9999
2021 01 27 12   -35  -190 10297    80    10 -9999 -9999     0
2021 01 27 18  -135  -210 10311    73     6 -9999 -9999 -9999
2021 01 27 21  -150  -221 10297   258     4 -9999 -9999 -9999
2021 01 28 00  -145  -213 10320   339    10 -9999 -9999 -9999
2021 01 28 03  -155  -221 10373    10     9 -9999 -9999 -9999
2021 01 28 06   -10  -218 10291   106    10 -9999 -9999 -9999
2021 01 28 09    22  -217 10256   198    20 -9999 -9999 -9999
2021 01 28 12   -17  -188 10283   226    25 -9999 -9999 -9999
2021 01 28 18  -134  -216 10306    23     7 -9999 -9999 -9999
2021 01 28 21  -135  -223 10299   351    11 -9999 -9999 -9999
2021 01 29 00  -154  -226 10333    50     3 -9999 -9999 -9999
2021 01 29 03  -159  -225 10392   179     4 -9999 -9999 -9999
2021 01 29 06   -34  -216 10329    81    10 -9999 -9999 -9999
2021 01 29 09    17  -201 10282   176    12 -9999 -9999 -9999
2021 01 29 12   -20  -190 10317   221    33 -9999 -9999 -9999
2021 01 29 18  -137  -215 10339   360     0 -9999 -9999 -9999
2021 01 29 21  -159  -221 10324   165     3 -9999 -9999 -9999
2021 01 30 00  -167  -231 10342   355     5 -9999 -9999 -9999
2021 01 30 03  -170  -229 10389   215     3 -9999 -9999 -9999
2021 01 30 06   -35  -228 10311    77    10 -9999 -9999 -9999
2021 01 30 09    25  -241 10263   186    12 -9999 -9999 -9999
2021 01 30 12   -57  -205 10312   187     9 -9999 -9999 -9999
2021 01 30 18  -140  -237 10302    38     8 -9999 -9999 -9999
2021 01 30 21  -157  -249 10270    45     4 -9999 -9999 -9999
2021 01 31 00  -167  -252 10300    49     5 -9999 -9999 -9999
2021 01 31 03  -160  -245 10324   348     5 -9999 -9999 -9999
2021 01 31 06   -15  -241 10238    73    12 -9999 -9999 -9999
2021 01 31 09    40  -220 10194   164    15 -9999 -9999 -9999
2021 01 31 12   -60  -205 10258   151     7 -9999 -9999 -9999
2021 01 31 18  -142  -227 10252    12     6 -9999 -9999 -9999
2021 01 31 21  -159  -237 10230   360     1 -9999 -9999 -9999
2021 02 01 00  -162  -238 10276     2     6 -9999 -9999 -9999
2021 02 01 03  -167  -236 10323    54     5 -9999 -9999 -9999
2021 02 01 06   -15  -249 10251    54     7 -9999 -9999 -9999
2021 02 01 09    35  -233 10221   157    14 -9999 -9999 -9999
2021 02 01 12   -52  -186 10280   149     7 -9999 -9999 -9999
2021 02 01 18  -120  -209 10274   107     4 -9999 -9999 -9999
2021 02 01 21  -119  -214 10254   161    11 -9999 -9999 -9999
2021 02 02 00  -110  -210 10292   257     5 -9999 -9999 -9999
2021 02 02 03   -79  -197 10312   166     7 -9999 -9999 -9999
2021 02 02 06    37  -171 10253   173    10 -9999 -9999 -9999
2021 02 02 09    45  -108 10237    44    26 -9999 -9999 -9999
2021 02 02 12    22  -117 10260    13    22 -9999 -9999 -9999
2021 02 02 18   -60  -144 10265   216     7 -9999 -9999 -9999
2021 02 02 21   -94  -159 10284    13     5 -9999 -9999 -9999
2021 02 03 00   -72  -166 10291    40    22 -9999 -9999 -9999
2021 02 03 03   -77  -174 10320   154    10 -9999 -9999 -9999
2021 02 03 06    16  -168 10274   108    12 -9999 -9999 -9999
2021 02 03 09    25  -182 10266   177    22 -9999 -9999 -9999
2021 02 03 12    -2  -174 10291    22    30 -9999 -9999 -9999
2021 02 03 18   -85  -176 10313    25    16 -9999 -9999 -9999
2021 02 03 21   -90  -186 10311    36    13 -9999 -9999 -9999
2021 02 04 00  -102  -195 10325    39    20 -9999 -9999 -9999
2021 02 04 03  -119  -198 10365   342     7 -9999 -9999 -9999
2021 02 04 06     7  -197 10288    83     9 -9999 -9999 -9999
2021 02 04 09    70  -196 10228   218    15 -9999 -9999 -9999
2021 02 04 12   -32  -196 10276   360     1 -9999 -9999 -9999
2021 02 04 18   -60  -183 10254    55    11 -9999 -9999 -9999
2021 02 04 21   -72  -189 10226   109     7 -9999 -9999 -9999
2021 02 05 00  -100  -189 10270    45     5 -9999 -9999 -9999
2021 02 05 03   -70  -173 10278   360     1 -9999 -9999 -9999
2021 02 05 06    30  -179 10202   151    17 -9999 -9999 -9999
2021 02 05 09    90  -172 10146   172    15 -9999 -9999 -9999
2021 02 05 12     2  -171 10195   187     7 -9999 -9999 -9999
2021 02 05 18   -64  -178 10197   175     9 -9999 -9999 -9999
2021 02 05 21   -75  -186 10174   192     7 -9999 -9999 -9999
2021 02 06 00  -102  -192 10222    44     7 -9999 -9999 -9999
2021 02 06 03   -65  -174 10234   242     4 -9999 -9999 -9999
2021 02 06 06    25  -188 10185    94    12 -9999 -9999 -9999
2021 02 06 09    77  -189 10138   207    14 -9999 -9999 -9999
2021 02 06 12    10  -168 10192   158    14 -9999 -9999 -9999
2021 02 06 18   -82  -198 10209   356     9 -9999 -9999 -9999
2021 02 06 21   -97  -205 10197   297    13 -9999 -9999 -9999
2021 02 07 00  -107  -212 10236   359     7 -9999 -9999 -9999
2021 02 07 03   -85  -210 10279   133    11 -9999 -9999 -9999
2021 02 07 06    42  -210 10233   147     8 -9999 -9999 -9999
2021 02 07 09    72  -194 10209   159     7 -9999 -9999 -9999
2021 02 07 12    15  -169 10241    37     6 -9999 -9999 -9999
2021 02 07 18   -35  -147 10220    28    13 -9999 -9999 -9999
2021 02 07 21   -72  -159 10222   202     5 -9999 -9999 -9999
2021 02 08 00   -82  -157 10242   266     5 -9999 -9999 -9999
2021 02 08 03   -77  -153 10256    66     4 -9999 -9999 -9999
2021 02 08 06    55  -130 10188   161    11 -9999 -9999 -9999
2021 02 08 09    92  -153 10153   197    22 -9999 -9999 -9999
2021 02 08 12    22  -152 10175   102     9 -9999 -9999 -9999
2021 02 08 18   -65  -154 10165   231     4 -9999 -9999 -9999
2021 02 08 21   -84  -156 10149     0 -9999 -9999 -9999     0
2021 02 09 00   -89  -159 10168   227     4 -9999 -9999 -9999
2021 02 09 03   -77  -152 10188    19    13 -9999 -9999 -9999
2021 02 09 06    41  -147 10155   204    11 -9999 -9999 -9999
2021 02 09 12    30  -130 10140   220    15 -9999 -9999 -9999
2021 02 09 18   -42  -132 10123   157     8 -9999 -9999 -9999
2021 02 09 21   -54  -132 10095    70     4 -9999 -9999 -9999
2021 02 10 00   -69  -136 10129   225     5 -9999 -9999 -9999
2021 02 10 03   -27  -120 10183    22    26 -9999 -9999 -9999
2021 02 10 06    50  -145 10176   285    17 -9999 -9999 -9999
2021 02 10 09    70  -145 10161    61    53 -9999 -9999 -9999
2021 02 11 00   -48  -134 10180   190    10 -9999 -9999     0
2021 02 13 12    37  -150 10131   238    17 -9999 -9999 -9999
2021 02 13 18   -52  -176 10193    15    17 -9999 -9999 -9999
2021 02 13 21   -60  -180 10192    20    20 -9999 -9999     0
2021 02 14 00   -67  -181 10237   136     6 -9999 -9999 -9999
2021 02 14 03   -42  -174 10280   233     6 -9999 -9999 -9999
2021 02 14 06    47  -205 10232   174    11 -9999 -9999 -9999
2021 02 14 09    52  -154 10225   235    42 -9999 -9999 -9999
2021 02 14 12    32  -139 10244   231    40 -9999 -9999 -9999
2021 02 14 18   -42  -144 10243    17     7 -9999 -9999 -9999
2021 02 14 21   -60  -152 10244   360     0 -9999 -9999 -9999
2021 02 15 00   -85  -159 10263    26     5 -9999 -9999 -9999
2021 02 15 03   -70  -151 10280   360     0 -9999 -9999 -9999
2021 02 15 06    36  -167 10236   120     9 -9999 -9999 -9999
2021 02 15 09    82  -140 10198   214    34 -9999 -9999 -9999
2021 02 15 12    41  -132 10236   235    33 -9999 -9999 -9999
2021 02 15 18   -67  -146 10268   360     0 -9999 -9999 -9999
2021 02 15 21   -85  -158 10259    27    10 -9999 -9999 -9999
2021 02 16 00  -107  -166 10288   360     0 -9999 -9999 -9999
2021 02 16 03  -100  -167 10326   343     5 -9999 -9999 -9999
2021 02 16 06    42  -179 10254   151    12 -9999 -9999 -9999
2021 02 16 09    85  -167 10212   220    40 -9999 -9999 -9999
2021 02 16 12    40  -139 10250   225    33 -9999 -9999 -9999
2021 02 16 18   -70  -167 10266   344     8 -9999 -9999 -9999
2021 02 16 21   -89  -177 10257   349     8 -9999 -9999 -9999
2021 02 17 00   -95  -191 10283   234     3 -9999 -9999 -9999
2021 02 17 03   -87  -186 10323   205     6 -9999 -9999 -9999
2021 02 17 06    62  -201 10243   139    14 -9999 -9999 -9999
2021 02 17 09    92  -197 10214   211    34 -9999 -9999 -9999
2021 02 17 12    47  -151 10243   213    41 -9999 -9999 -9999
2021 02 17 18   -75  -174 10260   360     2 -9999 -9999 -9999
2021 02 17 21   -82  -189 10253   360     1 -9999 -9999 -9999
2021 02 18 00   -95  -182 10285   341     4 -9999 -9999 -9999
2021 02 18 03   -87  -180 10331   360     2 -9999 -9999 -9999
2021 02 18 06    72  -185 10254    97    10 -9999 -9999 -9999
2021 02 18 09   117  -167 10209   220    32 -9999 -9999 -9999
2021 02 18 12    67  -159 10242   234    44 -9999 -9999 -9999
2021 02 18 18   -64  -159 10244   303     5 -9999 -9999 -9999
2021 02 18 21   -85  -172 10229   303     3 -9999 -9999 -9999
2021 02 19 00   -95  -176 10242     6     7 -9999 -9999 -9999
2021 02 19 03   -82  -180 10268     8     9 -9999 -9999 -9999
2021 02 19 06    62  -185 10191   185    18 -9999 -9999 -9999
2021 02 19 09    92  -177 10147   175    25 -9999 -9999 -9999
2021 02 20 18   -12  -120 10142   360     9 -9999 -9999 -9999
2021 02 20 21   -30  -112 10129    18    26 -9999 -9999 -9999
2021 02 21 00   -35  -113 10162   160     4 -9999 -9999 -9999
2021 02 21 03     5  -104 10174   198     8 -9999 -9999 -9999
2021 02 21 06    66  -102 10158    33     9 -9999 -9999 -9999
2021 02 21 12    42   -95 10162   242    15 -9999 -9999 -9999
2021 02 21 18   -12   -96 10195   141     7 -9999 -9999 -9999
2021 02 21 21   -42  -108 10196   335     6 -9999 -9999 -9999
2021 02 22 00   -49  -123 10208    70     8 -9999 -9999 -9999
2021 02 22 03   -15  -123 10218    22    13 -9999 -9999 -9999
2021 02 22 06    37  -127 10177   105    11 -9999 -9999 -9999
2021 02 22 09    67  -129 10143   215    17 -9999 -9999 -9999
2021 02 22 12    46  -123 10152   120     5 -9999 -9999 -9999
2021 02 22 18   -37  -127 10193    28     4 -9999 -9999 -9999
2021 02 22 21   -59  -128 10188    25     6 -9999 -9999 -9999
2021 02 23 00   -75  -139 10191   341     7 -9999 -9999 -9999
2021 02 23 03   -35  -135 10181    63     8 -9999 -9999 -9999
2021 02 23 06    32  -122 10142   227    13 -9999 -9999 -9999
2021 02 23 09    52  -101 10104   214    27 -9999 -9999 -9999
2021 02 23 12    42   -92 10127   232    37 -9999 -9999 -9999
2021 02 23 18    -7   -65 10136    51    20 -9999 -9999 -9999
2021 02 23 21   -25   -76 10143   350     9 -9999 -9999 -9999
2021 02 24 00   -40   -88 10155   243     5 -9999 -9999 -9999
2021 02 24 03   -47   -91 10174   170     7 -9999 -9999 -9999
2021 02 24 06    72  -110 10120   217    27 -9999 -9999 -9999
2021 02 24 09    96  -100 10091   203    35 -9999 -9999 -9999
2021 02 24 12    57   -89 10112   196    23 -9999 -9999 -9999
2021 02 24 18   -32  -102 10121   334     6 -9999 -9999 -9999
2021 02 24 21   -50  -112 10111   237     5 -9999 -9999 -9999
2021 02 25 00   -65  -118 10127   229     6 -9999 -9999 -9999
2021 02 25 03   -44  -116 10129   176     7 -9999 -9999 -9999
2021 02 25 06    62  -101 10064   234    42 -9999 -9999 -9999
2021 02 25 09    95   -77 10018   191    24 -9999 -9999 -9999
2021 02 25 12    71   -77 10021   180    30 -9999 -9999 -9999
2021 02 25 18   -47   -89 10085   208    52 -9999 -9999 -9999
2021 02 25 21   -87  -106 10128   244    23 -9999 -9999    14
2021 02 26 00   -77  -176 10136   184    12 -9999 -9999    15
2021 02 26 03   -60  -190 10140   135    13 -9999 -9999     1
2021 02 26 06   -29  -193 10145    74    17 -9999 -9999 -9999
2021 02 26 09   -12  -166 10132   209    20 -9999 -9999 -9999
2021 02 26 12   -34  -226 10173   340    52 -9999 -9999 -9999
2021 02 26 18   -59  -242 10208   312    36 -9999 -9999 -9999
2021 02 26 21   -87  -208 10205    57    21 -9999 -9999 -9999
2021 02 27 00  -100  -200 10219   251     5 -9999 -9999 -9999
2021 02 27 03   -90  -178 10228   129     5 -9999 -9999 -9999
2021 02 27 06   -12  -197 10172   212    17 -9999 -9999 -9999
2021 02 27 09     5  -178 10144   226    45 -9999 -9999 -9999
2021 02 27 12   -27  -180 10174   230    41 -9999 -9999 -9999
2021 02 27 18   -85  -164 10228    12    14 -9999 -9999 -9999
2021 02 27 21   -97  -167 10241   337     7 -9999 -9999 -9999
2021 02 28 00   -87  -161 10270   334     9 -9999 -9999 -9999
2021 02 28 03   -55  -173 10287    51    15 -9999 -9999 -9999
2021 02 28 06     2  -185 10270   220    27 -9999 -9999 -9999
2021 02 28 09    35  -193 10244   208    30 -9999 -9999 -9999
2021 02 28 12    -7  -170 10272   197    31 -9999 -9999 -9999
2021 02 28 18   -92  -168 10281   360     1 -9999 -9999 -9999
2021 02 28 21  -105  -178 10261   296     3 -9999 -9999 -9999
2021 03 01 00  -127  -183 10289   318     4 -9999 -9999 -9999
2021 03 01 03  -114  -176 10308   347     6 -9999 -9999 -9999
2021 03 01 06    20  -193 10230   211    26 -9999 -9999 -9999
2021 03 01 09    35  -142 10199   224    49 -9999 -9999 -9999
2021 03 01 12     6  -108 10233   219    45 -9999 -9999 -9999
2021 03 01 18   -77  -131 10231    61    10 -9999 -9999 -9999
2021 03 01 21   -90  -155 10225    17    12 -9999 -9999 -9999
2021 03 02 00  -105  -174 10253   327     6 -9999 -9999 -9999
2021 03 02 03   -75  -172 10267     7    10 -9999 -9999 -9999
2021 03 02 06    66  -190 10190   201    19 -9999 -9999 -9999
2021 03 02 09   115  -203 10139   138    30 -9999 -9999 -9999
2021 03 02 12    41  -132 10180   212    14 -9999 -9999 -9999
2021 03 02 18   -57  -131 10173   345    13 -9999 -9999 -9999
2021 03 02 21   -72  -169 10158   198     6 -9999 -9999 -9999
2021 03 03 00   -84  -177 10195   246     8 -9999 -9999 -9999
2021 03 03 03   -62  -173 10214   360     2 -9999 -9999 -9999
2021 03 03 06    80  -172 10128    57    13 -9999 -9999 -9999
2021 03 03 09    95  -159 10096   231    55 -9999 -9999 -9999
2021 03 03 12    57  -133 10123   229    27 -9999 -9999 -9999
2021 03 03 18   -34  -128 10137   328     5 -9999 -9999 -9999
2021 03 03 21   -62  -131 10148    12    13 -9999 -9999 -9999
2021 03 04 00   -30  -145 10159    46    29 -9999 -9999 -9999
2021 03 04 03    -4  -147 10186    15    22 -9999 -9999 -9999
2021 03 04 06    45  -144 10157    85     6 -9999 -9999 -9999
2021 03 04 09    72  -130 10128   217    30 -9999 -9999 -9999
2021 03 04 12    50  -108 10143   175    22 -9999 -9999 -9999
2021 03 04 18   -57  -129 10196    22    11 -9999 -9999 -9999
2021 03 04 21   -67  -147 10197   274     7 -9999 -9999 -9999
2021 03 05 00   -75  -154 10222   188     7 -9999 -9999 -9999
2021 03 05 03   -55  -143 10246   166     6 -9999 -9999 -9999
2021 03 05 06    62  -157 10192   209    14 -9999 -9999 -9999
2021 03 05 09    92  -145 10158   197    25 -9999 -9999 -9999
2021 03 05 12    52  -132 10203   220    29 -9999 -9999 -9999
2021 03 05 18   -12  -117 10217    93     4 -9999 -9999 -9999
2021 03 05 21   -50  -126 10218    27    12 -9999 -9999 -9999
2021 03 06 00   -45  -136 10235    19    27 -9999 -9999 -9999
2021 03 06 03   -52  -140 10244   193     4 -9999 -9999 -9999
2021 03 06 06    52  -166 10175   219    18 -9999 -9999 -9999
2021 03 06 09    75   -99 10144   219    47 -9999 -9999 -9999
2021 03 06 12    45   -86 10155   222    29 -9999 -9999 -9999
2021 03 06 18   -45  -112 10161   264     6 -9999 -9999 -9999
2021 03 06 21   -67  -133 10156    22     6 -9999 -9999 -9999
2021 03 07 00   -79  -143 10173   334     3 -9999 -9999 -9999
2021 03 07 03   -37  -132 10188   257     4 -9999 -9999 -9999
2021 03 07 06    70  -171 10129   197    16 -9999 -9999 -9999
2021 03 07 09   107  -165 10090   209    43 -9999 -9999 -9999
2021 03 07 12    61   -90 10129   236    50 -9999 -9999 -9999
2021 03 07 18   -20  -103 10137    84     3 -9999 -9999 -9999
2021 03 07 21   -35  -111 10124   353    11 -9999 -9999 -9999
2021 03 08 00   -52  -116 10158    66     6 -9999 -9999 -9999
2021 03 08 03     2  -137 10155    73     5 -9999 -9999 -9999
2021 03 08 06    70   -82 10129   230    36 -9999 -9999 -9999
2021 03 08 09   111   -98 10092   217    33 -9999 -9999 -9999
2021 03 08 12    75   -94 10131   228    14 -9999 -9999 -9999
2021 03 08 18   -17  -115 10172    13    12 -9999 -9999 -9999
2021 03 08 21   -45  -107 10191    23     8 -9999 -9999 -9999
2021 03 09 00   -40  -119 10218    85     9 -9999 -9999 -9999
2021 03 09 03     1  -122 10236    37    24 -9999 -9999 -9999
2021 03 09 06    81  -118 10182    91    15 -9999 -9999 -9999
2021 03 09 09   117  -112 10140   204    34 -9999 -9999 -9999
2021 03 09 12    82   -96 10154   219    33 -9999 -9999 -9999
2021 03 09 18    -7   -98 10156    66     7 -9999 -9999 -9999
2021 03 09 21   -39  -105 10149    41     7 -9999 -9999 -9999
2021 03 10 00   -42  -105 10166    18    10 -9999 -9999 -9999
2021 03 10 03    -5  -104 10172    79    10 -9999 -9999 -9999
2021 03 10 06   100   -97 10112   194    17 -9999 -9999 -9999
2021 03 10 09   126  -104 10080   205    34 -9999 -9999 -9999
2021 03 10 12    92   -88 10102   240    26 -9999 -9999 -9999
2021 03 10 18    -4  -103 10110   190    10 -9999 -9999     0
2021 03 10 21     0  -102 10100   314     6 -9999 -9999 -9999
2021 03 11 00   -27  -108 10130    10     5 -9999 -9999 -9999
2021 03 11 03    30  -117 10149    10     6 -9999 -9999 -9999
2021 03 11 06   110   -84 10110   219    39 -9999 -9999 -9999
2021 03 11 09   127   -79 10079   199    21 -9999 -9999 -9999
2021 03 11 12   107   -85 10092   217    27 -9999 -9999 -9999
2021 03 11 18     7   -82 10130   297     9 -9999 -9999 -9999
2021 03 11 21    -5   -84 10136    34     8 -9999 -9999 -9999
2021 03 12 00    11   -87 10143    68    10 -9999 -9999 -9999
2021 03 12 03    45   -83 10155    17    18 -9999 -9999 -9999
2021 03 12 06   102   -79 10122    36    15 -9999 -9999 -9999
2021 03 12 09   122   -94 10086   196    30 -9999 -9999 -9999
2021 03 12 12   107   -90 10078   204    20 -9999 -9999 -9999
2021 03 12 18    17   -92 10101   325     7 -9999 -9999 -9999
2021 03 12 21    10   -96 10092   327     9 -9999 -9999 -9999
2021 03 13 00   -22   -99 10112   340     4 -9999 -9999 -9999
2021 03 13 03    12   -97 10127   144    11 -9999 -9999 -9999
2021 03 13 06   141   -99 10058   141    14 -9999 -9999 -9999
2021 03 13 09   165  -112 10015   214    45 -9999 -9999 -9999
2021 03 13 12   130   -95 10034   222    34 -9999 -9999 -9999
2021 03 13 18    35  -103 10016   235     8 -9999 -9999 -9999
2021 03 13 21    35  -105 10000    53    21 -9999 -9999 -9999
2021 03 14 00     7   -98 10021    21    13 -9999 -9999 -9999
2021 03 14 03    61  -106 10034   208     6 -9999 -9999 -9999
2021 03 14 06   127  -110  9995   180    13 -9999 -9999 -9999
2021 03 14 09   165   -94  9952   157    14 -9999 -9999 -9999
2021 03 14 12   126   -80  9976   212    43 -9999 -9999 -9999
2021 03 14 18    66   -78 10022   214    45 -9999 -9999 -9999
2021 03 14 21    27   -77 10034   178     9 -9999 -9999 -9999
2021 03 15 00    12   -76 10068     5     5 -9999 -9999 -9999
2021 03 15 03    31   -18 10097    38    34 -9999 -9999 -9999
2021 03 15 06   112   -45 10064    82    15 -9999 -9999 -9999
2021 03 15 09   140   -74 10041   193    24 -9999 -9999 -9999
2021 03 15 12   101   -71 10074   201    26 -9999 -9999 -9999
2021 03 15 18    37   -74 10072   176     6 -9999 -9999 -9999
2021 03 15 21    16   -74 10067   360     1 -9999 -9999 -9999
2021 03 16 00    -7   -72 10104   106     4 -9999 -9999 -9999
2021 03 16 03    47   -70 10100   115     7 -9999 -9999 -9999
2021 03 16 06    87   -93 10088    17    12 -9999 -9999 -9999
2021 03 16 09   120  -124 10055   212    31 -9999 -9999 -9999
2021 03 16 12    87  -123 10079   224    23 -9999 -9999 -9999
2021 03 16 18    10    -8 10116    42    21 -9999 -9999     6
2021 03 16 21    -7   -32 10095     5    10 -9999 -9999     6
2021 03 17 00   -15   -63 10115    49    28 -9999 -9999 -9999
2021 03 17 03    20   -63 10127    46    17 -9999 -9999 -9999
2021 03 17 06    70   -63 10088   230    30 -9999 -9999 -9999
2021 03 17 09    65   -65 10085   223    39 -9999 -9999 -9999
2021 03 17 12    42   -67 10112   243    28 -9999 -9999 -9999
2021 03 17 18     6  -150 10151   355    19 -9999 -9999 -9999
2021 03 17 21    -5  -156 10164   359    27 -9999 -9999 -9999
2021 03 18 00   -15  -176 10190     7    29 -9999 -9999 -9999
2021 03 18 03   -10  -186 10222    30    33 -9999 -9999 -9999
2021 03 18 06    12  -187 10227    35    42 -9999 -9999 -9999
2021 03 18 12     0  -198 10266   197    21 -9999 -9999 -9999
2021 03 18 18   -75  -171 10332   260     7 -9999 -9999 -9999
2021 03 18 21   -74  -196 10323    46    19 -9999 -9999 -9999
2021 03 19 00   -85  -204 10333    44    20 -9999 -9999 -9999
2021 03 19 03   -55  -182 10320    71     8 -9999 -9999 -9999
2021 03 19 06    41  -238 10254   274    12 -9999 -9999 -9999
2021 03 19 09    70  -205 10205   209    39 -9999 -9999 -9999
2021 03 19 12    27  -108 10230   227    38 -9999 -9999 -9999
2021 03 19 18   -22   -97 10233    41    20 -9999 -9999 -9999
2021 03 19 21   -22  -116 10220    30    25 -9999 -9999 -9999
2021 03 20 00   -45  -145 10257    21    12 -9999 -9999 -9999
2021 03 20 03   -20  -139 10271    43    15 -9999 -9999 -9999
2021 03 20 06    45  -130 10228   229    38 -9999 -9999 -9999
2021 03 20 09    60   -98 10203   214    46 -9999 -9999 -9999
2021 03 20 12    35   -89 10232   225    32 -9999 -9999 -9999
2021 03 20 18   -34   -94 10241   199     4 -9999 -9999 -9999
2021 03 20 21   -55   -98 10227   175     6 -9999 -9999 -9999
2021 03 21 00   -72  -109 10245   360     2 -9999 -9999 -9999
2021 03 21 03   -14  -121 10238    65     9 -9999 -9999 -9999
2021 03 21 06    62   -92 10190    72    21 -9999 -9999 -9999
2021 03 21 09    90  -100 10160   203    32 -9999 -9999 -9999
2021 03 21 12    62   -93 10176   231    36 -9999 -9999 -9999
2021 03 21 18   -29   -88 10182    35     4 -9999 -9999 -9999
2021 03 21 21   -45  -100 10176   117     5 -9999 -9999 -9999
2021 03 22 00   -60  -109 10200   295     3 -9999 -9999 -9999
2021 03 22 03     7  -148 10191   247     3 -9999 -9999 -9999
2021 03 22 06    97  -116 10154   198    28 -9999 -9999 -9999
2021 03 22 09   126   -98 10121   182    31 -9999 -9999 -9999
2021 03 22 12    80   -94 10150   232    48 -9999 -9999 -9999
2021 03 22 18   -17   -99 10160    17     8 -9999 -9999 -9999
2021 03 22 21   -27  -110 10148   307     6 -9999 -9999 -9999
2021 03 23 00   -25  -101 10162   246     5 -9999 -9999 -9999
2021 03 23 03    46  -123 10142    88     8 -9999 -9999 -9999
2021 03 23 06   116  -159 10103   203    29 -9999 -9999 -9999
2021 03 23 09   127  -132 10086   226    62 -9999 -9999 -9999
2021 03 23 12   100  -114 10098   228    52 -9999 -9999 -9999
2021 03 23 18     2  -101 10107   357    11 -9999 -9999 -9999
2021 03 23 21   -12  -112 10107   321     7 -9999 -9999 -9999
2021 03 24 00    -2  -120 10120   236     4 -9999 -9999 -9999
2021 03 24 03    52  -114 10116   231     4 -9999 -9999 -9999
2021 03 24 06   117   -56 10100   195    21 -9999 -9999 -9999
2021 03 24 09   122   -58 10099   197    31 -9999 -9999 -9999
2021 03 24 12   105   -78 10118   198    16 -9999 -9999 -9999
2021 03 24 18    20   -97 10148    34     6 -9999 -9999 -9999
2021 03 24 21    10  -108 10155     5    22 -9999 -9999 -9999
2021 03 25 00    -7  -118 10181   358    13 -9999 -9999 -9999
2021 03 25 03    46  -119 10174    39    15 -9999 -9999 -9999
2021 03 25 06   121  -165 10131   144    16 -9999 -9999 -9999
2021 03 25 09   151  -163 10094   192    36 -9999 -9999 -9999
2021 03 25 12   112  -129 10117   230    33 -9999 -9999 -9999
2021 03 25 18     6  -118 10131    35    10 -9999 -9999 -9999
2021 03 25 21   -12  -128 10115   117     7 -9999 -9999 -9999
2021 03 26 00   -15  -133 10131   325     7 -9999 -9999 -9999
2021 03 26 03    50  -130 10126    42    16 -9999 -9999 -9999
2021 03 26 06   131  -122 10072   212    33 -9999 -9999 -9999
2021 03 26 09   162  -112 10037   185    32 -9999 -9999 -9999
2021 03 26 12   145   -88 10042   170    13 -9999 -9999 -9999
2021 03 26 18    57   -75 10052    97     7 -9999 -9999 -9999
2021 03 26 21    40   -74 10046   353    10 -9999 -9999 -9999
2021 03 27 00    67   -41 10055    60    10 -9999 -9999 -9999
2021 03 27 03   100   -26 10087    14    24 -9999 -9999 -9999
2021 03 27 06   127   -31 10074   335    14 -9999 -9999 -9999
2021 03 27 09   145   -38 10054   309     9 -9999 -9999 -9999
2021 03 27 12   127   -49 10046   236    20 -9999 -9999 -9999
2021 03 27 18    60   -13 10052   355     6 -9999 -9999 -9999
2021 03 27 21    11   -41 10051    33     8 -9999 -9999 -9999
2021 03 28 00     0   -52 10067   360     0 -9999 -9999 -9999
2021 03 28 03    65   -46 10048   144     9 -9999 -9999 -9999
2021 03 28 06   136   -46  9996   201    42 -9999 -9999 -9999
2021 03 28 09   142   -40  9974   206    41 -9999 -9999 -9999
2021 03 28 12   122   -28  9976   226    28 -9999 -9999 -9999
2021 03 28 18    57   -33  9967   356     8 -9999 -9999 -9999
2021 03 28 21    42   -31  9982   183    14 -9999 -9999 -9999
2021 03 29 00    51   -47 10001   216    10 -9999 -9999 -9999
2021 03 29 03    92   -55 10010   337     7 -9999 -9999 -9999
2021 03 29 06   117   -66 10005   318    11 -9999 -9999 -9999
2021 03 29 09   117   -66 10002   183    22 -9999 -9999 -9999
2021 03 29 12    97   -54 10028   317    17 -9999 -9999 -9999
2021 03 29 18    10    -1 10101   168     8 -9999 -9999    36
2021 03 29 21     1   -12 10102   215    12 -9999 -9999    40
2021 03 30 00    -9   -19 10121   154     7 -9999 -9999    25
2021 03 30 06    12   -18 10151   183     4 -9999 -9999     8
2021 03 30 09    27   -21 10136   191    10 -9999 -9999     2
2021 03 30 12    27   -34 10154    33    25 -9999 -9999 -9999
2021 03 30 18     0   -83 10191    36    26 -9999 -9999 -9999
2021 03 30 21    -7   -98 10187    19    28 -9999 -9999 -9999
2021 03 31 00   -15   -99 10199    42    25 -9999 -9999 -9999
2021 03 31 03    30  -111 10195    62    11 -9999 -9999 -9999
2021 03 31 06    50   -99 10174    19    28 -9999 -9999 -9999
2021 03 31 09    56  -119 10151   247    11 -9999 -9999 -9999
2021 03 31 12    47  -176 10171   296    40 -9999 -9999 -9999
2021 03 31 18   -20   -94 10197   162     5 -9999 -9999 -9999
2021 03 31 21   -24  -114 10195    36    13 -9999 -9999 -9999
2021 04 01 00   -20  -126 10196    29    16 -9999 -9999 -9999
2021 04 01 03    16  -145 10195    61     9 -9999 -9999 -9999
2021 04 01 06    57  -114 10165   203    24 -9999 -9999 -9999
2021 04 01 09    65   -99 10140   220    33 -9999 -9999 -9999
2021 04 01 12    42   -72 10159   223    41 -9999 -9999 -9999
2021 04 01 18    15   -43 10169   173     5 -9999 -9999 -9999
2021 04 01 21   -19   -30 10197    38    25 -9999 -9999    32
2021 04 02 00   -35   -55 10218   360     2 -9999 -9999    33
2021 04 02 03     7   -66 10212    54    20 -9999 -9999     1
2021 04 02 06    51   -68 10184   172    19 -9999 -9999 -9999
2021 04 02 09    51   -32 10185     3    57 -9999 -9999 -9999
2021 04 02 12    45   -43 10201   360    48 -9999 -9999 -9999
2021 04 02 18    17   -51 10202    52    24 -9999 -9999 -9999
2021 04 02 21   -17   -47 10214    20     8 -9999 -9999 -9999
2021 04 03 00   -17   -73 10227    92     6 -9999 -9999 -9999
2021 04 03 03    32   -90 10219    76    15 -9999 -9999 -9999
2021 04 03 06    82  -111 10180   167    33 -9999 -9999 -9999
2021 04 03 09    81  -141 10183   192    37 -9999 -9999 -9999
2021 04 03 12    61  -125 10191   188    16 -9999 -9999 -9999
2021 04 03 18     7   -73 10166   124     6 -9999 -9999 -9999
2021 04 03 21    -2   -76 10152    81     7 -9999 -9999 -9999
2021 04 04 00   -17   -85 10155   202     8 -9999 -9999 -9999
2021 04 04 03    41  -115 10132   168    11 -9999 -9999 -9999
2021 04 04 06    91  -170 10097   163    16 -9999 -9999 -9999
2021 04 04 09    80  -142 10089   193    25 -9999 -9999 -9999
2021 04 04 12    57   -81 10102     4    30 -9999 -9999 -9999
2021 04 04 18    10  -105 10099    57    19 -9999 -9999 -9999
2021 04 04 21   -25   -91 10130    51    11 -9999 -9999 -9999
2021 04 05 00   -22  -108 10168   152     7 -9999 -9999 -9999
2021 04 05 03    35  -116 10171   165    16 -9999 -9999 -9999
2021 04 05 06   106  -142 10131    39    14 -9999 -9999 -9999
2021 04 05 09   131  -147 10117   176    29 -9999 -9999 -9999
2021 04 05 12   107  -166 10137   194    21 -9999 -9999 -9999
2021 04 05 18     0   -83 10195   357     9 -9999 -9999 -9999
2021 04 05 21   -15   -87 10202    12     9 -9999 -9999 -9999
2021 04 06 00   -30   -90 10227   203     3 -9999 -9999 -9999
2021 04 06 03    62  -105 10217    33     8 -9999 -9999 -9999
2021 04 06 06   125  -113 10179   201    27 -9999 -9999 -9999
2021 04 06 09   140  -115 10155   192    32 -9999 -9999 -9999
2021 04 06 12   115  -120 10168   206    28 -9999 -9999 -9999
2021 04 06 18    62   -85 10164    45    20 -9999 -9999 -9999
2021 04 06 21    -2   -70 10181   360     1 -9999 -9999 -9999
2021 04 07 00     0   -65 10186   280     5 -9999 -9999 -9999
2021 04 07 03    87   -88 10154    61    10 -9999 -9999 -9999
2021 04 07 06   137  -108 10104   210    17 -9999 -9999 -9999
2021 04 07 09   157   -93 10098   193    36 -9999 -9999 -9999
2021 04 07 12   122   -83 10124   222    53 -9999 -9999 -9999
2021 04 07 18    85   -47 10135    48    11 -9999 -9999 -9999
2021 04 07 21    46   -25 10142    30     3 -9999 -9999 -9999
2021 04 08 00    50   -38 10160   193     4 -9999 -9999 -9999
2021 04 08 03    86   -27 10159    36    21 -9999 -9999 -9999
2021 04 08 06   110   -56 10142   284    32 -9999 -9999 -9999
2021 04 08 09   112   -49 10143   202    28 -9999 -9999 -9999
2021 04 08 12   100   -47 10144   196    25 -9999 -9999 -9999
2021 04 08 18    72   -30 10147    22    13 -9999 -9999 -9999
2021 04 08 21    62   -28 10140    56    15 -9999 -9999 -9999
2021 04 09 00    35   -22 10156    51     5 -9999 -9999 -9999
2021 04 09 03    92   -29 10139   129     8 -9999 -9999 -9999
2021 04 09 06    97   -20 10130   334    29 -9999 -9999 -9999
2021 04 09 09    85     6 10132    14    41 -9999 -9999     3
2021 04 09 12    80    -1 10139   171    13 -9999 -9999     3
2021 04 09 18    37    17 10165    62     9 -9999 -9999     3
2021 04 09 21     6    -4 10178   218     6 -9999 -9999     3
2021 04 10 00    -7   -34 10186   174    10 -9999 -9999 -9999
2021 04 10 03    65   -58 10166    61    21 -9999 -9999 -9999
2021 04 10 06   107   -70 10136   235    15 -9999 -9999 -9999
2021 04 10 09   107   -49 10130     8    45 -9999 -9999 -9999
2021 04 10 12    97   -29 10145    19    52 -9999 -9999 -9999
2021 04 10 18    15   -56 10161    21     7 -9999 -9999 -9999
2021 04 10 21     0   -69 10162   347     8 -9999 -9999 -9999
2021 04 11 00   -12   -73 10174   334     9 -9999 -9999 -9999
2021 04 11 03    86   -72 10138    67    10 -9999 -9999 -9999
2021 04 11 06   140   -93 10107   326    35 -9999 -9999 -9999
2021 04 11 09   157  -100 10095   255    32 -9999 -9999 -9999
2021 04 11 12   137  -125 10116    36    22 -9999 -9999 -9999
2021 04 11 18    52   -72 10133    14    10 -9999 -9999 -9999
2021 04 11 21    51   -53 10134   171    12 -9999 -9999 -9999
2021 04 12 00    52   -25 10154   180    16 -9999 -9999 -9999
2021 04 12 03    67   -22 10175   239    31 -9999 -9999 -9999
2021 04 12 06    95   -25 10169   236    43 -9999 -9999 -9999
2021 04 12 09   105   -22 10158   222    49 -9999 -9999 -9999
2021 04 12 12    86   -18 10186   218    43 -9999 -9999 -9999
2021 04 12 18    60    -4 10207    38    33 -9999 -9999 -9999
2021 04 12 21    41   -27 10203    46    22 -9999 -9999 -9999
2021 04 13 00     7   -40 10228    17     8 -9999 -9999 -9999
2021 04 13 03    75   -52 10203   232    28 -9999 -9999 -9999
2021 04 13 06   117   -62 10163   219    39 -9999 -9999 -9999
2021 04 13 09   137   -70 10132   199    44 -9999 -9999 -9999
2021 04 13 12   107   -71 10148   234    47 -9999 -9999 -9999
2021 04 13 18    52    27 10151    65     6 -9999 -9999 -9999
2021 04 13 21    30    18 10149    94     3 -9999 -9999     6
2021 04 14 00     5    -7 10185   127     5 -9999 -9999     6
2021 04 14 03    86   -36 10174    37     8 -9999 -9999 -9999
2021 04 14 06   132  -112 10156    56    36 -9999 -9999 -9999
2021 04 14 09   156  -127 10132   217    18 -9999 -9999 -9999
2021 04 14 12   142  -120 10136    96    16 -9999 -9999 -9999
2021 04 14 18    32   -70 10155   360     2 -9999 -9999 -9999
2021 04 14 21     2   -71 10155    62     3 -9999 -9999 -9999
2021 04 15 00   -10   -76 10172   360     0 -9999 -9999 -9999
2021 04 15 03    96   -95 10150    96    11 -9999 -9999 -9999
2021 04 15 06   150   -98 10120   204    30 -9999 -9999 -9999
2021 04 15 09   160  -106 10104   194    32 -9999 -9999 -9999
2021 04 15 12   141   -79 10121   221    32 -9999 -9999 -9999
2021 04 15 18    46   -42 10121   360     1 -9999 -9999 -9999
2021 04 15 21    31   -46 10128   360     0 -9999 -9999 -9999
2021 04 16 00    12   -44 10154   360     0 -9999 -9999 -9999
2021 04 16 03   115   -38 10134    53    11 -9999 -9999 -9999
2021 04 16 06   161   -75 10110   221    36 -9999 -9999 -9999
2021 04 16 09   170   -98 10098   209    34 -9999 -9999 -9999
2021 04 16 12   147   -86 10115   200    23 -9999 -9999 -9999
2021 04 16 18    76   -80 10108    47    21 -9999 -9999 -9999
2021 04 16 21    30   -70 10119     1     4 -9999 -9999 -9999
2021 04 17 00    12   -67 10136    10     5 -9999 -9999 -9999
2021 04 17 03   115   -84 10103     4     8 -9999 -9999 -9999
2021 04 17 06   176   -70 10061   214    36 -9999 -9999 -9999
2021 04 17 09   170   -56 10062    27    22 -9999 -9999 -9999
2021 04 17 12   142   -13 10089   238    23 -9999 -9999 -9999
2021 04 17 18   115   -21 10079   196    11 -9999 -9999 -9999
2021 04 17 21    92   -24 10087    63     7 -9999 -9999 -9999
2021 04 18 00    72   -48 10112    16    14 -9999 -9999 -9999
2021 04 18 03   125   -55 10105    15    29 -9999 -9999 -9999
2021 04 18 06   155   -55 10077     7    30 -9999 -9999 -9999
2021 04 18 09   170   -91 10054   252    25 -9999 -9999 -9999
2021 04 18 12   157   -93 10071   264    28 -9999 -9999 -9999
2021 04 18 18    67   -59 10106    13    10 -9999 -9999 -9999
2021 04 18 21    37   -60 10107   220     4 -9999 -9999 -9999
2021 04 19 00    37   -71 10114   220     6 -9999 -9999 -9999
2021 04 19 03   120   -64 10095    75    10 -9999 -9999 -9999
2021 04 19 06   157   -66 10067   225    33 -9999 -9999 -9999
2021 04 19 09   162   -54 10050   216    34 -9999 -9999 -9999
2021 04 19 12   120   -19 10085   190    52 -9999 -9999 -9999
2021 04 19 18    77     0 10089   103     5 -9999 -9999 -9999
2021 04 19 21    70   -61 10080     3     7 -9999 -9999 -9999
2021 04 20 00    17   -46 10123    61     7 -9999 -9999 -9999
2021 04 20 03    97   -66 10097    38    33 -9999 -9999 -9999
2021 04 20 06   147   -73 10050    33    20 -9999 -9999 -9999
2021 04 20 09   182   -96 10002   185    32 -9999 -9999 -9999
2021 04 20 12   152   -58 10033   198    23 -9999 -9999 -9999
2021 04 20 18    57   -47 10031    19    13 -9999 -9999 -9999
2021 04 20 21    46   -69 10017     7     8 -9999 -9999 -9999
