2021 01 01 00  -308  -341 10604    70    10 -9999 -9999     0
2021 01 01 03  -319  -351 10633   340    10 -9999 -9999     0
2021 01 01 06  -245  -277 10586    20    10 -9999 -9999     0
2021 01 01 09  -225  -257 10570    70    10 -9999 -9999     0
2021 01 01 12  -233  -262 10556   180    10 -9999 -9999     0
2021 01 01 18  -193  -220 10494   170    10 -9999 -9999     2
2021 01 01 21  -191  -217 10482   230    20 -9999 -9999    10
2021 01 02 00  -160  -189 10454    50    40 -9999 -9999    10
2021 01 02 03  -155  -199 10437    90    30 -9999 -9999     4
2021 01 02 06  -151  -184 10435   290    10 -9999 -9999 -9999
2021 01 02 09  -143  -173 10425    80    50 -9999 -9999     3
2021 01 02 12  -151  -182 10416    80    60 -9999 -9999     3
2021 01 02 18  -150  -183 10396    70    60 -9999 -9999 -9999
2021 01 02 21  -157  -198 10390    80    60 -9999 -9999     0
2021 01 03 00  -170  -196 10396   160    10 -9999 -9999     0
2021 01 03 03  -163  -195 10400   320    20 -9999 -9999     0
2021 01 03 06  -137  -180 10381    90    20 -9999 -9999     0
2021 01 03 09  -139  -179 10386    70    80 -9999 -9999     0
2021 01 03 12  -148  -201 10415    50    70 -9999 -9999     0
2021 01 03 18  -176  -235 10424    80    40 -9999 -9999     0
2021 01 03 21  -190  -248 10433   110    30 -9999 -9999     0
2021 01 04 00  -273  -311 10495   310    20 -9999 -9999     0
2021 01 04 03  -264  -305 10518   310    20 -9999 -9999     0
2021 01 04 06  -184  -237 10480   230    20 -9999 -9999     0
2021 01 04 09  -170  -226 10491    50    10 -9999 -9999     0
2021 01 04 12  -281  -314 10636   300    20 -9999 -9999     0
2021 01 04 18  -343  -377 10632   300    10 -9999 -9999     0
2021 01 04 21  -357  -392 -9999     0 -9999 -9999 -9999     0
2021 01 05 00  -375  -412 10721     0 -9999 -9999 -9999     0
2021 01 05 03  -361  -397 10735   360    10 -9999 -9999     0
2021 01 05 06  -289  -322 10692   320    10 -9999 -9999     0
2021 01 05 09  -256  -298 10660    30    10 -9999 -9999     0
2021 01 05 12  -315  -353 10711   300    10 -9999 -9999     0
2021 01 05 18  -337  -369 10655     0 -9999 -9999 -9999     0
2021 01 05 21  -352  -387 10642   310    10 -9999 -9999     0
2021 01 06 00  -366  -401 10693     0 -9999 -9999 -9999     0
2021 01 06 03  -349  -382 10716     0 -9999 -9999 -9999     0
2021 01 06 06  -286  -322 10656    40    10 -9999 -9999     0
2021 01 06 09  -268  -311 10645    70    10 -9999 -9999     0
2021 01 06 12  -320  -355 10698   330    20 -9999 -9999     0
2021 01 06 18  -336  -368 10660   300    10 -9999 -9999     0
2021 01 06 21  -358  -392 10661    10    10 -9999 -9999     0
2021 01 07 00  -369  -404 10701   320    10 -9999 -9999     0
2021 01 07 03  -359  -393 10702     0 -9999 -9999 -9999     0
2021 01 07 06  -291  -328 10656    60    10 -9999 -9999     0
2021 01 07 09  -263  -303 10635    30    10 -9999 -9999     0
2021 01 07 12  -308  -339 10671    40    10 -9999 -9999     0
2021 01 07 18  -291  -320 10597   360    10 -9999 -9999     0
2021 01 07 21  -316  -347 10596    10    10 -9999 -9999     0
2021 01 08 00  -344  -378 10641    60    10 -9999 -9999     0
2021 01 08 03  -309  -337 10636   340    10 -9999 -9999     0
2021 01 08 06  -233  -266 10545   190    10 -9999 -9999 -9999
2021 01 08 09  -177  -209 10518    90    70 -9999 -9999     4
2021 01 08 12  -187  -226 10570    70   100 -9999 -9999     4
2021 01 08 18  -206  -239 10525   210    30 -9999 -9999     0
2021 01 08 21  -275  -303 10540   299    18 -9999 -9999 -9999
2021 01 09 00  -307  -334 10571   290    20 -9999 -9999     0
2021 01 09 03  -295  -322 10583   280    10 -9999 -9999     0
2021 01 09 06  -210  -240 10539   220    20 -9999 -9999 -9999
2021 01 09 09  -185  -221 10567   240    10 -9999 -9999 -9999
2021 01 09 12  -221  -248 10634     0 -9999 -9999 -9999 -9999
2021 01 09 18  -321  -353 10667   300    10 -9999 -9999     0
2021 01 09 21  -340  -373 10674   310    20 -9999 -9999     0
2021 01 10 00  -354  -388 10719    70    10 -9999 -9999 -9999
2021 01 10 03  -332  -367 10761   320    10 -9999 -9999     0
2021 01 10 06  -280  -313 10763    70    10 -9999 -9999     0
2021 01 10 09  -267  -299 10752    63    13 -9999 -9999 -9999
2021 01 10 12  -328  -361 10819   310    20 -9999 -9999     0
2021 01 10 18  -360  -394 10789    20    10 -9999 -9999     0
2021 01 10 21  -380  -417 10792    20    10 -9999 -9999     0
2021 01 11 00  -373  -409 10821   310    10 -9999 -9999     0
2021 01 11 03  -352  -386 10824     0 -9999 -9999 -9999     0
2021 01 11 06  -310  -345 10784    70    10 -9999 -9999     0
2021 01 11 09  -278  -313 10746    50    10 -9999 -9999     0
2021 01 11 12  -334  -369 10766   320    20 -9999 -9999     0
2021 01 11 18  -379  -415 10730     0 -9999 -9999 -9999     0
2021 01 11 21  -392  -429 10703     0 -9999 -9999 -9999     0
2021 01 12 00  -396  -433 10740     0 -9999 -9999 -9999     0
2021 01 12 03  -372  -408 10757    10    10 -9999 -9999     0
2021 01 12 06  -298  -337 10706    20    10 -9999 -9999     0
2021 01 12 09  -282  -317 10688    60    20 -9999 -9999     0
2021 01 12 12  -321  -359 10719    10    10 -9999 -9999     0
2021 01 12 18  -344  -378 10628    50    10 -9999 -9999     0
2021 01 12 21  -316  -347 10568   190    20 -9999 -9999     0
2021 01 13 00  -284  -316 10555   180    10 -9999 -9999     0
2021 01 13 03  -269  -301 10582   300    40 -9999 -9999     0
2021 01 13 06  -208  -252 10537   280    20 -9999 -9999     0
2021 01 13 09  -187  -228 10497   180    20 -9999 -9999 -9999
2021 01 13 12  -190  -228 10485   210    10 -9999 -9999     0
2021 01 13 18  -234  -262 10471   360    10 -9999 -9999     0
2021 01 13 21  -245  -280 10459   330    30 -9999 -9999     0
2021 01 14 00  -256  -283 10456   220    30 -9999 -9999     0
2021 01 14 03  -193  -220 10461   360    20 -9999 -9999     0
2021 01 14 06  -174  -217 10453    70    10 -9999 -9999     0
2021 01 14 09  -139  -189 10446    80    20 -9999 -9999     0
2021 01 14 12  -153  -195 10477    50    70 -9999 -9999     0
2021 01 14 18  -304  -334 10536   290    20 -9999 -9999     0
2021 01 14 21  -328  -359 -9999    80    10 -9999 -9999     0
2021 01 15 00  -335  -368 10534   360    10 -9999 -9999     0
2021 01 15 03  -315  -345 10592     0 -9999 -9999 -9999     0
2021 01 15 06  -246  -278 10587   200    10 -9999 -9999     0
2021 01 15 09  -220  -257 10579    40    30 -9999 -9999     0
2021 01 15 12  -302  -331 10668   350    20 -9999 -9999     0
2021 01 15 18  -336  -365 10678   360    20 -9999 -9999     0
2021 01 15 21  -377  -413 10720   320    20 -9999 -9999     0
2021 01 16 00  -383  -419 10812   310    10 -9999 -9999     0
2021 01 16 03  -356  -390 10844   150    10 -9999 -9999     0
2021 01 16 06  -300  -334 10807    90    10 -9999 -9999     0
2021 01 16 09  -267  -299 10798    70    20 -9999 -9999     0
2021 01 16 12  -315  -349 10832     0 -9999 -9999 -9999     0
2021 01 16 18  -366  -401 10771   310    10 -9999 -9999     0
2021 01 16 21  -377  -413 10736     0 -9999 -9999 -9999     0
2021 01 17 00  -376  -413 10753     0 -9999 -9999 -9999     0
2021 01 17 03  -363  -399 10770     0 -9999 -9999 -9999     0
2021 01 17 06  -291  -327 10716    80    10 -9999 -9999     0
2021 01 17 09  -277  -309 10690    70    20 -9999 -9999     0
2021 01 17 12  -301  -335 10696    40    30 -9999 -9999     0
2021 01 17 18  -383  -419 10657     0 -9999 -9999 -9999     0
2021 01 17 21  -388  -425 10633   340    10 -9999 -9999     0
2021 01 18 00  -404  -443 10646   140    10 -9999 -9999     0
2021 01 18 03  -375  -412 10671    40    10 -9999 -9999     0
2021 01 18 06  -320  -358 10638    60    10 -9999 -9999     0
2021 01 18 09  -277  -312 10594    80    20 -9999 -9999     0
2021 01 18 12  -300  -331 10634   330    10 -9999 -9999     0
2021 01 18 18  -333  -365 10605   330    20 -9999 -9999     0
2021 01 18 21  -316  -347 10566     0 -9999 -9999 -9999     0
2021 01 19 00  -300  -333 10572    90    10 -9999 -9999     0
2021 01 19 03  -286  -318 10596   360    10 -9999 -9999     0
2021 01 19 06  -248  -292 10571    80    10 -9999 -9999     0
2021 01 19 09  -217  -265 10525    40    10 -9999 -9999     0
2021 01 19 12  -268  -302 10555   330    10 -9999 -9999     0
2021 01 19 18  -278  -306 10540   280    10 -9999 -9999     0
2021 01 19 21  -303  -334 10537   320    10 -9999 -9999     0
2021 01 20 00  -301  -332 10577   330    10 -9999 -9999     0
2021 01 20 03  -268  -298 10592   360    10 -9999 -9999     0
2021 01 20 06  -208  -260 10546    60    10 -9999 -9999     0
2021 01 20 09  -192  -235 10550    80    20 -9999 -9999     0
2021 01 20 12  -227  -258 10591    40    10 -9999 -9999     0
2021 01 20 18  -274  -303 10572   340    10 -9999 -9999     0
2021 01 20 21  -256  -283 10542    80    10 -9999 -9999     0
2021 01 21 00  -273  -304 10568     0 -9999 -9999 -9999     0
2021 01 21 03  -280  -306 10600   310    10 -9999 -9999     0
2021 01 21 06  -197  -246 10521   210    10 -9999 -9999     0
2021 01 21 09  -177  -222 10454   100    10 -9999 -9999     0
2021 01 21 12  -241  -273 10490   350    10 -9999 -9999     0
2021 01 21 18  -279  -310 10433    40    10 -9999 -9999     0
2021 01 21 21  -299  -330 10419   330    10 -9999 -9999     0
2021 01 22 00  -311  -342 10470     0 -9999 -9999 -9999     0
2021 01 22 03  -291  -321 10487     0 -9999 -9999 -9999     0
2021 01 22 06  -228  -257 10424     0 -9999 -9999 -9999     0
2021 01 22 09  -204  -243 10404    20    10 -9999 -9999     0
2021 01 22 12  -103  -149 10371    50    80 -9999 -9999 -9999
2021 01 22 18  -148  -194 10409    40    90 -9999 -9999 -9999
2021 01 22 21  -162  -209 10396    70    90 -9999 -9999     0
2021 01 23 00  -163  -213 10352    60    50 -9999 -9999 -9999
2021 01 23 03  -165  -214 10377    70    40 -9999 -9999 -9999
2021 01 23 06  -157  -221 10384    60    40 -9999 -9999     0
2021 01 23 09  -164  -201 10382    80    50 -9999 -9999 -9999
2021 01 23 12  -188  -223 10412    60    10 -9999 -9999     0
2021 01 23 18  -213  -249 10422   270    10 -9999 -9999     0
2021 01 23 21  -263  -287 10460   290    30 -9999 -9999     0
2021 01 24 00  -259  -286 10493    90    20 -9999 -9999     0
2021 01 24 03  -214  -241 10479   280    10 -9999 -9999 -9999
2021 01 24 06  -173  -216 10489   220    30 -9999 -9999     0
2021 01 24 09  -156  -203 10510    60    10 -9999 -9999     0
2021 01 24 12  -166  -194 10514    90    20 -9999 -9999 -9999
2021 01 24 18  -176  -201 10460     0 -9999 -9999 -9999     6
2021 01 24 21  -187  -211 10446   320    10 -9999 -9999     6
2021 01 25 00  -185  -211 10444   270    10 -9999 -9999     8
2021 01 25 03  -185  -214 10466   230    30 -9999 -9999     5
2021 01 25 06  -158  -197 10454   220    20 -9999 -9999 -9999
2021 01 25 09  -161  -198 10454   270    30 -9999 -9999     0
2021 01 25 12  -213  -237 10481   280    40 -9999 -9999     0
2021 01 25 18  -186  -209 10432   270    30 -9999 -9999 -9999
2021 01 25 21  -193  -216 10435   240    20 -9999 -9999 -9999
2021 01 26 00  -182  -209 10460   260    30 -9999 -9999 -9999
2021 01 26 03  -199  -227 10465   220    20 -9999 -9999     3
2021 01 26 06  -169  -208 10460   230    20 -9999 -9999     3
2021 01 26 09  -145  -198 10449     0 -9999 -9999 -9999 -9999
2021 01 26 12  -199  -218 10492   340    20 -9999 -9999     0
2021 01 26 18  -262  -289 10546   210    10 -9999 -9999     0
2021 01 26 21  -299  -329 10562   330    10 -9999 -9999     0
2021 01 27 00  -296  -325 10602   290    10 -9999 -9999 -9999
2021 01 27 03  -295  -327 10634   230    10 -9999 -9999     0
2021 01 27 06  -249  -279 10616    60    10 -9999 -9999     0
2021 01 27 09  -196  -223 10588     0 -9999 -9999 -9999     0
2021 01 27 12  -279  -312 10644   310    20 -9999 -9999     0
2021 01 27 18  -329  -362 10649   310    10 -9999 -9999     0
2021 01 27 21  -334  -367 10616     0 -9999 -9999 -9999     0
2021 01 28 00  -312  -343 10655    20    10 -9999 -9999     0
2021 01 28 03  -298  -331 10685    60    10 -9999 -9999 -9999
2021 01 28 06  -249  -279 10653    50    10 -9999 -9999 -9999
2021 01 28 09  -238  -270 10632    50    10 -9999 -9999     0
2021 01 28 12  -299  -332 10663   320    10 -9999 -9999     0
2021 01 28 18  -345  -376 10660   290    10 -9999 -9999     0
2021 01 28 21  -356  -391 10665     0 -9999 -9999 -9999     0
2021 01 29 00  -346  -380 10707     0 -9999 -9999 -9999     0
2021 01 29 03  -325  -358 10733   330    10 -9999 -9999 -9999
2021 01 29 06  -270  -304 10701    70    10 -9999 -9999     0
2021 01 29 09  -248  -282 10679    70    10 -9999 -9999     0
2021 01 29 12  -313  -348 10722   300    10 -9999 -9999     0
2021 01 29 18  -374  -409 10715   320    10 -9999 -9999     0
2021 01 29 21  -377  -413 10700   320    10 -9999 -9999     0
2021 01 30 00  -354  -388 10731    50    10 -9999 -9999     0
2021 01 30 03  -337  -370 10752   350    10 -9999 -9999     0
2021 01 30 06  -288  -326 10728    60    10 -9999 -9999     0
2021 01 30 09  -266  -303 10699    60    10 -9999 -9999     0
2021 01 30 12  -312  -343 10716   320    20 -9999 -9999     0
2021 01 30 18  -377  -412 10709   320    10 -9999 -9999     0
2021 01 30 21  -390  -425 10689   130    10 -9999 -9999     0
2021 01 31 00  -398  -436 10714     0 -9999 -9999 -9999     0
2021 01 31 03  -361  -397 10718    20    10 -9999 -9999     0
2021 01 31 06  -318  -357 10694    70    20 -9999 -9999     0
2021 01 31 09  -273  -313 10653    50    10 -9999 -9999     0
2021 01 31 12  -324  -355 10700   330    10 -9999 -9999     0
2021 01 31 18  -384  -421 10691     0 -9999 -9999 -9999     0
2021 01 31 21  -397  -435 10667     0 -9999 -9999 -9999     0
2021 02 01 00  -388  -425 10702     0 -9999 -9999 -9999     0
2021 02 01 03  -354  -389 10728    50    10 -9999 -9999     0
2021 02 01 06  -290  -329 10695    50    10 -9999 -9999     0
2021 02 01 09  -254  -294 10671    90    10 -9999 -9999     0
2021 02 01 12  -278  -312 10690    10    20 -9999 -9999     0
2021 02 01 18  -269  -303 10628    70    10 -9999 -9999     0
2021 02 01 21  -274  -302 10608    50    10 -9999 -9999     0
2021 02 02 00  -257  -287 10614    80    20 -9999 -9999     0
2021 02 02 03  -267  -298 10636   300    10 -9999 -9999     0
2021 02 02 06  -200  -256 10583   340    10 -9999 -9999     0
2021 02 02 09  -173  -221 10557   240    10 -9999 -9999     0
2021 02 02 12  -174  -211 10554   120    10 -9999 -9999 -9999
2021 02 02 18  -236  -264 10573   210    10 -9999 -9999     0
2021 02 02 21  -270  -298 10576   300    10 -9999 -9999     0
2021 02 03 00  -272  -301 10574   260    10 -9999 -9999     0
2021 02 03 03  -226  -252 10582   100    10 -9999 -9999 -9999
2021 02 03 06  -178  -226 10561    90    10 -9999 -9999    -1
2021 02 03 09  -176  -216 10573   100    20 -9999 -9999     0
2021 02 03 12  -243  -270 10627   290    10 -9999 -9999     0
2021 02 03 18  -302  -329 10608    80    30 -9999 -9999     0
2021 02 03 21  -309  -342 10612   310    10 -9999 -9999     0
2021 02 04 00  -312  -346 10659    10    10 -9999 -9999     0
2021 02 04 03  -285  -315 10668     0 -9999 -9999 -9999     0
2021 02 04 06  -237  -269 10652    72    12 -9999 -9999 -9999
2021 02 04 09  -207  -240 10618    60    20 -9999 -9999     0
2021 02 04 12  -247  -280 10647    80    10 -9999 -9999     0
2021 02 04 18  -304  -334 10624     0 -9999 -9999 -9999     0
2021 02 04 21  -315  -346 10600    20    10 -9999 -9999     0
2021 02 05 00  -331  -363 10631    20    10 -9999 -9999     0
2021 02 05 03  -294  -326 10644     0 -9999 -9999 -9999     0
2021 02 05 06  -238  -271 10600    40    10 -9999 -9999     0
2021 02 05 09  -204  -240 10563    50    20 -9999 -9999     0
2021 02 05 12  -239  -268 10598    20    10 -9999 -9999     0
2021 02 05 18  -316  -347 10590    90    10 -9999 -9999     0
2021 02 05 21  -314  -340 10554    50    10 -9999 -9999     0
2021 02 06 00  -339  -372 10591    30    10 -9999 -9999     0
2021 02 06 03  -286  -316 10603     0 -9999 -9999 -9999     0
2021 02 06 06  -235  -267 10581    80    10 -9999 -9999     0
2021 02 06 09  -198  -244 10538    80    10 -9999 -9999     0
2021 02 06 12  -238  -267 10594    20    10 -9999 -9999     0
2021 02 06 18  -312  -340 10585   290    10 -9999 -9999     0
2021 02 06 21  -321  -352 10571    20    10 -9999 -9999     0
2021 02 07 00  -325  -357 10613    20    10 -9999 -9999     0
2021 02 07 03  -282  -313 10657    60    10 -9999 -9999     0
2021 02 07 06  -244  -274 10639    80    20 -9999 -9999     0
2021 02 07 09  -195  -225 10600    60    20 -9999 -9999     0
2021 02 07 12  -195  -224 10598    50    30 -9999 -9999     0
2021 02 07 18  -242  -269 10575     0 -9999 -9999 -9999     0
2021 02 07 21  -228  -254 10520   310    10 -9999 -9999     0
2021 02 08 00  -272  -301 10542   320    10 -9999 -9999     0
2021 02 08 03  -237  -263 10546   330    10 -9999 -9999     0
2021 02 08 06  -153  -199 10483   310    10 -9999 -9999     0
2021 02 08 09  -121  -166 10427   220    20 -9999 -9999     0
2021 02 08 12  -180  -206 10480    10    10 -9999 -9999     0
2021 02 08 18  -234  -259 10442    60    10 -9999 -9999     0
2021 02 08 21  -250  -276 10415    40    10 -9999 -9999     0
2021 02 09 00  -245  -272 10446   350    20 -9999 -9999     0
2021 02 09 03  -154  -176 10433   220    50 -9999 -9999     0
2021 02 09 06  -139  -166 10443    70    30 -9999 -9999 -9999
2021 02 09 12  -143  -168 10422   250    10 -9999 -9999     0
2021 02 09 18  -151  -172 10349    70    20 -9999 -9999     0
2021 02 09 21  -172  -191 10331   210    30 -9999 -9999     0
2021 02 10 00  -184  -203 10369   300    10 -9999 -9999     0
2021 02 10 03  -127  -154 10379   260    20 -9999 -9999 -9999
2021 02 10 06   -83  -119 10373   280    30 -9999 -9999    -1
2021 02 10 09   -69  -102 10353    80    60 -9999 -9999     0
2021 02 13 12  -210  -235 10435   300    10 -9999 -9999 -9999
2021 02 13 18  -185  -208 10441    30    20 -9999 -9999 -9999
2021 02 13 21  -192  -215 10452    70    20 -9999 -9999 -9999
2021 02 14 00  -190  -213 10514    70    20 -9999 -9999 -9999
2021 02 14 03  -192  -215 10509    81    15 -9999 -9999 -9999
2021 02 14 06  -167  -190 10504   260    10 -9999 -9999     0
2021 02 14 09  -148  -168 10486   270    20 -9999 -9999     0
2021 02 14 12  -155  -176 10484    60    10 -9999 -9999     0
2021 02 14 18  -209  -233 10514   290    10 -9999 -9999     0
2021 02 14 21  -237  -265 10518   310    10 -9999 -9999     0
2021 02 15 00  -214  -239 10508    30    10 -9999 -9999     0
2021 02 15 03  -204  -230 10561    30    10 -9999 -9999 -9999
2021 02 15 06  -168  -191 10527    40    20 -9999 -9999    -1
2021 02 15 09  -149  -171 10518    60    30 -9999 -9999     0
2021 02 15 12  -198  -222 10536    20    20 -9999 -9999     0
2021 02 15 18  -282  -311 10577   310    10 -9999 -9999     0
2021 02 15 21  -268  -296 10552    80    10 -9999 -9999 -9999
2021 02 16 00  -248  -275 10574    50    10 -9999 -9999    -1
2021 02 16 03  -234  -260 10625    70    20 -9999 -9999    -1
2021 02 16 06  -201  -228 10606    60    10 -9999 -9999     0
2021 02 16 09  -190  -217 10574    60    20 -9999 -9999     0
2021 02 16 12  -241  -271 10595    20    10 -9999 -9999     0
2021 02 16 18  -305  -336 10623   310    20 -9999 -9999     0
2021 02 16 21  -298  -327 10611    40    20 -9999 -9999 -9999
2021 02 17 00  -270  -299 10630    60    20 -9999 -9999 -9999
2021 02 17 03  -246  -273 10664    90    10 -9999 -9999 -9999
2021 02 17 06  -214  -242 10642    60    10 -9999 -9999    -1
2021 02 17 09  -192  -221 10608    80    20 -9999 -9999     0
2021 02 17 12  -239  -269 10621    10    10 -9999 -9999     0
2021 02 17 18  -310  -340 10641   310    10 -9999 -9999     0
2021 02 17 21  -322  -354 10637    50    10 -9999 -9999     0
2021 02 18 00  -317  -347 10671     0 -9999 -9999 -9999     0
2021 02 18 03  -270  -299 10686   130    10 -9999 -9999     0
2021 02 18 06  -234  -263 10679    60    20 -9999 -9999     0
2021 02 18 09  -190  -222 10637    50    20 -9999 -9999     0
2021 02 18 12  -242  -271 10663   360    10 -9999 -9999     0
2021 02 18 18  -309  -339 10637   350    10 -9999 -9999     0
2021 02 18 21  -318  -349 10601    60    10 -9999 -9999     0
2021 02 19 00  -287  -319 10609   130    10 -9999 -9999 -9999
2021 02 19 03  -268  -298 10622    90    10 -9999 -9999 -9999
2021 02 19 06  -219  -254 10580    60    10 -9999 -9999     0
2021 02 19 09  -180  -217 10530   250    10 -9999 -9999     0
2021 02 20 18  -145  -175 10421    55    12 -9999 -9999 -9999
2021 02 20 21  -132  -145 10370    77    25 -9999 -9999 -9999
2021 02 21 00  -137  -156 10389   213    22 -9999 -9999 -9999
2021 02 21 03  -142  -159 10417   121     9 -9999 -9999 -9999
2021 02 21 12  -130  -152 10372   349    11 -9999 -9999 -9999
2021 02 21 18   -80  -108 10364    80    50 -9999 -9999     0
2021 02 21 21  -185  -207 10402   260    10 -9999 -9999     0
2021 02 22 00  -183  -199 10423   340    10 -9999 -9999 -9999
2021 02 22 03  -128  -145 10346    90    20 -9999 -9999    -1
2021 02 22 06   -86  -126 10337    50    10 -9999 -9999 -9999
2021 02 22 09   -91  -115 10387   230    30 -9999 -9999     0
2021 02 22 12  -130  -150 10413   310    20 -9999 -9999     0
2021 02 22 18  -145  -163 10373     0 -9999 -9999 -9999 -9999
2021 02 22 21  -137  -155 10356   200    10 -9999 -9999 -9999
2021 02 23 00  -143  -161 10360   310    30 -9999 -9999 -9999
2021 02 23 03  -134  -154 10384   230    10 -9999 -9999 -9999
2021 02 23 06  -118  -153 10327   220    20 -9999 -9999    -1
2021 02 23 09  -119  -151 10298    90    20 -9999 -9999     0
2021 02 23 12  -130  -156 10336    20    20 -9999 -9999     0
2021 02 23 18  -143  -167 10342    40    10 -9999 -9999     0
2021 02 23 21  -195  -219 10374   280    10 -9999 -9999     0
2021 02 24 00  -242  -265 10410   270    10 -9999 -9999 -9999
2021 02 24 03  -185  -207 10388   120    10 -9999 -9999 -9999
2021 02 24 06  -137  -170 10356    90    20 -9999 -9999     0
2021 02 24 09   -87  -137 10334   320    10 -9999 -9999     0
2021 02 24 12  -139  -163 10383   340    10 -9999 -9999     0
2021 02 24 18  -190  -213 10329   300    10 -9999 -9999     0
2021 02 24 21  -186  -209 10282    30    10 -9999 -9999     0
2021 02 25 00  -185  -208 10308   330    10 -9999 -9999     0
2021 02 25 03  -151  -173 10316   170    10 -9999 -9999     0
2021 02 25 06   -90  -118 10267    90   120 -9999 -9999 -9999
2021 02 25 09  -147  -169 10281    80   140 -9999 -9999 -9999
2021 02 25 12  -176  -202 10312    80   150 -9999 -9999    -1
2021 02 25 18  -193  -220 10328    80   130 -9999 -9999     5
2021 02 25 21  -193  -226 10372    80   110 -9999 -9999     8
2021 02 26 00  -206  -248 10391    90    50 -9999 -9999     3
2021 02 26 03  -187  -231 10381    70    80 -9999 -9999     0
2021 02 26 06  -163  -210 10367    80    90 -9999 -9999     0
2021 02 26 09  -165  -212 10363    90    90 -9999 -9999     0
2021 02 26 12  -173  -232 10393    70    80 -9999 -9999     0
2021 02 26 18  -234  -266 10429    30    10 -9999 -9999     0
2021 02 26 21  -209  -245 10395    80    60 -9999 -9999     0
2021 02 27 00  -201  -237 10394    30    20 -9999 -9999     0
2021 02 27 03  -182  -230 10408    60    10 -9999 -9999     0
2021 02 27 06  -140  -207 10394   340    10 -9999 -9999     0
2021 02 27 09  -125  -189 10350    50    10 -9999 -9999     0
2021 02 27 12  -148  -203 10371   290    20 -9999 -9999     0
2021 02 27 18  -215  -240 10422   210    10 -9999 -9999     0
2021 02 27 21  -202  -230 10415    80    10 -9999 -9999     0
2021 02 28 00  -207  -238 10452   120    20 -9999 -9999     0
2021 02 28 03  -204  -238 10513    30    20 -9999 -9999     0
2021 02 28 06  -145  -191 10492    50    10 -9999 -9999     0
2021 02 28 09  -123  -173 10453    60    20 -9999 -9999     0
2021 02 28 12  -149  -180 10473    90    30 -9999 -9999     0
2021 02 28 18  -241  -264 10495   320    20 -9999 -9999     0
2021 02 28 21  -261  -288 10486   330    10 -9999 -9999     0
2021 03 01 00  -282  -313 10514    70    10 -9999 -9999     0
2021 03 01 03  -235  -264 10531    50    20 -9999 -9999     0
2021 03 01 06  -154  -195 10485   140    20 -9999 -9999     0
2021 03 01 09  -115  -150 10456    70    20 -9999 -9999     0
2021 03 01 12  -152  -182 10499    80    30 -9999 -9999     0
2021 03 01 18  -223  -245 10479   310    10 -9999 -9999     0
2021 03 01 21  -248  -270 10468    70    20 -9999 -9999     0
2021 03 02 00  -266  -294 10510    20    10 -9999 -9999     0
2021 03 02 03  -219  -247 10520    40    30 -9999 -9999     0
2021 03 02 06  -157  -188 10483    50    30 -9999 -9999     0
2021 03 02 09  -122  -162 10446    70    50 -9999 -9999     0
2021 03 02 12  -145  -175 10468    60    30 -9999 -9999     0
2021 03 02 18  -187  -209 10431   330    20 -9999 -9999     0
2021 03 02 21  -224  -245 10427   310    10 -9999 -9999     0
2021 03 03 00  -235  -261 10445    30    20 -9999 -9999     0
2021 03 03 03  -178  -203 10431    40    30 -9999 -9999     0
2021 03 03 06  -103  -162 10368    30    10 -9999 -9999     0
2021 03 03 09   -71  -140 10352   360    10 -9999 -9999     0
2021 03 03 12  -108  -142 10385    60    30 -9999 -9999     0
2021 03 03 18  -164  -188 10359   320    20 -9999 -9999     0
2021 03 03 21  -169  -188 10342   210    10 -9999 -9999     0
2021 03 04 00  -143  -160 10351    80    30 -9999 -9999 -9999
2021 03 04 03  -143  -164 10384    60    10 -9999 -9999     0
2021 03 04 06   -86  -131 10350    80    20 -9999 -9999     0
2021 03 04 09   -68  -119 10330    80    30 -9999 -9999     0
2021 03 04 12   -76  -111 10330   260    30 -9999 -9999     0
2021 03 04 18  -168  -181 10373   330    20 -9999 -9999     0
2021 03 04 21  -187  -207 10371   340    10 -9999 -9999 -9999
2021 03 05 00  -191  -214 10383    10    30 -9999 -9999    -1
2021 03 05 03  -160  -181 10408    70    30 -9999 -9999    -1
2021 03 05 06  -107  -146 10412    40    20 -9999 -9999     0
2021 03 05 09   -46   -91 10384    90    70 -9999 -9999     0
2021 03 05 12   -77  -115 10422    70    80 -9999 -9999     0
2021 03 05 18  -159  -176 10426   220    10 -9999 -9999     0
2021 03 05 21  -134  -150 10367   310    30 -9999 -9999 -9999
2021 03 06 00  -152  -171 10395    70    10 -9999 -9999 -9999
2021 03 06 03  -148  -168 10410    90    20 -9999 -9999 -9999
2021 03 06 06  -108  -139 10399   290    20 -9999 -9999    -1
2021 03 06 09   -83  -130 10339    50    20 -9999 -9999     0
2021 03 06 12  -110  -146 10352    60    30 -9999 -9999     0
2021 03 06 18  -201  -224 10381   300    10 -9999 -9999     0
2021 03 06 21  -218  -236 10371   110    10 -9999 -9999     0
2021 03 07 00  -197  -218 10379    70    20 -9999 -9999 -9999
2021 03 07 03  -181  -203 10413    60    30 -9999 -9999    -1
2021 03 07 06  -127  -145 10398    50    10 -9999 -9999     0
2021 03 07 09   -89  -134 10361    70    20 -9999 -9999     0
2021 03 07 12  -103  -139 10358    70    20 -9999 -9999     0
2021 03 07 18  -161  -180 10364    90    10 -9999 -9999     0
2021 03 07 21  -192  -211 10356     0 -9999 -9999 -9999     0
2021 03 08 00  -179  -201 10360    60    10 -9999 -9999     0
2021 03 08 03  -148  -169 10384    80    20 -9999 -9999     0
2021 03 08 06   -67  -124 10340   340    20 -9999 -9999     0
2021 03 08 09   -19  -104 10316   200    10 -9999 -9999     0
2021 03 08 12   -61   -98 10348   100    20 -9999 -9999     0
2021 03 08 18   -72   -91 10326    60    60 -9999 -9999     0
2021 03 08 21   -79  -100 10307    60    50 -9999 -9999     0
2021 03 09 00  -146  -163 10380   330    10 -9999 -9999     0
2021 03 09 03   -73  -105 10351    80    10 -9999 -9999     0
2021 03 09 06   -30   -90 10308    80    30 -9999 -9999     0
2021 03 09 09    -2   -86 10268    40    10 -9999 -9999     0
2021 03 09 12   -22   -77 10315    30    10 -9999 -9999     0
2021 03 09 18  -119  -133 10304   340    20 -9999 -9999     0
2021 03 09 21  -139  -156 10292   310    20 -9999 -9999     0
2021 03 10 00  -147  -164 10302   330    10 -9999 -9999     0
2021 03 10 03  -112  -129 10313    70    10 -9999 -9999     0
2021 03 10 06   -37   -91 10286    50    30 -9999 -9999     0
2021 03 10 09    -7   -82 10255    70    30 -9999 -9999     0
2021 03 10 12   -36   -77 10280    80    20 -9999 -9999     0
2021 03 10 18   -94  -114 10267     0 -9999 -9999 -9999     0
2021 03 10 21  -125  -141 10264   347     8 -9999 -9999 -9999
2021 03 11 00   -79   -98 10247   100    30 -9999 -9999     0
2021 03 11 03   -43   -72 10266   290    10 -9999 -9999     0
2021 03 11 06     1   -70 10240    80    20 -9999 -9999     0
2021 03 11 09   -10   -60 10248    80    80 -9999 -9999     0
2021 03 11 12   -19   -59 10228   100    50 -9999 -9999     0
2021 03 11 18   -43   -72 10256    80    60 -9999 -9999     0
2021 03 11 21   -90  -114 10275    70    10 -9999 -9999     0
2021 03 12 00   -68   -87 10268    80    30 -9999 -9999     0
2021 03 12 03   -42   -78 10262    30    10 -9999 -9999     0
2021 03 12 06     4   -67 10226    70    30 -9999 -9999     0
2021 03 12 09    32   -73 10216    40    10 -9999 -9999     0
2021 03 12 12     6   -44 10209    40    10 -9999 -9999     0
2021 03 12 18   -33   -61 10205   260    30 -9999 -9999     0
2021 03 12 21   -94  -110 10220   340    20 -9999 -9999     0
2021 03 13 00  -117  -133 10245   320    10 -9999 -9999     0
2021 03 13 03   -63   -87 10255   200    20 -9999 -9999     0
2021 03 13 06    18   -54 10193    70    20 -9999 -9999     0
2021 03 13 09    30   -49 10190    90    20 -9999 -9999     0
2021 03 13 12    -1   -57 10205   110    10 -9999 -9999     0
2021 03 13 18   -57   -75 10166   170    10 -9999 -9999     0
2021 03 13 21   -60   -75 10148   350    10 -9999 -9999     0
2021 03 14 00   -82  -100 10176    70    10 -9999 -9999     0
2021 03 14 03   -52   -73 10185    10    20 -9999 -9999     0
2021 03 14 06     6   -58 10152    70    40 -9999 -9999     0
2021 03 14 09    26   -48 10112    90    70 -9999 -9999     0
2021 03 14 12   -63   -92 10188    90   160 -9999 -9999 -9999
2021 03 14 18   -64   -82 10201    80    70 -9999 -9999 -9999
2021 03 14 21   -59   -73 10176    60    30 -9999 -9999     4
2021 03 15 00   -57   -72 10243   100    40 -9999 -9999    20
2021 03 15 03   -49   -78 10244    80    60 -9999 -9999    20
2021 03 15 06   -49   -66 10258    80    60 -9999 -9999    -1
2021 03 15 09   -32   -55 10232    90    70 -9999 -9999     2
2021 03 15 12   -31   -51 10226    80    70 -9999 -9999     2
2021 03 15 18   -45   -59 10230    80    50 -9999 -9999     0
2021 03 15 21   -75   -91 10247    80    50 -9999 -9999 -9999
2021 03 16 00   -83  -108 10248    40    20 -9999 -9999     0
2021 03 16 03   -57   -88 10245    90    10 -9999 -9999     0
2021 03 16 06   -29   -62 10228    80    50 -9999 -9999     0
2021 03 16 09   -20   -62 10210    70    80 -9999 -9999     0
2021 03 16 12   -41   -51 10248    90    40 -9999 -9999    10
2021 03 16 18   -86  -108 10248    80    70 -9999 -9999    10
2021 03 16 21  -102  -128 10236    70    50 -9999 -9999     2
2021 03 17 00   -84   -99 10234    80    60 -9999 -9999     2
2021 03 17 03   -71   -89 10246    90    50 -9999 -9999     8
2021 03 17 06   -75  -100 10257    80   100 -9999 -9999     6
2021 03 17 09   -94  -116 10279    80   110 -9999 -9999 -9999
2021 03 17 12  -103  -137 10301    80   110 -9999 -9999    -1
2021 03 17 18  -106  -150 10329    80    70 -9999 -9999     0
2021 03 17 21  -118  -157 10348    70    90 -9999 -9999     0
2021 03 18 00  -118  -162 10371    80    70 -9999 -9999     0
2021 03 18 03  -110  -170 10400    70    60 -9999 -9999     0
2021 03 18 06   -85  -153 10398    70    60 -9999 -9999     0
2021 03 18 09   -74  -176 10403    58    33 -9999 -9999 -9999
2021 03 18 12  -102  -169 10433    60    50 -9999 -9999     0
2021 03 18 18  -161  -200 10463   300    40 -9999 -9999     0
2021 03 18 21  -210  -235 10480    60    10 -9999 -9999     0
2021 03 19 00  -233  -255 10504    20    10 -9999 -9999     0
2021 03 19 03  -181  -213 10510    40    20 -9999 -9999     0
2021 03 19 06  -108  -161 10443   250    30 -9999 -9999     0
2021 03 19 09   -78  -150 10431   220    50 -9999 -9999     0
2021 03 19 12   -93  -156 10458   230    40 -9999 -9999     0
2021 03 19 18  -172  -206 10432   330    20 -9999 -9999     0
2021 03 19 21  -221  -249 10444    30    10 -9999 -9999     0
2021 03 20 00  -235  -260 10468   330    10 -9999 -9999     0
2021 03 20 03  -182  -208 10467    50    20 -9999 -9999     0
2021 03 20 06  -103  -160 10436    40    10 -9999 -9999     0
2021 03 20 09   -63  -139 10426   220    40 -9999 -9999     0
2021 03 20 12   -77  -135 10445   220    40 -9999 -9999     0
2021 03 20 18  -163  -187 10407   360    10 -9999 -9999     0
2021 03 20 21  -170  -193 10365   120    10 -9999 -9999     0
2021 03 21 00  -182  -204 10372   100    10 -9999 -9999     0
2021 03 21 03  -121  -148 10378    20    10 -9999 -9999     0
2021 03 21 06   -51  -121 10333   210    40 -9999 -9999     0
2021 03 21 09    -5   -87 10286   200    40 -9999 -9999     0
2021 03 21 12   -27   -82 10308    50    20 -9999 -9999     0
2021 03 21 18   -23   -40 10262    90    80 -9999 -9999     0
2021 03 21 21   -49   -61 10254    90    30 -9999 -9999     0
2021 03 22 00   -67   -79 10278    60    30 -9999 -9999     0
2021 03 22 03   -34   -60 10276    80    30 -9999 -9999     0
2021 03 22 06    -5   -65 10257   240    30 -9999 -9999     0
2021 03 22 09    28   -58 10233   290    30 -9999 -9999     0
2021 03 22 12     1   -53 10245   280    30 -9999 -9999     0
2021 03 22 18   -73   -87 10260     0 -9999 -9999 -9999     0
2021 03 22 21   -86  -101 10244   310    10 -9999 -9999     0
2021 03 23 00  -108  -123 10276   330    20 -9999 -9999     0
2021 03 23 03   -67   -81 10288    90    20 -9999 -9999     0
2021 03 23 06    -4   -60 10240    40    20 -9999 -9999     0
2021 03 23 09    38   -62 10195   210    30 -9999 -9999     0
2021 03 23 12    21   -55 10211   280    10 -9999 -9999     0
2021 03 23 18    -9   -49 10188   210    40 -9999 -9999     0
2021 03 23 21     9   -27 10168    60    40 -9999 -9999 -9999
2021 03 24 00    -7   -41 10194    40    40 -9999 -9999     0
2021 03 24 03    -5   -51 10225    80    70 -9999 -9999     0
2021 03 24 06    -1   -49 10238    80   110 -9999 -9999     0
2021 03 24 09    13   -41 10211    90    80 -9999 -9999     0
2021 03 24 12     7   -88 10238    70    60 -9999 -9999     0
2021 03 24 18   -80  -101 10289    50    10 -9999 -9999     0
2021 03 24 21   -99  -118 10283   250    10 -9999 -9999     0
2021 03 25 00  -116  -139 10303     0 -9999 -9999 -9999     0
2021 03 25 03   -50   -93 10302    50    20 -9999 -9999     0
2021 03 25 06    11   -92 10283   160    10 -9999 -9999     0
2021 03 25 09    46  -111 10252   240    30 -9999 -9999     0
2021 03 25 12    29   -79 10265   240    30 -9999 -9999     0
2021 03 25 18   -33   -80 10230   170    10 -9999 -9999     0
2021 03 25 21   -32   -75 10194   250    30 -9999 -9999     0
2021 03 26 00   -40   -79 10203   230    50 -9999 -9999     0
2021 03 26 03     3   -82 10215   180    20 -9999 -9999     0
2021 03 26 06    47   -81 10184   230    30 -9999 -9999     0
2021 03 26 09    67   -77 10157   210    20 -9999 -9999     0
2021 03 26 12    57   -59 10161   210    20 -9999 -9999     0
2021 03 26 18     2   -17 10165    60    50 -9999 -9999     0
2021 03 26 21     1   -21 10150    80    60 -9999 -9999 -9999
2021 03 27 00    -9   -20 10172    70    70 -9999 -9999     0
2021 03 27 03     9    -4 10195    50    30 -9999 -9999     5
2021 03 27 06    43   -30 10184    20    40 -9999 -9999     7
2021 03 27 09    39   -21 10173   100    70 -9999 -9999     2
2021 03 27 12    16   -45 10180    70    70 -9999 -9999     0
2021 03 27 18   -47   -64 10176   210    10 -9999 -9999     0
2021 03 27 21   -59   -76 10164    90    10 -9999 -9999     0
2021 03 28 00   -73   -88 10177   340    10 -9999 -9999     0
2021 03 28 03    -7   -41 10164    50    20 -9999 -9999     0
2021 03 28 06    42   -40 10122   350    20 -9999 -9999     0
2021 03 28 09    56   -45 10084    70    30 -9999 -9999     0
2021 03 28 12    31    -7 10100    90    60 -9999 -9999     0
2021 03 28 18    -5   -35 10092    70    60 -9999 -9999     3
2021 03 28 21    -3   -61 10094    50    50 -9999 -9999     3
2021 03 29 00   -25   -55 10128    60    70 -9999 -9999     0
2021 03 29 03    -5   -47 10142    70    70 -9999 -9999     0
2021 03 29 06    12   -64 10137    80    70 -9999 -9999     0
2021 03 29 09    13   -52 10132    80    80 -9999 -9999     0
2021 03 29 12     2   -66 10168   100    30 -9999 -9999     0
2021 03 29 18   -47   -99 10217    10    90 -9999 -9999 -9999
2021 03 29 21   -49  -105 10212    80    60 -9999 -9999     0
2021 03 30 00   -55  -112 10228    60    40 -9999 -9999    -1
2021 03 30 03   -37  -121 10239    40    50 -9999 -9999     0
2021 03 30 06   -20  -126 10236    10    60 -9999 -9999    -1
2021 03 30 09   -18  -108 10229    10    90 -9999 -9999     0
2021 03 30 12   -44  -121 10261    20    70 -9999 -9999 -9999
2021 03 30 18   -62   -97 10285    60    40 -9999 -9999     0
2021 03 30 21   -67  -116 10276    40    40 -9999 -9999     0
2021 03 31 00   -85  -132 10303    30    50 -9999 -9999     0
2021 03 31 03   -53  -116 10298    70    60 -9999 -9999     0
2021 03 31 06   -29  -109 10277    80    60 -9999 -9999     0
2021 03 31 09   -18  -108 10254    80    90 -9999 -9999     0
2021 03 31 12   -46  -147 10294    80    60 -9999 -9999     0
2021 03 31 18   -78  -113 10286    80    50 -9999 -9999     0
2021 03 31 21   -80  -129 10270   100    50 -9999 -9999     0
2021 04 01 00   -84  -117 10291    90    30 -9999 -9999     0
2021 04 01 03   -50  -124 10289    70    60 -9999 -9999     0
2021 04 01 06    -9  -134 10245    70    50 -9999 -9999     0
2021 04 01 09     2  -157 10223    70    40 -9999 -9999     0
2021 04 01 12    -9  -138 10240   100    30 -9999 -9999     0
2021 04 01 18   -46   -80 10248    70    60 -9999 -9999     0
2021 04 01 21   -64   -88 10256    80    70 -9999 -9999 -9999
2021 04 02 00   -86  -119 10280    90   110 -9999 -9999     0
2021 04 02 03   -76  -116 10291    90   100 -9999 -9999 -9999
2021 04 02 06   -51  -106 10273    80    80 -9999 -9999 -9999
2021 04 02 09   -47   -76 10275   100    60 -9999 -9999 -9999
2021 04 02 12   -72  -105 10310    90    80 -9999 -9999     1
2021 04 02 18   -81  -108 10314   330    30 -9999 -9999     0
2021 04 02 21   -45   -99 10279    60    80 -9999 -9999     0
2021 04 03 00   -48  -108 10296    90    60 -9999 -9999     0
2021 04 03 03    -4  -106 10284    60    90 -9999 -9999     0
2021 04 03 06     2  -115 10271   160    50 -9999 -9999     0
2021 04 03 09    15  -123 10227   160    60 -9999 -9999     0
2021 04 03 12   -11  -130 10244   200    40 -9999 -9999     0
2021 04 03 18   -24  -127 10219   140    70 -9999 -9999     0
2021 04 03 21   -40  -119 10200   100    40 -9999 -9999     0
2021 04 04 00   -51  -125 10213   110    30 -9999 -9999     0
2021 04 04 03   -15  -130 10201   200    20 -9999 -9999     0
2021 04 04 06    16  -141 10167   200    50 -9999 -9999     0
2021 04 04 09    34  -153 10138   200    50 -9999 -9999     0
2021 04 04 12     2  -121 10159    60    70 -9999 -9999     0
2021 04 04 18   -78  -116 10198    30    20 -9999 -9999     0
2021 04 04 21   -90  -123 10205    80    30 -9999 -9999     0
2021 04 05 00  -106  -134 10267   360    10 -9999 -9999     0
2021 04 05 03   -44  -112 10282    80    50 -9999 -9999     0
2021 04 05 06    21  -141 10261    80    60 -9999 -9999     0
2021 04 05 09    34  -153 10253    40    40 -9999 -9999     0
2021 04 05 12    13  -128 10287    80    60 -9999 -9999     0
2021 04 05 18   -47   -64 10283    90    50 -9999 -9999     0
2021 04 05 21   -42   -67 10280   100    50 -9999 -9999     0
2021 04 06 00   -75   -93 10319    50    30 -9999 -9999     0
2021 04 06 03    -8   -74 10304    80    40 -9999 -9999     0
2021 04 06 06    50  -103 10264   260    30 -9999 -9999     0
2021 04 06 09    66  -111 10234   180    20 -9999 -9999     0
2021 04 06 12    57  -105 10255   200    20 -9999 -9999     0
2021 04 06 18   -55   -84 10266   210    10 -9999 -9999     0
2021 04 06 21   -65   -82 10267    50    10 -9999 -9999     0
2021 04 07 00   -38   -79 10239   100    40 -9999 -9999     0
2021 04 07 03    17   -90 10258    70    30 -9999 -9999     0
2021 04 07 06    60  -103 10232    60    40 -9999 -9999     0
2021 04 07 09    73   -61 10210    90    70 -9999 -9999     0
2021 04 07 12    26   -35 10238    80    80 -9999 -9999     0
2021 04 07 18    -4   -11 10240    70    20 -9999 -9999     5
2021 04 07 21   -12   -18 10230    70    20 -9999 -9999    20
2021 04 08 00   -15   -21 10257    60    20 -9999 -9999    20
2021 04 08 03    -2   -15 10263    70    20 -9999 -9999    20
2021 04 08 06     9   -17 10254    80    40 -9999 -9999    20
2021 04 08 09    25   -15 10237    90    60 -9999 -9999     3
2021 04 08 12    15   -16 10250    90    40 -9999 -9999     0
2021 04 08 18   -25   -41 10268   330    10 -9999 -9999     0
2021 04 08 21   -22   -32 10251   310    10 -9999 -9999 -9999
2021 04 09 00   -32   -39 10259   310    10 -9999 -9999    -1
2021 04 09 03    -8   -21 10269   270    10 -9999 -9999     6
2021 04 09 06    41   -36 10238   340    20 -9999 -9999     9
2021 04 09 09    38   -57 10228   360    20 -9999 -9999     6
2021 04 09 12    28   -66 10241   350    60 -9999 -9999     3
2021 04 09 18   -24   -54 10247   220    10 -9999 -9999 -9999
2021 04 09 21   -32   -58 10248   220    20 -9999 -9999     0
2021 04 10 00   -55   -67 10265    50    10 -9999 -9999     0
2021 04 10 03     9   -41 10249   150    10 -9999 -9999     0
2021 04 10 06    15   -34 10252   340    60 -9999 -9999 -9999
2021 04 10 09    47   -54 10230   120    40 -9999 -9999     0
2021 04 10 12    42   -99 10248   340    40 -9999 -9999    -1
2021 04 10 18   -60   -84 10272   330    10 -9999 -9999     0
2021 04 10 21   -69   -88 10254   300    10 -9999 -9999     0
2021 04 11 00   -67   -88 10257   260    10 -9999 -9999     0
2021 04 11 03    11   -65 10254   240    30 -9999 -9999     0
2021 04 11 06    65   -75 10230   210    20 -9999 -9999     0
2021 04 11 09    81   -93 10219   320    80 -9999 -9999     0
2021 04 11 12    61  -110 10238   290    30 -9999 -9999     0
2021 04 11 18   -48   -77 10242   310    10 -9999 -9999     0
2021 04 11 21   -37   -84 10234   200    20 -9999 -9999     0
2021 04 12 00   -57   -80 10261    90    10 -9999 -9999     0
2021 04 12 03    26   -60 10262   230    20 -9999 -9999     0
2021 04 12 06    73   -71 10246   180    20 -9999 -9999     0
2021 04 12 09    89   -69 10223   340    60 -9999 -9999     0
2021 04 12 12    69   -79 10254   100    40 -9999 -9999     0
2021 04 12 18   -13   -61 10251   210    10 -9999 -9999     0
2021 04 12 21   -44   -62 10259   350    20 -9999 -9999     0
2021 04 13 00   -50   -67 10280   310    10 -9999 -9999     0
2021 04 13 03    13   -48 10277   310    10 -9999 -9999     0
2021 04 13 06    69   -51 10237   190    30 -9999 -9999     0
2021 04 13 09    55   -46 10241   280    60 -9999 -9999     0
2021 04 13 12    35   -18 10253    80    50 -9999 -9999     0
2021 04 13 18     3   -31 10226   180    10 -9999 -9999     6
2021 04 13 21   -20   -60 10254   320    10 -9999 -9999     0
2021 04 14 00   -51   -80 10287   100    20 -9999 -9999     0
2021 04 14 03    25   -54 10272   130    20 -9999 -9999     0
2021 04 14 06    69  -108 10246   110    20 -9999 -9999     0
2021 04 14 09    87  -113 10230    90    40 -9999 -9999     0
2021 04 14 12    66   -93 10248    80    50 -9999 -9999     0
2021 04 14 18   -54   -93 10252   330    20 -9999 -9999     0
2021 04 14 21   -75   -99 10246   360    20 -9999 -9999     0
2021 04 15 00   -77   -99 10259   340    20 -9999 -9999     0
2021 04 15 03    22   -85 10252    70    30 -9999 -9999     0
2021 04 15 06    82  -102 10225   240    30 -9999 -9999     0
2021 04 15 09    90   -85 10209   260    30 -9999 -9999     0
2021 04 15 12    75   -52 10223   110    10 -9999 -9999     0
2021 04 15 18   -32   -55 10219    20    20 -9999 -9999     0
2021 04 15 21   -48   -62 10217   290    20 -9999 -9999     0
2021 04 16 00   -64   -76 10245   270    10 -9999 -9999     0
2021 04 16 03    29   -26 10238   220    20 -9999 -9999     0
2021 04 16 06    96   -55 10211   200    30 -9999 -9999     0
2021 04 16 09   111   -63 10195   270    50 -9999 -9999     0
2021 04 16 12    79   -27 10223    80    40 -9999 -9999     0
2021 04 16 18   -18   -51 10201   310    20 -9999 -9999     0
2021 04 16 21   -30   -55 10190   120    10 -9999 -9999     0
2021 04 17 00    -5   -32 10194    70    20 -9999 -9999     0
2021 04 17 03    69   -48 10189    80    40 -9999 -9999     0
2021 04 17 06    99   -52 10180   230    30 -9999 -9999     0
2021 04 17 09    85   -19 10185    70    50 -9999 -9999     0
2021 04 17 12    57   -17 10199   350    70 -9999 -9999     0
2021 04 17 18    -3   -38 10209   360    10 -9999 -9999     0
2021 04 17 21   -18   -40 10213   210    10 -9999 -9999     0
2021 04 18 00   -39   -59 10245   300    10 -9999 -9999     0
2021 04 18 03    38   -42 10223   210    20 -9999 -9999     0
2021 04 18 06    68   -69 10210    90    30 -9999 -9999     0
2021 04 18 09    95   -72 10187    40    20 -9999 -9999     0
2021 04 18 12    70   -50 10215    70    60 -9999 -9999     0
2021 04 18 18   -15   -52 10218    70    10 -9999 -9999     0
2021 04 18 21   -19   -56 10192    70    20 -9999 -9999     0
2021 04 19 00    -9   -44 10199   160    10 -9999 -9999     0
2021 04 19 03    42   -20 10199    90    50 -9999 -9999     0
2021 04 19 06    55   -10 10192   110    30 -9999 -9999     0
2021 04 19 09     3    -6 10229   130    20 -9999 -9999    20
2021 04 19 12     7   -15 10229    90    40 -9999 -9999    30
2021 04 19 18   -55   -72 10236     0 -9999 -9999 -9999     0
2021 04 19 21   -49   -57 10243   260    20 -9999 -9999     0
2021 04 20 00   -34   -38 10237     0 -9999 -9999 -9999     0
2021 04 20 03   -16   -32 10236   240    10 -9999 -9999     0
2021 04 20 06    31   -22 10217   140    20 -9999 -9999     0
2021 04 20 09    78   -56 10157   200    20 -9999 -9999     0
2021 04 20 12    88   -78 10130   280    20 -9999 -9999     0
2021 04 20 18     0   -32 10147    40    40 -9999 -9999     0
2021 04 20 21    13   -34 10101    60    50 -9999 -9999     0
