2021 01 01 00  -154  -178 10359    10     6 -9999 -9999 -9999
2021 01 01 03  -147  -172 10379    22    10 -9999 -9999 -9999
2021 01 01 06   -57  -124 10356   180    10 -9999 -9999 -9999
2021 01 01 09   -40  -120 10339   216    20 -9999 -9999 -9999
2021 01 01 12   -74  -132 10354   183     6 -9999 -9999 -9999
2021 01 01 15   -85  -120 10370   234    14 -9999 -9999 -9999
2021 01 01 18  -127  -155 10361    32     6 -9999 -9999 -9999
2021 01 01 21  -145  -167 10373   308     9 -9999 -9999 -9999
2021 01 02 00  -135  -159 10373   271     6 -9999 -9999 -9999
2021 01 02 03  -125  -149 10391   279     6 -9999 -9999 -9999
2021 01 02 06   -70  -110 10387   204    29 -9999 -9999 -9999
2021 01 02 09   -59  -118 10379   269    27 -9999 -9999 -9999
2021 01 02 12   -77  -126 10375   115     8 -9999 -9999 -9999
2021 01 02 15   -70  -120 10373   120    13 -9999 -9999 -9999
2021 01 02 18   -75  -120 10361    71    15 -9999 -9999 -9999
2021 01 02 21   -80  -119 10360    69    16 -9999 -9999 -9999
2021 01 03 00   -84  -117 10364    67    16 -9999 -9999 -9999
2021 01 03 03   -82  -116 10376     1     7 -9999 -9999 -9999
2021 01 03 06   -65  -123 10373    82    15 -9999 -9999 -9999
2021 01 03 09   -55  -125 10357    98    24 -9999 -9999 -9999
2021 01 03 12   -82  -135 10373    86     9 -9999 -9999 -9999
2021 01 03 15  -120  -152 10402     5     8 -9999 -9999 -9999
2021 01 03 18  -145  -170 10416    11    16 -9999 -9999 -9999
2021 01 03 21  -155  -177 10419    17    13 -9999 -9999 -9999
2021 01 04 00  -164  -189 10438    24    11 -9999 -9999 -9999
2021 01 04 03  -147  -169 10469     9     9 -9999 -9999 -9999
2021 01 04 06   -59  -162 10460    80    28 -9999 -9999 -9999
2021 01 04 09   -45  -180 10454   142    21 -9999 -9999 -9999
2021 01 04 12   -80  -190 10491   152    10 -9999 -9999 -9999
2021 01 04 15  -135  -190 10515    12     8 -9999 -9999 -9999
2021 01 04 18  -157  -198 10495   351    11 -9999 -9999 -9999
2021 01 04 21  -167  -204 10487   356    13 -9999 -9999 -9999
2021 01 05 00  -173  -208 10487   358    13 -9999 -9999 -9999
2021 01 05 03  -144  -179 10492     7    10 -9999 -9999 -9999
2021 01 05 06   -50  -192 10453   249    11 -9999 -9999 -9999
2021 01 05 09   -35  -208 10423   178    13 -9999 -9999 -9999
2021 01 05 12   -75  -201 10426   189    11 -9999 -9999 -9999
2021 01 05 15  -125  -195 10432    90     8 -9999 -9999 -9999
2021 01 05 18  -154  -205 10415    28     9 -9999 -9999 -9999
2021 01 05 21  -159  -201 10404    61     8 -9999 -9999 -9999
2021 01 06 00  -165  -204 10422    34     8 -9999 -9999 -9999
2021 01 06 03  -150  -191 10450     2    12 -9999 -9999 -9999
2021 01 06 06   -82  -184 10450   103    24 -9999 -9999 -9999
2021 01 06 09   -67  -194 10433   140    24 -9999 -9999 -9999
2021 01 06 12   -92  -198 10461     8     9 -9999 -9999 -9999
2021 01 06 15  -125  -193 10478    12    10 -9999 -9999 -9999
2021 01 06 18  -145  -201 10460    22     6 -9999 -9999 -9999
2021 01 06 21  -170  -214 10454     2     6 -9999 -9999 -9999
2021 01 07 00  -179  -215 10460     2    12 -9999 -9999 -9999
2021 01 07 03  -160  -198 10473     8    12 -9999 -9999 -9999
2021 01 07 06   -77  -193 10444   307    12 -9999 -9999 -9999
2021 01 07 09   -54  -195 10422   182    17 -9999 -9999 -9999
2021 01 07 12   -84  -190 10436   161    13 -9999 -9999 -9999
2021 01 07 15  -140  -202 10448    33     8 -9999 -9999 -9999
2021 01 07 18  -145  -199 10421    16     6 -9999 -9999 -9999
2021 01 07 21  -147  -196 10412     8    15 -9999 -9999 -9999
2021 01 08 00  -142  -192 10416    20     6 -9999 -9999 -9999
2021 01 08 03  -117  -177 10429    37     6 -9999 -9999 -9999
2021 01 08 06   -76  -167 10417   310    10 -9999 -9999     0
2021 01 08 09   -66  -155 10397   210    20 -9999 -9999     0
2021 01 08 12   -83  -119 10417   270    20 -9999 -9999 -9999
2021 01 08 15   -89  -116 10419   260    10 -9999 -9999     2
2021 01 08 18  -115  -140 10417    10    10 -9999 -9999     2
2021 01 08 21  -138  -161 10425   110    10 -9999 -9999     0
2021 01 09 00  -152  -177 10441    13     5 -9999 -9999 -9999
2021 01 09 03  -129  -147 10459   323     8 -9999 -9999 -9999
2021 01 09 06   -85  -123 10456   255    16 -9999 -9999 -9999
2021 01 09 09   -65  -121 10446   246    15 -9999 -9999 -9999
2021 01 09 12   -87  -134 10471   246    15 -9999 -9999 -9999
2021 01 09 15  -135  -164 10494    23     9 -9999 -9999 -9999
2021 01 09 18  -149  -173 10496   330    10 -9999 -9999 -9999
2021 01 09 21  -157  -182 10499   329    10 -9999 -9999 -9999
2021 01 10 00  -170  -196 10515    51     7 -9999 -9999 -9999
2021 01 10 03  -149  -169 10548    13    13 -9999 -9999 -9999
2021 01 10 06   -65  -131 10526   282    16 -9999 -9999 -9999
2021 01 10 09   -37  -132 10509   228    22 -9999 -9999 -9999
2021 01 10 12   -67  -137 10522   256    18 -9999 -9999 -9999
2021 01 10 15  -122  -159 10537    10    11 -9999 -9999 -9999
2021 01 10 18  -150  -178 10507   358    10 -9999 -9999 -9999
2021 01 10 21  -162  -191 10482   360     2 -9999 -9999 -9999
2021 01 11 00  -170  -197 10477   279    11 -9999 -9999 -9999
2021 01 11 03  -152  -171 10488    65     5 -9999 -9999 -9999
2021 01 11 06   -55  -146 10452   258    18 -9999 -9999 -9999
2021 01 11 09   -29  -146 10417   246    28 -9999 -9999 -9999
2021 01 11 12   -60  -151 10408   254    23 -9999 -9999 -9999
2021 01 11 15   -95  -157 10409   275    16 -9999 -9999 -9999
2021 01 11 18  -144  -182 10374   305     9 -9999 -9999 -9999
2021 01 11 21  -147  -178 10352   255    15 -9999 -9999 -9999
2021 01 12 00  -169  -198 10359    62     4 -9999 -9999 -9999
2021 01 12 03  -152  -174 10373   345     5 -9999 -9999 -9999
2021 01 12 06   -49  -147 10351   228    15 -9999 -9999 -9999
2021 01 12 09   -22  -141 10322   193    22 -9999 -9999 -9999
2021 01 12 12   -55  -144 10337   200     9 -9999 -9999 -9999
2021 01 12 15  -117  -162 10345    58     8 -9999 -9999 -9999
2021 01 12 18  -140  -172 10306     7    13 -9999 -9999 -9999
2021 01 12 21  -155  -183 10278    16     8 -9999 -9999 -9999
2021 01 13 00  -147  -175 10253   360     9 -9999 -9999 -9999
2021 01 13 03  -125  -154 10267    75     6 -9999 -9999 -9999
2021 01 13 06   -54  -147 10246   265    14 -9999 -9999 -9999
2021 01 13 09    -7  -133 10227   251    30 -9999 -9999 -9999
2021 01 13 12   -32  -143 10240   226    10 -9999 -9999 -9999
2021 01 13 15   -77  -148 10263    37    13 -9999 -9999 -9999
2021 01 13 18   -65  -140 10247   101    29 -9999 -9999 -9999
2021 01 13 21   -92  -147 10257    29    10 -9999 -9999 -9999
2021 01 14 00  -115  -156 10262    31     8 -9999 -9999 -9999
2021 01 14 03   -92  -138 10291    59    12 -9999 -9999 -9999
2021 01 14 06   -27  -141 10279    86    40 -9999 -9999 -9999
2021 01 14 09   -10  -139 10278    79    23 -9999 -9999 -9999
2021 01 14 12   -37  -131 10301    96    18 -9999 -9999 -9999
2021 01 14 15   -87  -143 10338    23    10 -9999 -9999 -9999
2021 01 14 18   -82  -151 10338    36    13 -9999 -9999 -9999
2021 01 14 21   -77  -163 10333    47    15 -9999 -9999 -9999
2021 01 15 00   -97  -162 10342    89     9 -9999 -9999 -9999
2021 01 15 03  -100  -151 10371   339     7 -9999 -9999 -9999
2021 01 15 06   -12  -140 10352   123    18 -9999 -9999 -9999
2021 01 15 09     7  -148 10323   331    12 -9999 -9999 -9999
2021 01 15 12   -22  -153 10345   158    16 -9999 -9999 -9999
2021 01 15 15   -67  -165 10396    77    11 -9999 -9999 -9999
2021 01 15 18  -109  -168 10414    34     5 -9999 -9999 -9999
2021 01 15 21  -130  -176 10441     6    11 -9999 -9999 -9999
2021 01 16 00  -144  -183 10490   349     9 -9999 -9999 -9999
2021 01 16 03  -107  -150 10531    15     9 -9999 -9999 -9999
2021 01 16 06   -12  -154 10530   192    26 -9999 -9999 -9999
2021 01 16 09     7  -153 10511   227    20 -9999 -9999 -9999
2021 01 16 12   -24  -151 10513   233    17 -9999 -9999 -9999
2021 01 16 15   -75  -160 10502   288     9 -9999 -9999 -9999
2021 01 16 18   -99  -166 10458   290    12 -9999 -9999 -9999
2021 01 16 21  -119  -177 10433   330     9 -9999 -9999 -9999
2021 01 17 00  -122  -172 10411   301     8 -9999 -9999 -9999
2021 01 17 03  -119  -159 10411   349    11 -9999 -9999 -9999
2021 01 17 06   -15  -169 10374   237    29 -9999 -9999 -9999
2021 01 17 09     2  -179 10338   246    37 -9999 -9999 -9999
2021 01 17 12   -22  -174 10336   220    26 -9999 -9999 -9999
2021 01 17 15   -74  -176 10341   281    13 -9999 -9999 -9999
2021 01 17 18  -112  -183 10303   331    15 -9999 -9999 -9999
2021 01 17 21  -147  -198 10293    10     9 -9999 -9999 -9999
2021 01 18 00  -150  -197 10287     4     7 -9999 -9999 -9999
2021 01 18 03  -124  -167 10296    47     5 -9999 -9999 -9999
2021 01 18 06   -25  -163 10269   131    17 -9999 -9999 -9999
2021 01 18 09    -4  -159 10247   223    22 -9999 -9999 -9999
2021 01 18 12   -37  -163 10265   241    12 -9999 -9999 -9999
2021 01 18 15   -90  -168 10275   308     5 -9999 -9999 -9999
2021 01 18 18  -107  -172 10249    12     7 -9999 -9999 -9999
2021 01 18 21  -125  -178 10243   360    10 -9999 -9999 -9999
2021 01 19 00  -127  -177 10259    95     3 -9999 -9999 -9999
2021 01 19 03  -112  -163 10288    30     5 -9999 -9999 -9999
2021 01 19 06   -25  -155 10267    97    11 -9999 -9999 -9999
2021 01 19 09    -2  -157 10249   182    16 -9999 -9999 -9999
2021 01 19 12   -30  -161 10265   156    13 -9999 -9999 -9999
2021 01 19 15   -87  -163 10284    10     6 -9999 -9999 -9999
2021 01 19 18   -97  -164 10270    10     7 -9999 -9999 -9999
2021 01 19 21  -117  -172 10262   337    11 -9999 -9999 -9999
2021 01 20 00  -125  -175 10274    68     9 -9999 -9999 -9999
2021 01 20 03  -117  -163 10319    13     7 -9999 -9999 -9999
2021 01 20 06   -15  -147 10295   250    18 -9999 -9999 -9999
2021 01 20 09     0  -140 10289   236    27 -9999 -9999 -9999
2021 01 20 12   -27  -141 10316   206     9 -9999 -9999 -9999
2021 01 20 15   -70  -146 10344    17    10 -9999 -9999 -9999
2021 01 20 18   -87  -154 10328     2     7 -9999 -9999 -9999
2021 01 20 21  -106  -159 10321    30    10 -9999 -9999     0
2021 01 21 00  -118  -162 10331    20    10 -9999 -9999     0
2021 01 21 03  -111  -151 10342   340    10 -9999 -9999     0
2021 01 21 06    -3  -129 10309   240    10 -9999 -9999     0
2021 01 21 09    15  -134 10264    40    10 -9999 -9999     0
2021 01 21 12   -18  -130 10259   170    10 -9999 -9999     0
2021 01 21 15   -68  -141 10256     0 -9999 -9999 -9999     0
2021 01 21 18   -88  -150 10218   360    10 -9999 -9999     0
2021 01 21 21  -111  -157 10200    20    10 -9999 -9999     0
2021 01 22 00  -125  -165 10203    72     8 -9999 -9999 -9999
2021 01 22 03  -110  -147 10215     1    11 -9999 -9999 -9999
2021 01 22 06    -2  -129 10174   271    15 -9999 -9999 -9999
2021 01 22 09    27  -127 10144   352     9 -9999 -9999 -9999
2021 01 22 12   -12  -122 10154   221    15 -9999 -9999 -9999
2021 01 22 15   -34  -126 10160   273     9 -9999 -9999 -9999
2021 01 22 18   -47  -127 10145   125    14 -9999 -9999 -9999
2021 01 22 21   -54  -128 10137    18    18 -9999 -9999 -9999
2021 01 23 00   -52  -125 10175   134     5 -9999 -9999 -9999
2021 01 23 03   -45  -122 10205    18    10 -9999 -9999 -9999
2021 01 23 06    -4  -114 10219   203    11 -9999 -9999 -9999
2021 01 23 09    15  -117 10223   177    19 -9999 -9999 -9999
2021 01 23 12   -10  -112 10246    70    21 -9999 -9999 -9999
2021 01 23 15   -20   -53 10268   140    15 -9999 -9999 -9999
2021 01 23 18   -35   -58 10263    13    12 -9999 -9999     1
2021 01 23 21   -59   -76 10273    67    12 -9999 -9999     1
2021 01 24 00   -72   -97 10303    28     9 -9999 -9999 -9999
2021 01 24 03   -84  -105 10340   360    18 -9999 -9999 -9999
2021 01 24 06    10   -73 10331   315    11 -9999 -9999 -9999
2021 01 24 09    30  -133 10332   283    15 -9999 -9999 -9999
2021 01 24 12   -14  -139 10350   166    13 -9999 -9999 -9999
2021 01 24 15   -64  -135 10373   280    10 -9999 -9999     0
2021 01 24 18   -92  -137 10353    50    10 -9999 -9999     0
2021 01 24 21  -104  -135 10339    10    20 -9999 -9999     0
2021 01 25 00  -112  -135 10340   340    14 -9999 -9999 -9999
2021 01 25 03   -87  -106 10357   338    10 -9999 -9999 -9999
2021 01 25 06     2  -105 10342    40     9 -9999 -9999 -9999
2021 01 25 09    20  -131 10326   122    18 -9999 -9999 -9999
2021 01 25 12   -12  -132 10336   112    19 -9999 -9999 -9999
2021 01 25 15   -64  -140 10354    18    13 -9999 -9999 -9999
2021 01 25 18   -94  -142 10339   355     8 -9999 -9999 -9999
2021 01 25 21  -112  -147 10328     8    15 -9999 -9999 -9999
2021 01 26 00  -117  -151 10330    13    18 -9999 -9999 -9999
2021 01 26 03   -80  -130 10344     4    15 -9999 -9999 -9999
2021 01 26 06    -2  -128 10329   270    19 -9999 -9999 -9999
2021 01 26 09    27  -127 10311   255    13 -9999 -9999 -9999
2021 01 26 12   -12  -128 10335   180    10 -9999 -9999 -9999
2021 01 26 15   -65  -137 10356   333     8 -9999 -9999 -9999
2021 01 26 18   -94  -140 10354    20    11 -9999 -9999 -9999
2021 01 26 21  -109  -148 10354    22    10 -9999 -9999 -9999
2021 01 27 00  -109  -146 10368    18     7 -9999 -9999 -9999
2021 01 27 03  -105  -136 10401     6    10 -9999 -9999 -9999
2021 01 27 06    -4  -133 10383    60    13 -9999 -9999 -9999
2021 01 27 09    27  -123 10359   282     9 -9999 -9999 -9999
2021 01 27 12   -15  -125 10364   192    11 -9999 -9999 -9999
2021 01 27 15   -67  -135 10379   344     6 -9999 -9999 -9999
2021 01 27 18   -95  -143 10358     7    14 -9999 -9999 -9999
2021 01 27 21  -105  -146 10344    25     8 -9999 -9999 -9999
2021 01 28 00  -115  -146 10354    11    10 -9999 -9999 -9999
2021 01 28 03   -85  -118 10371    25    10 -9999 -9999 -9999
2021 01 28 06     1  -122 10356    96    10 -9999 -9999 -9999
2021 01 28 09    30  -122 10330   255    22 -9999 -9999 -9999
2021 01 28 12   -12  -126 10342   208     8 -9999 -9999 -9999
2021 01 28 15   -65  -134 10358    76     7 -9999 -9999 -9999
2021 01 28 18   -95  -144 10348    15    14 -9999 -9999 -9999
2021 01 28 21  -107  -150 10345    12    11 -9999 -9999 -9999
2021 01 29 00  -125  -158 10364    12    14 -9999 -9999 -9999
2021 01 29 03  -102  -136 10391     7    14 -9999 -9999 -9999
2021 01 29 06    10  -128 10377    20    14 -9999 -9999 -9999
2021 01 29 09    35  -129 10356   241    13 -9999 -9999 -9999
2021 01 29 12     0  -120 10369   158    14 -9999 -9999 -9999
2021 01 29 15   -65  -132 10388   360     1 -9999 -9999 -9999
2021 01 29 18   -82  -138 10367     4    13 -9999 -9999 -9999
2021 01 29 21   -95  -143 10355     7    13 -9999 -9999 -9999
2021 01 30 00  -104  -146 10361   356    13 -9999 -9999 -9999
2021 01 30 03   -74  -123 10382    13    14 -9999 -9999 -9999
2021 01 30 06    11  -123 10362   251    24 -9999 -9999 -9999
2021 01 30 09    37  -131 10337   240    32 -9999 -9999 -9999
2021 01 30 12     2  -130 10344   302    18 -9999 -9999 -9999
2021 01 30 15   -59  -135 10354   340    12 -9999 -9999 -9999
2021 01 30 18   -75  -140 10333   347     9 -9999 -9999 -9999
2021 01 30 21   -89  -143 10316   302     9 -9999 -9999 -9999
2021 01 31 00  -100  -147 10313   326    13 -9999 -9999 -9999
2021 01 31 03   -75  -124 10326   314    13 -9999 -9999 -9999
2021 01 31 06    17  -129 10298   251    22 -9999 -9999 -9999
2021 01 31 09    45  -133 10273   235    34 -9999 -9999 -9999
2021 01 31 12    15  -134 10279   245    21 -9999 -9999 -9999
2021 01 31 15   -55  -140 10294   314     7 -9999 -9999 -9999
2021 01 31 18   -80  -145 10279    10    10 -9999 -9999 -9999
2021 01 31 21   -77  -146 10264     5    15 -9999 -9999 -9999
2021 02 01 00   -85  -148 10277     3    20 -9999 -9999 -9999
2021 02 01 03   -70  -137 10312     7    12 -9999 -9999 -9999
2021 02 01 06    27  -131 10298   298    12 -9999 -9999 -9999
2021 02 01 09    42  -135 10285   226    20 -9999 -9999 -9999
2021 02 01 12    16  -126 10297   229    16 -9999 -9999 -9999
2021 02 01 15   -34  -128 10322     7     7 -9999 -9999 -9999
2021 02 01 18   -39  -128 10299     6    13 -9999 -9999 -9999
2021 02 01 21   -25  -124 10284    37    10 -9999 -9999 -9999
2021 02 02 00   -25  -128 10295    80    13 -9999 -9999 -9999
2021 02 02 03   -14  -127 10315   103    13 -9999 -9999 -9999
2021 02 02 06    17  -120 10312   271     9 -9999 -9999 -9999
2021 02 02 09    45   -94 10287   237    23 -9999 -9999 -9999
2021 02 02 12    27   -92 10291   242    16 -9999 -9999 -9999
2021 02 02 15   -10  -106 10312   293    12 -9999 -9999 -9999
2021 02 02 18   -52  -112 10321    39    12 -9999 -9999 -9999
2021 02 02 21   -72  -123 10318   331    13 -9999 -9999 -9999
2021 02 03 00   -65  -121 10325    33     7 -9999 -9999 -9999
2021 02 03 03   -45  -107 10349    52     8 -9999 -9999 -9999
2021 02 03 06    45   -97 10340   170    12 -9999 -9999 -9999
2021 02 03 09    65  -112 10320   237    25 -9999 -9999 -9999
2021 02 03 12    32  -114 10333   174     9 -9999 -9999 -9999
2021 02 03 15   -34  -118 10356    13    11 -9999 -9999 -9999
2021 02 03 18   -57  -124 10345   352    11 -9999 -9999 -9999
2021 02 03 21   -70  -129 10337   353     4 -9999 -9999 -9999
2021 02 04 00   -82  -129 10345   349     8 -9999 -9999 -9999
2021 02 04 03   -47  -105 10364    19    10 -9999 -9999 -9999
2021 02 04 06    60   -99 10339   174    17 -9999 -9999 -9999
2021 02 04 09    76  -117 10313   248    28 -9999 -9999 -9999
2021 02 04 12    47  -152 10312   245    21 -9999 -9999 -9999
2021 02 04 15   -24  -145 10322   279    11 -9999 -9999 -9999
2021 02 04 18   -45  -132 10294   319    16 -9999 -9999 -9999
2021 02 04 21   -40  -129 10273   281    16 -9999 -9999 -9999
2021 02 05 00   -69  -132 10273   324     6 -9999 -9999 -9999
2021 02 05 03   -30  -108 10290   331    10 -9999 -9999 -9999
2021 02 05 06    61  -135 10267   249    27 -9999 -9999 -9999
2021 02 05 09    87  -143 10233   217    30 -9999 -9999 -9999
2021 02 05 12    51  -133 10242   227    15 -9999 -9999 -9999
2021 02 05 15   -22  -135 10257   323     6 -9999 -9999 -9999
2021 02 05 18   -55  -143 10241    12    13 -9999 -9999 -9999
2021 02 05 21   -59  -137 10225    29     8 -9999 -9999 -9999
2021 02 06 00   -60  -134 10235    51    11 -9999 -9999 -9999
2021 02 06 03   -32  -117 10261    20    10 -9999 -9999 -9999
2021 02 06 06    65  -121 10248   291    12 -9999 -9999 -9999
2021 02 06 09    97  -149 10222   245    22 -9999 -9999 -9999
2021 02 06 12    60  -142 10232   213    16 -9999 -9999 -9999
2021 02 06 15   -20  -138 10256   354    10 -9999 -9999 -9999
2021 02 06 18   -47  -139 10247     6    14 -9999 -9999 -9999
2021 02 06 21   -57  -134 10240   341    12 -9999 -9999 -9999
2021 02 07 00   -60  -129 10241    14    15 -9999 -9999 -9999
2021 02 07 03   -15  -109 10271    11    12 -9999 -9999 -9999
2021 02 07 06    65  -116 10271     4    14 -9999 -9999 -9999
2021 02 07 09    87  -129 10253   187    11 -9999 -9999 -9999
2021 02 07 12    57  -138 10261   172    11 -9999 -9999 -9999
2021 02 07 15   -22  -132 10283     8    14 -9999 -9999 -9999
2021 02 07 18   -39  -125 10278    66     9 -9999 -9999 -9999
2021 02 07 21   -55  -132 10262    14    14 -9999 -9999 -9999
2021 02 08 00   -62  -133 10266    12    17 -9999 -9999 -9999
2021 02 08 03   -15  -119 10291   360    20 -9999 -9999 -9999
2021 02 08 06    81  -123 10262   249    18 -9999 -9999 -9999
2021 02 08 09   107  -141 10223   210    17 -9999 -9999 -9999
2021 02 08 12    72  -131 10224   218    21 -9999 -9999 -9999
2021 02 08 15    21  -118 10226   314    10 -9999 -9999 -9999
2021 02 08 18   -17  -122 10204   308     7 -9999 -9999 -9999
2021 02 08 21   -42  -127 10190    10    12 -9999 -9999 -9999
2021 02 09 00   -42  -128 10188     9    14 -9999 -9999 -9999
2021 02 09 03   -24  -112 10208     9    15 -9999 -9999 -9999
2021 02 09 06    75  -109 10189   298    12 -9999 -9999 -9999
2021 02 09 12    62  -134 10184   205    11 -9999 -9999 -9999
2021 02 09 15    -4  -127 10207    87     8 -9999 -9999 -9999
2021 02 09 18   -27  -128 10184   358    12 -9999 -9999 -9999
2021 02 09 21   -45  -133 10167   113     9 -9999 -9999 -9999
2021 02 10 00   -42  -137 10170   343     4 -9999 -9999 -9999
2021 02 10 03    -4  -127 10201     3    27 -9999 -9999 -9999
2021 02 10 06    96  -136 10187   159    13 -9999 -9999 -9999
2021 02 10 09   120  -139 10179   147    11 -9999 -9999 -9999
2021 02 11 00     6  -121 10197   326    11 -9999 -9999 -9999
2021 02 13 12    71  -121 10187   191    14 -9999 -9999 -9999
2021 02 13 15    -5  -118 10204   121     8 -9999 -9999 -9999
2021 02 13 18   -22  -121 10209    24     9 -9999 -9999 -9999
2021 02 13 21    -8  -115 10218    70    10 -9999 -9999     0
2021 02 14 00     7  -129 10239   357     3 -9999 -9999 -9999
2021 02 14 03    15  -116 10290    93     9 -9999 -9999 -9999
2021 02 14 06    77  -133 10296    99    17 -9999 -9999 -9999
2021 02 14 09   102  -131 10267    80    39 -9999 -9999 -9999
2021 02 14 12    72  -110 10272    92    19 -9999 -9999 -9999
2021 02 14 15     6  -114 10302    49    10 -9999 -9999 -9999
2021 02 14 18   -10  -110 10293    18     7 -9999 -9999 -9999
2021 02 14 21   -10  -104 10283     6    11 -9999 -9999 -9999
2021 02 15 00   -39  -114 10288     1     8 -9999 -9999 -9999
2021 02 15 03    11   -90 10302    60     6 -9999 -9999 -9999
2021 02 15 06    90  -106 10289   230    25 -9999 -9999 -9999
2021 02 15 09   107  -107 10263   214    30 -9999 -9999 -9999
2021 02 15 12    80  -103 10278   209    19 -9999 -9999 -9999
2021 02 15 15    12  -103 10295   323     8 -9999 -9999 -9999
2021 02 15 18   -22  -111 10288     7    10 -9999 -9999 -9999
2021 02 15 21   -40  -115 10289    21    13 -9999 -9999 -9999
2021 02 16 00   -45  -118 10297    34     7 -9999 -9999 -9999
2021 02 16 03    -7  -102 10320    11     6 -9999 -9999 -9999
2021 02 16 06    92  -108 10304   242    19 -9999 -9999 -9999
2021 02 16 09   112   -97 10283   206    24 -9999 -9999 -9999
2021 02 16 12    85   -86 10288   214    23 -9999 -9999 -9999
2021 02 16 15    17   -89 10306    38     9 -9999 -9999 -9999
2021 02 16 18   -20   -96 10294     3    10 -9999 -9999 -9999
2021 02 16 21   -30  -103 10283    11    13 -9999 -9999 -9999
2021 02 17 00   -30  -104 10288   285     8 -9999 -9999 -9999
2021 02 17 03    21   -98 10312    86     8 -9999 -9999 -9999
2021 02 17 06    92   -93 10303   307    15 -9999 -9999 -9999
2021 02 17 09   112   -92 10279   209    32 -9999 -9999 -9999
2021 02 17 12    86   -84 10280   210    19 -9999 -9999 -9999
2021 02 17 15    22   -88 10296   347    10 -9999 -9999 -9999
2021 02 17 18   -17   -94 10290    16    11 -9999 -9999 -9999
2021 02 17 21   -17  -101 10282   308     9 -9999 -9999 -9999
2021 02 18 00   -37  -105 10297    11    12 -9999 -9999 -9999
2021 02 18 03    10   -77 10322    90     6 -9999 -9999 -9999
2021 02 18 06   101   -85 10312   163    20 -9999 -9999 -9999
2021 02 18 09   125   -81 10288   227    22 -9999 -9999 -9999
2021 02 18 12    96   -80 10294   215    20 -9999 -9999 -9999
2021 02 18 15    26   -84 10308    22    10 -9999 -9999 -9999
2021 02 18 18   -15   -94 10290   359    11 -9999 -9999 -9999
2021 02 18 21   -22   -99 10269   333     7 -9999 -9999 -9999
2021 02 19 00   -27   -99 10271   289     7 -9999 -9999 -9999
2021 02 19 03    12   -89 10286   343    11 -9999 -9999 -9999
2021 02 19 06   101   -85 10264   240    27 -9999 -9999 -9999
2021 02 19 09   117   -87 10223   247    39 -9999 -9999 -9999
2021 02 20 15    27   -82 10197    58     8 -9999 -9999 -9999
2021 02 20 18    -2   -86 10184   334    13 -9999 -9999 -9999
2021 02 20 21     2   -87 10186    11     5 -9999 -9999 -9999
2021 02 21 00    20   -74 10183    55    10 -9999 -9999 -9999
2021 02 21 03    47   -83 10210    47    20 -9999 -9999 -9999
2021 02 21 06   102   -84 10235    99    24 -9999 -9999 -9999
2021 02 21 12    97   -83 10197   132    19 -9999 -9999 -9999
2021 02 21 18     5   -85 10225     9     3 -9999 -9999 -9999
2021 02 21 21   -14   -90 10206    17    21 -9999 -9999 -9999
2021 02 22 00   -17   -90 10226    84    10 -9999 -9999 -9999
2021 02 22 03    26   -70 10234    89    10 -9999 -9999 -9999
2021 02 22 06    87   -83 10223    91    11 -9999 -9999 -9999
2021 02 22 09    95   -87 10195   115    11 -9999 -9999 -9999
2021 02 22 12    80   -81 10194   360     0 -9999 -9999 -9999
2021 02 22 15    35   -74 10224   360     1 -9999 -9999 -9999
2021 02 22 18    -2   -80 10221    52     8 -9999 -9999 -9999
2021 02 22 21   -12   -85 10211     6    13 -9999 -9999 -9999
2021 02 23 00   -22   -87 10197     5    11 -9999 -9999 -9999
2021 02 23 03    30   -76 10191    84     8 -9999 -9999 -9999
2021 02 23 06    90   -86 10179   353     9 -9999 -9999 -9999
2021 02 23 09   107   -85 10152   269    21 -9999 -9999 -9999
2021 02 23 12    85   -77 10165   246    18 -9999 -9999 -9999
2021 02 23 15    40   -69 10182   297     7 -9999 -9999 -9999
2021 02 23 18    31   -68 10170    13    11 -9999 -9999 -9999
2021 02 23 21    30   -67 10167   332    10 -9999 -9999 -9999
2021 02 24 00    -9   -73 10192   276    12 -9999 -9999 -9999
2021 02 24 03    41   -59 10202   331    11 -9999 -9999 -9999
2021 02 24 06   101   -43 10190   232    36 -9999 -9999 -9999
2021 02 24 09   122   -72 10156   221    25 -9999 -9999 -9999
2021 02 24 12   102   -61 10155   164    15 -9999 -9999 -9999
2021 02 24 15    27   -67 10165    11    13 -9999 -9999 -9999
2021 02 24 18    -2   -73 10159    14     9 -9999 -9999 -9999
2021 02 24 21     5   -73 10146     9    12 -9999 -9999 -9999
2021 02 25 00    45   -48 10130   353    15 -9999 -9999 -9999
2021 02 25 03    50   -31 10149   308    11 -9999 -9999 -9999
2021 02 25 06   111   -50 10120   284    21 -9999 -9999 -9999
2021 02 25 09   107   -52 10080   260    12 -9999 -9999 -9999
2021 02 25 12    90   -43 10057   250    28 -9999 -9999 -9999
2021 02 25 15    62   -40 10073   271    17 -9999 -9999 -9999
2021 02 25 18    45   -50 10064   271    14 -9999 -9999 -9999
2021 02 25 21    42   -49 10052   286    22 -9999 -9999 -9999
2021 02 26 00    27   -83 10053   336    16 -9999 -9999 -9999
2021 02 26 03    61   -62 10072    72    19 -9999 -9999 -9999
2021 02 26 06    70   -87 10091   126    44 -9999 -9999 -9999
2021 02 26 09    65   -79 10102   114    42 -9999 -9999 -9999
2021 02 26 12    56   -30 10127    80    46 -9999 -9999 -9999
2021 02 26 15    36   -34 10164    56    50 -9999 -9999 -9999
2021 02 26 18    35   -53 10189   115    26 -9999 -9999 -9999
2021 02 26 21    -5   -16 10198    92    49 -9999 -9999     9
2021 02 27 00   -12   -23 10218    93    40 -9999 -9999    16
2021 02 27 03   -17   -31 10244    95    40 -9999 -9999    10
2021 02 27 06   -10   -30 10246    89    23 -9999 -9999    19
2021 02 27 09     6   -50 10222    96    25 -9999 -9999    16
2021 02 27 12     2   -54 10222    14     8 -9999 -9999 -9999
2021 02 27 15    -5   -48 10253   358     8 -9999 -9999 -9999
2021 02 27 18    -5   -44 10266   332     9 -9999 -9999 -9999
2021 02 27 21    -5   -35 10274   332     8 -9999 -9999 -9999
2021 02 28 00    -2   -50 10293   251    18 -9999 -9999 -9999
2021 02 28 03     5   -56 10323   326    10 -9999 -9999 -9999
2021 02 28 06    31   -61 10334   252    15 -9999 -9999 -9999
2021 02 28 09    47   -59 10320   158    20 -9999 -9999 -9999
2021 02 28 12    32   -62 10319   166    15 -9999 -9999 -9999
2021 02 28 15    25   -50 10330   257    13 -9999 -9999 -9999
2021 02 28 18    -9   -46 10320   360     1 -9999 -9999 -9999
2021 02 28 21    -2   -54 10303   243    27 -9999 -9999 -9999
2021 03 01 00   -20   -55 10313   278    16 -9999 -9999 -9999
2021 03 01 03     2   -50 10315   261    15 -9999 -9999 -9999
2021 03 01 06    35   -44 10309   242    28 -9999 -9999 -9999
2021 03 01 09    50   -60 10280   241    24 -9999 -9999 -9999
2021 03 01 12    46   -63 10284   214    22 -9999 -9999 -9999
2021 03 01 15    15   -62 10294   286    13 -9999 -9999 -9999
2021 03 01 18   -20   -61 10283   336    13 -9999 -9999 -9999
2021 03 01 21   -27   -59 10270   305     7 -9999 -9999 -9999
2021 03 02 00   -37   -66 10279    21     5 -9999 -9999 -9999
2021 03 02 03     2   -49 10287     3    12 -9999 -9999 -9999
2021 03 02 06    71   -59 10272   236    22 -9999 -9999 -9999
2021 03 02 09    85   -47 10237   226    24 -9999 -9999 -9999
2021 03 02 12    70   -47 10235   217    17 -9999 -9999 -9999
2021 03 02 15    11   -49 10237    15    12 -9999 -9999 -9999
2021 03 02 18   -14   -53 10219   249     7 -9999 -9999 -9999
2021 03 02 21   -22   -52 10209   188     7 -9999 -9999 -9999
2021 03 03 00   -24   -55 10215    24     9 -9999 -9999 -9999
2021 03 03 03    20   -31 10222     4     8 -9999 -9999 -9999
2021 03 03 06    81   -44 10208   260    29 -9999 -9999 -9999
2021 03 03 09    95   -38 10182   201    18 -9999 -9999 -9999
2021 03 03 12    91   -38 10171   211    24 -9999 -9999 -9999
2021 03 03 15    37   -38 10185   301    13 -9999 -9999 -9999
2021 03 03 18     2   -41 10180     5    11 -9999 -9999 -9999
2021 03 03 21    -5   -43 10177   335    13 -9999 -9999 -9999
2021 03 04 00    -2   -39 10174    40     9 -9999 -9999 -9999
2021 03 04 03    26   -25 10201   163    10 -9999 -9999 -9999
2021 03 04 06    87   -35 10195    97    26 -9999 -9999 -9999
2021 03 04 09   110   -31 10182   130    24 -9999 -9999 -9999
2021 03 04 12   101   -43 10188   161    11 -9999 -9999 -9999
2021 03 04 15    52   -36 10210    49    15 -9999 -9999 -9999
2021 03 04 18    20   -39 10217   359    15 -9999 -9999 -9999
2021 03 04 21     1   -40 10218   334    13 -9999 -9999 -9999
2021 03 05 00     7   -34 10230   353    14 -9999 -9999 -9999
2021 03 05 03    55   -26 10244    91    10 -9999 -9999 -9999
2021 03 05 06   101   -36 10241   301    15 -9999 -9999 -9999
2021 03 05 09   111   -38 10224   335    31 -9999 -9999 -9999
2021 03 05 12   105   -40 10222   253    17 -9999 -9999 -9999
2021 03 05 15    85   -34 10230   233    18 -9999 -9999 -9999
2021 03 05 18    76   -22 10226   321    19 -9999 -9999 -9999
2021 03 05 21    65   -14 10225   330    27 -9999 -9999 -9999
2021 03 06 00    42   -24 10233     3    11 -9999 -9999 -9999
2021 03 06 03    76   -33 10238    93    17 -9999 -9999 -9999
2021 03 06 06    96   -33 10230   102    25 -9999 -9999 -9999
2021 03 06 09   127   -43 10185   268    17 -9999 -9999 -9999
2021 03 06 12   107   -33 10183   225    19 -9999 -9999 -9999
2021 03 06 15    42   -32 10183    28    12 -9999 -9999 -9999
2021 03 06 18    20   -36 10185    46     7 -9999 -9999 -9999
2021 03 06 21    10   -41 10166    14    15 -9999 -9999 -9999
2021 03 07 00    -7   -48 10173    26    12 -9999 -9999 -9999
2021 03 07 03    55   -33 10189   360    17 -9999 -9999 -9999
2021 03 07 06   120   -42 10172   268    21 -9999 -9999 -9999
2021 03 07 09   131   -45 10146   208    27 -9999 -9999 -9999
2021 03 07 12   115   -42 10150   201    22 -9999 -9999 -9999
2021 03 07 15    90   -43 10157   257     8 -9999 -9999 -9999
2021 03 07 18    52   -38 10155     9    10 -9999 -9999 -9999
2021 03 07 21    35   -38 10151   320    11 -9999 -9999 -9999
2021 03 08 00    40   -32 10166    69     6 -9999 -9999 -9999
2021 03 08 03    81   -34 10185    52    11 -9999 -9999 -9999
2021 03 08 06   136   -46 10174    28    24 -9999 -9999 -9999
2021 03 08 09   157   -72 10150   204    30 -9999 -9999 -9999
2021 03 08 12   141   -67 10153   218    19 -9999 -9999 -9999
2021 03 08 15    71   -56 10180   331     3 -9999 -9999 -9999
2021 03 08 18    31   -55 10180    15    16 -9999 -9999 -9999
2021 03 08 21    62   -58 10172    39    16 -9999 -9999 -9999
2021 03 09 00    16   -53 10199    50     7 -9999 -9999 -9999
2021 03 09 03   100   -52 10212    83    24 -9999 -9999 -9999
2021 03 09 06   140   -47 10208    95    30 -9999 -9999 -9999
2021 03 09 12   141   -51 10180   173    12 -9999 -9999 -9999
2021 03 09 15    67   -46 10188    13    11 -9999 -9999 -9999
2021 03 09 18    35   -43 10184    13    11 -9999 -9999 -9999
2021 03 09 21    21   -53 10179     8    12 -9999 -9999 -9999
2021 03 10 00    15   -53 10173    11    12 -9999 -9999 -9999
2021 03 10 03    82   -46 10179   335    13 -9999 -9999 -9999
2021 03 10 06   152   -51 10171   173    29 -9999 -9999 -9999
2021 03 10 09   157   -59 10141   164    27 -9999 -9999 -9999
2021 03 10 12   145   -58 10129   208    15 -9999 -9999 -9999
2021 03 10 15   101   -43 10133   287    14 -9999 -9999 -9999
2021 03 10 18    74   -47 10131   360    10 -9999 -9999     0
2021 03 10 21    42   -52 10135   329    14 -9999 -9999 -9999
2021 03 11 00    45   -53 10141    63     3 -9999 -9999 -9999
2021 03 11 03   105   -51 10152    42     6 -9999 -9999 -9999
2021 03 11 06   161   -56 10144   105    16 -9999 -9999 -9999
2021 03 11 09   175   -71 10122   260    20 -9999 -9999 -9999
2021 03 11 12   156   -73 10120   209    13 -9999 -9999 -9999
2021 03 11 15   110   -55 10133   289    11 -9999 -9999 -9999
2021 03 11 18    70   -47 10138   322    11 -9999 -9999 -9999
2021 03 11 21    65   -56 10126   356    15 -9999 -9999 -9999
2021 03 12 00    92   -65 10135    96    13 -9999 -9999 -9999
2021 03 12 03   117   -57 10148   351    15 -9999 -9999 -9999
2021 03 12 06   177   -69 10143   237    15 -9999 -9999 -9999
2021 03 12 09   182   -57 10118   210    28 -9999 -9999 -9999
2021 03 12 12   162   -54 10109   205    20 -9999 -9999 -9999
2021 03 12 15   132   -59 10126   253    19 -9999 -9999 -9999
2021 03 12 18   107   -52 10120   270    17 -9999 -9999 -9999
2021 03 12 21    57   -62 10120   348    11 -9999 -9999 -9999
2021 03 13 00    37   -59 10133     4     9 -9999 -9999 -9999
2021 03 13 03    92   -47 10144   357     4 -9999 -9999 -9999
2021 03 13 06   167   -63 10129   227    26 -9999 -9999 -9999
2021 03 13 09   180   -67 10105   235    28 -9999 -9999 -9999
2021 03 13 12   166   -46 10090   207    19 -9999 -9999 -9999
2021 03 13 15   100   -34 10092   341    10 -9999 -9999 -9999
2021 03 13 18    82   -55 10066   359    16 -9999 -9999 -9999
2021 03 13 21    71   -56 10043    19    15 -9999 -9999 -9999
2021 03 14 00    66   -57 10044   332    11 -9999 -9999 -9999
2021 03 14 03    97   -57 10053   360     1 -9999 -9999 -9999
2021 03 14 06   181   -59 10033   259    25 -9999 -9999 -9999
2021 03 14 09   187   -54 10006   201    21 -9999 -9999 -9999
2021 03 14 12   166   -40 10005   220    11 -9999 -9999 -9999
2021 03 14 15   121   -33 10020   313     8 -9999 -9999 -9999
2021 03 14 18    92   -27 10033     9     7 -9999 -9999 -9999
2021 03 14 21   145   -39 10031   300    30 -9999 -9999 -9999
2021 03 15 00    96   -37 10065    93    18 -9999 -9999 -9999
2021 03 15 03   137   -64 10091    84    33 -9999 -9999 -9999
2021 03 15 06   176   -56 10096   109    39 -9999 -9999 -9999
2021 03 15 09   195   -62 10047   118    50 -9999 -9999 -9999
2021 03 15 12   180   -67 10054    86    37 -9999 -9999 -9999
2021 03 15 15   160   -69 10059    82    72 -9999 -9999 -9999
2021 03 15 18   136   -66 10070    87    64 -9999 -9999 -9999
2021 03 15 21   112   -85 10080    76    41 -9999 -9999 -9999
2021 03 16 00    92   -61 10102   360    12 -9999 -9999 -9999
2021 03 16 03   110   -17 10119   112    13 -9999 -9999 -9999
2021 03 16 06   136   -36 10120   242    33 -9999 -9999 -9999
2021 03 16 09   160   -26 10102   203    26 -9999 -9999 -9999
2021 03 16 12   140   -38 10114   189    11 -9999 -9999 -9999
2021 03 16 15    97   -28 10127    24     6 -9999 -9999 -9999
2021 03 16 18    92   -61 10119   206     5 -9999 -9999 -9999
2021 03 16 21    77   -37 10120   125    11 -9999 -9999 -9999
2021 03 17 00    77   -63 10124    97    24 -9999 -9999 -9999
2021 03 17 03    76   -69 10153    73    31 -9999 -9999 -9999
2021 03 17 06    90  -100 10148   128    32 -9999 -9999 -9999
2021 03 17 09   102   -94 10128    70    11 -9999 -9999 -9999
2021 03 17 12   101   -85 10131   125    14 -9999 -9999 -9999
2021 03 17 15    77   -79 10151    52     8 -9999 -9999 -9999
2021 03 17 18    85   -61 10161    56    10 -9999 -9999 -9999
2021 03 17 21    82   -63 10158    79    26 -9999 -9999 -9999
2021 03 18 00    76   -76 10179   342    35 -9999 -9999 -9999
2021 03 18 03    72   -52 10227   121    47 -9999 -9999 -9999
2021 03 18 06    52    -3 10258    87    37 -9999 -9999 -9999
2021 03 18 09    72   -19 10260   114    27 -9999 -9999 -9999
2021 03 18 12    66   -31 10283   196    19 -9999 -9999 -9999
2021 03 18 15    50   -20 10324   173    21 -9999 -9999 -9999
2021 03 18 18    26   -25 10347   332     9 -9999 -9999 -9999
2021 03 18 21    27   -27 10335   199    18 -9999 -9999 -9999
2021 03 19 00    15   -37 10340   227    10 -9999 -9999 -9999
2021 03 19 03    22   -32 10348   177    12 -9999 -9999 -9999
2021 03 19 06    66   -36 10325   253    28 -9999 -9999 -9999
2021 03 19 09    87   -52 10280   225    45 -9999 -9999 -9999
2021 03 19 12    85   -65 10272   219    26 -9999 -9999 -9999
2021 03 19 15    66   -70 10280   252    22 -9999 -9999 -9999
2021 03 19 18    37   -65 10275   220    11 -9999 -9999 -9999
2021 03 19 21    -2   -63 10275    18    10 -9999 -9999 -9999
2021 03 20 00    -9   -66 10290   354     6 -9999 -9999 -9999
2021 03 20 03    41   -68 10302   200    19 -9999 -9999 -9999
2021 03 20 06   101   -71 10287   166    26 -9999 -9999 -9999
2021 03 20 09   112   -70 10273   176    27 -9999 -9999 -9999
2021 03 20 12    97   -70 10272   194    23 -9999 -9999 -9999
2021 03 20 15    57   -58 10277    58     7 -9999 -9999 -9999
2021 03 20 18    20   -55 10270    48     9 -9999 -9999 -9999
2021 03 20 21    15   -53 10255    52     7 -9999 -9999 -9999
2021 03 21 00     1   -65 10261     4    11 -9999 -9999 -9999
2021 03 21 03    65   -61 10268     2     7 -9999 -9999 -9999
2021 03 21 06   110   -51 10250   180    19 -9999 -9999 -9999
2021 03 21 09   115   -50 10220   189    27 -9999 -9999 -9999
2021 03 21 12   110   -56 10208   228    15 -9999 -9999 -9999
2021 03 21 15    90   -54 10207   239    16 -9999 -9999 -9999
2021 03 21 18    45   -46 10207   351     8 -9999 -9999 -9999
2021 03 21 21    30   -52 10199   357     5 -9999 -9999 -9999
2021 03 22 00    20   -59 10210   357     6 -9999 -9999 -9999
2021 03 22 03    67   -52 10223   360     0 -9999 -9999 -9999
2021 03 22 06   115   -55 10210   237    29 -9999 -9999 -9999
2021 03 22 09   137   -59 10184   213    21 -9999 -9999 -9999
2021 03 22 12   130   -51 10174   227    18 -9999 -9999 -9999
2021 03 22 15    95   -45 10189     8    14 -9999 -9999 -9999
2021 03 22 18    60   -39 10192    20     6 -9999 -9999 -9999
2021 03 22 21    46   -39 10178     7    13 -9999 -9999 -9999
2021 03 23 00    47   -53 10177   271    11 -9999 -9999 -9999
2021 03 23 03    92   -40 10173   360     0 -9999 -9999 -9999
2021 03 23 06   140   -43 10181   251    43 -9999 -9999 -9999
2021 03 23 09   167   -70 10132   235    14 -9999 -9999 -9999
2021 03 23 12   147   -67 10128   192    17 -9999 -9999 -9999
2021 03 23 15    90   -56 10150   350     6 -9999 -9999 -9999
2021 03 23 18    61   -49 10147     2     3 -9999 -9999 -9999
2021 03 23 21    50   -51 10136     1    15 -9999 -9999 -9999
2021 03 24 00    57   -50 10133   276    15 -9999 -9999 -9999
2021 03 24 03   107   -38 10147    16    10 -9999 -9999 -9999
2021 03 24 06   160   -36 10143   196    35 -9999 -9999 -9999
2021 03 24 09   182   -32 10120   238    32 -9999 -9999 -9999
2021 03 24 12   172   -40 10126   197    15 -9999 -9999 -9999
2021 03 24 15   136   -24 10148    81    18 -9999 -9999 -9999
2021 03 24 18    82   -21 10153    57     9 -9999 -9999 -9999
2021 03 24 21    60   -27 10156    48     5 -9999 -9999 -9999
2021 03 25 00    42   -42 10171    32     7 -9999 -9999 -9999
2021 03 25 03   140   -75 10167   102    20 -9999 -9999 -9999
2021 03 25 06   166   -78 10181   105    27 -9999 -9999 -9999
2021 03 25 09   182   -57 10157   101    20 -9999 -9999 -9999
2021 03 25 12   177   -55 10157   237    12 -9999 -9999 -9999
2021 03 25 15   106   -38 10159    88     3 -9999 -9999 -9999
2021 03 25 18    75   -40 10157     7    12 -9999 -9999 -9999
2021 03 25 21    65   -38 10142     6    13 -9999 -9999 -9999
2021 03 26 00    70   -42 10136   184    11 -9999 -9999 -9999
2021 03 26 03   131   -28 10146   354    11 -9999 -9999 -9999
2021 03 26 06   187   -53 10125   118    18 -9999 -9999 -9999
2021 03 26 09   197   -53 10096   134    20 -9999 -9999 -9999
2021 03 26 12   182   -39 10086   208    15 -9999 -9999 -9999
2021 03 26 15   140   -20 10083     8    14 -9999 -9999 -9999
2021 03 26 18   106   -31 10072   357    12 -9999 -9999 -9999
2021 03 26 21    90   -46 10058    24    11 -9999 -9999 -9999
2021 03 27 00    95   -45 10063   360    15 -9999 -9999 -9999
2021 03 27 03   140   -43 10087   282    12 -9999 -9999 -9999
2021 03 27 06   170   -49 10105    22    15 -9999 -9999 -9999
2021 03 27 09   195   -22 10089    77    39 -9999 -9999 -9999
2021 03 27 12   165    -3 10096   129    36 -9999 -9999 -9999
2021 03 27 15   120     4 10097     2    14 -9999 -9999 -9999
2021 03 27 18    70    -6 10089   336    11 -9999 -9999 -9999
2021 03 27 21    60   -10 10082   348    12 -9999 -9999 -9999
2021 03 28 00    51   -11 10082   360     6 -9999 -9999 -9999
2021 03 28 03   137   -10 10075    78    36 -9999 -9999 -9999
2021 03 28 06   172     5 10062    93    32 -9999 -9999 -9999
2021 03 28 09   185   -24 10019    93    17 -9999 -9999 -9999
2021 03 28 12   181   -28 10007   269    11 -9999 -9999 -9999
2021 03 28 15   147    -5  9998    45     4 -9999 -9999 -9999
2021 03 28 18   142    -6  9989   293    15 -9999 -9999 -9999
2021 03 28 21   137     8  9987   317    42 -9999 -9999 -9999
2021 03 29 00   132     3  9989   322    26 -9999 -9999 -9999
2021 03 29 03   166     3 10011    25    14 -9999 -9999 -9999
2021 03 29 06   186    -2 10018   122    18 -9999 -9999 -9999
2021 03 29 09   192   -18 10004    44    13 -9999 -9999 -9999
2021 03 29 12   175    -3 10026   345    25 -9999 -9999 -9999
2021 03 29 15    92    44 10088   350    61 -9999 -9999    15
2021 03 29 18   107   -13 10088   332    28 -9999 -9999    22
2021 03 29 21    82     8 10083   180    10 -9999 -9999     9
2021 03 30 00    65    37 10107   102     6 -9999 -9999     2
2021 03 30 03    72    23 10141    79    21 -9999 -9999 -9999
2021 03 30 06   115     8 10128   156    26 -9999 -9999 -9999
2021 03 30 09   122    13 10120   127    23 -9999 -9999 -9999
2021 03 30 12    71    18 10155   149    24 -9999 -9999   108
2021 03 30 15    75    24 10187   102    26 -9999 -9999   108
2021 03 30 18    40    22 10197    66    11 -9999 -9999 -9999
2021 03 30 21    32    15 10201   160     3 -9999 -9999 -9999
2021 03 31 00    32    16 10227   275    17 -9999 -9999 -9999
2021 03 31 03    61    26 10237   328    13 -9999 -9999 -9999
2021 03 31 06    62     8 10241   122    27 -9999 -9999 -9999
2021 03 31 09    47    22 10230   289    29 -9999 -9999    23
2021 03 31 12    82    -7 10219   104    15 -9999 -9999    23
2021 03 31 15    60    18 10236    86    11 -9999 -9999 -9999
2021 03 31 18    50    22 10233    13    22 -9999 -9999 -9999
2021 03 31 21    40    13 10234    14    35 -9999 -9999     8
2021 04 01 00    31    16 10233   284    18 -9999 -9999    24
2021 04 01 03    42    22 10237   335    18 -9999 -9999    24
2021 04 01 06    85     9 10213   133    17 -9999 -9999     8
2021 04 01 09    86    13 10201    22    42 -9999 -9999 -9999
2021 04 01 12    81    -4 10200    38    22 -9999 -9999 -9999
2021 04 01 15    62    12 10220    83    43 -9999 -9999 -9999
2021 04 01 18    60     9 10205   359    13 -9999 -9999 -9999
2021 04 01 21    57     3 10199    37    11 -9999 -9999 -9999
2021 04 02 00    67   -17 10208    90    24 -9999 -9999 -9999
2021 04 02 03    70   -20 10230    97    24 -9999 -9999 -9999
2021 04 02 06    95   -10 10219   296    14 -9999 -9999 -9999
2021 04 02 09    85    -3 10212   326    57 -9999 -9999 -9999
2021 04 02 12    82    -3 10214    23    30 -9999 -9999 -9999
2021 04 02 15    66     3 10228   344    20 -9999 -9999 -9999
2021 04 02 18    72    -5 10211     1    13 -9999 -9999 -9999
2021 04 02 21    65   -10 10212   292     8 -9999 -9999 -9999
2021 04 03 00    56    -7 10224   140     9 -9999 -9999 -9999
2021 04 03 03    91   -71 10229   109    37 -9999 -9999 -9999
2021 04 03 06   112   -71 10221   111    42 -9999 -9999 -9999
2021 04 03 09    92   -58 10218   358    23 -9999 -9999 -9999
2021 04 03 12    87   -32 10209    15    33 -9999 -9999 -9999
2021 04 03 15    75   -34 10194    10    19 -9999 -9999 -9999
2021 04 03 18    75   -26 10181   343    37 -9999 -9999 -9999
2021 04 03 21    70   -23 10169   337    22 -9999 -9999 -9999
2021 04 04 00    77   -44 10157     8    27 -9999 -9999 -9999
2021 04 04 03   107   -62 10159    57    35 -9999 -9999 -9999
2021 04 04 06   131   -87 10142    79    27 -9999 -9999 -9999
2021 04 04 09   150   -92 10109   345    16 -9999 -9999 -9999
2021 04 04 12   130   -38 10102   310    29 -9999 -9999 -9999
2021 04 04 15    91   -55 10111   331    16 -9999 -9999 -9999
2021 04 04 18    62   -46 10121   359    13 -9999 -9999 -9999
2021 04 04 21    56   -40 10131   356    17 -9999 -9999 -9999
2021 04 05 00    35   -43 10160   360     2 -9999 -9999 -9999
2021 04 05 03   107   -34 10180     6    17 -9999 -9999 -9999
2021 04 05 06   145   -65 10178    87    10 -9999 -9999 -9999
2021 04 05 09   165   -87 10154    59    17 -9999 -9999 -9999
2021 04 05 12   156   -66 10173   201    20 -9999 -9999 -9999
2021 04 05 15    97   -25 10195   342    14 -9999 -9999 -9999
2021 04 05 18   105   -40 10199   355    17 -9999 -9999 -9999
2021 04 05 21    62   -17 10205     9    14 -9999 -9999 -9999
2021 04 06 00    37   -24 10225   129    12 -9999 -9999 -9999
2021 04 06 03   117     0 10228     6    11 -9999 -9999 -9999
2021 04 06 06   170   -73 10208    87    19 -9999 -9999 -9999
2021 04 06 09   171   -81 10190   113    45 -9999 -9999 -9999
2021 04 06 12   165   -87 10198   165    16 -9999 -9999 -9999
2021 04 06 15   110   -29 10213   357     9 -9999 -9999 -9999
2021 04 06 18    76   -24 10214   324    15 -9999 -9999 -9999
2021 04 06 21    55   -23 10200    20    14 -9999 -9999 -9999
2021 04 07 00    51   -42 10191     2    14 -9999 -9999 -9999
2021 04 07 03   151   -77 10180   100    24 -9999 -9999 -9999
2021 04 07 06   182   -65 10164   173    12 -9999 -9999 -9999
2021 04 07 09   172   -52 10161   243    24 -9999 -9999 -9999
2021 04 07 12   165   -42 10175   245    31 -9999 -9999 -9999
2021 04 07 15   142   -14 10185   246    20 -9999 -9999 -9999
2021 04 07 18   125    -1 10187   135     7 -9999 -9999 -9999
2021 04 07 21   117    16 10194   255    33 -9999 -9999 -9999
2021 04 08 00   112    12 10200   270    30 -9999 -9999 -9999
2021 04 08 03   126    13 10211   265    27 -9999 -9999 -9999
2021 04 08 06   135    17 10207   356    31 -9999 -9999 -9999
2021 04 08 09   157    14 10185   201    18 -9999 -9999 -9999
2021 04 08 12   145    17 10187   162    15 -9999 -9999 -9999
2021 04 08 15   107    25 10208    52     8 -9999 -9999 -9999
2021 04 08 18    87    25 10207   147     5 -9999 -9999 -9999
2021 04 08 21    77    27 10195    23    17 -9999 -9999 -9999
2021 04 09 00    85    31 10193   322    20 -9999 -9999 -9999
2021 04 09 03   132    30 10199   311    22 -9999 -9999 -9999
2021 04 09 06   160    24 10186   285    39 -9999 -9999 -9999
2021 04 09 09   167    27 10164   159    16 -9999 -9999 -9999
2021 04 09 12   176    12 10154   205    24 -9999 -9999 -9999
2021 04 09 15   132    27 10173    58    14 -9999 -9999 -9999
2021 04 09 18   112     7 10178    40    22 -9999 -9999 -9999
2021 04 09 21    66     7 10172   290    10 -9999 -9999 -9999
2021 04 10 00    50     7 10180   281     6 -9999 -9999 -9999
2021 04 10 03   140    13 10178   340    11 -9999 -9999 -9999
2021 04 10 06   172    -5 10166   103    28 -9999 -9999 -9999
2021 04 10 09   202   -41 10150   211    32 -9999 -9999 -9999
2021 04 10 12   192   -13 10153   256    39 -9999 -9999 -9999
2021 04 10 15   117    -5 10162   142     4 -9999 -9999 -9999
2021 04 10 18    81    -4 10164    84     7 -9999 -9999 -9999
2021 04 10 21    66    -8 10159    23    11 -9999 -9999 -9999
2021 04 11 00    45   -10 10167    17    24 -9999 -9999 -9999
2021 04 11 03   152    -5 10166   107    31 -9999 -9999 -9999
2021 04 11 06   190    -4 10153    99    25 -9999 -9999 -9999
2021 04 11 09   215   -12 10131   232    35 -9999 -9999 -9999
2021 04 11 12   207   -30 10134   195    24 -9999 -9999 -9999
2021 04 11 15   132    -7 10140   247     9 -9999 -9999 -9999
2021 04 11 18   101   -10 10146    68    10 -9999 -9999 -9999
2021 04 11 21    80    -2 10154    36    11 -9999 -9999 -9999
2021 04 12 00    80    -1 10175    91    16 -9999 -9999 -9999
2021 04 12 03   130   -17 10207    91    86 -9999 -9999 -9999
2021 04 12 06   151    -2 10214    90    54 -9999 -9999 -9999
2021 04 12 09   176   -11 10196    91    38 -9999 -9999 -9999
2021 04 12 12   177   -15 10197    91    46 -9999 -9999 -9999
2021 04 12 15   150   -11 10213    81    43 -9999 -9999 -9999
2021 04 12 18   137   -11 10225    88    43 -9999 -9999 -9999
2021 04 12 21   127   -40 10228    75    36 -9999 -9999 -9999
2021 04 13 00   122   -58 10241    84    30 -9999 -9999 -9999
2021 04 13 03   141   -56 10248    98    20 -9999 -9999 -9999
2021 04 13 06   162   -61 10226   125    16 -9999 -9999 -9999
2021 04 13 09   170   -61 10194   249    26 -9999 -9999 -9999
2021 04 13 12   165   -59 10176   237    10 -9999 -9999 -9999
2021 04 13 15   132   -31 10179   249    16 -9999 -9999 -9999
2021 04 13 18   111    -4 10177   320    30 -9999 -9999 -9999
2021 04 13 21   110    -6 10173   291    24 -9999 -9999 -9999
2021 04 14 00   100   -30 10182   292    22 -9999 -9999 -9999
2021 04 14 03   161   -45 10189   318    27 -9999 -9999 -9999
2021 04 14 06   205  -122 10181   287    24 -9999 -9999 -9999
2021 04 14 09   212   -92 10158   202    37 -9999 -9999 -9999
2021 04 14 12   201   -57 10152   208    28 -9999 -9999 -9999
2021 04 14 15   127    -8 10163    56     5 -9999 -9999 -9999
2021 04 14 18    96     0 10161   341     8 -9999 -9999 -9999
2021 04 14 21    77    -7 10157    80     8 -9999 -9999 -9999
2021 04 15 00    60    -5 10166     7    11 -9999 -9999 -9999
2021 04 15 03   176   -63 10169    93    25 -9999 -9999 -9999
2021 04 15 06   210   -43 10159   144    25 -9999 -9999 -9999
2021 04 15 09   220   -50 10135   205    32 -9999 -9999 -9999
2021 04 15 12   205   -33 10129   173    26 -9999 -9999 -9999
2021 04 15 15   136    13 10132     8     8 -9999 -9999 -9999
2021 04 15 18   125   -14 10130    11    18 -9999 -9999 -9999
2021 04 15 21    96     5 10132    91    10 -9999 -9999 -9999
2021 04 16 00    72     9 10154    53    11 -9999 -9999 -9999
2021 04 16 03   165   -87 10169    94    40 -9999 -9999 -9999
2021 04 16 06   205  -135 10163   126    25 -9999 -9999 -9999
2021 04 16 09   215  -128 10151    61    18 -9999 -9999 -9999
2021 04 16 12   212  -103 10143   230     8 -9999 -9999 -9999
2021 04 16 15   150   -29 10147   346     9 -9999 -9999 -9999
2021 04 16 18   177   -10 10127   358    22 -9999 -9999 -9999
2021 04 16 21   112    18 10129   319     8 -9999 -9999 -9999
2021 04 17 00   102    23 10134   306     8 -9999 -9999 -9999
2021 04 17 03   191     7 10135    52     9 -9999 -9999 -9999
2021 04 17 06   225   -46 10109   232    20 -9999 -9999 -9999
2021 04 17 09   240   -33 10089   247    29 -9999 -9999 -9999
2021 04 17 12   222   -39 10086   268    28 -9999 -9999 -9999
2021 04 17 15   160    12 10098   356     8 -9999 -9999 -9999
2021 04 17 18   186   -18 10098   319    45 -9999 -9999 -9999
2021 04 17 21   166   -52 10085   349    16 -9999 -9999 -9999
2021 04 18 00   116   -30 10103    64    11 -9999 -9999 -9999
2021 04 18 03   201  -102 10109   125    24 -9999 -9999 -9999
2021 04 18 06   231  -115 10090   198    22 -9999 -9999 -9999
2021 04 18 09   241   -82 10068   209    29 -9999 -9999 -9999
2021 04 18 12   230   -59 10074   204    17 -9999 -9999 -9999
2021 04 18 15   160     9 10089    14     8 -9999 -9999 -9999
2021 04 18 18   126    22 10091   344     9 -9999 -9999 -9999
2021 04 18 21   112     7 10086   338     7 -9999 -9999 -9999
2021 04 19 00   141   -23 10099   111    19 -9999 -9999 -9999
2021 04 19 03   180   -53 10114    74    28 -9999 -9999 -9999
2021 04 19 06   205   -62 10107    95    45 -9999 -9999 -9999
2021 04 19 09   206     4 10093   294    58 -9999 -9999 -9999
2021 04 19 12   161     2 10101   349    62 -9999 -9999 -9999
2021 04 19 15   156    -6 10090     8    15 -9999 -9999 -9999
2021 04 19 18   115   -20 10091    57     7 -9999 -9999 -9999
2021 04 19 21    72   -11 10096    34    10 -9999 -9999 -9999
2021 04 20 00   127   -39 10096   322    30 -9999 -9999 -9999
2021 04 20 03   181   -52 10090   234    15 -9999 -9999 -9999
2021 04 20 06   217   -43 10078   234    25 -9999 -9999 -9999
2021 04 20 09   226   -37 10056   223    29 -9999 -9999 -9999
2021 04 20 12   221   -41 10035   282    26 -9999 -9999 -9999
2021 04 20 15   147    10 10046    21     9 -9999 -9999 -9999
2021 04 20 18   142     5 10027    20    21 -9999 -9999 -9999
2021 04 20 21   121    31 10019   257     7 -9999 -9999 -9999
