2021 01 01 00  -127  -148 10345   360     1 -9999 -9999 -9999
2021 01 01 03  -117  -134 10354    57     5 -9999 -9999 -9999
2021 01 01 06   -50   -95 10337    29    12 -9999 -9999 -9999
2021 01 01 09   -27   -98 10316   147     7 -9999 -9999 -9999
2021 01 01 12   -55  -112 10338     3     5 -9999 -9999 -9999
2021 01 01 15   -87  -123 10365   297     3 -9999 -9999 -9999
2021 01 01 18  -107  -128 10357   246     3 -9999 -9999 -9999
2021 01 01 21  -124  -144 10358   108     5 -9999 -9999 -9999
2021 01 02 00  -137  -158 10365   128     6 -9999 -9999 -9999
2021 01 02 03  -135  -152 10385   277     7 -9999 -9999 -9999
2021 01 02 06   -65   -96 10370   294    17 -9999 -9999 -9999
2021 01 02 09   -22   -86 10339    59     9 -9999 -9999 -9999
2021 01 02 12   -57  -105 10345    56    16 -9999 -9999 -9999
2021 01 02 15   -92  -127 10364    63    13 -9999 -9999 -9999
2021 01 02 18   -90  -121 10342    66    19 -9999 -9999 -9999
2021 01 02 21   -77  -115 10325    83    41 -9999 -9999 -9999
2021 01 03 00  -100  -130 10344    63    25 -9999 -9999 -9999
2021 01 03 03  -105  -129 10383    81    21 -9999 -9999 -9999
2021 01 03 06   -55  -107 10372    96    28 -9999 -9999 -9999
2021 01 03 09   -39  -112 10348   153    13 -9999 -9999 -9999
2021 01 03 12   -47  -107 10362   111    15 -9999 -9999 -9999
2021 01 03 15   -55  -104 10381    65    17 -9999 -9999 -9999
2021 01 03 18   -60  -103 10376    95    13 -9999 -9999 -9999
2021 01 03 21   -65  -108 10383   115    18 -9999 -9999 -9999
2021 01 04 00   -72  -114 10400   118     5 -9999 -9999 -9999
2021 01 04 03   -75  -106 10430    69     4 -9999 -9999 -9999
2021 01 04 06   -59  -105 10437     2    14 -9999 -9999 -9999
2021 01 04 09   -47  -118 10428     9     8 -9999 -9999 -9999
2021 01 04 12   -54  -126 10446    45     5 -9999 -9999 -9999
2021 01 04 15   -57  -111 10467    32    11 -9999 -9999 -9999
2021 01 04 18   -62  -104 10468   321    10 -9999 -9999 -9999
2021 01 04 21   -75  -111 10464   309     5 -9999 -9999 -9999
2021 01 05 00   -75  -107 10449   341     4 -9999 -9999 -9999
2021 01 05 03   -82  -105 10458   199    14 -9999 -9999 -9999
2021 01 05 06   -67  -106 10436   193    11 -9999 -9999     3
2021 01 05 09   -49  -117 10405   292    22 -9999 -9999     3
2021 01 05 12   -55  -109 10397   303     6 -9999 -9999 -9999
2021 01 05 15   -69  -102 10402   216    10 -9999 -9999 -9999
2021 01 05 18   -82  -111 10387   204     8 -9999 -9999 -9999
2021 01 05 21   -94  -114 10379   199     9 -9999 -9999 -9999
2021 01 06 00   -90  -112 10375    57     7 -9999 -9999 -9999
2021 01 06 03   -87  -112 10405   185     5 -9999 -9999 -9999
2021 01 06 06   -62  -104 10406   103    17 -9999 -9999 -9999
2021 01 06 09   -50  -130 10401   135    22 -9999 -9999 -9999
2021 01 06 12   -55  -136 10424   174     8 -9999 -9999 -9999
2021 01 06 15   -65  -138 10431   198     8 -9999 -9999 -9999
2021 01 06 18  -104  -152 10437    61     7 -9999 -9999 -9999
2021 01 06 21  -110  -166 10433    59     7 -9999 -9999 -9999
2021 01 07 00  -134  -174 10435   360     2 -9999 -9999 -9999
2021 01 07 03  -125  -160 10444   299     6 -9999 -9999 -9999
2021 01 07 06   -70  -155 10428    54     9 -9999 -9999 -9999
2021 01 07 09   -50  -154 10398    28    13 -9999 -9999 -9999
2021 01 07 12   -72  -154 10416   143     7 -9999 -9999 -9999
2021 01 07 15  -100  -160 10422    76     6 -9999 -9999 -9999
2021 01 07 18   -97  -143 10400    51     5 -9999 -9999 -9999
2021 01 07 21   -92  -153 10394    68     7 -9999 -9999 -9999
2021 01 08 00   -87  -118 10395   360     1 -9999 -9999 -9999
2021 01 08 03   -97  -131 10416    39     5 -9999 -9999 -9999
2021 01 08 06   -68  -141 10401   210    20 -9999 -9999     0
2021 01 08 09   -42  -144 10369   270    20 -9999 -9999     0
2021 01 08 12   -62  -138 10387   200    10 -9999 -9999     0
2021 01 08 15   -84  -144 10409   210    10 -9999 -9999     0
2021 01 08 18  -107  -153 10408   220    10 -9999 -9999     0
2021 01 08 21  -138  -173 10419     0 -9999 -9999 -9999     0
2021 01 09 00  -145  -174 10435   174    11 -9999 -9999 -9999
2021 01 09 03  -145  -171 10458   192    20 -9999 -9999 -9999
2021 01 09 06   -64  -133 10442   345    11 -9999 -9999 -9999
2021 01 09 09   -35  -133 10427   181    12 -9999 -9999 -9999
2021 01 09 12   -64  -137 10450    62    13 -9999 -9999 -9999
2021 01 09 15  -112  -157 10490    47     5 -9999 -9999 -9999
2021 01 09 18  -112  -149 10479    39    11 -9999 -9999 -9999
2021 01 09 21  -132  -163 10497   356     7 -9999 -9999 -9999
2021 01 10 00  -105  -139 10505    31    11 -9999 -9999 -9999
2021 01 10 03  -124  -151 10542   360     0 -9999 -9999 -9999
2021 01 10 06   -55  -138 10528   271    21 -9999 -9999 -9999
2021 01 10 09   -30  -144 10509   266    28 -9999 -9999 -9999
2021 01 10 12   -47  -146 10504   271    12 -9999 -9999 -9999
2021 01 10 15   -69  -146 10522   287    19 -9999 -9999 -9999
2021 01 10 18  -110  -160 10503   191     6 -9999 -9999 -9999
2021 01 10 21  -129  -164 10484   243    10 -9999 -9999 -9999
2021 01 11 00  -144  -172 10481   226     3 -9999 -9999 -9999
2021 01 11 03  -132  -156 10478   187    12 -9999 -9999 -9999
2021 01 11 06   -50  -132 10455   273    35 -9999 -9999 -9999
2021 01 11 09   -24  -133 10420   265    29 -9999 -9999 -9999
2021 01 11 12   -45  -136 10416   287    22 -9999 -9999 -9999
2021 01 11 15   -77  -142 10414   260    15 -9999 -9999 -9999
2021 01 11 18   -95  -146 10372   260    15 -9999 -9999 -9999
2021 01 11 21  -125  -159 10353   208    12 -9999 -9999 -9999
2021 01 12 00  -150  -175 10358   224     9 -9999 -9999 -9999
2021 01 12 03  -147  -170 10371   207    10 -9999 -9999 -9999
2021 01 12 06   -45  -119 10336   201    14 -9999 -9999 -9999
2021 01 12 09     5  -128 10299   275    12 -9999 -9999 -9999
2021 01 12 12   -40  -127 10312    63    12 -9999 -9999 -9999
2021 01 12 15   -90  -145 10324    50     8 -9999 -9999 -9999
2021 01 12 18  -110  -154 10288    55    12 -9999 -9999 -9999
2021 01 12 21  -114  -154 10262    23    10 -9999 -9999 -9999
2021 01 13 00  -127  -160 10260   229     7 -9999 -9999 -9999
2021 01 13 03   -94  -140 10259   279    16 -9999 -9999 -9999
2021 01 13 06   -15  -122 10238   268    37 -9999 -9999 -9999
2021 01 13 09    46  -119 10205   259    33 -9999 -9999 -9999
2021 01 13 12    32  -111 10213   274    15 -9999 -9999 -9999
2021 01 13 15   -27  -106 10226   215     7 -9999 -9999 -9999
2021 01 13 18   -49  -115 10219   360     2 -9999 -9999 -9999
2021 01 13 21   -70  -120 10205    67    11 -9999 -9999 -9999
2021 01 14 00   -87  -126 10224     4     7 -9999 -9999 -9999
2021 01 14 03   -85  -126 10258    37    13 -9999 -9999 -9999
2021 01 14 06    17  -114 10241    67    19 -9999 -9999 -9999
2021 01 14 09    71   -97 10214   117    12 -9999 -9999 -9999
2021 01 14 12     7  -117 10250    70    37 -9999 -9999 -9999
2021 01 14 15   -17  -127 10282    89    38 -9999 -9999 -9999
2021 01 14 18   -22  -141 10270    83    56 -9999 -9999 -9999
2021 01 14 21   -45  -138 10270    79    35 -9999 -9999 -9999
2021 01 15 00   -52  -141 10308    85    44 -9999 -9999 -9999
2021 01 15 03   -62  -140 10341    65    20 -9999 -9999 -9999
2021 01 15 06   -10  -149 10334    89    35 -9999 -9999 -9999
2021 01 15 09    12  -141 10309    73    23 -9999 -9999 -9999
2021 01 15 12   -17  -142 10319    93     8 -9999 -9999 -9999
2021 01 15 15   -42  -134 10357   100    17 -9999 -9999 -9999
2021 01 15 18   -65  -145 10379    73    23 -9999 -9999 -9999
2021 01 15 21   -60  -166 10421    69    20 -9999 -9999 -9999
2021 01 16 00   -99  -164 10483    27     8 -9999 -9999 -9999
2021 01 16 03  -102  -163 10524    17    12 -9999 -9999 -9999
2021 01 16 06    -7  -157 10519    57    22 -9999 -9999 -9999
2021 01 16 09     5  -168 10493    86    15 -9999 -9999 -9999
2021 01 16 12   -20  -158 10505   246     8 -9999 -9999 -9999
2021 01 16 15   -75  -145 10509   360     2 -9999 -9999 -9999
2021 01 16 18   -87  -164 10462   232     6 -9999 -9999 -9999
2021 01 16 21  -117  -161 10440   211     3 -9999 -9999 -9999
2021 01 17 00  -127  -168 10426   168     7 -9999 -9999 -9999
2021 01 17 03  -125  -168 10428   202    10 -9999 -9999 -9999
2021 01 17 06   -35  -149 10389   188    13 -9999 -9999 -9999
2021 01 17 09     1  -135 10343   293    17 -9999 -9999 -9999
2021 01 17 12   -29  -140 10343    43     8 -9999 -9999 -9999
2021 01 17 15   -80  -142 10346   159     7 -9999 -9999 -9999
2021 01 17 18  -105  -150 10312   169     3 -9999 -9999 -9999
2021 01 17 21  -122  -158 10288   128     5 -9999 -9999 -9999
2021 01 18 00  -125  -162 10287   207     3 -9999 -9999 -9999
2021 01 18 03  -122  -154 10300   178     6 -9999 -9999 -9999
2021 01 18 06   -25  -128 10271   224    13 -9999 -9999 -9999
2021 01 18 09    -4  -133 10241   283    23 -9999 -9999 -9999
2021 01 18 12   -10  -135 10246   276     4 -9999 -9999 -9999
2021 01 18 15   -25  -125 10251   220    14 -9999 -9999 -9999
2021 01 18 18   -50  -133 10226    56     6 -9999 -9999 -9999
2021 01 18 21   -85  -135 10224   360     2 -9999 -9999 -9999
2021 01 19 00   -92  -145 10232    75     3 -9999 -9999 -9999
2021 01 19 03  -100  -129 10249   360     2 -9999 -9999 -9999
2021 01 19 06   -10  -126 10243    74    14 -9999 -9999 -9999
2021 01 19 09    15  -130 10227    74     7 -9999 -9999 -9999
2021 01 19 12    -7  -130 10245    98     9 -9999 -9999 -9999
2021 01 19 15   -59  -128 10273   360     2 -9999 -9999 -9999
2021 01 19 18   -69  -128 10253    35     9 -9999 -9999 -9999
2021 01 19 21   -89  -139 10252   360     2 -9999 -9999 -9999
2021 01 20 00   -94  -144 10267    19     7 -9999 -9999 -9999
2021 01 20 03   -90  -131 10299   360     0 -9999 -9999 -9999
2021 01 20 06    -2  -129 10286   209     5 -9999 -9999 -9999
2021 01 20 09    37  -130 10266   283     9 -9999 -9999 -9999
2021 01 20 12     7  -129 10285   158     7 -9999 -9999 -9999
2021 01 20 15   -60  -134 10321    65     8 -9999 -9999 -9999
2021 01 20 18   -82  -132 10306    50    10 -9999 -9999 -9999
2021 01 20 21   -90  -144 10290    60    10 -9999 -9999     0
2021 01 21 00   -94  -146 10304    40    20 -9999 -9999     0
2021 01 21 03   -81  -139 10328    40    10 -9999 -9999     0
2021 01 21 06    14  -131 10292   110    20 -9999 -9999     0
2021 01 21 09    39  -130 10236   110    30 -9999 -9999     0
2021 01 21 12     9  -128 10232   120    10 -9999 -9999     0
2021 01 21 15   -46  -134 10242    20    10 -9999 -9999     0
2021 01 21 18   -72  -136 10216    40    10 -9999 -9999     0
2021 01 21 21   -79  -137 10203   290    10 -9999 -9999     0
2021 01 22 00   -99  -142 10199   169     6 -9999 -9999 -9999
2021 01 22 03   -89  -124 10200   150     9 -9999 -9999 -9999
2021 01 22 06     5  -135 10173   211     9 -9999 -9999 -9999
2021 01 22 09    22  -127 10141   283    14 -9999 -9999 -9999
2021 01 22 12     1  -119 10155   265     6 -9999 -9999 -9999
2021 01 22 15   -15  -103 10156   203    13 -9999 -9999 -9999
2021 01 22 18   -19  -114 10130   235     8 -9999 -9999 -9999
2021 01 22 21   -24  -107 10140   221    12 -9999 -9999 -9999
2021 01 23 00   -25  -101 10162   217    12 -9999 -9999 -9999
2021 01 23 03   -35   -95 10189   211    16 -9999 -9999 -9999
2021 01 23 06     2  -101 10196   123     7 -9999 -9999 -9999
2021 01 23 09    47  -114 10188   183     4 -9999 -9999 -9999
2021 01 23 12    45  -225 10206   324    22 -9999 -9999 -9999
2021 01 23 15    17  -215 10238   313    33 -9999 -9999 -9999
2021 01 23 18   -55  -129 10263   281    10 -9999 -9999 -9999
2021 01 23 21   -89  -137 10270    19    10 -9999 -9999 -9999
2021 01 24 00  -107  -145 10289   360     2 -9999 -9999 -9999
2021 01 24 03  -107  -135 10330    14     3 -9999 -9999 -9999
2021 01 24 06    11  -127 10332    99    28 -9999 -9999 -9999
2021 01 24 09    37  -130 10323    96    23 -9999 -9999 -9999
2021 01 24 12     5  -132 10340    85    22 -9999 -9999 -9999
2021 01 24 15   -45  -136 10367    60    20 -9999 -9999     0
2021 01 24 18   -51  -125 10337    70    20 -9999 -9999     0
2021 01 24 21   -73  -133 10327    60    20 -9999 -9999     0
2021 01 25 00   -69  -146 10323    69    19 -9999 -9999 -9999
2021 01 25 03   -67  -142 10339    64    18 -9999 -9999 -9999
2021 01 25 06    12  -148 10319   113    32 -9999 -9999 -9999
2021 01 25 09    40  -148 10294    93    18 -9999 -9999 -9999
2021 01 25 12     5  -144 10301    91    10 -9999 -9999 -9999
2021 01 25 15   -52  -146 10328    59    14 -9999 -9999 -9999
2021 01 25 18   -64  -137 10314    54    12 -9999 -9999 -9999
2021 01 25 21   -67  -135 10303    65    16 -9999 -9999 -9999
2021 01 26 00   -90  -145 10313    56    12 -9999 -9999 -9999
2021 01 26 03   -97  -141 10343   358     5 -9999 -9999 -9999
2021 01 26 06    10  -138 10322    77    21 -9999 -9999 -9999
2021 01 26 09    35  -148 10299   117    14 -9999 -9999 -9999
2021 01 26 12     0  -147 10321   137     5 -9999 -9999 -9999
2021 01 26 15   -64  -142 10361     5     8 -9999 -9999 -9999
2021 01 26 18   -85  -145 10346    15     7 -9999 -9999 -9999
2021 01 26 21  -104  -152 10351    46     5 -9999 -9999 -9999
2021 01 27 00  -107  -151 10368   190     8 -9999 -9999 -9999
2021 01 27 03  -100  -135 10398   340     9 -9999 -9999 -9999
2021 01 27 06     5  -136 10375   257    12 -9999 -9999 -9999
2021 01 27 09    40  -134 10351   258    13 -9999 -9999 -9999
2021 01 27 12    10  -135 10356    95     7 -9999 -9999 -9999
2021 01 27 15   -39  -112 10376   218    17 -9999 -9999 -9999
2021 01 27 18   -72  -127 10353   207     9 -9999 -9999 -9999
2021 01 27 21   -97  -136 10342   194     8 -9999 -9999 -9999
2021 01 28 00  -107  -139 10346   180     3 -9999 -9999 -9999
2021 01 28 03   -99  -130 10367   174     4 -9999 -9999 -9999
2021 01 28 06    12  -108 10342   220     8 -9999 -9999 -9999
2021 01 28 09    47  -122 10315   276    21 -9999 -9999 -9999
2021 01 28 12    17  -120 10324   187     5 -9999 -9999 -9999
2021 01 28 15   -47  -121 10355   260    10 -9999 -9999 -9999
2021 01 28 18   -77  -126 10336   360     1 -9999 -9999 -9999
2021 01 28 21   -90  -127 10326   194     3 -9999 -9999 -9999
2021 01 29 00  -107  -138 10340   290     4 -9999 -9999 -9999
2021 01 29 03   -99  -125 10378   213     4 -9999 -9999 -9999
2021 01 29 06    15  -120 10360    53    12 -9999 -9999 -9999
2021 01 29 09    51  -119 10335   128    13 -9999 -9999 -9999
2021 01 29 12    17  -124 10353   111     8 -9999 -9999 -9999
2021 01 29 15   -55  -130 10385    18     6 -9999 -9999 -9999
2021 01 29 18   -80  -135 10364    11     6 -9999 -9999 -9999
2021 01 29 21   -92  -142 10352   360     0 -9999 -9999 -9999
2021 01 30 00  -107  -151 10365     2     8 -9999 -9999 -9999
2021 01 30 03   -97  -131 10396   330     3 -9999 -9999 -9999
2021 01 30 06    15  -123 10366   298    17 -9999 -9999 -9999
2021 01 30 09    47  -131 10338   278    28 -9999 -9999 -9999
2021 01 30 12    30  -138 10340   228     8 -9999 -9999 -9999
2021 01 30 15   -45  -129 10364   243     6 -9999 -9999 -9999
2021 01 30 18   -45  -126 10332   279    19 -9999 -9999 -9999
2021 01 30 21   -90  -141 10317   204     9 -9999 -9999 -9999
2021 01 31 00  -105  -145 10318   166     6 -9999 -9999 -9999
2021 01 31 03   -97  -136 10334    87     4 -9999 -9999 -9999
2021 01 31 06    15  -114 10296   283    25 -9999 -9999 -9999
2021 01 31 09    55  -126 10268   270    23 -9999 -9999 -9999
2021 01 31 12    31  -141 10276   256     9 -9999 -9999 -9999
2021 01 31 15   -32  -135 10297   244    11 -9999 -9999 -9999
2021 01 31 18   -67  -141 10275   197     3 -9999 -9999 -9999
2021 01 31 21   -82  -131 10262    53     5 -9999 -9999 -9999
2021 02 01 00   -75  -131 10270   360     1 -9999 -9999 -9999
2021 02 01 03   -69  -114 10305   329     3 -9999 -9999 -9999
2021 02 01 06    10  -121 10302   360     2 -9999 -9999 -9999
2021 02 01 09    40  -139 10290   187     6 -9999 -9999 -9999
2021 02 01 12    21  -133 10299   360     1 -9999 -9999 -9999
2021 02 01 15     0  -120 10317   360     2 -9999 -9999 -9999
2021 02 01 18   -40  -111 10303   216     9 -9999 -9999 -9999
2021 02 01 21   -70  -125 10297   360     2 -9999 -9999 -9999
2021 02 02 00   -89  -127 10307   360     2 -9999 -9999 -9999
2021 02 02 03   -74  -109 10324   360     2 -9999 -9999 -9999
2021 02 02 06    35  -113 10310    10     9 -9999 -9999 -9999
2021 02 02 09    76  -146 10284   157    10 -9999 -9999 -9999
2021 02 02 12    40  -148 10300    35     7 -9999 -9999 -9999
2021 02 02 15   -35  -137 10334    90     7 -9999 -9999 -9999
2021 02 02 18   -60  -137 10317    17    12 -9999 -9999 -9999
2021 02 02 21   -74  -147 10308    92     5 -9999 -9999 -9999
2021 02 03 00   -82  -149 10328    12    10 -9999 -9999 -9999
2021 02 03 03   -62  -126 10362    64     4 -9999 -9999 -9999
2021 02 03 06    57  -143 10343     2     9 -9999 -9999 -9999
2021 02 03 09    91  -188 10316   250    16 -9999 -9999 -9999
2021 02 03 12    67  -160 10325   325     6 -9999 -9999 -9999
2021 02 03 15   -25  -146 10357   221     8 -9999 -9999 -9999
2021 02 03 18   -57  -147 10337   360     0 -9999 -9999 -9999
2021 02 03 21   -75  -139 10327   266     5 -9999 -9999 -9999
2021 02 04 00   -85  -133 10340   272     9 -9999 -9999 -9999
2021 02 04 03   -74  -112 10371   360     2 -9999 -9999 -9999
2021 02 04 06    61  -120 10341   158    11 -9999 -9999 -9999
2021 02 04 09    97  -157 10310   281    19 -9999 -9999 -9999
2021 02 04 12    70  -144 10309   190     9 -9999 -9999 -9999
2021 02 04 15   -22  -135 10333   246     8 -9999 -9999 -9999
2021 02 04 18    -5  -135 10290   257    14 -9999 -9999 -9999
2021 02 04 21   -65  -119 10279   211     4 -9999 -9999 -9999
2021 02 05 00   -65  -125 10278   218    16 -9999 -9999 -9999
2021 02 05 03   -65  -117 10312   195     6 -9999 -9999 -9999
2021 02 05 06    56  -106 10265   267    23 -9999 -9999 -9999
2021 02 05 09   100  -132 10237   260    34 -9999 -9999 -9999
2021 02 05 12    82  -141 10228   236     6 -9999 -9999 -9999
2021 02 05 15     0  -124 10260   232    14 -9999 -9999 -9999
2021 02 05 18   -30  -131 10235   240     7 -9999 -9999 -9999
2021 02 05 21   -60  -112 10220   205    10 -9999 -9999 -9999
2021 02 06 00   -82  -125 10227     2     3 -9999 -9999 -9999
2021 02 06 03   -42  -107 10255   199     8 -9999 -9999 -9999
2021 02 06 06    77  -120 10231    29     7 -9999 -9999 -9999
2021 02 06 09   107  -140 10214    45    16 -9999 -9999 -9999
2021 02 06 12    77  -139 10229    85     4 -9999 -9999 -9999
2021 02 06 15   -10  -129 10254    49     4 -9999 -9999 -9999
2021 02 06 18   -25  -125 10232    22    15 -9999 -9999 -9999
2021 02 06 21   -30  -120 10219    50    12 -9999 -9999 -9999
2021 02 07 00   -34  -116 10229    45    12 -9999 -9999 -9999
2021 02 07 03   -27  -104 10267    34    12 -9999 -9999 -9999
2021 02 07 06    85  -133 10254    95    31 -9999 -9999 -9999
2021 02 07 09   112  -145 10224   109    28 -9999 -9999 -9999
2021 02 07 12    85  -127 10234    91    12 -9999 -9999 -9999
2021 02 07 15    -2  -119 10276    14    11 -9999 -9999 -9999
2021 02 07 18   -22  -115 10253    50    12 -9999 -9999 -9999
2021 02 07 21   -35  -127 10253   348     6 -9999 -9999 -9999
2021 02 08 00   -40  -120 10257    20    10 -9999 -9999 -9999
2021 02 08 03   -25  -111 10287     3     6 -9999 -9999 -9999
2021 02 08 06   100  -140 10249    72    10 -9999 -9999 -9999
2021 02 08 09   126  -161 10215    25    10 -9999 -9999 -9999
2021 02 08 12    95  -151 10221   360     1 -9999 -9999 -9999
2021 02 08 15    12  -129 10236   222    13 -9999 -9999 -9999
2021 02 08 18   -19  -137 10204   232     4 -9999 -9999 -9999
2021 02 08 21   -14   -90 10184   210    20 -9999 -9999     0
2021 02 09 00   -34  -109 10191   282     6 -9999 -9999 -9999
2021 02 09 03   -20   -99 10217   182    12 -9999 -9999 -9999
2021 02 09 06    67  -109 10199   268    37 -9999 -9999 -9999
2021 02 09 12   110  -111 10151   218    16 -9999 -9999 -9999
2021 02 09 15    17  -114 10189   182     6 -9999 -9999 -9999
2021 02 09 18   -14  -102 10170   345     4 -9999 -9999 -9999
2021 02 09 21   -34  -109 10161   360     0 -9999 -9999 -9999
2021 02 10 00   -37  -109 10162   283    15 -9999 -9999 -9999
2021 02 10 03   -22   -92 10199   207    13 -9999 -9999 -9999
2021 02 10 06    67   -83 10190   165     8 -9999 -9999 -9999
2021 02 10 09   125   -66 10158    53    11 -9999 -9999 -9999
2021 02 11 00     0  -118 10181    60    16 -9999 -9999 -9999
2021 02 13 12   112  -103 10161   110    15 -9999 -9999 -9999
2021 02 13 15    47  -102 10199    44    11 -9999 -9999 -9999
2021 02 13 18    46  -111 10172    48     8 -9999 -9999 -9999
2021 02 13 21    32   -97 10184    20    10 -9999 -9999     0
2021 02 14 00    -9   -98 10208    57    12 -9999 -9999 -9999
2021 02 14 03    42  -117 10233    83    37 -9999 -9999 -9999
2021 02 14 06   112  -129 10226    82    53 -9999 -9999 -9999
2021 02 14 09   111  -123 10225    89    51 -9999 -9999 -9999
2021 02 14 12    95  -101 10251    84    50 -9999 -9999 -9999
2021 02 14 15    62   -84 10265    79    31 -9999 -9999 -9999
2021 02 14 18    46   -92 10261    68    24 -9999 -9999 -9999
2021 02 14 21    42   -98 10262    85    19 -9999 -9999 -9999
2021 02 15 00    10  -105 10273    78    10 -9999 -9999 -9999
2021 02 15 03    17   -97 10293    68    16 -9999 -9999 -9999
2021 02 15 06    82  -101 10280    31    18 -9999 -9999 -9999
2021 02 15 09   107  -101 10253    18     8 -9999 -9999 -9999
2021 02 15 12    91   -80 10264   169     3 -9999 -9999 -9999
2021 02 15 15    26   -81 10292   360     2 -9999 -9999 -9999
2021 02 15 18     7   -79 10286   298     9 -9999 -9999 -9999
2021 02 15 21    -7   -76 10282   360     1 -9999 -9999 -9999
2021 02 16 00   -24   -71 10293   360     0 -9999 -9999 -9999
2021 02 16 03    -7   -60 10321   360     0 -9999 -9999 -9999
2021 02 16 06    82   -87 10304   310    15 -9999 -9999 -9999
2021 02 16 09   115   -96 10274   281    19 -9999 -9999 -9999
2021 02 16 12   100   -96 10276   278     8 -9999 -9999 -9999
2021 02 16 15    36   -67 10303   228     4 -9999 -9999 -9999
2021 02 16 18    12   -67 10290   255     3 -9999 -9999 -9999
2021 02 16 21     0   -69 10278   205     6 -9999 -9999 -9999
2021 02 17 00   -22   -79 10286    66     5 -9999 -9999 -9999
2021 02 17 03    -7   -75 10314     6     4 -9999 -9999 -9999
2021 02 17 06    90   -90 10295   326    14 -9999 -9999 -9999
2021 02 17 09   120   -96 10267   296    18 -9999 -9999 -9999
2021 02 17 12   107   -90 10270   221     5 -9999 -9999 -9999
2021 02 17 15    25   -69 10302   253     4 -9999 -9999 -9999
2021 02 17 18     0   -75 10289   360     2 -9999 -9999 -9999
2021 02 17 21   -20   -69 10282   360     1 -9999 -9999 -9999
2021 02 18 00   -30   -74 10295   360     2 -9999 -9999 -9999
2021 02 18 03   -10   -64 10331   314     5 -9999 -9999 -9999
2021 02 18 06    97   -79 10309   212    19 -9999 -9999 -9999
2021 02 18 09   131   -93 10287   279    26 -9999 -9999 -9999
2021 02 18 12   117   -98 10282   281    14 -9999 -9999 -9999
2021 02 18 15    35   -71 10310   318     9 -9999 -9999 -9999
2021 02 18 18     5   -80 10285   291    12 -9999 -9999 -9999
2021 02 18 21    -7   -71 10264   193    19 -9999 -9999 -9999
2021 02 19 00   -32   -88 10266     9     3 -9999 -9999 -9999
2021 02 19 03    -7   -62 10288   318     3 -9999 -9999 -9999
2021 02 19 06   100   -77 10255   218    10 -9999 -9999 -9999
2021 02 19 09   126  -111 10216   260    12 -9999 -9999 -9999
2021 02 20 15    36   -61 10188   343     7 -9999 -9999 -9999
2021 02 20 18    20   -81 10175   359    10 -9999 -9999 -9999
2021 02 20 21    -4   -93 10166   128     3 -9999 -9999 -9999
2021 02 21 00    -5   -73 10187    32    17 -9999 -9999 -9999
2021 02 21 06   122   -94 10198   119    26 -9999 -9999 -9999
2021 02 21 12   125   -61 10187    51    10 -9999 -9999 -9999
2021 02 21 15    62   -78 10220    53    13 -9999 -9999 -9999
2021 02 21 18    42   -75 10196    21    15 -9999 -9999 -9999
2021 02 21 21    40   -90 10176    95    24 -9999 -9999 -9999
2021 02 22 00    16   -77 10184    25    17 -9999 -9999 -9999
2021 02 22 03    40   -81 10204    64    18 -9999 -9999 -9999
2021 02 22 06    81   -84 10202    94    25 -9999 -9999 -9999
2021 02 22 09   101   -85 10175    85    31 -9999 -9999 -9999
2021 02 22 12    90   -65 10186    87    17 -9999 -9999 -9999
2021 02 22 15    45   -68 10206    27    12 -9999 -9999 -9999
2021 02 22 18    37   -66 10191    52    11 -9999 -9999 -9999
2021 02 22 21    37   -66 10167    74    20 -9999 -9999 -9999
2021 02 23 00    50   -76 10157    77    38 -9999 -9999 -9999
2021 02 23 03    52   -80 10181    78    40 -9999 -9999 -9999
2021 02 23 06    82   -78 10179    85    29 -9999 -9999 -9999
2021 02 23 09   100   -86 10153    95    25 -9999 -9999 -9999
2021 02 23 12    92   -78 10152    87     9 -9999 -9999 -9999
2021 02 23 15    50   -59 10181    76     3 -9999 -9999 -9999
2021 02 23 18    42   -70 10179   315    14 -9999 -9999 -9999
2021 02 23 21     1   -67 10187    97     7 -9999 -9999 -9999
2021 02 24 00   -15   -64 10190   283     3 -9999 -9999 -9999
2021 02 24 03    20   -67 10204   107    12 -9999 -9999 -9999
2021 02 24 06   112   -70 10175   104    27 -9999 -9999 -9999
2021 02 24 09   135   -61 10143    97    31 -9999 -9999 -9999
2021 02 24 12   115   -64 10141    88    15 -9999 -9999 -9999
2021 02 24 15    62   -70 10156    71     9 -9999 -9999 -9999
2021 02 24 18    57   -74 10141    96    13 -9999 -9999 -9999
2021 02 24 21    57   -56 10115   120    18 -9999 -9999 -9999
2021 02 25 00    25   -64 10120    80    18 -9999 -9999 -9999
2021 02 25 03    51   -58 10132    75    24 -9999 -9999 -9999
2021 02 25 06    92   -61 10115    68    35 -9999 -9999 -9999
2021 02 25 09   117   -66 10068   109    26 -9999 -9999 -9999
2021 02 25 12   105   -55 10076   174     9 -9999 -9999 -9999
2021 02 25 15    66   -60 10085   355    10 -9999 -9999 -9999
2021 02 25 18    26   -51 10077   280    10 -9999 -9999 -9999
2021 02 25 21    41   -54 10045   272    19 -9999 -9999 -9999
2021 02 26 00    30   -47 10045   258    11 -9999 -9999 -9999
2021 02 26 03    25   -39 10071   190    13 -9999 -9999 -9999
2021 02 26 06    52   -32 10087    28    11 -9999 -9999 -9999
2021 02 26 09    77   -37 10076   297    10 -9999 -9999 -9999
2021 02 26 12    85   -73 10097   232    11 -9999 -9999 -9999
2021 02 26 15    76  -107 10132   279    25 -9999 -9999 -9999
2021 02 26 18    72   -64 10135   267    33 -9999 -9999 -9999
2021 02 26 21    26   -51 10148    71    31 -9999 -9999 -9999
2021 02 27 00    22   -45 10159    74    39 -9999 -9999 -9999
2021 02 27 03    15   -34 10184    88    45 -9999 -9999 -9999
2021 02 27 06    36   -34 10184    85    52 -9999 -9999 -9999
2021 02 27 09    52   -44 10172    93    47 -9999 -9999 -9999
2021 02 27 12    40   -56 10188    88    45 -9999 -9999 -9999
2021 02 27 15    22   -51 10237    91    35 -9999 -9999 -9999
2021 02 27 18    -2   -20 10266    98    11 -9999 -9999     3
2021 02 27 21    -2   -21 10267   257    19 -9999 -9999     3
2021 02 28 00   -10   -25 10286   201    29 -9999 -9999 -9999
2021 02 28 03    -5   -22 10316   196    24 -9999 -9999 -9999
2021 02 28 06    10   -12 10336   124    13 -9999 -9999 -9999
2021 02 28 09    36   -28 10313   220    18 -9999 -9999 -9999
2021 02 28 12    37   -43 10315   195    11 -9999 -9999 -9999
2021 02 28 15     6   -48 10338   273     6 -9999 -9999 -9999
2021 02 28 18    -7   -48 10333   314     8 -9999 -9999 -9999
2021 02 28 21    -2   -44 10314   281     8 -9999 -9999 -9999
2021 03 01 00   -30   -55 10308   230     7 -9999 -9999 -9999
2021 03 01 03     2   -29 10319   254    30 -9999 -9999 -9999
2021 03 01 06    47   -28 10307   277    30 -9999 -9999 -9999
2021 03 01 09    67   -44 10275   236    20 -9999 -9999 -9999
2021 03 01 12    66   -57 10280   271    25 -9999 -9999 -9999
2021 03 01 15    57   -52 10284   247     9 -9999 -9999 -9999
2021 03 01 18     5   -56 10281   308    10 -9999 -9999 -9999
2021 03 01 21    -7   -53 10268   234    14 -9999 -9999 -9999
2021 03 02 00   -12   -54 10269   246    13 -9999 -9999 -9999
2021 03 02 03    -2   -38 10279    38     6 -9999 -9999 -9999
2021 03 02 06    77   -43 10259   304    22 -9999 -9999 -9999
2021 03 02 09   105   -40 10218   260    26 -9999 -9999 -9999
2021 03 02 12   105   -48 10203   342     8 -9999 -9999 -9999
2021 03 02 15    40   -38 10225   158     8 -9999 -9999 -9999
2021 03 02 18    26   -37 10213    10     5 -9999 -9999 -9999
2021 03 02 21     1   -55 10197   360     0 -9999 -9999 -9999
2021 03 03 00    -7   -59 10197   360     0 -9999 -9999 -9999
2021 03 03 03    27   -29 10209   360     0 -9999 -9999 -9999
2021 03 03 06   102   -28 10187   311    28 -9999 -9999 -9999
2021 03 03 09   132   -35 10153    83    15 -9999 -9999 -9999
2021 03 03 12   117   -25 10154   147    14 -9999 -9999 -9999
2021 03 03 15    82   -11 10170   191     9 -9999 -9999 -9999
2021 03 03 18    65   -27 10159   360     1 -9999 -9999 -9999
2021 03 03 21    32   -34 10155   186     7 -9999 -9999 -9999
2021 03 04 00    27   -23 10163    71    11 -9999 -9999 -9999
2021 03 04 03    35   -22 10182   183    10 -9999 -9999 -9999
2021 03 04 06   130   -18 10158   259    20 -9999 -9999 -9999
2021 03 04 09   151   -23 10137   287    20 -9999 -9999 -9999
2021 03 04 12   147   -36 10135   217    12 -9999 -9999 -9999
2021 03 04 15   102   -34 10165   305     8 -9999 -9999 -9999
2021 03 04 18    80   -23 10161    47    18 -9999 -9999 -9999
2021 03 04 21    82   -30 10153    76    34 -9999 -9999 -9999
2021 03 05 00    81   -44 10180    85    38 -9999 -9999 -9999
2021 03 05 03    85   -16 10208   138    24 -9999 -9999 -9999
2021 03 05 06   125     2 10211    97    30 -9999 -9999 -9999
2021 03 05 09   151    -6 10187    93    26 -9999 -9999 -9999
2021 03 05 12   146   -28 10182    38    10 -9999 -9999 -9999
2021 03 05 15    82   -13 10211    83     5 -9999 -9999 -9999
2021 03 05 18    65   -26 10205    57    10 -9999 -9999 -9999
2021 03 05 21    62   -31 10195    82    22 -9999 -9999 -9999
2021 03 06 00    52   -38 10202    72    19 -9999 -9999 -9999
2021 03 06 03    70   -30 10224    85    35 -9999 -9999 -9999
2021 03 06 06   122   -31 10201    99    48 -9999 -9999 -9999
2021 03 06 09   150   -44 10163    99    34 -9999 -9999 -9999
2021 03 06 12   135   -46 10151    98    22 -9999 -9999 -9999
2021 03 06 15    85   -54 10163    86    19 -9999 -9999 -9999
2021 03 06 18    72   -42 10159    79    19 -9999 -9999 -9999
2021 03 06 21    37   -42 10146    55    12 -9999 -9999 -9999
2021 03 07 00    66   -42 10139    79    15 -9999 -9999 -9999
2021 03 07 03    77   -32 10163    80    19 -9999 -9999 -9999
2021 03 07 06   127   -39 10147    85    29 -9999 -9999 -9999
2021 03 07 09   150   -60 10130   121    12 -9999 -9999 -9999
2021 03 07 12   137   -82 10125   156     9 -9999 -9999 -9999
2021 03 07 15    85   -47 10148   360     2 -9999 -9999 -9999
2021 03 07 18    62   -34 10146   359     3 -9999 -9999 -9999
2021 03 07 21    42   -42 10147   331     6 -9999 -9999 -9999
2021 03 08 00    15   -56 10164   360     2 -9999 -9999 -9999
2021 03 08 03    57   -28 10179    51     7 -9999 -9999 -9999
2021 03 08 06   156   -73 10159    65    12 -9999 -9999 -9999
2021 03 08 09   180   -83 10133   310    22 -9999 -9999 -9999
2021 03 08 12   170   -76 10139    34     3 -9999 -9999 -9999
2021 03 08 15    90   -33 10171   157     6 -9999 -9999 -9999
2021 03 08 18    82   -49 10160   285     5 -9999 -9999 -9999
2021 03 08 21    55   -47 10159    82     8 -9999 -9999 -9999
2021 03 09 00    46   -60 10164    46    15 -9999 -9999 -9999
2021 03 09 03    82   -35 10193    87    18 -9999 -9999 -9999
2021 03 09 06   155   -51 10176   106    31 -9999 -9999 -9999
2021 03 09 09   185   -78 10149    62    24 -9999 -9999 -9999
2021 03 09 12   170   -68 10144    84    12 -9999 -9999 -9999
2021 03 09 15   105   -39 10169    58    11 -9999 -9999 -9999
2021 03 09 18   125   -50 10153   104    23 -9999 -9999 -9999
2021 03 09 21    92   -51 10137    83    24 -9999 -9999 -9999
2021 03 10 00    75   -49 10140    81    23 -9999 -9999 -9999
2021 03 10 03    95   -31 10163    75    21 -9999 -9999 -9999
2021 03 10 06   142   -50 10140    79    44 -9999 -9999 -9999
2021 03 10 09   177   -62 10104    78    40 -9999 -9999 -9999
2021 03 10 12   157   -59 10112    98    16 -9999 -9999 -9999
2021 03 10 15   105   -36 10136    70     7 -9999 -9999 -9999
2021 03 10 18    63   -45 10139     0 -9999 -9999 -9999     0
2021 03 10 21    45   -61 10128    12    14 -9999 -9999 -9999
2021 03 11 00    40   -56 10125    98     8 -9999 -9999 -9999
2021 03 11 03    90   -43 10135    90    20 -9999 -9999 -9999
2021 03 11 06   145   -65 10129    80    43 -9999 -9999 -9999
2021 03 11 09   177   -76 10101    86    45 -9999 -9999 -9999
2021 03 11 12   157   -66 10119   105    28 -9999 -9999 -9999
2021 03 11 15   101   -43 10149     8     7 -9999 -9999 -9999
2021 03 11 18   100   -51 10147   318    15 -9999 -9999 -9999
2021 03 11 21    76   -33 10140   176     8 -9999 -9999 -9999
2021 03 12 00    80   -42 10137   189    10 -9999 -9999 -9999
2021 03 12 03    95   -53 10164   134     9 -9999 -9999 -9999
2021 03 12 06   140   -42 10151    30    14 -9999 -9999 -9999
2021 03 12 09   167   -64 10126   318     8 -9999 -9999 -9999
2021 03 12 12   155   -45 10129   194     9 -9999 -9999 -9999
2021 03 12 15    97   -29 10151   201     4 -9999 -9999 -9999
2021 03 12 18    75   -23 10137   155     7 -9999 -9999 -9999
2021 03 12 21    52   -13 10131   360     2 -9999 -9999 -9999
2021 03 13 00    45   -28 10136   360     2 -9999 -9999 -9999
2021 03 13 03    71   -37 10152   312     4 -9999 -9999 -9999
2021 03 13 06   165   -59 10129   294    12 -9999 -9999 -9999
2021 03 13 09   185   -70 10097   228    14 -9999 -9999 -9999
2021 03 13 12   166   -46 10086   360     2 -9999 -9999 -9999
2021 03 13 15    95   -18 10097   337     9 -9999 -9999 -9999
2021 03 13 18    80   -52 10064   360     0 -9999 -9999 -9999
2021 03 13 21    65    -2 10050   195     4 -9999 -9999 -9999
2021 03 14 00    52   -26 10046   174     6 -9999 -9999 -9999
2021 03 14 03    67   -10 10068    16     5 -9999 -9999 -9999
2021 03 14 06   135   -33 10047     5    17 -9999 -9999 -9999
2021 03 14 09   175   -57 10009    14    10 -9999 -9999 -9999
2021 03 14 12   170   -44 10015   186     8 -9999 -9999 -9999
2021 03 14 15   130   -37 10053   232    14 -9999 -9999 -9999
2021 03 14 18   101   -36 10053   249    20 -9999 -9999 -9999
2021 03 14 21    55   -24 10055   234     9 -9999 -9999 -9999
2021 03 15 00    35   -25 10071    28     6 -9999 -9999 -9999
2021 03 15 03    70   -28 10091   203    19 -9999 -9999 -9999
2021 03 15 06   171   -31 10072   311     9 -9999 -9999 -9999
2021 03 15 09   207   -24 10036   109    23 -9999 -9999 -9999
2021 03 15 12   195   -34 10027    64    19 -9999 -9999 -9999
2021 03 15 15   160   -41 10039    83    26 -9999 -9999 -9999
2021 03 15 18   155   -21 10044     4    14 -9999 -9999 -9999
2021 03 15 21   136   -32 10033   116    25 -9999 -9999 -9999
2021 03 16 00   131   -32 10056   103    47 -9999 -9999 -9999
2021 03 16 03   115   -30 10113    87    27 -9999 -9999 -9999
2021 03 16 06   145   -48 10112   101    38 -9999 -9999 -9999
2021 03 16 09   160   -57 10076   106    44 -9999 -9999 -9999
2021 03 16 12   152   -52 10079    99    29 -9999 -9999 -9999
2021 03 16 15   117   -39 10110   165     9 -9999 -9999 -9999
2021 03 16 18   106   -54 10098    78    29 -9999 -9999 -9999
2021 03 16 21   102   -53 10093   113     9 -9999 -9999 -9999
2021 03 17 00    75   -32 10102    53    13 -9999 -9999 -9999
2021 03 17 03   105   -36 10121    87    20 -9999 -9999 -9999
2021 03 17 06   141   -56 10111    93    28 -9999 -9999 -9999
2021 03 17 09   157   -71 10079   104    37 -9999 -9999 -9999
2021 03 17 12   141   -62 10093    95    30 -9999 -9999 -9999
2021 03 17 15   117   -44 10122    88    19 -9999 -9999 -9999
2021 03 17 18   105   -37 10125    82    24 -9999 -9999 -9999
2021 03 17 21    92   -61 10125   112    17 -9999 -9999 -9999
2021 03 18 00    86   -42 10145    49    11 -9999 -9999 -9999
2021 03 18 03    85   -54 10185    73    30 -9999 -9999 -9999
2021 03 18 06   100   -52 10208    96    58 -9999 -9999 -9999
2021 03 18 09   115   -68 10217   120    27 -9999 -9999 -9999
2021 03 18 12   102   -28 10251    84    62 -9999 -9999 -9999
2021 03 18 15    67   -17 10307    97    27 -9999 -9999 -9999
2021 03 18 18    46   -29 10326    72    21 -9999 -9999 -9999
2021 03 18 21    40   -43 10311    87    21 -9999 -9999 -9999
2021 03 19 00    27   -38 10320    72    15 -9999 -9999 -9999
2021 03 19 03    32   -42 10336    85    13 -9999 -9999 -9999
2021 03 19 06    77   -56 10315   170    15 -9999 -9999 -9999
2021 03 19 09    97   -57 10274   154    22 -9999 -9999 -9999
2021 03 19 12    95   -65 10268   340     8 -9999 -9999 -9999
2021 03 19 15    65   -41 10280   172     6 -9999 -9999 -9999
2021 03 19 18    47   -31 10269   360     1 -9999 -9999 -9999
2021 03 19 21    32   -39 10258   116     5 -9999 -9999 -9999
2021 03 20 00    21   -55 10271    16     9 -9999 -9999 -9999
2021 03 20 03    52   -52 10285    68    10 -9999 -9999 -9999
2021 03 20 06   101   -71 10279    46    14 -9999 -9999 -9999
2021 03 20 09   112   -75 10256   104    17 -9999 -9999 -9999
2021 03 20 12   107   -65 10252   175    17 -9999 -9999 -9999
2021 03 20 15    81   -20 10258    66     5 -9999 -9999 -9999
2021 03 20 18    72   -57 10245    80    11 -9999 -9999 -9999
2021 03 20 21    62   -36 10231    46    14 -9999 -9999 -9999
2021 03 21 00    50   -40 10234    65    11 -9999 -9999 -9999
2021 03 21 03    71   -37 10250    87    18 -9999 -9999 -9999
2021 03 21 06   110   -59 10231    96    18 -9999 -9999 -9999
2021 03 21 09   127   -62 10197    83    17 -9999 -9999 -9999
2021 03 21 12   115   -64 10197   194    12 -9999 -9999 -9999
2021 03 21 15    80   -44 10218   360     2 -9999 -9999 -9999
2021 03 21 18    66   -31 10211   230     4 -9999 -9999 -9999
2021 03 21 21    62   -32 10195   194    11 -9999 -9999 -9999
2021 03 22 00    51   -27 10202   149     4 -9999 -9999 -9999
2021 03 22 03    57   -17 10225   204     5 -9999 -9999 -9999
2021 03 22 06   127   -31 10202   248    17 -9999 -9999 -9999
2021 03 22 09   147   -36 10167   241     9 -9999 -9999 -9999
2021 03 22 12   140   -52 10162   220    13 -9999 -9999 -9999
2021 03 22 15   115   -39 10184   276    10 -9999 -9999 -9999
2021 03 22 18    95   -24 10172   256     5 -9999 -9999 -9999
2021 03 22 21    90   -15 10161   224    10 -9999 -9999 -9999
2021 03 23 00    70   -33 10166   231     8 -9999 -9999 -9999
2021 03 23 03    97   -13 10180    52     9 -9999 -9999 -9999
2021 03 23 06   150   -66 10155   298    17 -9999 -9999 -9999
2021 03 23 09   166   -58 10127   276    18 -9999 -9999 -9999
2021 03 23 12   160   -64 10130   274    22 -9999 -9999 -9999
2021 03 23 15   127   -16 10143   281    18 -9999 -9999 -9999
2021 03 23 18   107   -14 10134   293    26 -9999 -9999 -9999
2021 03 23 21    72   -14 10129   242    15 -9999 -9999 -9999
2021 03 24 00    70    -9 10133   152     6 -9999 -9999 -9999
2021 03 24 03    90   -12 10156   270    21 -9999 -9999 -9999
2021 03 24 06   166   -25 10138   277    41 -9999 -9999 -9999
2021 03 24 09   182   -21 10115   263    36 -9999 -9999 -9999
2021 03 24 12   185   -55 10111   230    18 -9999 -9999 -9999
2021 03 24 15   115   -31 10138   172    13 -9999 -9999 -9999
2021 03 24 18    75   -31 10141    34     5 -9999 -9999 -9999
2021 03 24 21    42   -30 10147    32    12 -9999 -9999 -9999
2021 03 25 00    47   -38 10146    57    13 -9999 -9999 -9999
2021 03 25 03   112   -16 10172    87    18 -9999 -9999 -9999
2021 03 25 06   182   -26 10173    82    22 -9999 -9999 -9999
2021 03 25 09   210   -58 10143    98    12 -9999 -9999 -9999
2021 03 25 12   200   -44 10134    95    13 -9999 -9999 -9999
2021 03 25 15   132   -23 10149   360     1 -9999 -9999 -9999
2021 03 25 18   105   -30 10140    35     8 -9999 -9999 -9999
2021 03 25 21    80   -41 10125    57     9 -9999 -9999 -9999
2021 03 26 00    72   -44 10125   345     9 -9999 -9999 -9999
2021 03 26 03   101   -22 10135    84     6 -9999 -9999 -9999
2021 03 26 06   165   -21 10116    77    22 -9999 -9999 -9999
2021 03 26 09   187   -40 10090   109    31 -9999 -9999 -9999
2021 03 26 12   182   -38 10083   136     7 -9999 -9999 -9999
2021 03 26 15   110    -8 10102   314     6 -9999 -9999 -9999
2021 03 26 18    92   -33 10083   360     1 -9999 -9999 -9999
2021 03 26 21    86   -12 10066   286     4 -9999 -9999 -9999
2021 03 27 00    90    -6 10075   102     5 -9999 -9999 -9999
2021 03 27 03   126    -3 10099   145     8 -9999 -9999 -9999
2021 03 27 06   202   -21 10078   266    21 -9999 -9999 -9999
2021 03 27 09   247   -55 10040   273    10 -9999 -9999 -9999
2021 03 27 12   222   -32 10042    97    29 -9999 -9999 -9999
2021 03 27 15   180   -29 10053    84    41 -9999 -9999 -9999
2021 03 27 18   155    -8 10048    87    52 -9999 -9999 -9999
2021 03 27 21   140   -20 10030    85    43 -9999 -9999 -9999
2021 03 28 00   130   -22 10038    77    29 -9999 -9999 -9999
2021 03 28 03   150    -8 10033    81    48 -9999 -9999 -9999
2021 03 28 06   181   -22 10022    85    46 -9999 -9999 -9999
2021 03 28 09   195   -34  9977    84    46 -9999 -9999 -9999
2021 03 28 12   187   -16  9987    94    27 -9999 -9999 -9999
2021 03 28 15   155    -7  9999    68    14 -9999 -9999 -9999
2021 03 28 18   135    12 10008   120     4 -9999 -9999 -9999
2021 03 28 21   130    16  9999   301    22 -9999 -9999 -9999
2021 03 29 00   120    27  9998   233    16 -9999 -9999 -9999
2021 03 29 03   122    27 10026   275    18 -9999 -9999 -9999
2021 03 29 06   160    28 10033   272    28 -9999 -9999 -9999
2021 03 29 09   195     0 10010   275    28 -9999 -9999 -9999
2021 03 29 12   207   -77 10009   304    37 -9999 -9999 -9999
2021 03 29 15   172  -160 10044   336    42 -9999 -9999 -9999
2021 03 29 18   142  -159 10051   328    33 -9999 -9999 -9999
2021 03 29 21    97  -121 10060    53    16 -9999 -9999 -9999
2021 03 30 00    81    17 10095    40    18 -9999 -9999 -9999
2021 03 30 03   110    28 10113    93    30 -9999 -9999 -9999
2021 03 30 06   152     3 10109   112    21 -9999 -9999 -9999
2021 03 30 09   180   -46 10092   295    30 -9999 -9999 -9999
2021 03 30 12   167  -192 10105   351    46 -9999 -9999 -9999
2021 03 30 15   127  -194 10142   328    34 -9999 -9999 -9999
2021 03 30 18    92   -47 10156    40    21 -9999 -9999 -9999
2021 03 30 21    67   -14 10164    36    14 -9999 -9999 -9999
2021 03 31 00    55    13 10185    83    34 -9999 -9999 -9999
2021 03 31 03    80    19 10208   106    42 -9999 -9999 -9999
2021 03 31 06   117    16 10200   120    33 -9999 -9999 -9999
2021 03 31 09   145   -43 10168   246    22 -9999 -9999 -9999
2021 03 31 12   147   -68 10162   140    19 -9999 -9999 -9999
2021 03 31 15    97   -32 10183    65    17 -9999 -9999 -9999
2021 03 31 18    91   -31 10167    69    28 -9999 -9999 -9999
2021 03 31 21    82    -5 10165    63    26 -9999 -9999 -9999
2021 04 01 00    61     6 10167    89    25 -9999 -9999 -9999
2021 04 01 03    57    16 10200    73    36 -9999 -9999 -9999
2021 04 01 06    45    24 10198    85    44 -9999 -9999     3
2021 04 01 09    77    20 10169    92    53 -9999 -9999     3
2021 04 01 12    62    18 10185    73    53 -9999 -9999 -9999
2021 04 01 15    55    15 10207    84    40 -9999 -9999 -9999
2021 04 01 18    50    11 10216   122    27 -9999 -9999 -9999
2021 04 01 21    50     9 10212    54     4 -9999 -9999 -9999
2021 04 02 00    41     8 10220   127     7 -9999 -9999 -9999
2021 04 02 03    61    10 10232    64    13 -9999 -9999 -9999
2021 04 02 06    82    16 10219   154     9 -9999 -9999 -9999
2021 04 02 09   122    -9 10183   146    26 -9999 -9999 -9999
2021 04 02 12    76     8 10206    80    25 -9999 -9999     1
2021 04 02 15    57    21 10230   119    26 -9999 -9999     1
2021 04 02 18    52    17 10229   148    16 -9999 -9999 -9999
2021 04 02 21    46    18 10209    47    22 -9999 -9999 -9999
2021 04 03 00    37    14 10222   116    28 -9999 -9999 -9999
2021 04 03 03    47    16 10244   153    16 -9999 -9999 -9999
2021 04 03 06    85    20 10232    55    30 -9999 -9999 -9999
2021 04 03 09   115     5 10196    36    27 -9999 -9999 -9999
2021 04 03 12   106     6 10190    74    22 -9999 -9999 -9999
2021 04 03 15    82    14 10206    78    24 -9999 -9999 -9999
2021 04 03 18    60     7 10196    82    20 -9999 -9999 -9999
2021 04 03 21    45    -6 10177    70    15 -9999 -9999 -9999
2021 04 04 00    47    -3 10174     3     5 -9999 -9999 -9999
2021 04 04 03    65     2 10179   360     2 -9999 -9999 -9999
2021 04 04 06   111     2 10163    63    20 -9999 -9999 -9999
2021 04 04 09   126   -10 10128   141    23 -9999 -9999 -9999
2021 04 04 12   112     6 10120    60    27 -9999 -9999 -9999
2021 04 04 15    91     8 10137    45     4 -9999 -9999 -9999
2021 04 04 18    70    14 10132   360     0 -9999 -9999 -9999
2021 04 04 21    62    13 10136   289     7 -9999 -9999 -9999
2021 04 05 00    57    10 10153   360     0 -9999 -9999 -9999
2021 04 05 03    95    14 10174    79    10 -9999 -9999 -9999
2021 04 05 06   122     0 10179   103    22 -9999 -9999 -9999
2021 04 05 09   122     0 10170    88    28 -9999 -9999 -9999
2021 04 05 12   115    24 10190   346    16 -9999 -9999     1
2021 04 05 15    90    26 10211    22     6 -9999 -9999     1
2021 04 05 18    75    17 10214   306     4 -9999 -9999 -9999
2021 04 05 21    60    18 10216   277     8 -9999 -9999 -9999
2021 04 06 00    52    17 10222   360     0 -9999 -9999 -9999
2021 04 06 03    82    30 10230   268     4 -9999 -9999 -9999
2021 04 06 06   131     8 10218    33    10 -9999 -9999 -9999
2021 04 06 09   147   -18 10200    95     6 -9999 -9999 -9999
2021 04 06 12   142   -31 10211    95    26 -9999 -9999 -9999
2021 04 06 15   115    -6 10226   271     7 -9999 -9999 -9999
2021 04 06 18   102   -12 10212    54    19 -9999 -9999 -9999
2021 04 06 21    95    -5 10187    57    13 -9999 -9999 -9999
2021 04 07 00   102     3 10182   352    31 -9999 -9999 -9999
2021 04 07 03   117    17 10187   312    15 -9999 -9999 -9999
2021 04 07 06   137     1 10203   232    18 -9999 -9999 -9999
2021 04 07 09   127    20 10207   316    28 -9999 -9999 -9999
2021 04 07 12   131     8 10198   286    25 -9999 -9999 -9999
2021 04 07 15   111     5 10222   249    15 -9999 -9999 -9999
2021 04 07 18    97    12 10217   280    18 -9999 -9999 -9999
2021 04 07 21    87    31 10208   289    22 -9999 -9999 -9999
2021 04 08 00    57    19 10217   191    15 -9999 -9999 -9999
2021 04 08 03    91    43 10225   247     6 -9999 -9999 -9999
2021 04 08 06   135     8 10210   148     9 -9999 -9999 -9999
2021 04 08 09   152    18 10190   352    25 -9999 -9999 -9999
2021 04 08 12   150     8 10193   115    12 -9999 -9999 -9999
2021 04 08 15   125    20 10205    21     8 -9999 -9999 -9999
2021 04 08 18    82    18 10203   334     6 -9999 -9999 -9999
2021 04 08 21    85    26 10195    16    21 -9999 -9999 -9999
2021 04 09 00    62    24 10202    58     6 -9999 -9999 -9999
2021 04 09 03   126    43 10204    67    14 -9999 -9999 -9999
2021 04 09 06   160    30 10198    35    11 -9999 -9999 -9999
2021 04 09 09   190   -15 10166   305    20 -9999 -9999 -9999
2021 04 09 12   190   -39 10159   291    18 -9999 -9999 -9999
2021 04 09 15   140   -37 10170   299    14 -9999 -9999 -9999
2021 04 09 18    81    -6 10181   360     1 -9999 -9999 -9999
2021 04 09 21    71    -8 10171   311     5 -9999 -9999 -9999
2021 04 10 00    41    -7 10178   360     2 -9999 -9999 -9999
2021 04 10 03   115     3 10180    10     3 -9999 -9999 -9999
2021 04 10 06   190   -33 10172   289    26 -9999 -9999 -9999
2021 04 10 09   217   -51 10143   262    25 -9999 -9999 -9999
2021 04 10 12   220   -50 10141   206    10 -9999 -9999 -9999
2021 04 10 15   130   -14 10156   220     3 -9999 -9999 -9999
2021 04 10 18    91    -2 10148   339     8 -9999 -9999 -9999
2021 04 10 21    75    -6 10139   236     7 -9999 -9999 -9999
2021 04 11 00    51    -7 10145    36     8 -9999 -9999 -9999
2021 04 11 03   157    -8 10159   164     8 -9999 -9999 -9999
2021 04 11 06   216   -70 10147   292    15 -9999 -9999 -9999
2021 04 11 09   240   -61 10122   324    20 -9999 -9999 -9999
2021 04 11 12   235   -75 10121   233    18 -9999 -9999 -9999
2021 04 11 15   146   -15 10133   234     9 -9999 -9999 -9999
2021 04 11 18   107   -17 10133   291     6 -9999 -9999 -9999
2021 04 11 21    87    -9 10131   128    10 -9999 -9999 -9999
2021 04 12 00    72   -10 10137   227     8 -9999 -9999 -9999
2021 04 12 03   162   -14 10163    75    14 -9999 -9999 -9999
2021 04 12 06   231   -18 10156    88    20 -9999 -9999 -9999
2021 04 12 09   250   -43 10135    60    17 -9999 -9999 -9999
2021 04 12 12   247   -66 10134    27    12 -9999 -9999 -9999
2021 04 12 15   191   -19 10151    42    34 -9999 -9999 -9999
2021 04 12 18   172   -24 10154    42    54 -9999 -9999 -9999
2021 04 12 21   160   -11 10165    47    35 -9999 -9999 -9999
2021 04 13 00   147    -1 10174    52    60 -9999 -9999 -9999
2021 04 13 03   151     5 10203    40    57 -9999 -9999 -9999
2021 04 13 06   180    -8 10193    46    71 -9999 -9999 -9999
2021 04 13 09   205   -20 10158    45    50 -9999 -9999 -9999
2021 04 13 12   190   -15 10152    38    35 -9999 -9999 -9999
2021 04 13 15   155     8 10169    38    22 -9999 -9999 -9999
2021 04 13 18   132    18 10179    41    14 -9999 -9999 -9999
2021 04 13 21   121    20 10171    19    18 -9999 -9999 -9999
2021 04 14 00    91    18 10182   360     0 -9999 -9999 -9999
2021 04 14 03   152    10 10189    66    23 -9999 -9999 -9999
2021 04 14 06   201   -17 10174    85    24 -9999 -9999 -9999
2021 04 14 09   227   -14 10144    38    19 -9999 -9999 -9999
2021 04 14 12   225   -16 10135    21    12 -9999 -9999 -9999
2021 04 14 15   157     8 10145    37    10 -9999 -9999 -9999
2021 04 14 18   150     4 10142    31    19 -9999 -9999 -9999
2021 04 14 21   146     1 10127    44    23 -9999 -9999 -9999
2021 04 15 00   145     4 10131    38    31 -9999 -9999 -9999
2021 04 15 03   170     1 10151    46    33 -9999 -9999 -9999
2021 04 15 06   217   -29 10132    25    25 -9999 -9999 -9999
2021 04 15 09   242   -40 10095    60    27 -9999 -9999 -9999
2021 04 15 12   225   -30 10091    62    15 -9999 -9999 -9999
2021 04 15 15   200    -7 10102    38     6 -9999 -9999 -9999
2021 04 15 18   165     1 10102    13    11 -9999 -9999 -9999
2021 04 15 21   151     9 10102    33    11 -9999 -9999 -9999
2021 04 16 00   160    -7 10122    13    30 -9999 -9999 -9999
2021 04 16 03   175    18 10136    12    28 -9999 -9999 -9999
2021 04 16 06   212    -2 10137    43    42 -9999 -9999 -9999
2021 04 16 09   231   -11 10126    74    29 -9999 -9999 -9999
2021 04 16 12   225   -23 10111    57    21 -9999 -9999 -9999
2021 04 16 15   186     2 10127    91    11 -9999 -9999 -9999
2021 04 16 18   165     6 10125    18    20 -9999 -9999 -9999
2021 04 16 21   147    29 10115    38    13 -9999 -9999 -9999
2021 04 17 00   132    33 10125    16     9 -9999 -9999 -9999
2021 04 17 03   180    31 10132    40    27 -9999 -9999 -9999
2021 04 17 06   227   -28 10113    48    29 -9999 -9999 -9999
2021 04 17 09   251   -63 10087   101    14 -9999 -9999 -9999
2021 04 17 12   237   -54 10083   123    10 -9999 -9999 -9999
2021 04 17 15   166   -30 10102   187     6 -9999 -9999 -9999
2021 04 17 18   135   -10 10100   206    12 -9999 -9999 -9999
2021 04 17 21   152     3 10077   249    18 -9999 -9999 -9999
2021 04 18 00    97    14 10091    84     9 -9999 -9999 -9999
2021 04 18 03   155    22 10111    57    14 -9999 -9999 -9999
2021 04 18 06   220     5 10105    53    24 -9999 -9999 -9999
2021 04 18 09   245   -29 10070   146    29 -9999 -9999 -9999
2021 04 18 12   237   -35 10078    73    11 -9999 -9999 -9999
2021 04 18 15   195    -1 10092   278    27 -9999 -9999 -9999
2021 04 18 18   195    -5 10087   262    28 -9999 -9999 -9999
2021 04 18 21   175    19 10075   249    36 -9999 -9999 -9999
2021 04 19 00   167     8 10079   267    26 -9999 -9999 -9999
2021 04 19 03   195    10 10098   107     3 -9999 -9999 -9999
2021 04 19 06   210     2 10090   279    16 -9999 -9999 -9999
2021 04 19 09   232    10 10068   301    12 -9999 -9999 -9999
2021 04 19 12   230    14 10055    95    22 -9999 -9999 -9999
2021 04 19 15   152    24 10077    78     5 -9999 -9999 -9999
2021 04 19 18   122    21 10085    29    14 -9999 -9999 -9999
2021 04 19 21   130    33 10079    26    27 -9999 -9999 -9999
2021 04 20 00   110    34 10084    26    13 -9999 -9999 -9999
2021 04 20 03   161    42 10095    56    16 -9999 -9999 -9999
2021 04 20 06   221    17 10074    45    20 -9999 -9999 -9999
2021 04 20 09   255    -5 10029    43    19 -9999 -9999 -9999
2021 04 20 12   257   -47 10014    30    10 -9999 -9999 -9999
2021 04 20 15   187   -17 10024    42    15 -9999 -9999 -9999
2021 04 20 18   172     9 10016    19     9 -9999 -9999 -9999
2021 04 20 21   160    13 10006    12    20 -9999 -9999 -9999
