2021 01 01 00  -135  -217 10353   270    30 -9999 -9999     0
2021 01 01 03   -99  -215 10355   240    40 -9999 -9999     0
2021 01 01 06   -47  -162 10342   250    20 -9999 -9999     0
2021 01 01 09   -62  -147 10312    70    30 -9999 -9999     0
2021 01 01 12   -99  -164 10351    70    10 -9999 -9999     0
2021 01 01 18  -127  -190 10343   240    10 -9999 -9999     0
2021 01 01 21   -95  -198 10341   220    30 -9999 -9999     0
2021 01 02 00  -110  -206 10367   240    20 -9999 -9999     0
2021 01 02 03  -119  -212 10395   270    30 -9999 -9999     0
2021 01 02 06    -6  -202 10332   230    30 -9999 -9999     0
2021 01 02 09    32  -202 10271   210    20 -9999 -9999     0
2021 01 02 12  -100  -136 10348    50    20 -9999 -9999     0
2021 01 02 18   -66  -209 10281   240    30 -9999 -9999     0
2021 01 02 21   -84  -211 10262   250    40 -9999 -9999     0
2021 01 03 00   -93  -216 10325   260    40 -9999 -9999     0
2021 01 03 03  -197  -218 10403    10    10 -9999 -9999 -9999
2021 01 03 06  -158  -180 10361    80    30 -9999 -9999    -1
2021 01 03 09  -125  -159 10340    80    30 -9999 -9999     0
2021 01 03 12  -144  -159 10373    60    20 -9999 -9999     0
2021 01 03 18  -157  -174 10432    70    10 -9999 -9999 -9999
2021 01 03 21  -168  -187 10431   250    10 -9999 -9999     0
2021 01 04 00  -182  -204 10457   250    20 -9999 -9999     0
2021 01 04 03  -189  -212 10494   240    20 -9999 -9999 -9999
2021 01 04 06  -140  -161 10475   100    20 -9999 -9999 -9999
2021 01 04 09  -124  -167 10468    70    20 -9999 -9999 -9999
2021 01 04 12  -149  -182 10510    30    10 -9999 -9999     0
2021 01 04 18  -185  -212 10527   260    20 -9999 -9999     0
2021 01 04 21  -188  -214 10510   240    20 -9999 -9999     0
2021 01 05 00  -203  -230 10514   260    10 -9999 -9999     0
2021 01 05 03  -196  -223 10523   240    20 -9999 -9999     0
2021 01 05 06  -127  -172 10473   260    10 -9999 -9999     0
2021 01 05 09  -107  -172 10434    50    20 -9999 -9999     0
2021 01 05 12  -142  -181 10460    50    10 -9999 -9999     0
2021 01 05 18  -177  -206 10423   310    10 -9999 -9999     0
2021 01 05 21  -172  -201 10395   260    10 -9999 -9999     0
2021 01 06 00  -158  -180 10416    70    20 -9999 -9999 -9999
2021 01 06 03  -149  -170 10438   250    20 -9999 -9999     0
2021 01 06 06  -124  -154 10439    60    10 -9999 -9999     0
2021 01 06 09  -114  -154 10423    90    30 -9999 -9999     0
2021 01 06 12  -126  -159 10442    70    20 -9999 -9999     0
2021 01 06 18  -157  -181 10453     0 -9999 -9999 -9999 -9999
2021 01 06 21  -163  -184 10443   260    10 -9999 -9999 -9999
2021 01 07 00  -184  -207 10448   300    10 -9999 -9999     0
2021 01 07 03  -193  -215 10467     0 -9999 -9999 -9999     0
2021 01 07 06  -139  -174 10446    80    10 -9999 -9999     0
2021 01 07 09  -126  -171 10416    90    10 -9999 -9999     0
2021 01 07 12  -149  -179 10447    40    20 -9999 -9999     0
2021 01 07 18  -145  -169 10417   280    10 -9999 -9999     0
2021 01 07 21  -141  -164 10402     0 -9999 -9999 -9999 -9999
2021 01 08 00  -145  -163 10413    80    10 -9999 -9999     5
2021 01 08 03  -140  -160 10427    60    10 -9999 -9999    10
2021 01 08 06  -129  -159 10400    60    10 -9999 -9999     7
2021 01 08 09  -130  -165 10385    40    30 -9999 -9999 -9999
2021 01 08 12  -158  -183 10421    50    10 -9999 -9999 -9999
2021 01 08 18  -205  -226 10452   250    20 -9999 -9999     0
2021 01 08 21  -189  -215 10444   249    26 -9999 -9999 -9999
2021 01 09 00  -175  -223 10455   220    30 -9999 -9999     0
2021 01 09 03  -157  -240 10489   240    30 -9999 -9999     0
2021 01 09 06   -67  -239 10439   240    40 -9999 -9999     0
2021 01 09 09  -137  -172 10464    80    40 -9999 -9999     0
2021 01 09 12  -166  -189 10499    80    10 -9999 -9999 -9999
2021 01 09 18  -197  -223 10500   250    20 -9999 -9999     0
2021 01 09 21  -193  -225 10546   280    30 -9999 -9999     0
2021 01 10 00  -188  -231 10562   260    30 -9999 -9999     0
2021 01 10 03  -177  -238 10585   250    30 -9999 -9999     0
2021 01 10 06  -102  -215 10558   250    30 -9999 -9999     0
2021 01 10 09   -58  -202 10511   230    30 -9999 -9999     0
2021 01 10 12  -115  -190 10543     0 -9999 -9999 -9999     0
2021 01 10 18  -178  -226 10527   260    20 -9999 -9999     0
2021 01 10 21  -172  -235 10479   250    30 -9999 -9999     0
2021 01 11 00  -189  -240 10502   250    20 -9999 -9999     0
2021 01 11 03  -129  -240 10494   250    40 -9999 -9999     0
2021 01 11 06   -56  -225 10451   240    40 -9999 -9999     0
2021 01 11 09     1  -214 10384   250    10 -9999 -9999     0
2021 01 11 12  -114  -165 10447   290    10 -9999 -9999     0
2021 01 11 18   -62  -222 10321   240    50 -9999 -9999     0
2021 01 11 21   -69  -220 10286   250    50 -9999 -9999     0
2021 01 12 00   -63  -227 10328   230    60 -9999 -9999     0
2021 01 12 03   -65  -229 10354   250    40 -9999 -9999     0
2021 01 12 06     0  -197 10273   260    60 -9999 -9999     0
2021 01 12 09    55  -183 10225   230    50 -9999 -9999     0
2021 01 12 12   -61  -120 10275   270    10 -9999 -9999     0
2021 01 12 18   -27  -175 10214   250    30 -9999 -9999     0
2021 01 12 21   -50  -171 10187   270    30 -9999 -9999     0
2021 01 13 00    -8  -179 10197   240    50 -9999 -9999     0
2021 01 13 03    -3  -139 10192   280    30 -9999 -9999     0
2021 01 13 06    42   -95 10175   260    50 -9999 -9999     0
2021 01 13 09    55   -84 10170   270    40 -9999 -9999     0
2021 01 13 12    23   -79 10177   260    30 -9999 -9999     0
2021 01 13 18   -13   -92 10183   220    20 -9999 -9999     0
2021 01 13 21   -12  -103 10174   280    20 -9999 -9999     0
2021 01 14 00   -49  -123 10208   270    20 -9999 -9999     0
2021 01 14 03   -55  -125 10221   260    20 -9999 -9999     0
2021 01 14 06    49   -93 10182   130    10 -9999 -9999     0
2021 01 14 09    92   -88 10153   260    40 -9999 -9999     0
2021 01 14 12   -38   -92 10261    70    30 -9999 -9999     0
2021 01 14 18   -78  -115 10253    60    20 -9999 -9999     0
2021 01 14 21   -91  -125 10255    60    10 -9999 -9999     0
2021 01 15 00  -113  -136 10331    50    10 -9999 -9999     0
2021 01 15 03  -125  -142 10357     0 -9999 -9999 -9999     0
2021 01 15 06   -68  -123 10342    80    30 -9999 -9999     0
2021 01 15 09   -46  -120 10316    80    20 -9999 -9999     0
2021 01 15 12   -68  -127 10345    60    20 -9999 -9999     0
2021 01 15 18  -121  -153 10424   250    10 -9999 -9999     0
2021 01 15 21  -124  -162 10441   240    10 -9999 -9999     0
2021 01 16 00  -121  -164 10488   250    20 -9999 -9999     0
2021 01 16 03  -127  -167 10541   260    20 -9999 -9999     0
2021 01 16 06   -56  -154 10529   250    20 -9999 -9999     0
2021 01 16 09   -33  -159 10494    60    20 -9999 -9999     0
2021 01 16 12   -69  -144 10509    70    20 -9999 -9999     0
2021 01 16 18  -110  -167 10458   260    30 -9999 -9999     0
2021 01 16 21  -119  -171 10417   270    20 -9999 -9999     0
2021 01 17 00  -138  -176 10420   250    20 -9999 -9999     0
2021 01 17 03  -133  -181 10428   250    30 -9999 -9999     0
2021 01 17 06   -27  -179 10350   240    30 -9999 -9999     0
2021 01 17 09   -42  -136 10328    70    30 -9999 -9999     0
2021 01 17 12   -68  -150 10351    70    20 -9999 -9999     0
2021 01 17 18  -125  -160 10289   240    20 -9999 -9999     0
2021 01 17 21  -125  -170 10278   260    20 -9999 -9999     0
2021 01 18 00  -131  -183 10275   280    20 -9999 -9999     0
2021 01 18 03  -118  -192 10295   240    20 -9999 -9999     0
2021 01 18 06   -12  -174 10232   290    20 -9999 -9999     0
2021 01 18 09   -22  -156 10223    80    30 -9999 -9999     0
2021 01 18 12   -53  -129 10244   250    10 -9999 -9999     0
2021 01 18 18   -94  -133 10216   270    10 -9999 -9999     0
2021 01 18 21   -57  -135 10190   250    30 -9999 -9999     0
2021 01 19 00   -43  -147 10200   250    30 -9999 -9999     0
2021 01 19 03   -45  -146 10225   230    30 -9999 -9999     0
2021 01 19 06   -12  -116 10222    40    20 -9999 -9999     0
2021 01 19 09   -28  -120 10202    90    30 -9999 -9999     0
2021 01 19 12   -51  -134 10220    90    10 -9999 -9999     0
2021 01 19 18   -94  -135 10249   110    10 -9999 -9999     0
2021 01 19 21   -69  -138 10241   250    30 -9999 -9999     0
2021 01 20 00   -17  -138 10228   240    40 -9999 -9999     0
2021 01 20 03   -46  -137 10270   250    30 -9999 -9999     0
2021 01 20 06    10  -117 10267   260    20 -9999 -9999     0
2021 01 20 09    62  -114 10218   240    30 -9999 -9999     0
2021 01 20 12   -12   -96 10248    60    10 -9999 -9999     0
2021 01 20 18   -44  -163 10277   260    20 -9999 -9999     0
2021 01 20 21   -65  -160 10259   260    20 -9999 -9999     0
2021 01 21 00   -48  -179 10280   240    30 -9999 -9999     0
2021 01 21 03   -56  -183 10306   230    30 -9999 -9999     0
2021 01 21 06     5  -193 10251   230    20 -9999 -9999     0
2021 01 21 09    -9  -113 10228    90    30 -9999 -9999     0
2021 01 21 12   -33  -120 10221    80    20 -9999 -9999     0
2021 01 21 18   -54  -128 10183   230    20 -9999 -9999     0
2021 01 21 21   -80  -136 10192   240    10 -9999 -9999     0
2021 01 22 00   -92  -151 10191   240    20 -9999 -9999     0
2021 01 22 03   -77  -147 10188   260    20 -9999 -9999     0
2021 01 22 06    -4  -140 10142   230    10 -9999 -9999     0
2021 01 22 09     5  -147 10122    90    20 -9999 -9999     0
2021 01 22 12   -22  -105 10144    20    20 -9999 -9999     0
2021 01 22 18    -5  -160 10106   220    30 -9999 -9999     0
2021 01 22 21   -15  -181 10117   230    40 -9999 -9999     0
2021 01 23 00   -40  -226 10171   240    40 -9999 -9999     0
2021 01 23 03   -54  -238 10215   230    40 -9999 -9999     0
2021 01 23 06   -39  -230 10219   240    30 -9999 -9999     0
2021 01 23 09     1  -269 10186   170    10 -9999 -9999     0
2021 01 23 12   -28  -245 10220   150    40 -9999 -9999     0
2021 01 23 18   -74  -216 10272   250    20 -9999 -9999     0
2021 01 23 21   -93  -219 10267   240    20 -9999 -9999     0
2021 01 24 00  -103  -213 10307   250    20 -9999 -9999     0
2021 01 24 03   -96  -193 10340     0 -9999 -9999 -9999     0
2021 01 24 06   -22  -216 10320   200    30 -9999 -9999     0
2021 01 24 09   -35  -146 10329    70    40 -9999 -9999     0
2021 01 24 12   -64  -151 10365    80    20 -9999 -9999     0
2021 01 24 18   -86  -152 10339   260    30 -9999 -9999     0
2021 01 24 21   -84  -177 10330   250    20 -9999 -9999     0
2021 01 25 00   -98  -178 10341   270    30 -9999 -9999     0
2021 01 25 03   -71  -184 10345   250    30 -9999 -9999     0
2021 01 25 06   -12  -183 10302   220    50 -9999 -9999     0
2021 01 25 09   -32  -126 10295    90    40 -9999 -9999     0
2021 01 25 12   -59  -135 10328    70    20 -9999 -9999     0
2021 01 25 18  -119  -150 10329     0 -9999 -9999 -9999     0
2021 01 25 21  -113  -152 10324   260    20 -9999 -9999     0
2021 01 26 00  -109  -160 10320   250    20 -9999 -9999     0
2021 01 26 03  -118  -153 10353   260    10 -9999 -9999     0
2021 01 26 06    -4  -185 10310   260    20 -9999 -9999     0
2021 01 26 09   -21  -122 10306    80    30 -9999 -9999     0
2021 01 26 12   -49  -125 10335    80    20 -9999 -9999     0
2021 01 26 18   -81  -143 10337   260    40 -9999 -9999     0
2021 01 26 21   -91  -156 10356   250    30 -9999 -9999     0
2021 01 27 00   -86  -198 10364   250    40 -9999 -9999     0
2021 01 27 03   -84  -208 10391   250    50 -9999 -9999     0
2021 01 27 06   -23  -206 10356   240    40 -9999 -9999     0
2021 01 27 09     2  -162 10332    60    30 -9999 -9999     0
2021 01 27 12   -33  -147 10349    80    20 -9999 -9999     0
2021 01 27 18   -87  -163 10345   270    30 -9999 -9999     0
2021 01 27 21   -78  -191 10317   240    30 -9999 -9999     0
2021 01 28 00   -84  -205 10329   240    30 -9999 -9999     0
2021 01 28 03   -79  -210 10354   240    30 -9999 -9999     0
2021 01 28 06   -23  -206 10327   210    20 -9999 -9999     0
2021 01 28 09   -10  -164 10298    70    30 -9999 -9999     0
2021 01 28 12   -40  -162 10324    70    20 -9999 -9999     0
2021 01 28 18  -114  -158 10348   270    10 -9999 -9999     0
2021 01 28 21  -127  -172 10343   310    10 -9999 -9999     0
2021 01 29 00  -130  -184 10358   250    20 -9999 -9999     0
2021 01 29 03  -101  -198 10380   240    30 -9999 -9999     0
2021 01 29 06   -24  -212 10363   240    20 -9999 -9999     0
2021 01 29 09   -19  -168 10358    60    20 -9999 -9999     0
2021 01 29 12   -43  -145 10377    80    20 -9999 -9999     0
2021 01 29 18  -105  -158 10375   250    20 -9999 -9999     0
2021 01 29 21  -114  -167 10368   260    30 -9999 -9999     0
2021 01 30 00   -96  -191 10358   240    50 -9999 -9999     0
2021 01 30 03   -94  -202 10395   250    40 -9999 -9999     0
2021 01 30 06   -32  -200 10365   230    30 -9999 -9999     0
2021 01 30 09     7  -203 10325    90    20 -9999 -9999     0
2021 01 30 12   -33  -159 10342    80    20 -9999 -9999     0
2021 01 30 18   -99  -162 10347   250    20 -9999 -9999     0
2021 01 30 21  -102  -186 10312   260    10 -9999 -9999     0
2021 01 31 00   -93  -210 10312   260    40 -9999 -9999     0
2021 01 31 03   -84  -222 10331   250    40 -9999 -9999     0
2021 01 31 06   -17  -223 10291   230    40 -9999 -9999     0
2021 01 31 09     5  -173 10260    80    40 -9999 -9999     0
2021 01 31 12   -32  -162 10284    70    20 -9999 -9999     0
2021 01 31 18   -85  -161 10277   240    10 -9999 -9999     0
2021 01 31 21  -110  -163 10267   230    10 -9999 -9999     0
2021 02 01 00  -108  -165 10287   240    10 -9999 -9999     0
2021 02 01 03   -74  -170 10301   250    30 -9999 -9999     0
2021 02 01 06   -22  -153 10296    90    10 -9999 -9999     0
2021 02 01 09    -9  -152 10300    50    20 -9999 -9999     0
2021 02 01 12   -18  -130 10306   130    10 -9999 -9999     0
2021 02 01 18   -68  -131 10308    60    10 -9999 -9999     0
2021 02 01 21   -63  -132 10293   250    20 -9999 -9999     0
2021 02 02 00   -56  -132 10282   260    40 -9999 -9999     0
2021 02 02 03   -34  -121 10297   250    20 -9999 -9999     0
2021 02 02 06    -1  -121 10301    70    20 -9999 -9999     0
2021 02 02 09    20  -119 10276    90    40 -9999 -9999     0
2021 02 02 12    -8  -121 10297    80    30 -9999 -9999     0
2021 02 02 18   -46  -120 10313   280    30 -9999 -9999     0
2021 02 02 21   -57  -133 10312   250    40 -9999 -9999     0
2021 02 03 00   -69  -144 10334   270    30 -9999 -9999     0
2021 02 03 03   -41  -154 10355   240    30 -9999 -9999     0
2021 02 03 06    15  -159 10324   240    40 -9999 -9999     0
2021 02 03 09    49  -174 10295    90    30 -9999 -9999     0
2021 02 03 12    11  -141 10324    70    10 -9999 -9999     0
2021 02 03 18   -51  -125 10342   270    30 -9999 -9999     0
2021 02 03 21   -50  -159 10321   250    30 -9999 -9999     0
2021 02 04 00   -64  -178 10340   260    40 -9999 -9999     0
2021 02 04 03   -59  -186 10366   250    40 -9999 -9999     0
2021 02 04 06     8  -185 10334   240    30 -9999 -9999     0
2021 02 04 09    49  -181 10287   130    20 -9999 -9999     0
2021 02 04 12     7  -153 10312    80    20 -9999 -9999     0
2021 02 04 18   -55  -143 10309   280    30 -9999 -9999     0
2021 02 04 21   -41  -166 10265   240    40 -9999 -9999     0
2021 02 05 00   -49  -177 10273   260    30 -9999 -9999     0
2021 02 05 03   -38  -188 10300   240    40 -9999 -9999     0
2021 02 05 06    29  -185 10257   240    30 -9999 -9999     0
2021 02 05 09    66  -182 10203   100    30 -9999 -9999     0
2021 02 05 12    10  -138 10239    70    20 -9999 -9999     0
2021 02 05 18   -46  -127 10234   250    20 -9999 -9999     0
2021 02 05 21   -68  -135 10221   250    10 -9999 -9999     0
2021 02 06 00   -45  -180 10220   240    30 -9999 -9999     0
2021 02 06 03   -30  -212 10255   240    30 -9999 -9999     0
2021 02 06 06    39  -212 10222    80    10 -9999 -9999     0
2021 02 06 09    43  -179 10219    80    30 -9999 -9999     0
2021 02 06 12    13  -157 10233    70    20 -9999 -9999     0
2021 02 06 18   -44  -130 10239   300    10 -9999 -9999     0
2021 02 06 21   -57  -133 10237   240    10 -9999 -9999     0
2021 02 07 00   -67  -130 10248   120    10 -9999 -9999     0
2021 02 07 03     0  -130 10249   250    20 -9999 -9999     0
2021 02 07 06    27  -120 10263    80    30 -9999 -9999     0
2021 02 07 09    43  -126 10246   100    40 -9999 -9999     0
2021 02 07 12    16  -126 10271    90    10 -9999 -9999     0
2021 02 07 18   -22  -117 10269   240    20 -9999 -9999     0
2021 02 07 21   -36  -109 10261   240    10 -9999 -9999     0
2021 02 08 00   -43  -115 10264   260    20 -9999 -9999     0
2021 02 08 03   -16  -131 10276   260    30 -9999 -9999     0
2021 02 08 06    40  -133 10242    50    30 -9999 -9999     0
2021 02 08 09    52  -123 10219    90    20 -9999 -9999     0
2021 02 08 12    24  -111 10224    80    10 -9999 -9999     0
2021 02 08 18   -29  -102 10208   270    20 -9999 -9999     0
2021 02 08 21   -30  -112 10195   260    20 -9999 -9999     0
2021 02 09 00   -18  -116 10183   260    30 -9999 -9999     0
2021 02 09 03    21   -83 10187   250    30 -9999 -9999     0
2021 02 09 06    90   -95 10162   210    30 -9999 -9999     0
2021 02 09 12    32  -104 10176    80    20 -9999 -9999     0
2021 02 09 18    24  -111 10139   250    30 -9999 -9999     0
2021 02 09 21    26  -113 10117   230    30 -9999 -9999     0
2021 02 10 00    10  -124 10172   250    40 -9999 -9999     0
2021 02 10 03    -9  -116 10204   260    20 -9999 -9999     0
2021 02 10 06    82  -112 10162   280    30 -9999 -9999     0
2021 02 10 09   115  -135 10124   230    30 -9999 -9999     0
2021 02 11 00    -1   -95 10172   280    40 -9999 -9999     0
2021 02 13 12    30  -125 10181    70    10 -9999 -9999     0
2021 02 13 18    -2   -96 10189    60    20 -9999 -9999     0
2021 02 13 21   -19   -97 10209   290    10 -9999 -9999     0
2021 02 14 00   -23   -90 10233   240    10 -9999 -9999     0
2021 02 14 03   -19   -74 10274   320    10 -9999 -9999     0
2021 02 14 06    28  -123 10276    60    20 -9999 -9999     0
2021 02 14 09    34  -117 10267    80    30 -9999 -9999     0
2021 02 14 12    14   -84 10285    60    20 -9999 -9999     0
2021 02 14 18   -39   -89 10308   270    10 -9999 -9999     0
2021 02 14 21   -36   -96 10304   250    30 -9999 -9999     0
2021 02 15 00   -38  -102 10305   250    30 -9999 -9999     0
2021 02 15 03   -21  -104 10319   230    50 -9999 -9999     0
2021 02 15 06    38  -118 10289   230    30 -9999 -9999     0
2021 02 15 09    54  -116 10261    80    30 -9999 -9999     0
2021 02 15 12    33  -107 10274    90    20 -9999 -9999     0
2021 02 15 18   -38   -94 10303   280    10 -9999 -9999     0
2021 02 15 21   -32  -112 10291   240    30 -9999 -9999     0
2021 02 16 00   -39  -175 10299   240    40 -9999 -9999     0
2021 02 16 03   -33  -184 10337   230    40 -9999 -9999     0
2021 02 16 06    21  -191 10313   230    30 -9999 -9999     0
2021 02 16 09    61  -179 10267    80    30 -9999 -9999     0
2021 02 16 12    31  -132 10285    80    20 -9999 -9999     0
2021 02 16 18   -28  -115 10314   270    10 -9999 -9999     0
2021 02 16 21   -40  -126 10292   270    30 -9999 -9999     0
2021 02 17 00   -57  -131 10303   280    20 -9999 -9999     0
2021 02 17 03   -41  -145 10338   260    20 -9999 -9999     0
2021 02 17 06    38  -165 10298    90    10 -9999 -9999     0
2021 02 17 09    60  -141 10275    80    30 -9999 -9999     0
2021 02 17 12    40  -116 10291    90    20 -9999 -9999     0
2021 02 17 18   -26  -113 10304   260    20 -9999 -9999     0
2021 02 17 21   -40  -124 10295   250    20 -9999 -9999     0
2021 02 18 00   -38  -137 10300   260    20 -9999 -9999     0
2021 02 18 03   -14  -160 10337   240    30 -9999 -9999     0
2021 02 18 06    55  -163 10304   230    30 -9999 -9999     0
2021 02 18 09    91  -162 10271    90    20 -9999 -9999     0
2021 02 18 12    50  -129 10295    70    20 -9999 -9999     0
2021 02 18 18   -13  -104 10294   250    30 -9999 -9999     0
2021 02 18 21   -32  -119 10267   260    20 -9999 -9999     0
2021 02 19 00   -47  -124 10277   250    20 -9999 -9999     0
2021 02 19 03   -26  -132 10306   260    20 -9999 -9999     0
2021 02 19 06    33  -130 10262    30    10 -9999 -9999     0
2021 02 19 09    51  -124 10230    80    30 -9999 -9999     0
2021 02 20 18    57  -101 10130   246    28 -9999 -9999 -9999
2021 02 20 21    17   -84 10169   280    11 -9999 -9999 -9999
2021 02 21 00    20   -87 10165   244    17 -9999 -9999 -9999
2021 02 21 18   -20   -76 10233     9     5 -9999 -9999 -9999
2021 02 21 21   -20   -69 10217   280    13 -9999 -9999 -9999
2021 02 22 00    14   -81 10190   240    30 -9999 -9999     0
2021 02 22 03     3   -65 10217    80    10 -9999 -9999     0
2021 02 22 06    47   -91 10218    70    20 -9999 -9999     0
2021 02 22 09    50   -96 10188    50    30 -9999 -9999     0
2021 02 22 12    37   -96 10184    80    20 -9999 -9999     0
2021 02 22 18   -10   -91 10213     0 -9999 -9999 -9999     0
2021 02 22 21    -8   -89 10197   250    10 -9999 -9999     0
2021 02 23 00   -21   -40 10200    20    10 -9999 -9999     4
2021 02 23 03   -22   -35 10220     0 -9999 -9999 -9999    30
2021 02 23 06    -6   -40 10205   250    20 -9999 -9999    30
2021 02 23 09    20   -45 10161    90    20 -9999 -9999     7
2021 02 23 12    23   -34 10172    80    20 -9999 -9999     0
2021 02 23 18    -7   -37 10208    50    10 -9999 -9999     0
2021 02 23 21   -13   -48 10200   240    30 -9999 -9999     0
2021 02 24 00   -34   -57 10205   220    10 -9999 -9999     0
2021 02 24 03   -20   -65 10224   260    20 -9999 -9999     0
2021 02 24 06    15   -66 10206   260    21 -9999 -9999 -9999
2021 02 24 09    50   -75 10164    90    30 -9999 -9999     0
2021 02 24 12    36   -64 10164    80    10 -9999 -9999     0
2021 02 24 18    -1   -31 10179   140    10 -9999 -9999     0
2021 02 24 21    -3   -24 10144    60    10 -9999 -9999     0
2021 02 25 00    -9   -23 10141   210    10 -9999 -9999 -9999
2021 02 25 03    -5   -32 10158   240    10 -9999 -9999     0
2021 02 25 06     7   -36 10144   220    30 -9999 -9999    -1
2021 02 25 09    48   -35 10077    60    20 -9999 -9999     0
2021 02 25 12    35   -40 10075    80    10 -9999 -9999     0
2021 02 25 18     0   -37 10092    90    20 -9999 -9999     0
2021 02 25 21   -11   -50 10059   130    10 -9999 -9999     0
2021 02 26 00    -1  -204 10059   230    30 -9999 -9999     0
2021 02 26 03    -2  -205 10087   248    27 -9999 -9999 -9999
2021 02 26 06    29  -220 10087   250    20 -9999 -9999     0
2021 02 26 09    45  -216 10082   150    20 -9999 -9999     0
2021 02 26 12    27  -222 10104   230    30 -9999 -9999     0
2021 02 26 18   -21  -227 10171   240    20 -9999 -9999     0
2021 02 26 21   -42   -85 10175    80    10 -9999 -9999     0
2021 02 27 00   -50  -102 10183   250    20 -9999 -9999     0
2021 02 27 03   -36  -104 10202   230    20 -9999 -9999     0
2021 02 27 06   -10  -135 10202    80    30 -9999 -9999     0
2021 02 27 09    -7   -75 10189    80    40 -9999 -9999     0
2021 02 27 12   -36   -58 10218    70    30 -9999 -9999 -9999
2021 02 27 18   -49   -61 10246   250    10 -9999 -9999     8
2021 02 27 21   -61   -69 10266    80    20 -9999 -9999     0
2021 02 28 00   -58   -82 10295   120    10 -9999 -9999     0
2021 02 28 03   -60  -102 10331   180    10 -9999 -9999     0
2021 02 28 06   -21   -90 10321    80    30 -9999 -9999     0
2021 02 28 09     0   -87 10304    70    40 -9999 -9999     0
2021 02 28 12   -19   -95 10321    70    30 -9999 -9999     0
2021 02 28 18   -39   -78 10326   120    10 -9999 -9999     0
2021 02 28 21   -61   -85 10309     0 -9999 -9999 -9999     0
2021 03 01 00   -60   -81 10311   250    10 -9999 -9999     0
2021 03 01 03   -52   -84 10321   270    10 -9999 -9999     0
2021 03 01 06    -9   -93 10299    90    20 -9999 -9999     0
2021 03 01 09    17   -84 10269    60    30 -9999 -9999     0
2021 03 01 12    -5   -84 10289    70    30 -9999 -9999     0
2021 03 01 18   -47   -81 10295   250    10 -9999 -9999     0
2021 03 01 21   -34   -86 10262   260    20 -9999 -9999     0
2021 03 02 00   -37  -103 10263   240    40 -9999 -9999     0
2021 03 02 03   -27  -105 10285    20    10 -9999 -9999     0
2021 03 02 06    28  -101 10254    70    30 -9999 -9999     0
2021 03 02 09    41   -89 10215    70    40 -9999 -9999     0
2021 03 02 12    22   -91 10230    70    30 -9999 -9999     0
2021 03 02 18     1   -83 10212   250    20 -9999 -9999     0
2021 03 02 21     5   -85 10185   280    20 -9999 -9999     0
2021 03 03 00   -25   -72 10204     0 -9999 -9999 -9999     0
2021 03 03 03    15   -75 10200   250    10 -9999 -9999     0
2021 03 03 06    44   -74 10177    60    30 -9999 -9999     0
2021 03 03 09    53   -72 10149    50    40 -9999 -9999     0
2021 03 03 12    38   -79 10179    70    20 -9999 -9999     0
2021 03 03 18    -8   -65 10182    80    10 -9999 -9999     0
2021 03 03 21    -4   -70 10174   250    30 -9999 -9999     0
2021 03 04 00     1  -119 10176   240    20 -9999 -9999     0
2021 03 04 03    22  -117 10193   230    30 -9999 -9999     0
2021 03 04 06    79  -150 10160   220    30 -9999 -9999     0
2021 03 04 09    90  -155 10137   220    20 -9999 -9999     0
2021 03 04 12    57   -53 10165    80    30 -9999 -9999     0
2021 03 04 18     0   -58 10203   190    10 -9999 -9999     0
2021 03 04 21    14   -45 10198   240    20 -9999 -9999 -9999
2021 03 05 00    -3   -10 10225     0 -9999 -9999 -9999    20
2021 03 05 03    -1   -11 10252    50    10 -9999 -9999    30
2021 03 05 06    30   -12 10251   210    10 -9999 -9999     1
2021 03 05 09    74   -37 10191   250    30 -9999 -9999     0
2021 03 05 12    53   -40 10210    90    40 -9999 -9999     0
2021 03 05 18   -10   -54 10254   240    20 -9999 -9999     0
2021 03 05 21   -37   -63 10250   290    10 -9999 -9999     0
2021 03 06 00   -41   -84 10258   250    20 -9999 -9999     0
2021 03 06 03    -4  -133 10265   240    30 -9999 -9999     0
2021 03 06 06    55  -140 10224    60    10 -9999 -9999     0
2021 03 06 09    66   -67 10203    80    30 -9999 -9999     0
2021 03 06 12    51   -50 10200    80    30 -9999 -9999     0
2021 03 06 18     0   -43 10193     0 -9999 -9999 -9999     0
2021 03 06 21     0   -48 10166   260    10 -9999 -9999     0
2021 03 07 00    -7   -49 10170   210    20 -9999 -9999     0
2021 03 07 03     0   -46 10203   240    10 -9999 -9999     0
2021 03 07 06    52   -58 10172   310    10 -9999 -9999     0
2021 03 07 09    74   -47 10139    40    20 -9999 -9999     0
2021 03 07 12    59   -51 10146    80    30 -9999 -9999     0
2021 03 07 18    -3   -57 10181    40    10 -9999 -9999     0
2021 03 07 21    -7   -51 10172   260    20 -9999 -9999     0
2021 03 08 00    -4   -58 10177   260    20 -9999 -9999     0
2021 03 08 03    24   -60 10187   230    30 -9999 -9999     0
2021 03 08 06    92   -79 10165   160    20 -9999 -9999     0
2021 03 08 09    98   -69 10152    50    40 -9999 -9999     0
2021 03 08 12    86   -56 10166    70    20 -9999 -9999     0
2021 03 08 18    26   -44 10186   210    20 -9999 -9999     0
2021 03 08 21    12   -42 10190   320    10 -9999 -9999     0
2021 03 09 00     1   -42 10197    50    10 -9999 -9999     0
2021 03 09 03    33   -51 10215   190    20 -9999 -9999     0
2021 03 09 06    79   -70 10200    70    30 -9999 -9999     0
2021 03 09 09    60   -42 10208   270    20 -9999 -9999     0
2021 03 09 12    56   -35 10210   260    10 -9999 -9999     0
2021 03 09 18    39   -36 10188   250    30 -9999 -9999     0
2021 03 09 21     2   -48 10200    90    10 -9999 -9999     0
2021 03 10 00    -9   -42 10195   280    10 -9999 -9999     0
2021 03 10 03    20   -45 10198   210    10 -9999 -9999     0
2021 03 10 06    69   -64 10168    40    30 -9999 -9999     0
2021 03 10 09    92   -62 10145   110    20 -9999 -9999     0
2021 03 10 12    81   -61 10150    60    10 -9999 -9999     0
2021 03 10 18    15   -52 10169   230    10 -9999 -9999     0
2021 03 10 21    -7   -53 10162   235    12 -9999 -9999 -9999
2021 03 11 00   -26   -59 10157   330    10 -9999 -9999     0
2021 03 11 03    20   -56 10177   220    10 -9999 -9999     0
2021 03 11 06    66   -67 10172    90    10 -9999 -9999     0
2021 03 11 09    87   -71 10158    20    10 -9999 -9999     0
2021 03 11 12    72   -42 10176   240    30 -9999 -9999     0
2021 03 11 18    46   -82 10165   230    40 -9999 -9999     0
2021 03 11 21    40   -97 10155   240    20 -9999 -9999     0
2021 03 12 00     9   -89 10181   270    20 -9999 -9999     0
2021 03 12 03    30  -113 10191   230    40 -9999 -9999     0
2021 03 12 06    82  -134 10161   200    30 -9999 -9999     0
2021 03 12 09   109  -118 10122    70    30 -9999 -9999     0
2021 03 12 12    96  -105 10144    80    20 -9999 -9999     0
2021 03 12 18    15   -75 10166   250    20 -9999 -9999     0
2021 03 12 21    -6   -76 10158   230    20 -9999 -9999     0
2021 03 13 00     3   -79 10149   260    20 -9999 -9999     0
2021 03 13 03    18   -73 10189   290    30 -9999 -9999     0
2021 03 13 06    87   -97 10153   270    20 -9999 -9999     0
2021 03 13 09   124   -93 10117    80    40 -9999 -9999     0
2021 03 13 12   102   -79 10112    59    17 -9999 -9999 -9999
2021 03 13 18    31   -48 10097   330    10 -9999 -9999     0
2021 03 13 21    31   -63 10070   250    20 -9999 -9999     0
2021 03 14 00    32   -65 10050   280    30 -9999 -9999     0
2021 03 14 03    36   -64 10094   290    30 -9999 -9999     0
2021 03 14 06    76   -69 10076   280    20 -9999 -9999 -9999
2021 03 14 09   110   -83 10026    70    30 -9999 -9999     0
2021 03 14 12   103   -79 10026    70    10 -9999 -9999    -1
2021 03 14 18    65   -68 10067   250    20 -9999 -9999     0
2021 03 14 21    62   -74 10055   240    30 -9999 -9999     0
2021 03 15 00    38   -79 10081   270    20 -9999 -9999 -9999
2021 03 15 03    82  -117 10086   230    30 -9999 -9999     0
2021 03 15 06   142  -170 10053   260    50 -9999 -9999    -1
2021 03 15 09   141   -92 10023    70    50 -9999 -9999     0
2021 03 15 12   111   -67 10057    90    30 -9999 -9999     0
2021 03 15 18    82   -63 10067   240    30 -9999 -9999     0
2021 03 15 21    35   -42 10093   250    20 -9999 -9999     0
2021 03 16 00    12   -71 10109   250    20 -9999 -9999     0
2021 03 16 03    50   -60 10132    32    23 -9999 -9999 -9999
2021 03 16 06    84   -23 10113    70    30 -9999 -9999     0
2021 03 16 09    76   -22 10120    90    20 -9999 -9999 -9999
2021 03 16 12    57   -31 10143    80    30 -9999 -9999    -1
2021 03 16 18    15   -28 10137     0 -9999 -9999 -9999     0
2021 03 16 21    20   -25 10129     0 -9999 -9999 -9999     0
2021 03 17 00     7   -22 10137   250    10 -9999 -9999     0
2021 03 17 03    36   -30 10148     0 -9999 -9999 -9999     0
2021 03 17 06    63   -54 10143    70    40 -9999 -9999     0
2021 03 17 09    62   -74 10125    70    30 -9999 -9999     0
2021 03 17 12    59   -63 10131    60    20 -9999 -9999     0
2021 03 17 18    28   -56 10153   240    20 -9999 -9999     0
2021 03 17 21     8  -122 10159   260    10 -9999 -9999     0
2021 03 18 00   -13   -76 10190    40    20 -9999 -9999     0
2021 03 18 03    14   -90 10223    50    20 -9999 -9999     0
2021 03 18 06    55  -199 10225   310    30 -9999 -9999     0
2021 03 18 09    75  -234 10229   310    30 -9999 -9999     0
2021 03 18 12    32   -73 10288    70    40 -9999 -9999     0
2021 03 18 18   -10   -43 10330    80    10 -9999 -9999     0
2021 03 18 21   -24   -50 10312    80    10 -9999 -9999     0
2021 03 19 00   -34   -56 10329   330    10 -9999 -9999     0
2021 03 19 03    -7   -53 10331    80    10 -9999 -9999     0
2021 03 19 06    26   -68 10306   110    30 -9999 -9999     0
2021 03 19 09    46   -63 10271    80    20 -9999 -9999     0
2021 03 19 12    30   -72 10282    70    30 -9999 -9999     0
2021 03 19 18   -30   -75 10292    20    10 -9999 -9999     0
2021 03 19 21   -34   -75 10276   270    10 -9999 -9999     0
2021 03 20 00   -46   -82 10292     0 -9999 -9999 -9999     0
2021 03 20 03   -13   -68 10313    30    10 -9999 -9999     0
2021 03 20 06    26   -73 10299    90    20 -9999 -9999     0
2021 03 20 09    43   -81 10277    70    30 -9999 -9999     0
2021 03 20 12    43   -72 10276    60    30 -9999 -9999     0
2021 03 20 18   -13   -64 10287    90    10 -9999 -9999     0
2021 03 20 21    -4   -64 10256   130    10 -9999 -9999     0
2021 03 21 00     3   -63 10246   240    10 -9999 -9999     0
2021 03 21 03    10   -57 10274    60    10 -9999 -9999     0
2021 03 21 06    34   -66 10258    70    20 -9999 -9999     0
2021 03 21 09    48   -67 10215    80    30 -9999 -9999     0
2021 03 21 12    44   -65 10210    70    20 -9999 -9999     0
2021 03 21 18    20   -56 10226    90    10 -9999 -9999     0
2021 03 21 21     1   -59 10213     0 -9999 -9999 -9999     0
2021 03 22 00   -16   -56 10226   300    10 -9999 -9999     0
2021 03 22 03    20   -52 10229   250    20 -9999 -9999     0
2021 03 22 06    79   -62 10196    50    20 -9999 -9999     0
2021 03 22 09   103   -79 10166    70    30 -9999 -9999     0
2021 03 22 12    86   -72 10180    70    20 -9999 -9999     0
2021 03 22 18    19   -53 10197     0 -9999 -9999 -9999     0
2021 03 22 21    26   -51 10177   260    20 -9999 -9999     0
2021 03 23 00    18   -54 10175    80    10 -9999 -9999     0
2021 03 23 03    48   -53 10177   260    30 -9999 -9999     0
2021 03 23 06    99   -69 10158    80    30 -9999 -9999     0
2021 03 23 09    95   -64 10135    80    30 -9999 -9999     0
2021 03 23 12    87   -59 10146    80    20 -9999 -9999     0
2021 03 23 18    22   -41 10157   260    10 -9999 -9999     0
2021 03 23 21    12   -53 10156   240    10 -9999 -9999     0
2021 03 24 00    23   -63 10155   240    30 -9999 -9999     0
2021 03 24 03    68   -62 10168   240    40 -9999 -9999     0
2021 03 24 06   134  -112 10138   250    20 -9999 -9999     0
2021 03 24 09   157  -185 10110   210    30 -9999 -9999     0
2021 03 24 12   148  -225 10111   270    30 -9999 -9999     0
2021 03 24 18    59   -63 10155   240    10 -9999 -9999     0
2021 03 24 21    50  -129 10144   250    30 -9999 -9999     0
2021 03 25 00    21   -98 10163   290    10 -9999 -9999     0
2021 03 25 03    57  -133 10190   240    30 -9999 -9999     0
2021 03 25 06   125  -112 10164   340    20 -9999 -9999     0
2021 03 25 09   140  -107 10133    80    30 -9999 -9999     0
2021 03 25 12   118   -66 10160    80    20 -9999 -9999     0
2021 03 25 18    41   -49 10169     0 -9999 -9999 -9999     0
2021 03 25 21    48   -58 10145   250    20 -9999 -9999     0
2021 03 26 00    42   -61 10141   240    20 -9999 -9999     0
2021 03 26 03    47   -48 10162   250    10 -9999 -9999     0
2021 03 26 06   104   -60 10145    80    20 -9999 -9999     0
2021 03 26 09   117   -57 10110    90    20 -9999 -9999     0
2021 03 26 12   114   -60 10106    50    30 -9999 -9999     0
2021 03 26 18    53   -45 10107    30    10 -9999 -9999     0
2021 03 26 21    50   -46 10090   210    20 -9999 -9999     0
2021 03 27 00    58   -46 10091   260    20 -9999 -9999     0
2021 03 27 03   110   -51 10088   230    30 -9999 -9999     0
2021 03 27 06   163   -81 10075   230    30 -9999 -9999     0
2021 03 27 09   168   -44 10061    90    40 -9999 -9999     0
2021 03 27 12   137   -45 10082    60    30 -9999 -9999     0
2021 03 27 18    77   -15 10073    50    10 -9999 -9999     0
2021 03 27 21    56   -13 10069   310    10 -9999 -9999     0
2021 03 28 00    52   -19 10056   320    10 -9999 -9999     0
2021 03 28 03    81    -6 10069    10    10 -9999 -9999     0
2021 03 28 06    86     1 10070   330    20 -9999 -9999 -9999
2021 03 28 09    65    37 10051   200    10 -9999 -9999    10
2021 03 28 12    75    32 10051   230    30 -9999 -9999    10
2021 03 28 18    63     6 10037   240    30 -9999 -9999     3
2021 03 28 21    53   -10 10041   280    20 -9999 -9999     0
2021 03 29 00    35   -18 10049   230    20 -9999 -9999     0
2021 03 29 03    66   -31 10052   230    40 -9999 -9999     0
2021 03 29 06   113   -52 10036   230    40 -9999 -9999     0
2021 03 29 09   150   -65 10014   270    40 -9999 -9999     0
2021 03 29 12   131  -167 10055   290    40 -9999 -9999     0
2021 03 29 18    22  -132 10110   230    10 -9999 -9999     0
2021 03 29 21    24  -152 10092   220    30 -9999 -9999     0
2021 03 30 00    -9  -131 10123   250    20 -9999 -9999     0
2021 03 30 03    47  -152 10134   250    20 -9999 -9999     0
2021 03 30 06    83  -195 10133   240    30 -9999 -9999     0
2021 03 30 09   104  -188 10113   310    30 -9999 -9999     0
2021 03 30 12    81  -206 10164   290    30 -9999 -9999     0
2021 03 30 18     0  -187 10203   320    10 -9999 -9999     0
2021 03 30 21    -2  -179 10191   240    20 -9999 -9999     0
2021 03 31 00   -18  -188 10206   260    20 -9999 -9999     0
2021 03 31 03    22  -191 10220   230    40 -9999 -9999     0
2021 03 31 06    69  -206 10196   250    30 -9999 -9999     0
2021 03 31 09    80  -142 10162    50    30 -9999 -9999     0
2021 03 31 12    52   -70 10196    70    30 -9999 -9999     0
2021 03 31 18    10   -44 10198    80    20 -9999 -9999     0
2021 03 31 21     4   -20 10186    70    20 -9999 -9999 -9999
2021 04 01 00    -3   -16 10192    80    20 -9999 -9999     0
2021 04 01 03    -1   -17 10209    80    20 -9999 -9999    -1
2021 04 01 06     6   -26 10207    70    40 -9999 -9999    -1
2021 04 01 09   -16   -24 10217    80    30 -9999 -9999    20
2021 04 01 12   -12   -25 10230    90    20 -9999 -9999    30
2021 04 01 18   -17   -27 10240   110    10 -9999 -9999     0
2021 04 01 21   -17   -33 10247   250    10 -9999 -9999 -9999
2021 04 02 00   -32   -52 10255     0 -9999 -9999 -9999     0
2021 04 02 03    -4   -72 10248   240    30 -9999 -9999     0
2021 04 02 06    32  -108 10213    60    20 -9999 -9999     0
2021 04 02 09    29   -84 10205   160    20 -9999 -9999     0
2021 04 02 12     3   -18 10234    80    30 -9999 -9999 -9999
2021 04 02 18   -17   -28 10228    70    10 -9999 -9999     3
2021 04 02 21   -21   -31 10230    60    20 -9999 -9999     0
2021 04 03 00   -34   -49 10254   120    10 -9999 -9999     0
2021 04 03 03   -12   -67 10262    80    20 -9999 -9999     0
2021 04 03 06    13   -99 10246    80    30 -9999 -9999     0
2021 04 03 09    -4   -45 10244    40    30 -9999 -9999 -9999
2021 04 03 12    -4   -56 10248    80    20 -9999 -9999    -1
2021 04 03 18   -21   -40 10235    80    10 -9999 -9999     0
2021 04 03 21   -25   -42 10221    80    10 -9999 -9999     0
2021 04 04 00   -40   -54 10219     0 -9999 -9999 -9999     0
2021 04 04 03     1   -59 10211   210    10 -9999 -9999     0
2021 04 04 06    37   -74 10190    80    20 -9999 -9999     0
2021 04 04 09    66   -70 10144   120    30 -9999 -9999     0
2021 04 04 12    55   -64 10148    80    20 -9999 -9999     0
2021 04 04 18     9   -45 10156    80    10 -9999 -9999     0
2021 04 04 21    -3   -47 10152   130    10 -9999 -9999     0
2021 04 05 00    -2   -46 10177   350    10 -9999 -9999     0
2021 04 05 03    39   -43 10190    60    20 -9999 -9999     0
2021 04 05 06    73   -54 10191    90    30 -9999 -9999     0
2021 04 05 09    96   -59 10175    80    40 -9999 -9999     0
2021 04 05 12    77   -54 10201    90    20 -9999 -9999     0
2021 04 05 18    20   -41 10233     0 -9999 -9999 -9999     0
2021 04 05 21    35   -35 10216   250    10 -9999 -9999     0
2021 04 06 00     6   -39 10239     0 -9999 -9999 -9999     0
2021 04 06 03    50   -30 10245   290    10 -9999 -9999     0
2021 04 06 06    93   -70 10231   110    30 -9999 -9999     0
2021 04 06 09    99   -64 10203    90    30 -9999 -9999     0
2021 04 06 12    86   -53 10226   130    30 -9999 -9999     0
2021 04 06 18    33    -3 10243   160    10 -9999 -9999 -9999
2021 04 06 21    32    -4 10217   250    10 -9999 -9999     0
2021 04 07 00    33    -3 10213   210    10 -9999 -9999     0
2021 04 07 03    39   -13 10231   350    20 -9999 -9999 -9999
2021 04 07 06    36    -8 10245   250    20 -9999 -9999    -1
2021 04 07 09    64    -6 10212   260    40 -9999 -9999     0
2021 04 07 12    88   -28 10184   280    20 -9999 -9999    -1
2021 04 07 18    30    14 10250   110    10 -9999 -9999     6
2021 04 07 21    24    14 10229     0 -9999 -9999 -9999    10
2021 04 08 00    26    16 10219    60    10 -9999 -9999     7
2021 04 08 03    19    12 10245    90    20 -9999 -9999    20
2021 04 08 06    19    12 10255    60    20 -9999 -9999    50
2021 04 08 09    46    11 10232   270    20 -9999 -9999    60
2021 04 08 12    57     3 10225   290    20 -9999 -9999    20
2021 04 08 18    37    13 10252   260    10 -9999 -9999 -9999
2021 04 08 21    20     8 10236   260    20 -9999 -9999     0
2021 04 09 00     6    -1 10236   230    10 -9999 -9999    -1
2021 04 09 03    44   -22 10233   240    40 -9999 -9999     0
2021 04 09 06    95   -48 10199   280    20 -9999 -9999     0
2021 04 09 09   117   -40 10178    90    30 -9999 -9999     0
2021 04 09 12   107   -34 10183    90    10 -9999 -9999     0
2021 04 09 18    37    -1 10201   280    10 -9999 -9999     0
2021 04 09 21    45   -28 10185   250    20 -9999 -9999     0
2021 04 10 00    25   -36 10196   250    30 -9999 -9999     0
2021 04 10 03    72   -69 10197   240    30 -9999 -9999     0
2021 04 10 06   123   -82 10175   210    20 -9999 -9999     0
2021 04 10 09   151   -83 10143   280    10 -9999 -9999     0
2021 04 10 12   157   -79 10143   230    20 -9999 -9999     0
2021 04 10 18    47    -3 10178   280    10 -9999 -9999     0
2021 04 10 21    40   -31 10168   270    20 -9999 -9999     0
2021 04 11 00    33   -64 10169   270    30 -9999 -9999     0
2021 04 11 03    79   -82 10180   240    40 -9999 -9999     0
2021 04 11 06   137  -117 10158   250    30 -9999 -9999     0
2021 04 11 09   176  -111 10122   290    20 -9999 -9999     0
2021 04 11 12   163   -88 10131   260    20 -9999 -9999     0
2021 04 11 18    70   -41 10162   280    20 -9999 -9999     0
2021 04 11 21    31   -53 10167   310    10 -9999 -9999     0
2021 04 12 00    47   -84 10174   260    20 -9999 -9999     0
2021 04 12 03    94   -77 10194   280    10 -9999 -9999     0
2021 04 12 06   156  -101 10166    10    20 -9999 -9999     0
2021 04 12 09   159   -52 10172    30    10 -9999 -9999     0
2021 04 12 12   115    -3 10208   150    20 -9999 -9999     0
2021 04 12 18    64    15 10204     0 -9999 -9999 -9999     0
2021 04 12 21    75    16 10202   280    10 -9999 -9999 -9999
2021 04 13 00    60    33 10239   100    10 -9999 -9999     5
2021 04 13 03    40    28 10270    90    20 -9999 -9999    40
2021 04 13 06    66    32 10257    90    20 -9999 -9999    30
2021 04 13 09    81    36 10215    50    20 -9999 -9999     5
2021 04 13 12    95    39 10193    70    10 -9999 -9999     9
2021 04 13 18    40    25 10230    80    10 -9999 -9999     0
2021 04 13 21    32    26 10220   270    10 -9999 -9999     0
2021 04 14 00    16     9 10217   340    10 -9999 -9999     0
2021 04 14 03    63    33 10218   260    10 -9999 -9999     0
2021 04 14 06   131   -12 10197    30    20 -9999 -9999     0
2021 04 14 09   142   -14 10177   110    30 -9999 -9999     0
2021 04 14 12   122     0 10192   330    10 -9999 -9999     0
2021 04 14 18    77    28 10178   260    20 -9999 -9999     0
2021 04 14 21    64    25 10166   270    10 -9999 -9999     0
2021 04 15 00    61    27 10175   250    10 -9999 -9999     0
2021 04 15 03    96    27 10180   260    20 -9999 -9999     0
2021 04 15 06   139     2 10155    80    30 -9999 -9999     0
2021 04 15 09   143     5 10136    30    30 -9999 -9999     0
2021 04 15 12   123    16 10148    20    20 -9999 -9999     0
2021 04 15 18    92    30 10150   110    10 -9999 -9999     0
2021 04 15 21    79    32 10148   260    10 -9999 -9999     0
2021 04 16 00    82    27 10157   250    30 -9999 -9999     0
2021 04 16 03    84    42 10188   250    20 -9999 -9999 -9999
2021 04 16 06    92    42 10192   240    30 -9999 -9999     2
2021 04 16 09   146     5 10152   270    20 -9999 -9999     2
2021 04 16 12   109    34 10162    80    20 -9999 -9999    -1
2021 04 16 18    62    35 10191   150    10 -9999 -9999     0
2021 04 16 21    68    41 10163   240    10 -9999 -9999     0
2021 04 17 00    70    15 10180   240    40 -9999 -9999     0
2021 04 17 03   108    -3 10176   270    40 -9999 -9999     0
2021 04 17 06   154   -25 10142   270    30 -9999 -9999     0
2021 04 17 09   175   -44 10104   270    30 -9999 -9999     0
2021 04 17 12   180   -82 10091   290    20 -9999 -9999     0
2021 04 17 18   112   -71 10114   260    20 -9999 -9999     0
2021 04 17 21    74   -50 10116   280    20 -9999 -9999     0
2021 04 18 00    59   -51 10121   250    20 -9999 -9999     0
2021 04 18 03   116   -49 10123   240    30 -9999 -9999     0
2021 04 18 06   158   -71 10105    60    30 -9999 -9999     0
2021 04 18 09   166   -64 10097   180    10 -9999 -9999     0
2021 04 18 12   154   -35 10104    10    20 -9999 -9999     0
2021 04 18 18   103    -8 10117   220    30 -9999 -9999     0
2021 04 18 21    93    -9 10103   240    30 -9999 -9999     0
2021 04 19 00    80   -18 10113   280    30 -9999 -9999     0
2021 04 19 03   103   -30 10135   250    30 -9999 -9999     0
2021 04 19 06   155   -61 10093   220    20 -9999 -9999     0
2021 04 19 09   170   -90 10067   300    20 -9999 -9999     0
2021 04 19 12   154   -45 10076   150    30 -9999 -9999     0
2021 04 19 18    67    14 10115     0 -9999 -9999 -9999     0
2021 04 19 21    57    12 10101    80    10 -9999 -9999     0
2021 04 20 00    32     9 10119   260    10 -9999 -9999     0
2021 04 20 03   102     2 10105   290    20 -9999 -9999     0
2021 04 20 06   164   -48 10074   120    20 -9999 -9999     0
2021 04 20 09   172   -66 10051   300    40 -9999 -9999     0
2021 04 20 12   139   -34 10085   280    60 -9999 -9999     0
2021 04 20 18    88     3 10058   240    30 -9999 -9999     0
2021 04 20 21    83    -5 10038   260    30 -9999 -9999     0
