2021 01 01 00   -93  -132 10325   260    20 -9999 -9999     0
2021 01 01 03   -85  -132 10331   280    20 -9999 -9999     0
2021 01 01 06   -25  -115 10310   350    20 -9999 -9999     0
2021 01 01 09     5  -115 10294    60    20 -9999 -9999     0
2021 01 01 12   -24  -119 10311    50    10 -9999 -9999     0
2021 01 01 15   -36  -125 10336   130    10 -9999 -9999     0
2021 01 01 18   -39  -116 10334   270    20 -9999 -9999     0
2021 01 01 21   -66  -119 10332   100    10 -9999 -9999     0
2021 01 02 00   -78  -125 10337   130    10 -9999 -9999     0
2021 01 02 03   -31  -126 10337   160    20 -9999 -9999     0
2021 01 02 06    84  -160 10297   150    10 -9999 -9999     0
2021 01 02 09   106  -176 10273    40    10 -9999 -9999     0
2021 01 02 12    46  -159 10289   110    10 -9999 -9999     0
2021 01 02 15     9  -151 10276   190    10 -9999 -9999     0
2021 01 02 18   -36  -130 10247     0 -9999 -9999 -9999     0
2021 01 02 21   -19  -164 10239   260    20 -9999 -9999     0
2021 01 03 00   -48  -155 10270   270    30 -9999 -9999     0
2021 01 03 03   -68  -125 10317   270    40 -9999 -9999     0
2021 01 03 06   -15  -127 10318   300    30 -9999 -9999     0
2021 01 03 09     5  -135 10299   320    30 -9999 -9999     0
2021 01 03 12   -20  -126 10319   350    10 -9999 -9999     0
2021 01 03 15   -53  -127 10347   310    10 -9999 -9999     0
2021 01 03 18   -62  -135 10342   270    20 -9999 -9999     0
2021 01 03 21   -91  -145 10352   270    30 -9999 -9999     0
2021 01 04 00  -105  -144 10379   270    30 -9999 -9999     0
2021 01 04 03  -112  -143 10425   270    30 -9999 -9999     0
2021 01 04 06   -65  -134 10420   340    30 -9999 -9999     0
2021 01 04 09   -50  -131 10426    10    20 -9999 -9999     0
2021 01 04 12   -61  -134 10443    30    10 -9999 -9999     0
2021 01 04 15   -63  -134 10464    80    20 -9999 -9999     0
2021 01 04 18   -83  -113 10463   100    20 -9999 -9999 -9999
2021 01 04 21   -91  -113 10462    60    10 -9999 -9999     2
2021 01 05 00  -103  -122 10458   350    10 -9999 -9999     4
2021 01 05 03   -95  -118 10453   240    20 -9999 -9999     2
2021 01 05 06   -77  -129 10437   360    10 -9999 -9999     0
2021 01 05 09   -62  -138 10411   310    30 -9999 -9999     0
2021 01 05 12   -79  -139 10410   340    10 -9999 -9999     0
2021 01 05 15   -99  -137 10415   360    20 -9999 -9999     0
2021 01 05 18  -105  -156 10396   100    10 -9999 -9999     0
2021 01 05 21  -102  -144 10379   290    20 -9999 -9999     0
2021 01 06 00  -113  -150 10384   360    10 -9999 -9999     0
2021 01 06 03  -106  -150 10406    30    10 -9999 -9999     0
2021 01 06 06   -72  -138 10404    20    20 -9999 -9999     0
2021 01 06 09   -67  -140 10400    20    10 -9999 -9999 -9999
2021 01 06 12   -75  -145 10423   360    20 -9999 -9999     0
2021 01 06 15   -91  -152 10442    60    10 -9999 -9999     0
2021 01 06 18   -93  -156 10428   100    10 -9999 -9999     0
2021 01 06 21   -96  -151 10423    50    10 -9999 -9999     0
2021 01 07 00  -114  -156 10423     0 -9999 -9999 -9999     0
2021 01 07 03  -108  -149 10436   100    20 -9999 -9999     0
2021 01 07 06   -67  -149 10407    30    20 -9999 -9999     0
2021 01 07 09   -61  -156 10385   350    30 -9999 -9999     0
2021 01 07 12   -72  -149 10398   350    10 -9999 -9999     0
2021 01 07 15   -84  -160 10403    10    20 -9999 -9999     0
2021 01 07 18   -92  -166 10389   160    10 -9999 -9999     0
2021 01 07 21  -102  -157 10392   360    10 -9999 -9999     0
2021 01 08 00  -102  -148 10388   210    10 -9999 -9999     0
2021 01 08 03  -105  -146 10407   350    10 -9999 -9999     0
2021 01 08 06   -71  -144 10395   360    20 -9999 -9999     0
2021 01 08 09   -64  -151 10386   350    20 -9999 -9999     0
2021 01 08 12   -70  -150 10394    30    10 -9999 -9999     0
2021 01 08 15   -76  -155 10406    70    20 -9999 -9999     0
2021 01 08 18   -85  -159 10399   100    20 -9999 -9999     0
2021 01 08 21   -90  -164 10411   120    20 -9999 -9999     0
2021 01 09 00   -95  -160 10419   120    10 -9999 -9999     0
2021 01 09 03   -91  -156 10434   100    20 -9999 -9999     0
2021 01 09 06   -60  -152 10419    80    30 -9999 -9999     0
2021 01 09 09   -24  -151 10397    90    20 -9999 -9999     0
2021 01 09 12   -37  -156 10415    80    20 -9999 -9999     0
2021 01 09 15   -57  -163 10431    90    10 -9999 -9999     0
2021 01 09 18   -85  -164 10440   330    10 -9999 -9999     0
2021 01 09 21  -109  -169 10464   330    10 -9999 -9999     0
2021 01 10 00  -116  -165 10484   270    30 -9999 -9999     0
2021 01 10 03  -119  -168 10515   270    30 -9999 -9999     0
2021 01 10 06   -65  -154 10514   320    20 -9999 -9999     0
2021 01 10 09   -36  -152 10505   360    20 -9999 -9999     0
2021 01 10 12   -54  -152 10513    70    10 -9999 -9999     0
2021 01 10 15   -84  -150 10524    80    10 -9999 -9999     0
2021 01 10 18   -97  -156 10503   260    10 -9999 -9999     0
2021 01 10 21  -105  -164 10484   250    10 -9999 -9999     0
2021 01 11 00  -114  -167 10473   280    10 -9999 -9999     0
2021 01 11 03  -110  -156 10480   210    10 -9999 -9999     0
2021 01 11 06   -51  -152 10447    70    20 -9999 -9999     0
2021 01 11 09   -21  -152 10411    90    20 -9999 -9999     0
2021 01 11 12   -37  -150 10409    90    10 -9999 -9999     0
2021 01 11 15   -60  -155 10408   120    20 -9999 -9999     0
2021 01 11 18   -88  -154 10375   120    10 -9999 -9999     0
2021 01 11 21  -102  -150 10353   170    10 -9999 -9999     0
2021 01 12 00   -96  -149 10345   170    20 -9999 -9999     0
2021 01 12 03   -55  -150 10336   140    10 -9999 -9999     0
2021 01 12 06    47  -170 10300   120    20 -9999 -9999     0
2021 01 12 09   102  -180 10258   130    20 -9999 -9999     0
2021 01 12 12    55  -176 10264   120    10 -9999 -9999     0
2021 01 12 15     5  -159 10249   200    10 -9999 -9999     0
2021 01 12 18    27  -222 10193   270    20 -9999 -9999     0
2021 01 12 21   -15  -168 10192   260    40 -9999 -9999     0
2021 01 13 00   -36  -172 10208   290    40 -9999 -9999     0
2021 01 13 03   -17  -166 10220   290    10 -9999 -9999     0
2021 01 13 06    50  -167 10189    20    20 -9999 -9999     0
2021 01 13 09   120  -147 10173    30    10 -9999 -9999     0
2021 01 13 12    64  -132 10206   160    10 -9999 -9999     0
2021 01 13 15    46  -137 10212   180    20 -9999 -9999     0
2021 01 13 18    45  -171 10189   180    20 -9999 -9999     0
2021 01 13 21    54  -200 10164   210    30 -9999 -9999     0
2021 01 14 00    37  -206 10192   210    20 -9999 -9999     0
2021 01 14 03    62  -221 10211   190    20 -9999 -9999     0
2021 01 14 06   152  -162 10178   100    30 -9999 -9999     0
2021 01 14 09   199  -188 10144   180    10 -9999 -9999     0
2021 01 14 12   122  -154 10175   150    10 -9999 -9999     0
2021 01 14 15    68  -166 10189   220    20 -9999 -9999     0
2021 01 14 18    76  -200 10158   230    40 -9999 -9999     0
2021 01 14 21   -13  -148 10180   320    20 -9999 -9999     0
2021 01 15 00   -32  -146 10233   280    30 -9999 -9999     0
2021 01 15 03   -62  -147 10292   280    30 -9999 -9999     0
2021 01 15 06   -12  -147 10283   270    30 -9999 -9999     0
2021 01 15 09    19  -147 10288   280    30 -9999 -9999     0
2021 01 15 12     0  -159 10302   300    10 -9999 -9999     0
2021 01 15 15   -27  -154 10329   310    10 -9999 -9999     0
2021 01 15 18   -43  -162 10355   330    10 -9999 -9999     0
2021 01 15 21   -68  -165 10394   250    10 -9999 -9999     0
2021 01 16 00   -70  -162 10446   340    30 -9999 -9999     0
2021 01 16 03   -74  -158 10501   240    40 -9999 -9999     0
2021 01 16 06   -26  -150 10505   290    40 -9999 -9999     0
2021 01 16 09    -3  -150 10488   320    40 -9999 -9999     0
2021 01 16 12   -22  -153 10490   340    20 -9999 -9999     0
2021 01 16 15   -50  -156 10492   310    10 -9999 -9999     0
2021 01 16 18   -55  -164 10461   270    20 -9999 -9999     0
2021 01 16 21   -59  -165 10426   240    20 -9999 -9999     0
2021 01 17 00   -68  -162 10410   230    20 -9999 -9999     0
2021 01 17 03   -62  -154 10403   210    10 -9999 -9999     0
2021 01 17 06   -13  -145 10368   350    10 -9999 -9999     0
2021 01 17 09    13  -144 10322    40    10 -9999 -9999     0
2021 01 17 12   -13  -151 10317    80    10 -9999 -9999     0
2021 01 17 15   -36  -156 10308    80    10 -9999 -9999     0
2021 01 17 18   -48  -152 10283    90    10 -9999 -9999     0
2021 01 17 21   -66  -141 10263    50    10 -9999 -9999     0
2021 01 18 00   -87  -151 10265   330    10 -9999 -9999     0
2021 01 18 03   -69  -136 10268     0 -9999 -9999 -9999     0
2021 01 18 06    -2  -138 10239   350    10 -9999 -9999     0
2021 01 18 09    17  -153 10221   330    10 -9999 -9999     0
2021 01 18 12     2  -153 10235    70    10 -9999 -9999     0
2021 01 18 15    -9  -152 10227   110    10 -9999 -9999     0
2021 01 18 18   -22  -149 10205    40    10 -9999 -9999     0
2021 01 18 21   -39  -152 10202   120    10 -9999 -9999     0
2021 01 19 00   -41  -148 10200   130    10 -9999 -9999     0
2021 01 19 03   -46  -130 10212    80    10 -9999 -9999     0
2021 01 19 06    31  -141 10200    10    20 -9999 -9999     0
2021 01 19 09    59  -148 10181    90    20 -9999 -9999     0
2021 01 19 12    34  -148 10208    20    10 -9999 -9999     0
2021 01 19 15   -10  -156 10232   100    10 -9999 -9999     0
2021 01 19 18   -21  -145 10221   280    10 -9999 -9999     0
2021 01 19 21   -32  -140 10218    90    10 -9999 -9999     0
2021 01 20 00   -36  -149 10233   150    10 -9999 -9999     0
2021 01 20 03   -26  -140 10256   140    10 -9999 -9999     0
2021 01 20 06    42  -146 10251    50    10 -9999 -9999     0
2021 01 20 09    68  -134 10245    10    20 -9999 -9999     0
2021 01 20 12    44  -139 10274    30    10 -9999 -9999     0
2021 01 20 15     2  -128 10283   100    10 -9999 -9999     0
2021 01 20 18    35  -137 10245   220    30 -9999 -9999     0
2021 01 20 21   -10  -152 10245    50    10 -9999 -9999     0
2021 01 21 00   -40  -139 10263   160    10 -9999 -9999     0
2021 01 21 03   -10  -139 10258     0 -9999 -9999 -9999     0
2021 01 21 06    64  -138 10210   330    20 -9999 -9999     0
2021 01 21 09    83  -133 10172   350    20 -9999 -9999     0
2021 01 21 12    59  -137 10183   340    30 -9999 -9999     0
2021 01 21 15    13  -148 10190   360    10 -9999 -9999     0
2021 01 21 18   -15  -140 10178   260    20 -9999 -9999     0
2021 01 21 21   -30  -130 10172   280    20 -9999 -9999     0
2021 01 22 00   -35  -129 10173   230    20 -9999 -9999     0
2021 01 22 03   -30  -133 10161   140    10 -9999 -9999     0
2021 01 22 06    20  -134 10133    10    20 -9999 -9999     0
2021 01 22 09    37  -140 10112    60    10 -9999 -9999     0
2021 01 22 12    19  -138 10131    30    10 -9999 -9999     0
2021 01 22 15     8  -133 10138   270    20 -9999 -9999     0
2021 01 22 18    -1  -137 10122   250    10 -9999 -9999     0
2021 01 22 21   -12  -134 10137   270    20 -9999 -9999     0
2021 01 23 00    -3  -132 10172   260    30 -9999 -9999     0
2021 01 23 03     7   -43 10210   270    50 -9999 -9999 -9999
2021 01 23 06    37   -90 10217   220    30 -9999 -9999     0
2021 01 23 09    43   -81 10222   250    20 -9999 -9999     0
2021 01 23 12    35   -85 10221   250    10 -9999 -9999     0
2021 01 23 15    11   -82 10238   230    20 -9999 -9999     0
2021 01 23 18     6  -124 10249   250    20 -9999 -9999     0
2021 01 23 21   -24  -124 10269   210    10 -9999 -9999     0
2021 01 24 00   -29  -109 10279   170    10 -9999 -9999     0
2021 01 24 03   -28  -106 10314   260    10 -9999 -9999     0
2021 01 24 06    64  -156 10291   160    20 -9999 -9999     0
2021 01 24 09    89  -163 10275    80    20 -9999 -9999     0
2021 01 24 12    66  -174 10285    90    20 -9999 -9999     0
2021 01 24 15    15  -190 10313    90    10 -9999 -9999     0
2021 01 24 18    14  -175 10281   190    20 -9999 -9999     0
2021 01 24 21    -7  -161 10270   230    20 -9999 -9999     0
2021 01 25 00   -16  -158 10277   250    20 -9999 -9999     0
2021 01 25 03    -3  -162 10295   270    20 -9999 -9999     0
2021 01 25 06    35  -137 10281   290    30 -9999 -9999     0
2021 01 25 09    70  -151 10252   340    20 -9999 -9999     0
2021 01 25 12    49  -150 10259   340    10 -9999 -9999     0
2021 01 25 15    -4  -143 10276   220    10 -9999 -9999     0
2021 01 25 18     2  -146 10264   240    20 -9999 -9999     0
2021 01 25 21   -14  -145 10260   270    30 -9999 -9999     0
2021 01 26 00   -22  -149 10270   260    30 -9999 -9999     0
2021 01 26 03   -25  -146 10298   280    30 -9999 -9999     0
2021 01 26 06    24  -156 10284   300    30 -9999 -9999     0
2021 01 26 09    53  -165 10264    60    20 -9999 -9999     0
2021 01 26 12    26  -170 10287    30    10 -9999 -9999     0
2021 01 26 15    -7  -170 10310   100    10 -9999 -9999     0
2021 01 26 18   -12  -166 10304     0 -9999 -9999 -9999     0
2021 01 26 21   -23  -171 10311    10    10 -9999 -9999     0
2021 01 27 00   -43  -156 10329     0 -9999 -9999 -9999     0
2021 01 27 03   -41  -148 10350   290    20 -9999 -9999     0
2021 01 27 06    15  -150 10336   340    20 -9999 -9999     0
2021 01 27 09    40  -169 10315   310    30 -9999 -9999     0
2021 01 27 12    19  -181 10330   360    10 -9999 -9999     0
2021 01 27 15   -18  -175 10351   270    10 -9999 -9999     0
2021 01 27 18   -22  -171 10331   250    20 -9999 -9999     0
2021 01 27 21   -30  -174 10324   240    30 -9999 -9999     0
2021 01 28 00   -37  -173 10323   230    30 -9999 -9999     0
2021 01 28 03   -36  -162 10341     0 -9999 -9999 -9999     0
2021 01 28 06    18  -171 10316   360    10 -9999 -9999     0
2021 01 28 09    38  -171 10295    30    20 -9999 -9999     0
2021 01 28 12    23  -178 10302    70    20 -9999 -9999     0
2021 01 28 15   -17  -166 10324     0 -9999 -9999 -9999     0
2021 01 28 18   -24  -169 10309   230    20 -9999 -9999     0
2021 01 28 21   -28  -161 10304   210    10 -9999 -9999     0
2021 01 29 00   -39  -158 10312   260    10 -9999 -9999     0
2021 01 29 03   -24  -151 10335   210    20 -9999 -9999     0
2021 01 29 06    10  -159 10331   330    10 -9999 -9999     0
2021 01 29 09    48  -169 10305    70    20 -9999 -9999     0
2021 01 29 12    24  -166 10319   110    10 -9999 -9999     0
2021 01 29 15    -6  -160 10329   160    20 -9999 -9999     0
2021 01 29 18   -16  -165 10331   230    20 -9999 -9999     0
2021 01 29 21   -24  -165 10327   240    30 -9999 -9999     0
2021 01 30 00   -29  -159 10337   270    10 -9999 -9999     0
2021 01 30 03   -28  -161 10356   280    20 -9999 -9999     0
2021 01 30 06    18  -161 10336   290    30 -9999 -9999     0
2021 01 30 09    50  -174 10310   360    20 -9999 -9999     0
2021 01 30 12    27  -180 10321    10    10 -9999 -9999     0
2021 01 30 15   -12  -178 10337   140    10 -9999 -9999     0
2021 01 30 18   -37  -160 10326   220    10 -9999 -9999     0
2021 01 30 21   -45  -164 10305   240    10 -9999 -9999     0
2021 01 31 00   -53  -162 10304    70    10 -9999 -9999     0
2021 01 31 03   -50  -151 10312   330    10 -9999 -9999     0
2021 01 31 06    28  -168 10281    80    20 -9999 -9999     0
2021 01 31 09    52  -179 10258    50    20 -9999 -9999     0
2021 01 31 12    36  -179 10256   100    30 -9999 -9999     0
2021 01 31 15    -6  -177 10272   140    10 -9999 -9999     0
2021 01 31 18   -34  -181 10259   170    10 -9999 -9999     0
2021 01 31 21   -55  -173 10247   230    10 -9999 -9999     0
2021 02 01 00   -37  -180 10248   240    30 -9999 -9999     0
2021 02 01 03   -26  -167 10275   270    20 -9999 -9999     0
2021 02 01 06    12  -162 10286   320    20 -9999 -9999     0
2021 02 01 09    45  -199 10276    50    20 -9999 -9999     0
2021 02 01 12    34  -201 10282   100    20 -9999 -9999     0
2021 02 01 15    13  -204 10300   130    10 -9999 -9999     0
2021 02 01 18    10  -195 10284   140    10 -9999 -9999     0
2021 02 01 21   -29  -177 10282   162     6 -9999 -9999 -9999
2021 02 02 00   -46  -159 10291   220    10 -9999 -9999     0
2021 02 02 03    -9  -159 10303   230    20 -9999 -9999     0
2021 02 02 06    73  -162 10270   110    10 -9999 -9999     0
2021 02 02 09    92  -178 10262    50    20 -9999 -9999     0
2021 02 02 12    70  -187 10277    60    10 -9999 -9999     0
2021 02 02 15    40  -203 10280   130    30 -9999 -9999     0
2021 02 02 18     1  -186 10268   360    10 -9999 -9999     0
2021 02 02 21   -19  -160 10277   280    10 -9999 -9999     0
2021 02 03 00    -8  -158 10290   270    10 -9999 -9999     0
2021 02 03 03     1  -135 10313   270    20 -9999 -9999     0
2021 02 03 06    55  -140 10310   290    20 -9999 -9999     0
2021 02 03 09    86  -183 10295    20    20 -9999 -9999     0
2021 02 03 12    59  -188 10310    20    10 -9999 -9999     0
2021 02 03 15    32  -189 10323   150    20 -9999 -9999     0
2021 02 03 18   -14  -163 10317   210    10 -9999 -9999     0
2021 02 03 21   -22  -159 10312   200    10 -9999 -9999     0
2021 02 04 00   -20  -151 10324   230    20 -9999 -9999     0
2021 02 04 03    -4  -140 10332   230    10 -9999 -9999     0
2021 02 04 06    61  -152 10323   350    20 -9999 -9999     0
2021 02 04 09    87  -173 10295    80    20 -9999 -9999     0
2021 02 04 12    63  -185 10297    60    10 -9999 -9999     0
2021 02 04 15    22  -173 10305   100    10 -9999 -9999     0
2021 02 04 18    -4  -163 10288   220    10 -9999 -9999     0
2021 02 04 21    -1  -164 10270   170    10 -9999 -9999     0
2021 02 05 00   -19  -160 10271   190    10 -9999 -9999     0
2021 02 05 03    14  -160 10275     0 -9999 -9999 -9999     0
2021 02 05 06    78  -181 10255   100    20 -9999 -9999     0
2021 02 05 09   105  -168 10218    90    20 -9999 -9999     0
2021 02 05 12    89  -172 10218   100    20 -9999 -9999     0
2021 02 05 15    36  -173 10227    80    10 -9999 -9999     0
2021 02 05 18     1  -167 10209   250    10 -9999 -9999     0
2021 02 05 21    13  -161 10193   240    20 -9999 -9999     0
2021 02 06 00   -31  -157 10209   300    10 -9999 -9999     0
2021 02 06 03    12  -145 10218   330    10 -9999 -9999     0
2021 02 06 06   106  -158 10204   340    10 -9999 -9999     0
2021 02 06 09   135  -154 10179    40    20 -9999 -9999     0
2021 02 06 12   110  -146 10205    70    10 -9999 -9999     0
2021 02 06 15    42  -131 10223   200    10 -9999 -9999     0
2021 02 06 18    46  -164 10187   180    20 -9999 -9999     0
2021 02 06 21    -5  -148 10187   200    10 -9999 -9999     0
2021 02 07 00    17  -158 10196   260    30 -9999 -9999     0
2021 02 07 03    32  -154 10230   270    30 -9999 -9999     0
2021 02 07 06    95  -151 10208   310    20 -9999 -9999     0
2021 02 07 09   143  -182 10190   330    20 -9999 -9999     0
2021 02 07 12   125  -195 10190    70    10 -9999 -9999     0
2021 02 07 15    53  -142 10222   270    10 -9999 -9999     0
2021 02 07 18    52  -179 10215   260    20 -9999 -9999     0
2021 02 07 21    29  -167 10202   290    10 -9999 -9999     0
2021 02 08 00    17  -172 10215   280    30 -9999 -9999     0
2021 02 08 03    24  -152 10248   260    40 -9999 -9999     0
2021 02 08 06    83  -146 10221   310    40 -9999 -9999     0
2021 02 08 09   111  -173 10190    40    20 -9999 -9999     0
2021 02 08 12    95  -195 10191   360    10 -9999 -9999     0
2021 02 08 15    53  -171 10221   250    10 -9999 -9999     0
2021 02 08 18    35  -147 10189     0 -9999 -9999 -9999     0
2021 02 08 21    27  -164 10169   210    20 -9999 -9999     0
2021 02 09 00    28  -168 10185   250    30 -9999 -9999     0
2021 02 09 03    29  -167 10208   270    20 -9999 -9999     0
2021 02 09 06   104  -178 10179    70    10 -9999 -9999     0
2021 02 09 12   116  -159 10154   150    20 -9999 -9999     0
2021 02 09 15    96  -166 10147   140    20 -9999 -9999     0
2021 02 09 18    59  -142 10138   250    10 -9999 -9999     0
2021 02 09 21    68  -129 10129   250    30 -9999 -9999     0
2021 02 10 00    61  -102 10158   240    30 -9999 -9999     0
2021 02 10 03    82  -107 10179   240    40 -9999 -9999     0
2021 02 10 06   157   -93 10159   240    30 -9999 -9999     0
2021 02 10 09   183  -106 10119    90    20 -9999 -9999     0
2021 02 11 00    79  -114 10137   230    20 -9999 -9999     0
2021 02 13 12   132  -113 10114   170    10 -9999 -9999     0
2021 02 13 15   104  -104 10133   250    10 -9999 -9999     0
2021 02 13 18    81  -118 10159   270    30 -9999 -9999     0
2021 02 13 21    75  -123 10173   240    30 -9999 -9999     0
2021 02 14 00    81  -123 10179   210    10 -9999 -9999     0
2021 02 14 03    95  -130 10188   230    20 -9999 -9999     0
2021 02 14 06   114  -114 10190    80    20 -9999 -9999     0
2021 02 14 09   164  -121 10161    80    20 -9999 -9999     0
2021 02 14 12   140  -131 10172    50    10 -9999 -9999     0
2021 02 14 15   108  -126 10197   250    10 -9999 -9999     0
2021 02 14 18    74  -129 10213   280    30 -9999 -9999     0
2021 02 14 21    57  -138 10212   280    30 -9999 -9999     0
2021 02 15 00    37  -119 10235   290    40 -9999 -9999     0
2021 02 15 03    37  -107 10266   280    30 -9999 -9999     0
2021 02 15 06    85  -104 10250   290    50 -9999 -9999     0
2021 02 15 09   107   -96 10232   330    40 -9999 -9999     0
2021 02 15 12    95  -112 10246   330    20 -9999 -9999     0
2021 02 15 15    49  -104 10275   220    10 -9999 -9999     0
2021 02 15 18    57  -114 10261   230    30 -9999 -9999     0
2021 02 15 21    30  -110 10267   320    10 -9999 -9999     0
2021 02 16 00    25  -118 10274   240    20 -9999 -9999     0
2021 02 16 03    50  -116 10291   220    20 -9999 -9999     0
2021 02 16 06   100  -107 10269   360    20 -9999 -9999     0
2021 02 16 09   121  -122 10249    10    20 -9999 -9999     0
2021 02 16 12   107  -120 10250   110    20 -9999 -9999     0
2021 02 16 15    67  -130 10264   140    10 -9999 -9999     0
2021 02 16 18    43  -131 10264   230    20 -9999 -9999     0
2021 02 16 21    36  -124 10257   250    20 -9999 -9999     0
2021 02 17 00    23  -127 10267   230    30 -9999 -9999     0
2021 02 17 03    33  -122 10288   280    20 -9999 -9999     0
2021 02 17 06    91  -115 10272   330    20 -9999 -9999     0
2021 02 17 09   125  -126 10243    30    20 -9999 -9999     0
2021 02 17 12   110  -131 10251    90    20 -9999 -9999     0
2021 02 17 15    60  -130 10275   140    20 -9999 -9999     0
2021 02 17 18    34  -125 10271     0 -9999 -9999 -9999     0
2021 02 17 21    34  -130 10262   220    10 -9999 -9999     0
2021 02 18 00    14  -127 10278   220    10 -9999 -9999     0
2021 02 18 03    41  -137 10302   250    20 -9999 -9999     0
2021 02 18 06   109  -118 10287    40    20 -9999 -9999     0
2021 02 18 09   131  -130 10266    40    10 -9999 -9999     0
2021 02 18 12   117  -125 10269    90    20 -9999 -9999     0
2021 02 18 15    72  -131 10276   140    10 -9999 -9999     0
2021 02 18 18    23  -116 10267     0 -9999 -9999 -9999     0
2021 02 18 21    34  -134 10250   230    20 -9999 -9999     0
2021 02 19 00    26  -137 10250   220    20 -9999 -9999     0
2021 02 19 03    39  -154 10261   230    20 -9999 -9999     0
2021 02 19 06   107  -127 10214    90    40 -9999 -9999     0
2021 02 19 09   151  -141 10171    60    20 -9999 -9999     0
2021 02 20 15   110  -156 10145   129    11 -9999 -9999 -9999
2021 02 20 18    70  -151 10131   300    12 -9999 -9999 -9999
2021 02 20 21    75  -153 10127   260    18 -9999 -9999 -9999
2021 02 21 00    42  -131 10142   174     4 -9999 -9999 -9999
2021 02 21 06   126  -126 10183   312    33 -9999 -9999 -9999
2021 02 21 12   142  -170 10142    70    21 -9999 -9999 -9999
2021 02 21 15    85  -167 10193   262    12 -9999 -9999 -9999
2021 02 21 18    90  -171 10183   216    20 -9999 -9999 -9999
2021 02 21 21    75  -192 10144   171    26 -9999 -9999 -9999
2021 02 22 00    32  -159 10138   242     7 -9999 -9999 -9999
2021 02 22 03    49  -135 10181   290    40 -9999 -9999     0
2021 02 22 06   116  -119 10164   300    40 -9999 -9999     0
2021 02 22 09   137  -152 10142   340    40 -9999 -9999     0
2021 02 22 12   122  -164 10163   130    20 -9999 -9999     0
2021 02 22 15    99  -140 10185     0 -9999 -9999 -9999     0
2021 02 22 18    87  -130 10159   130    30 -9999 -9999     0
2021 02 22 21    67  -160 10120   130    20 -9999 -9999     0
2021 02 23 00    29  -147 10110    90    10 -9999 -9999     0
2021 02 23 03    36  -112 10141   280    30 -9999 -9999     0
2021 02 23 06    99  -114 10136   310    30 -9999 -9999     0
2021 02 23 09   125  -105 10120    10    30 -9999 -9999     0
2021 02 23 12   110  -111 10131    90    20 -9999 -9999     0
2021 02 23 15    82   -97 10159    20    20 -9999 -9999     0
2021 02 23 18    64   -87 10172   220    10 -9999 -9999     0
2021 02 23 21    60   -98 10161   210    20 -9999 -9999     0
2021 02 24 00    39   -91 10160    80    20 -9999 -9999     0
2021 02 24 03    50   -92 10167   130    30 -9999 -9999     0
2021 02 24 06   107  -107 10129    90    40 -9999 -9999     0
2021 02 24 09   141  -106 10089   360    50 -9999 -9999     0
2021 02 24 12   123  -100 10101    50    20 -9999 -9999     0
2021 02 24 15    90   -85 10115     0 -9999 -9999 -9999     0
2021 02 24 18    70   -94 10120   280    40 -9999 -9999     0
2021 02 24 21    68   -91 10100   240    30 -9999 -9999     0
2021 02 25 00    54   -92 10072   140    20 -9999 -9999     0
2021 02 25 03    48   -80 10102   280    40 -9999 -9999     0
2021 02 25 06   100   -72 10083   300    50 -9999 -9999     0
2021 02 25 09   116   -72 10064   320    50 -9999 -9999     0
2021 02 25 12    97   -75 10071    50    10 -9999 -9999     0
2021 02 25 15    89   -82 10066   150    10 -9999 -9999     0
2021 02 25 18    67   -66 10061   310    20 -9999 -9999     0
2021 02 25 21    52   -80 10051   240    30 -9999 -9999     0
2021 02 26 00    48   -80 10047   280    20 -9999 -9999     0
2021 02 26 03    51   -64 10067   270    30 -9999 -9999     0
2021 02 26 06    93   -58 10067   320    40 -9999 -9999     0
2021 02 26 09    98   -74 10072   330    40 -9999 -9999     0
2021 02 26 12    91   -63 10103   280    30 -9999 -9999     0
2021 02 26 15    66   -15 10155   320    30 -9999 -9999 -9999
2021 02 26 18    35     7 10150   240    10 -9999 -9999 -9999
2021 02 26 21    32     6 10130   310    10 -9999 -9999     0
2021 02 27 00    27     8 10140   240    40 -9999 -9999    -1
2021 02 27 03    28     9 10161    10    20 -9999 -9999    -1
2021 02 27 06    31    13 10167    70    30 -9999 -9999     7
2021 02 27 09    34    19 10153    60    10 -9999 -9999    20
2021 02 27 12    29    16 10168   100    30 -9999 -9999    40
2021 02 27 15    27    14 10199   110    20 -9999 -9999    30
2021 02 27 18    25    13 10226    20    10 -9999 -9999    20
2021 02 27 21    -1    -8 10278   310    40 -9999 -9999    40
2021 02 28 00    -7   -18 10291   230    10 -9999 -9999    40
2021 02 28 03    -8   -18 10311   110    30 -9999 -9999     2
2021 02 28 06    12    -4 10305   100    20 -9999 -9999     0
2021 02 28 09    36     5 10290    40    20 -9999 -9999     0
2021 02 28 12    35     2 10296    50    20 -9999 -9999     0
2021 02 28 15    32     6 10307    50    20 -9999 -9999 -9999
2021 02 28 18    26    -2 10307   360    20 -9999 -9999     0
2021 02 28 21    19     0 10301   350    20 -9999 -9999     0
2021 03 01 00    11    -5 10300    10    10 -9999 -9999     0
2021 03 01 03    12   -12 10304    40    10 -9999 -9999     0
2021 03 01 06    35   -16 10297    80    20 -9999 -9999     0
2021 03 01 09    52   -19 10275   100    20 -9999 -9999     0
2021 03 01 12    55   -16 10273    90    20 -9999 -9999     0
2021 03 01 15    32   -15 10277    70    10 -9999 -9999     0
2021 03 01 18    10   -17 10277   320    10 -9999 -9999     0
2021 03 01 21    -8   -32 10273   110    10 -9999 -9999     0
2021 03 02 00    -7   -24 10271    70    10 -9999 -9999     0
2021 03 02 03    27   -20 10276   250    20 -9999 -9999     0
2021 03 02 06    70   -22 10265   240    20 -9999 -9999     0
2021 03 02 09    87   -14 10220   110    30 -9999 -9999     0
2021 03 02 12    92   -15 10197    90    30 -9999 -9999     0
2021 03 02 15    60   -19 10201    40    10 -9999 -9999     0
2021 03 02 18    44   -16 10196    10    10 -9999 -9999     0
2021 03 02 21    30   -17 10191   200    10 -9999 -9999     0
2021 03 03 00    15   -14 10189     0 -9999 -9999 -9999     0
2021 03 03 03    47   -15 10193   160    20 -9999 -9999     0
2021 03 03 06    99   -12 10170    10    20 -9999 -9999     0
2021 03 03 09   120   -19 10142   110    10 -9999 -9999     0
2021 03 03 12   116   -19 10142    10    20 -9999 -9999     0
2021 03 03 15    92   -18 10161   350    10 -9999 -9999     0
2021 03 03 18    88   -10 10152   160    10 -9999 -9999     0
2021 03 03 21    54     2 10148     0 -9999 -9999 -9999     0
2021 03 04 00    59     9 10155   240    30 -9999 -9999     0
2021 03 04 03    80     5 10170   210    20 -9999 -9999     0
2021 03 04 06   136    -4 10136   210    20 -9999 -9999     0
2021 03 04 09   155   -15 10115    70    30 -9999 -9999     0
2021 03 04 12   137   -27 10126    20    30 -9999 -9999     0
2021 03 04 15   102   -28 10156   140    10 -9999 -9999     0
2021 03 04 18    90   -11 10155   340    10 -9999 -9999     0
2021 03 04 21    82   -30 10128   130    20 -9999 -9999     0
2021 03 05 00    65   -26 10143   280    20 -9999 -9999     0
2021 03 05 03    72   -10 10195   270    40 -9999 -9999     0
2021 03 05 06   105    -3 10204   320    30 -9999 -9999     0
2021 03 05 09   129   -42 10183   350    20 -9999 -9999     0
2021 03 05 12   127   -53 10189    60    10 -9999 -9999     0
2021 03 05 15    98   -38 10207   180    10 -9999 -9999     0
2021 03 05 18    91    -8 10194   230    20 -9999 -9999     0
2021 03 05 21    61    -8 10192   100    10 -9999 -9999     0
2021 03 06 00    68   -14 10195   210    20 -9999 -9999     0
2021 03 06 03    93    -6 10202    20    10 -9999 -9999     0
2021 03 06 06   137   -45 10170    80    30 -9999 -9999     0
2021 03 06 09   162   -49 10128    90    40 -9999 -9999     0
2021 03 06 12   151   -71 10111    80    30 -9999 -9999     0
2021 03 06 15   108   -48 10123   340    10 -9999 -9999     0
2021 03 06 18    90   -56 10121     0 -9999 -9999 -9999     0
2021 03 06 21    74   -47 10116   330    10 -9999 -9999     0
2021 03 07 00    52   -41 10123   310    10 -9999 -9999     0
2021 03 07 03    96   -47 10126   200    20 -9999 -9999     0
2021 03 07 06   142   -66 10112    90    30 -9999 -9999     0
2021 03 07 09   161   -97 10089    50    30 -9999 -9999     0
2021 03 07 12   144   -96 10110   360    30 -9999 -9999     0
2021 03 07 15   114   -96 10119    50    10 -9999 -9999     0
2021 03 07 18    92   -84 10126     0 -9999 -9999 -9999     0
2021 03 07 21    82   -67 10126   260    20 -9999 -9999     0
2021 03 08 00    62   -64 10141   200    10 -9999 -9999     0
2021 03 08 03    87   -63 10159   280    20 -9999 -9999     0
2021 03 08 06   142   -61 10142   350    20 -9999 -9999     0
2021 03 08 09   170   -75 10119   110    20 -9999 -9999     0
2021 03 08 12   154   -81 10136    70    10 -9999 -9999     0
2021 03 08 15   130   -76 10146   100    20 -9999 -9999     0
2021 03 08 18   116   -78 10127   110    20 -9999 -9999     0
2021 03 08 21    99   -73 10138   280    20 -9999 -9999     0
2021 03 09 00    82   -53 10152   240    30 -9999 -9999     0
2021 03 09 03   100   -44 10162   280    20 -9999 -9999     0
2021 03 09 06   149   -60 10144   310    20 -9999 -9999     0
2021 03 09 09   185   -78 10108   100    20 -9999 -9999     0
2021 03 09 12   178   -83 10117    60    10 -9999 -9999     0
2021 03 09 15   141   -46 10126     0 -9999 -9999 -9999     0
2021 03 09 18   121   -54 10111   270    10 -9999 -9999     0
2021 03 09 21    96   -44 10114   270    20 -9999 -9999     0
2021 03 10 00    74   -47 10117   270    10 -9999 -9999     0
2021 03 10 03   102   -58 10128   280    20 -9999 -9999     0
2021 03 10 06   148   -61 10105   320    30 -9999 -9999     0
2021 03 10 09   175   -78 10076   100    20 -9999 -9999     0
2021 03 10 12   168   -76 10092   280    30 -9999 -9999     0
2021 03 10 15   141   -73 10123   310    30 -9999 -9999     0
2021 03 10 18   116   -68 10118   290    10 -9999 -9999     0
2021 03 10 21    85   -54 10110   216    13 -9999 -9999 -9999
2021 03 11 00    73   -61 10101   160    10 -9999 -9999     0
2021 03 11 03   103   -53 10101   280    20 -9999 -9999     0
2021 03 11 06   146   -57 10086   290    20 -9999 -9999     0
2021 03 11 09   185   -63 10061   320    40 -9999 -9999     0
2021 03 11 12   162   -61 10096   310    40 -9999 -9999     0
2021 03 11 15   133   -63 10133   250    50 -9999 -9999     0
2021 03 11 18   110   -68 10142   270    40 -9999 -9999     0
2021 03 11 21   102   -70 10120   250    20 -9999 -9999     0
2021 03 12 00    91   -59 10132   240    30 -9999 -9999     0
2021 03 12 03   109   -56 10147   270    30 -9999 -9999     0
2021 03 12 06   152   -64 10134   330    40 -9999 -9999     0
2021 03 12 09   175   -78 10099   330    30 -9999 -9999     0
2021 03 12 12   166   -78 10120   310    30 -9999 -9999     0
2021 03 12 15   142   -72 10151   260    20 -9999 -9999     0
2021 03 12 18   130   -82 10124   180    40 -9999 -9999     0
2021 03 12 21   133   -80 10090   160    20 -9999 -9999     0
2021 03 13 00    85   -68 10113   280    40 -9999 -9999     0
2021 03 13 03    93   -58 10129   290    30 -9999 -9999     0
2021 03 13 06   142   -50 10111   310    40 -9999 -9999     0
2021 03 13 09   168   -56 10074   320    30 -9999 -9999     0
2021 03 13 12   159   -58 10069     0 -9999 -9999 -9999     0
2021 03 13 15   127   -49 10076   290    20 -9999 -9999     0
2021 03 13 18   123   -66 10056   260    20 -9999 -9999     0
2021 03 13 21   113   -65 10035   260    30 -9999 -9999     0
2021 03 14 00   105   -68 10038   260    30 -9999 -9999     0
2021 03 14 03   118   -56 10033   240    10 -9999 -9999     0
2021 03 14 06   153   -57 10002   340    20 -9999 -9999     0
2021 03 14 09   178   -61  9973   330    40 -9999 -9999     0
2021 03 14 12   170   -68  9997   291    52 -9999 -9999 -9999
2021 03 14 15   141   -67 10056   300    40 -9999 -9999     0
2021 03 14 18   125   -65 10063   190    10 -9999 -9999     0
2021 03 14 21   141   -73 10029   130    30 -9999 -9999     0
2021 03 15 00    82   -56 10044   130    10 -9999 -9999     0
2021 03 15 03   136   -71 10069   270    30 -9999 -9999     0
2021 03 15 06   189   -59 10050    10    10 -9999 -9999     0
2021 03 15 09   234   -87  9980    90    50 -9999 -9999     0
2021 03 15 12   237  -125  9961   100    40 -9999 -9999     0
2021 03 15 15   185  -125  9973    20    10 -9999 -9999     0
2021 03 15 18   154   -88  9987   320    20 -9999 -9999     0
2021 03 15 21   145   -64 10004   300    70 -9999 -9999     0
2021 03 16 00   129   -61 10038   300    30 -9999 -9999     0
2021 03 16 03   130   -66 10077   300    40 -9999 -9999     0
2021 03 16 06   170   -49 10075   320    30 -9999 -9999     0
2021 03 16 09   188   -84 10040    50    20 -9999 -9999     0
2021 03 16 12   185   -86 10047    90    30 -9999 -9999     0
2021 03 16 15   160   -69 10061    60    10 -9999 -9999     0
2021 03 16 18   127   -79 10051    80    10 -9999 -9999     0
2021 03 16 21    95   -64 10054   290    20 -9999 -9999     0
2021 03 17 00    87   -63 10071   270    20 -9999 -9999     0
2021 03 17 03    88   -92 10104   280    30 -9999 -9999     0
2021 03 17 06   127   -85 10087   310    40 -9999 -9999     0
2021 03 17 09   154   -88 10060   360    20 -9999 -9999     0
2021 03 17 12   147  -101 10074    10    10 -9999 -9999     0
2021 03 17 15   132   -99 10102    80    20 -9999 -9999     0
2021 03 17 18   120   -79 10104   340    10 -9999 -9999     0
2021 03 17 21   111   -67 10102   330    20 -9999 -9999     0
2021 03 18 00   104   -60 10129   350    10 -9999 -9999     0
2021 03 18 03   107   -85 10162   260    10 -9999 -9999     0
2021 03 18 06   127   -91 10175   310    30 -9999 -9999     0
2021 03 18 09   130  -108 10190   351    46 -9999 -9999 -9999
2021 03 18 12   116   -45 10230    70    30 -9999 -9999     0
2021 03 18 15   107   -49 10255   150    30 -9999 -9999     0
2021 03 18 18    76   -89 10274    70    30 -9999 -9999     0
2021 03 18 21    73   -79 10265   110    10 -9999 -9999     0
2021 03 19 00    42   -92 10282    10    20 -9999 -9999     0
2021 03 19 03    37   -71 10292   360    10 -9999 -9999     0
2021 03 19 06    72   -55 10279   340    20 -9999 -9999     0
2021 03 19 09   100   -30 10247   310    20 -9999 -9999     0
2021 03 19 12    93   -29 10249   250    20 -9999 -9999     0
2021 03 19 15    83   -52 10258   310    20 -9999 -9999     0
2021 03 19 18    72   -52 10250   330    20 -9999 -9999     0
2021 03 19 21    55   -61 10238     0 -9999 -9999 -9999     0
2021 03 20 00    55   -61 10244   280    20 -9999 -9999     0
2021 03 20 03    62   -64 10254   330    20 -9999 -9999     0
2021 03 20 06    98   -57 10241    30    20 -9999 -9999     0
2021 03 20 09   129   -66 10217   210    30 -9999 -9999     0
2021 03 20 12   126  -126 10215    80    20 -9999 -9999     0
2021 03 20 15   105  -103 10225    80    20 -9999 -9999     0
2021 03 20 18    83   -91 10221    70    10 -9999 -9999     0
2021 03 20 21    64   -83 10200   120    20 -9999 -9999     0
2021 03 21 00    47   -84 10204   160    10 -9999 -9999     0
2021 03 21 03    62   -71 10228   300    30 -9999 -9999     0
2021 03 21 06   100   -77 10214    70    30 -9999 -9999     0
2021 03 21 09   121   -90 10172   100    30 -9999 -9999     0
2021 03 21 12   114  -101 10173    50    20 -9999 -9999     0
2021 03 21 15    86   -98 10215    30    10 -9999 -9999     0
2021 03 21 18    72  -105 10216   170    10 -9999 -9999     0
2021 03 21 21    56   -76 10200   140    10 -9999 -9999     0
2021 03 22 00    51   -91 10207   150    10 -9999 -9999     0
2021 03 22 03    85  -104 10209   120    20 -9999 -9999     0
2021 03 22 06   126   -91 10184    70    30 -9999 -9999     0
2021 03 22 09   140   -93 10158    50    20 -9999 -9999     0
2021 03 22 12   139  -100 10154    70    30 -9999 -9999     0
2021 03 22 15   116  -100 10161    80    20 -9999 -9999     0
2021 03 22 18    90   -85 10162    30    10 -9999 -9999     0
2021 03 22 21    66   -81 10168   240    10 -9999 -9999     0
2021 03 23 00    66   -93 10161   170    20 -9999 -9999     0
2021 03 23 03    91   -76 10161    20    10 -9999 -9999     0
2021 03 23 06   140  -107 10138   120    30 -9999 -9999     0
2021 03 23 09   157  -100 10116    10    30 -9999 -9999     0
2021 03 23 12   148   -93 10137   340    20 -9999 -9999     0
2021 03 23 15   120   -74 10152     0 -9999 -9999 -9999     0
2021 03 23 18    96   -59 10144   230    10 -9999 -9999     0
2021 03 23 21    98   -78 10129   230    10 -9999 -9999     0
2021 03 24 00    95   -81 10134   220    20 -9999 -9999     0
2021 03 24 03   112   -86 10157   250    20 -9999 -9999     0
2021 03 24 06   164   -87 10147   130    10 -9999 -9999     0
2021 03 24 09   185   -70 10115   250    20 -9999 -9999     0
2021 03 24 12   173   -72 10125    10    20 -9999 -9999     0
2021 03 24 15   154   -62 10137   160    20 -9999 -9999     0
2021 03 24 18   136   -46 10118   120    10 -9999 -9999     0
2021 03 24 21   111   -34 10122     0 -9999 -9999 -9999     0
2021 03 25 00   110   -63 10133   171    20 -9999 -9999 -9999
2021 03 25 03   147   -46 10141     0 -9999 -9999 -9999     0
2021 03 25 06   199   -37 10130   360    20 -9999 -9999     0
2021 03 25 09   220   -77 10115   310    30 -9999 -9999     0
2021 03 25 12   209   -85 10115   180    10 -9999 -9999     0
2021 03 25 15   166  -101 10127   150    20 -9999 -9999     0
2021 03 25 18   144   -76 10115   180    20 -9999 -9999     0
2021 03 25 21   135   -67 10101   210    20 -9999 -9999     0
2021 03 26 00   129   -66 10102   180    20 -9999 -9999     0
2021 03 26 03   160   -69 10107    90    10 -9999 -9999     0
2021 03 26 06   208   -68 10070   120    20 -9999 -9999     0
2021 03 26 09   248  -102 10027    90    30 -9999 -9999     0
2021 03 26 12   233  -113 10024   100    30 -9999 -9999     0
2021 03 26 15   167   -77 10050   320    10 -9999 -9999     0
2021 03 26 18   148   -56 10052   270    30 -9999 -9999     0
2021 03 26 21   123   -62 10043   270    30 -9999 -9999     0
2021 03 27 00   126   -85 10060   240    20 -9999 -9999     0
2021 03 27 03   135   -72 10104   230    30 -9999 -9999     0
2021 03 27 06   216   -90 10062    60    20 -9999 -9999     0
2021 03 27 09   245   -91 10045   320    20 -9999 -9999     0
2021 03 27 12   231   -78 10030    70    20 -9999 -9999     0
2021 03 27 15   190   -74 10034   140    10 -9999 -9999     0
2021 03 27 18   155   -80 10005   180    10 -9999 -9999     0
2021 03 27 21   118   -61  9991   330    10 -9999 -9999     0
2021 03 28 00   109   -56 10013   270    30 -9999 -9999     0
2021 03 28 03   150   -54 10018   280    30 -9999 -9999     0
2021 03 28 06   205   -54  9971    60    20 -9999 -9999     0
2021 03 28 09   226   -62  9934   300    40 -9999 -9999     0
2021 03 28 12   184   -71  9956   300    50 -9999 -9999     0
2021 03 28 15   165   -59  9988   280    50 -9999 -9999     0
2021 03 28 18   143   -44  9987   270    30 -9999 -9999     0
2021 03 28 21   141   -28  9984   280    40 -9999 -9999     0
2021 03 29 00   130   -13 10009   290    30 -9999 -9999     0
2021 03 29 03   117    32 10046   240    20 -9999 -9999 -9999
2021 03 29 06   103    51 10063   250    40 -9999 -9999    20
2021 03 29 09   115    38 10068   240    40 -9999 -9999    20
2021 03 29 12   103    44 10085   150    40 -9999 -9999     0
2021 03 29 15   105    49 10097   160    20 -9999 -9999     0
2021 03 29 18   112    42 10097   280    50 -9999 -9999 -9999
2021 03 29 21   103    29 10097   240    70 -9999 -9999     0
2021 03 30 00   108   -16 10111   230    40 -9999 -9999     0
2021 03 30 03   115     0 10125   250    30 -9999 -9999     0
2021 03 30 06   135  -118 10121   310    40 -9999 -9999     0
2021 03 30 09   168  -150 10092   320    40 -9999 -9999     0
2021 03 30 12   156  -159 10101   310    20 -9999 -9999     0
2021 03 30 15   133   -86 10132   310    10 -9999 -9999     0
2021 03 30 18   130   -82 10140   240    20 -9999 -9999     0
2021 03 30 21   107  -157 10142   290    40 -9999 -9999     0
2021 03 31 00    89  -163 10158   280    30 -9999 -9999     0
2021 03 31 03   101  -154 10175   290    30 -9999 -9999     0
2021 03 31 06   126  -151 10161   320    40 -9999 -9999     0
2021 03 31 09   148  -134 10135    70    20 -9999 -9999     0
2021 03 31 12   145  -136 10143    70    20 -9999 -9999     0
2021 03 31 15   118  -125 10155   120    20 -9999 -9999     0
2021 03 31 18    99   -87 10137   140    20 -9999 -9999     0
2021 03 31 21    55   -46 10135   120    10 -9999 -9999     0
2021 04 01 00    36   -44 10147   350    10 -9999 -9999     0
2021 04 01 03    84   -77 10147   270    20 -9999 -9999     0
2021 04 01 06   142  -105 10116    90    40 -9999 -9999     0
2021 04 01 09   168  -128 10089    60    20 -9999 -9999     0
2021 04 01 12   154  -139 10100    90    30 -9999 -9999     0
2021 04 01 15    95   -12 10142    60    40 -9999 -9999     0
2021 04 01 18    82   -13 10144   360    20 -9999 -9999     0
2021 04 01 21    51     3 10154   330    40 -9999 -9999     0
2021 04 02 00    48     4 10170   310    30 -9999 -9999     0
2021 04 02 03    46    18 10205   310    30 -9999 -9999     0
2021 04 02 06    56     4 10209   300    40 -9999 -9999     0
2021 04 02 09    64    -3 10207   320    40 -9999 -9999     0
2021 04 02 12    80    -7 10209    10    20 -9999 -9999     0
2021 04 02 15    63    -2 10219   130    20 -9999 -9999     0
2021 04 02 18    35   -11 10226   350    10 -9999 -9999     0
2021 04 02 21    21   -10 10223   230    20 -9999 -9999     0
2021 04 03 00     6   -18 10221   110    10 -9999 -9999     0
2021 04 03 03    65    -7 10218    60    20 -9999 -9999     0
2021 04 03 06   117   -25 10200    80    20 -9999 -9999     0
2021 04 03 09   163   -67 10158    70    30 -9999 -9999     0
2021 04 03 12   174  -123 10136   110    30 -9999 -9999     0
2021 04 03 15   121   -84 10148   320    10 -9999 -9999     0
2021 04 03 18    77    22 10168   290    50 -9999 -9999     0
2021 04 03 21    59     7 10149   270    20 -9999 -9999     0
2021 04 04 00    35    -3 10152   160    10 -9999 -9999     0
2021 04 04 03    90   -20 10151   200    10 -9999 -9999     0
2021 04 04 06   123   -27 10137   100    30 -9999 -9999     0
2021 04 04 09   150   -54 10092    80    40 -9999 -9999     0
2021 04 04 12   160   -69 10072   100    40 -9999 -9999     0
2021 04 04 15   115   -55 10092   320    20 -9999 -9999     0
2021 04 04 18    94   -22 10133   290    20 -9999 -9999     0
2021 04 04 21    68   -16 10124   110    10 -9999 -9999     0
2021 04 05 00    69   -20 10127    50    10 -9999 -9999     0
2021 04 05 03    94   -29 10146   110    20 -9999 -9999     0
2021 04 05 06   136   -41 10133   100    30 -9999 -9999     0
2021 04 05 09   172   -66 10119   130    30 -9999 -9999     0
2021 04 05 12   171   -81 10133   120    20 -9999 -9999     0
2021 04 05 15   128   -19 10182    20    10 -9999 -9999     0
2021 04 05 18   112    -6 10191   360    30 -9999 -9999     0
2021 04 05 21    95     1 10183   320    20 -9999 -9999     0
2021 04 06 00    88     0 10190   250    20 -9999 -9999     0
2021 04 06 03    96    15 10197    30    10 -9999 -9999     0
2021 04 06 06   135    -2 10175   360    20 -9999 -9999     0
2021 04 06 09   157   -43 10164    40    20 -9999 -9999     0
2021 04 06 12   150   -29 10169   300    30 -9999 -9999     0
2021 04 06 15   132    -8 10191   310    20 -9999 -9999     0
2021 04 06 18   120   -26 10190   290    20 -9999 -9999     0
2021 04 06 21   104    -1 10165   290    40 -9999 -9999     0
2021 04 07 00    79    41 10161   290    50 -9999 -9999     0
2021 04 07 03    76    29 10176   290    50 -9999 -9999     0
2021 04 07 06    95    28 10184   300    60 -9999 -9999     0
2021 04 07 09    90    19 10209   290    50 -9999 -9999     0
2021 04 07 12   102    21 10221   280    40 -9999 -9999     0
2021 04 07 15    86    13 10240   280    20 -9999 -9999     0
2021 04 07 18    74     4 10233   240    30 -9999 -9999     0
2021 04 07 21    67     6 10238   230    20 -9999 -9999     0
2021 04 08 00    57     1 10233   210    10 -9999 -9999     0
2021 04 08 03   104     4 10223   130    10 -9999 -9999     0
2021 04 08 06   143    -9 10199   150    20 -9999 -9999     0
2021 04 08 09   167   -24 10173    90    20 -9999 -9999     0
2021 04 08 12   158   -31 10183    10    10 -9999 -9999     0
2021 04 08 15   136    -8 10191   250    40 -9999 -9999     0
2021 04 08 18   123    -2 10178   250    30 -9999 -9999     0
2021 04 08 21   108    -3 10171   260    20 -9999 -9999     0
2021 04 09 00    96     8 10181   290    30 -9999 -9999     0
2021 04 09 03   117     8 10191   290    30 -9999 -9999     0
2021 04 09 06   155     1 10177   340    20 -9999 -9999     0
2021 04 09 09   185   -36 10153    10    20 -9999 -9999     0
2021 04 09 12   175   -51 10156    10    10 -9999 -9999     0
2021 04 09 15   142   -22 10176   150    10 -9999 -9999     0
2021 04 09 18   123     1 10176   280    20 -9999 -9999     0
2021 04 09 21    92    -7 10169   210    10 -9999 -9999     0
2021 04 10 00    66    -4 10183   240    10 -9999 -9999     0
2021 04 10 03   140    -8 10178    50    10 -9999 -9999     0
2021 04 10 06   187   -41 10157    20    20 -9999 -9999     0
2021 04 10 09   213   -92 10136    40    20 -9999 -9999     0
2021 04 10 12   209   -96 10143    10    20 -9999 -9999     0
2021 04 10 15   151   -77 10150   140    10 -9999 -9999     0
2021 04 10 18   141   -99 10132   180    20 -9999 -9999     0
2021 04 10 21    86   -56 10126   300    10 -9999 -9999     0
2021 04 11 00    79   -55 10130   200    10 -9999 -9999     0
2021 04 11 03   149   -39 10135   340    20 -9999 -9999     0
2021 04 11 06   202   -81 10127   330    30 -9999 -9999     0
2021 04 11 09   226   -82 10114    20    30 -9999 -9999     0
2021 04 11 12   219   -99 10117    30    20 -9999 -9999     0
2021 04 11 15   177  -101 10129    90    10 -9999 -9999     0
2021 04 11 18   155  -110 10119   130    20 -9999 -9999     0
2021 04 11 21   120   -91 10117   180    10 -9999 -9999     0
2021 04 12 00    87   -71 10130   210    10 -9999 -9999     0
2021 04 12 03   163   -61 10136   300    10 -9999 -9999     0
2021 04 12 06   222   -96 10123   100    50 -9999 -9999     0
2021 04 12 09   245   -79 10102    60    40 -9999 -9999     0
2021 04 12 12   238   -96 10114    90    30 -9999 -9999     0
2021 04 12 15   177   -55 10128    70    10 -9999 -9999     0
2021 04 12 18   164   -95 10117   150    20 -9999 -9999     0
2021 04 12 21   112   -57 10115   150    10 -9999 -9999     0
2021 04 13 00   113   -52 10132   270    30 -9999 -9999     0
2021 04 13 03   129   -66 10178   300    40 -9999 -9999     0
2021 04 13 06   179   -60 10160   320    50 -9999 -9999     0
2021 04 13 09   210   -50 10135   340    30 -9999 -9999     0
2021 04 13 12   198   -52 10123   290    20 -9999 -9999     0
2021 04 13 15   176   -38 10141   270    30 -9999 -9999     0
2021 04 13 18   170   -32 10144   290    40 -9999 -9999     0
2021 04 13 21   158   -17 10152   290    30 -9999 -9999     0
2021 04 14 00   144     6 10154   160    10 -9999 -9999     0
2021 04 14 03   166     3 10166   300    20 -9999 -9999     0
2021 04 14 06   200    -6 10150    30    20 -9999 -9999     0
2021 04 14 09   228   -13 10116    30    10 -9999 -9999     0
2021 04 14 12   219   -21 10105    80    20 -9999 -9999     0
2021 04 14 15   187     3 10116   290    10 -9999 -9999     0
2021 04 14 18   168    -4 10113   270    10 -9999 -9999     0
2021 04 14 21   142    18 10102     0 -9999 -9999 -9999     0
2021 04 15 00   126     0 10115   260    20 -9999 -9999     0
2021 04 15 03   161     2 10125   300    20 -9999 -9999     0
2021 04 15 06   211     3 10099    60    20 -9999 -9999     0
2021 04 15 09   237   -36 10061    80    30 -9999 -9999     0
2021 04 15 12   232   -58 10065    70    30 -9999 -9999     0
2021 04 15 15   190   -58 10084    50    10 -9999 -9999     0
2021 04 15 18   160   -57 10087   100    10 -9999 -9999     0
2021 04 15 21   155   -34 10081   250    20 -9999 -9999     0
2021 04 16 00   149    -8 10100   310    10 -9999 -9999     0
2021 04 16 03   168     5 10125   280    30 -9999 -9999     0
2021 04 16 06   208     6 10119   340    40 -9999 -9999     0
2021 04 16 09   233   -23 10092   130    20 -9999 -9999     0
2021 04 16 12   224   -31 10093   280    20 -9999 -9999     0
2021 04 16 15   200   -17 10112    20    20 -9999 -9999     0
2021 04 16 18   172   -66 10098     0 -9999 -9999 -9999     0
2021 04 16 21   142   -84 10090   140    10 -9999 -9999     0
2021 04 17 00   135    -2 10105   230    20 -9999 -9999     0
2021 04 17 03   163   -22 10112   300    20 -9999 -9999     0
2021 04 17 06   201     0 10100   340    20 -9999 -9999     0
2021 04 17 09   227   -81 10079   200    20 -9999 -9999     0
2021 04 17 12   213   -73 10088   250    30 -9999 -9999     0
2021 04 17 15   181     7 10107   280    20 -9999 -9999     0
2021 04 17 18   162    11 10098   300    10 -9999 -9999     0
2021 04 17 21   140    20 10086   280    10 -9999 -9999     0
2021 04 18 00   139     2 10090   240    20 -9999 -9999     0
2021 04 18 03   169    21 10098   280    20 -9999 -9999     0
2021 04 18 06   214     0 10079   300    30 -9999 -9999     0
2021 04 18 09   236   -64 10051   130    20 -9999 -9999     0
2021 04 18 12   224   -74 10047   120    20 -9999 -9999     0
2021 04 18 15   196   -54 10061   330    20 -9999 -9999     0
2021 04 18 18   186   -48 10062   320    20 -9999 -9999     0
2021 04 18 21   148    36 10084   310    70 -9999 -9999     0
2021 04 19 00   136    39 10110   280    50 -9999 -9999     0
2021 04 19 03   131    32 10131   270    30 -9999 -9999     0
2021 04 19 06   180    15 10110   290    30 -9999 -9999     0
2021 04 19 09   203    17 10087   240    20 -9999 -9999     0
2021 04 19 12   199     4 10083   350    20 -9999 -9999     0
2021 04 19 15   171    11 10099   150    20 -9999 -9999     0
2021 04 19 18   152    10 10084   130    20 -9999 -9999     0
2021 04 19 21   132     2 10073    20    10 -9999 -9999     0
2021 04 20 00    89     1 10088   180    10 -9999 -9999     0
2021 04 20 03   199   -37 10064   130    20 -9999 -9999     0
2021 04 20 06   229   -60 10041    90    40 -9999 -9999     0
2021 04 20 09   257   -95 10003    70    30 -9999 -9999     0
2021 04 20 12   248  -117 10013    70    20 -9999 -9999     0
2021 04 20 15   194   -79 10004    20    10 -9999 -9999     0
2021 04 20 18   153   -51  9992   310    10 -9999 -9999     0
2021 04 20 21   145   -38  9977   160    10 -9999 -9999     0
