2021 01 01 00  -213  -268 10432   319     7 -9999 -9999 -9999
2021 01 01 03  -181  -264 10443   310    10 -9999 -9999     0
2021 01 01 06  -116  -254 10380   210    10 -9999 -9999     0
2021 01 01 09   -75  -246 10347   190    10 -9999 -9999     0
2021 01 01 12  -124  -257 10400    43     4 -9999 -9999 -9999
2021 01 01 15  -155  -272 10405   278     3 -9999 -9999 -9999
2021 01 01 18  -180  -271 10368    60    10 -9999 -9999     0
2021 01 01 21  -208  -285 10373   360    20 -9999 -9999     0
2021 01 02 00  -203  -274 10418   330    10 -9999 -9999     0
2021 01 02 03  -180  -282 10448   222    25 -9999 -9999 -9999
2021 01 02 06   -78  -274 10377   200    30 -9999 -9999     0
2021 01 02 09   -50  -285 10373   143    19 -9999 -9999 -9999
2021 01 02 12   -77  -299 10403   320    50 -9999 -9999     0
2021 01 02 15  -112  -292 10408   140    30 -9999 -9999     0
2021 01 02 18  -162  -291 10370    20    10 -9999 -9999     0
2021 01 02 21  -168  -303 10346    70    10 -9999 -9999     0
2021 01 03 00  -204  -305 10385   149     3 -9999 -9999 -9999
2021 01 03 03  -163  -285 10394   250    10 -9999 -9999     0
2021 01 03 06   -87  -289 10359   225     9 -9999 -9999 -9999
2021 01 03 09   -53  -303 10331   190    20 -9999 -9999     0
2021 01 03 12   -82  -318 10380    40    26 -9999 -9999 -9999
2021 01 03 15  -118  -320 10383    90    10 -9999 -9999     0
2021 01 03 18  -156  -321 10359   360    10 -9999 -9999     0
2021 01 03 21  -175  -328 10349     0 -9999 -9999 -9999     0
2021 01 04 00  -157  -331 10362     0 -9999 -9999 -9999     0
2021 01 04 03  -145  -311 10399   253     9 -9999 -9999 -9999
2021 01 04 06   -56  -315 10345   230    20 -9999 -9999     0
2021 01 04 09   -17  -305 10325   175    10 -9999 -9999 -9999
2021 01 04 12   -61  -286 10358    90    20 -9999 -9999     0
2021 01 04 15   -87  -308 10388   200     9 -9999 -9999 -9999
2021 01 04 18  -114  -310 10346   125    24 -9999 -9999 -9999
2021 01 04 21  -145  -307 10344   133    14 -9999 -9999 -9999
2021 01 05 00  -157  -321 10384   263    11 -9999 -9999 -9999
2021 01 05 03  -121  -300 10391   230    10 -9999 -9999     0
2021 01 05 06   -52  -287 10332   197    18 -9999 -9999 -9999
2021 01 05 09   -17  -305 10304   205    22 -9999 -9999 -9999
2021 01 05 12   -62  -303 10343    55    19 -9999 -9999 -9999
2021 01 05 15  -111  -302 10345    50    10 -9999 -9999     0
2021 01 05 18  -137  -304 10310    70    10 -9999 -9999     0
2021 01 05 21  -155  -307 10289   140    10 -9999 -9999     0
2021 01 06 00  -174  -312 10335    78    16 -9999 -9999 -9999
2021 01 06 03  -137  -309 10346   264     6 -9999 -9999 -9999
2021 01 06 06   -86  -276 10308   250    20 -9999 -9999     0
2021 01 06 09   -57  -276 10281   246     9 -9999 -9999 -9999
2021 01 06 12   -95  -283 10327   280     6 -9999 -9999 -9999
2021 01 06 15  -112  -283 10319   200    10 -9999 -9999     0
2021 01 06 18  -117  -270 10286   140    10 -9999 -9999     0
2021 01 06 21   -97  -290 10256    80    10 -9999 -9999     0
2021 01 07 00  -140  -259 10322     0 -9999 -9999 -9999     0
2021 01 07 03  -120  -285 10349   150    10 -9999 -9999     0
2021 01 07 06   -48  -249 10290   180    30 -9999 -9999     0
2021 01 07 09   -17  -217 10242   190    30 -9999 -9999     0
2021 01 07 12   -56  -250 10310    40    20 -9999 -9999     0
2021 01 07 15  -100  -247 10326   235    14 -9999 -9999 -9999
2021 01 07 18  -131  -244 10295   100    10 -9999 -9999     0
2021 01 07 21  -142  -247 10263   113    10 -9999 -9999 -9999
2021 01 08 00  -169  -251 10306   342     4 -9999 -9999 -9999
2021 01 08 03  -138  -242 10332   290    10 -9999 -9999     0
2021 01 08 06   -73  -254 10277   220    10 -9999 -9999     0
2021 01 08 09   -45  -273 10242   210    20 -9999 -9999     0
2021 01 08 12   -78  -269 10296    60    10 -9999 -9999     0
2021 01 08 15   -96  -255 10281     0 -9999 -9999 -9999     0
2021 01 08 18   -98  -249 10245    10    20 -9999 -9999     0
2021 01 08 21  -118  -221 10241   130    40 -9999 -9999     0
2021 01 09 00  -121  -227 10282    20    10 -9999 -9999     0
2021 01 09 03   -92  -187 10302   160    30 -9999 -9999     0
2021 01 09 06   -27  -175 10248   130    10 -9999 -9999     0
2021 01 09 09   -37  -218 10257   313    79 -9999 -9999 -9999
2021 01 09 12   -88  -218 10320   280    20 -9999 -9999     0
2021 01 09 15  -122  -252 10339   130    30 -9999 -9999     0
2021 01 09 18  -124  -303 10311   231    15 -9999 -9999 -9999
2021 01 09 21  -148  -328 10358   350    20 -9999 -9999     0
2021 01 10 00  -140  -351 10402   280    50 -9999 -9999     0
2021 01 10 03  -124  -345 10448   250    60 -9999 -9999     0
2021 01 10 06   -79  -378 10417   290    80 -9999 -9999     0
2021 01 10 09   -66  -384 10426   320    70 -9999 -9999     0
2021 01 10 12  -110  -389 10471     0 -9999 -9999 -9999     0
2021 01 10 15  -138  -356 10502    70    20 -9999 -9999     0
2021 01 10 18  -194  -359 10514   244     3 -9999 -9999 -9999
2021 01 10 21  -190  -341 10496   100    10 -9999 -9999     0
2021 01 11 00  -223  -308 10564    25     7 -9999 -9999 -9999
2021 01 11 03  -174  -319 10563   210    10 -9999 -9999     0
2021 01 11 06  -121  -328 10547   220    10 -9999 -9999     0
2021 01 11 09   -79  -316 10481   270    10 -9999 -9999     0
2021 01 11 12  -112  -309 10522    63    20 -9999 -9999 -9999
2021 01 11 15  -150  -315 10508   180    20 -9999 -9999     0
2021 01 11 18  -189  -306 10482   120    10 -9999 -9999     0
2021 01 11 21  -218  -329 10458   270    10 -9999 -9999     0
2021 01 12 00  -220  -323 10475   117     8 -9999 -9999 -9999
2021 01 12 03  -199  -319 10505   227    19 -9999 -9999 -9999
2021 01 12 06  -139  -293 10474   230    20 -9999 -9999     0
2021 01 12 09  -101  -288 10448   220    10 -9999 -9999     0
2021 01 12 12  -127  -291 10470    10    20 -9999 -9999     0
2021 01 12 15  -149  -298 10478   340    10 -9999 -9999     0
2021 01 12 18  -175  -314 10450    96    17 -9999 -9999 -9999
2021 01 12 21  -199  -327 10431   330    10 -9999 -9999     0
2021 01 13 00  -212  -315 10447   147     5 -9999 -9999 -9999
2021 01 13 03  -170  -305 10439    20    10 -9999 -9999     0
2021 01 13 06   -95  -283 10379   280     7 -9999 -9999 -9999
2021 01 13 09   -55  -289 10335   355     3 -9999 -9999 -9999
2021 01 13 12   -80  -288 10367     0 -9999 -9999 -9999     0
2021 01 13 15   -95  -279 10337   141    17 -9999 -9999 -9999
2021 01 13 18  -114  -267 10293    76     9 -9999 -9999 -9999
2021 01 13 21   -57  -235 10209   360    10 -9999 -9999     0
2021 01 14 00   -70  -164 10235   130    10 -9999 -9999     0
2021 01 14 03   -29  -129 10233   290    80 -9999 -9999     0
2021 01 14 06    -4  -185 10230   280    90 -9999 -9999     0
2021 01 14 09    11  -183 10177   280    80 -9999 -9999     0
2021 01 14 12   -19  -172 10219   286    57 -9999 -9999 -9999
2021 01 14 15   -41  -148 10222   290    80 -9999 -9999     0
2021 01 14 18   -39  -146 10205   280    70 -9999 -9999     0
2021 01 14 21   -65  -145 10207   340    20 -9999 -9999     0
2021 01 15 00   -65  -150 10223   246    18 -9999 -9999 -9999
2021 01 15 03   -60  -145 10249   310    10 -9999 -9999     0
2021 01 15 06    10  -156 10188   289   109 -9999 -9999 -9999
2021 01 15 09    11  -158 10191   285   103 -9999 -9999 -9999
2021 01 15 12   -33  -153 10238   320    40 -9999 -9999     0
2021 01 15 15   -58  -161 10255   240    10 -9999 -9999     0
2021 01 15 18   -67  -149 10214   125    24 -9999 -9999 -9999
2021 01 15 21   -77  -137 10231   120    20 -9999 -9999     0
2021 01 16 00   -75  -129 10278   120    30 -9999 -9999     0
2021 01 16 03   -77  -193 10368   315    34 -9999 -9999     1
2021 01 16 06   -47  -189 10374   240    20 -9999 -9999     1
2021 01 16 09   -40  -255 10395    19    19 -9999 -9999 -9999
2021 01 16 12   -76  -215 10441    70    10 -9999 -9999     0
2021 01 16 15  -113  -222 10478   130    10 -9999 -9999     0
2021 01 16 18  -147  -235 10474    53    14 -9999 -9999 -9999
2021 01 16 21  -175  -244 10484     0 -9999 -9999 -9999     0
2021 01 17 00  -196  -252 10520    50    10 -9999 -9999     0
2021 01 17 03  -155  -240 10524   130     9 -9999 -9999 -9999
2021 01 17 06   -97  -226 10482   230    20 -9999 -9999     0
2021 01 17 09   -57  -217 10435   160    30 -9999 -9999     0
2021 01 17 12  -112  -262 10495    51    24 -9999 -9999 -9999
2021 01 17 15  -141  -237 10475   210    10 -9999 -9999     0
2021 01 17 18  -175  -240 10437    30    10 -9999 -9999     0
2021 01 17 21  -195  -260 10392   252     8 -9999 -9999 -9999
2021 01 18 00  -217  -263 10430   360     0 -9999 -9999 -9999
2021 01 18 03  -183  -249 10420   250    10 -9999 -9999     0
2021 01 18 06  -120  -234 10363   190    10 -9999 -9999     0
2021 01 18 09   -95  -221 10338   210    20 -9999 -9999     0
2021 01 18 12  -114  -232 10371   258     3 -9999 -9999 -9999
2021 01 18 15  -125  -230 10352   100    10 -9999 -9999     0
2021 01 18 18  -150  -233 10317    10    10 -9999 -9999     0
2021 01 18 21  -179  -246 10317   268     6 -9999 -9999 -9999
2021 01 19 00  -189  -253 10347    60    10 -9999 -9999     0
2021 01 19 03  -154  -235 10348   209     6 -9999 -9999 -9999
2021 01 19 06   -87  -229 10311   266     8 -9999 -9999 -9999
2021 01 19 09   -49  -206 10293   195    13 -9999 -9999 -9999
2021 01 19 12   -78  -224 10334    30    10 -9999 -9999     0
2021 01 19 15   -99  -231 10329    80    10 -9999 -9999 -9999
2021 01 19 18  -110  -238 10291     0 -9999 -9999 -9999     0
2021 01 19 21  -110  -257 10263    10    11 -9999 -9999 -9999
2021 01 20 00  -139  -228 10312    30    20 -9999 -9999     0
2021 01 20 03   -80  -234 10303   116     5 -9999 -9999 -9999
2021 01 20 06   -31  -213 10269   220    10 -9999 -9999     0
2021 01 20 09   -12  -193 10244   194    13 -9999 -9999 -9999
2021 01 20 12   -35  -207 10304   110    20 -9999 -9999     0
2021 01 20 15   -43  -185 10288   190    10 -9999 -9999     0
2021 01 20 18   -59  -139 10272   133    13 -9999 -9999 -9999
2021 01 20 21   -86  -187 10278   120    20 -9999 -9999     0
2021 01 21 00  -101  -190 10320   180    10 -9999 -9999     0
2021 01 21 03   -91  -197 10331     0 -9999 -9999 -9999     0
2021 01 21 06   -28  -192 10277    80    10 -9999 -9999     0
2021 01 21 09    -9  -194 10250   340    10 -9999 -9999     0
2021 01 21 12   -38  -167 10281    30    10 -9999 -9999     0
2021 01 21 15   -68  -184 10274    80    20 -9999 -9999     0
2021 01 21 18  -120  -194 10245    90    20 -9999 -9999     0
2021 01 21 21  -146  -201 10237   110    10 -9999 -9999     0
2021 01 22 00  -169  -214 10269    35     9 -9999 -9999 -9999
2021 01 22 03  -134  -199 10275   180    20 -9999 -9999     0
2021 01 22 06   -61  -198 10239   210    10 -9999 -9999     0
2021 01 22 09   -45  -177 10221   232    23 -9999 -9999 -9999
2021 01 22 12   -57  -194 10239    53    22 -9999 -9999 -9999
2021 01 22 15   -95  -200 10242   242    20 -9999 -9999 -9999
2021 01 22 18  -124  -207 10208    25    16 -9999 -9999 -9999
2021 01 22 21  -129  -219 10185   324     6 -9999 -9999 -9999
2021 01 23 00  -137  -210 10193   360    10 -9999 -9999     0
2021 01 23 03  -114  -207 10203   290    10 -9999 -9999     0
2021 01 23 06   -66  -192 10171   240    10 -9999 -9999     0
2021 01 23 09   -31  -190 10143   220    20 -9999 -9999     0
2021 01 23 12   -52  -193 10195    60    10 -9999 -9999     0
2021 01 23 15   -67  -203 10210   290    40 -9999 -9999     0
2021 01 23 18   -87  -208 10199   260    20 -9999 -9999     0
2021 01 23 21   -94  -205 10190    40    11 -9999 -9999 -9999
2021 01 24 00   -99  -207 10231    80    30 -9999 -9999     0
2021 01 24 03   -92  -180 10271   250    20 -9999 -9999     0
2021 01 24 06   -36  -233 10252   270    70 -9999 -9999     0
2021 01 24 09   -27  -245 10259   286    74 -9999 -9999 -9999
2021 01 24 12   -81  -247 10338   320    40 -9999 -9999     0
2021 01 24 15  -125  -206 10381   120    30 -9999 -9999     0
2021 01 24 18  -139  -228 10343   120    10 -9999 -9999     0
2021 01 24 21  -158  -239 10344   100    10 -9999 -9999     0
2021 01 25 00  -182  -246 10398   100    10 -9999 -9999     0
2021 01 25 03  -155  -213 10421   180    10 -9999 -9999     0
2021 01 25 06   -97  -224 10373   223    19 -9999 -9999 -9999
2021 01 25 09   -60  -248 10333   210    20 -9999 -9999     0
2021 01 25 12   -77  -248 10367    90    10 -9999 -9999     0
2021 01 25 15  -127  -267 10386   350    20 -9999 -9999     0
2021 01 25 18  -155  -272 10354   218     3 -9999 -9999 -9999
2021 01 25 21  -167  -256 10338    80    10 -9999 -9999     0
2021 01 26 00  -162  -278 10347    48    19 -9999 -9999 -9999
2021 01 26 03  -138  -270 10382   150    10 -9999 -9999     0
2021 01 26 06   -92  -275 10353   232    15 -9999 -9999 -9999
2021 01 26 09   -49  -262 10314   202    24 -9999 -9999 -9999
2021 01 26 12   -62  -273 10338   278    19 -9999 -9999 -9999
2021 01 26 15   -95  -268 10362   110    20 -9999 -9999     0
2021 01 26 18  -117  -251 10354   149    21 -9999 -9999 -9999
2021 01 26 21  -153  -270 10361   110    10 -9999 -9999     0
2021 01 27 00  -153  -273 10385    80    20 -9999 -9999     0
2021 01 27 03  -153  -280 10432   320    10 -9999 -9999     0
2021 01 27 06   -78  -263 10381   190    20 -9999 -9999     0
2021 01 27 09   -40  -276 10360   200    20 -9999 -9999     0
2021 01 27 12   -78  -293 10389    60    10 -9999 -9999     0
2021 01 27 15  -108  -270 10412     0 -9999 -9999 -9999     0
2021 01 27 18  -142  -226 10381   130    20 -9999 -9999     0
2021 01 27 21  -156  -264 10366   180    10 -9999 -9999     0
2021 01 28 00  -184  -301 10415   131    14 -9999 -9999 -9999
2021 01 28 03  -152  -286 10421   310     7 -9999 -9999 -9999
2021 01 28 06   -89  -268 10383   260    20 -9999 -9999     0
2021 01 28 09   -52  -241 10338   190    20 -9999 -9999     0
2021 01 28 12   -87  -256 10391   360     2 -9999 -9999 -9999
2021 01 28 15  -106  -273 10388    90    10 -9999 -9999     0
2021 01 28 18  -155  -285 10372   360     0 -9999 -9999 -9999
2021 01 28 21  -175  -290 10362    20    10 -9999 -9999     0
2021 01 29 00  -182  -285 10394   124    12 -9999 -9999 -9999
2021 01 29 03  -132  -283 10390   216     6 -9999 -9999 -9999
2021 01 29 06   -85  -265 10379   232    21 -9999 -9999 -9999
2021 01 29 09   -35  -281 10337   215    13 -9999 -9999 -9999
2021 01 29 12   -80  -282 10386    10    10 -9999 -9999     0
2021 01 29 15  -100  -293 10372   107    13 -9999 -9999 -9999
2021 01 29 18  -152  -304 10375     0 -9999 -9999 -9999     0
2021 01 29 21  -157  -283 10339    60    10 -9999 -9999     0
2021 01 30 00  -197  -279 10407   170    20 -9999 -9999     0
2021 01 30 03  -145  -273 10395   210    20 -9999 -9999     0
2021 01 30 06   -87  -288 10376   160    10 -9999 -9999     0
2021 01 30 09   -37  -274 10318   183    16 -9999 -9999 -9999
2021 01 30 12   -65  -289 10383    80    20 -9999 -9999     0
2021 01 30 15  -106  -292 10394   220    10 -9999 -9999     0
2021 01 30 18  -142  -281 10380   108    18 -9999 -9999 -9999
2021 01 30 21  -171  -302 10357    70    10 -9999 -9999     0
2021 01 31 00  -190  -285 10394    40    10 -9999 -9999     0
2021 01 31 03  -157  -291 10410   207    12 -9999 -9999 -9999
2021 01 31 06   -86  -299 10367   170    20 -9999 -9999     0
2021 01 31 09   -34  -307 10327   190    20 -9999 -9999     0
2021 01 31 12   -69  -316 10373    30    20 -9999 -9999     0
2021 01 31 15   -97  -315 10379    60    20 -9999 -9999     0
2021 01 31 18  -149  -286 10362    80    10 -9999 -9999     0
2021 01 31 21  -185  -315 10346    70    10 -9999 -9999     0
2021 02 01 00  -193  -306 10381    83    13 -9999 -9999 -9999
2021 02 01 03  -168  -318 10404   250    10 -9999 -9999     0
2021 02 01 06   -81  -317 10367   270    20 -9999 -9999     0
2021 02 01 09   -45  -306 10356   240    20 -9999 -9999     0
2021 02 01 12   -73  -296 10391   340    10 -9999 -9999     0
2021 02 01 15  -120  -310 10422   360     2 -9999 -9999 -9999
2021 02 01 18  -152  -317 10389   360     2 -9999 -9999 -9999
2021 02 01 21  -180  -302 10380    25     8 -9999 -9999 -9999
2021 02 02 00  -179  -275 10402    88    13 -9999 -9999 -9999
2021 02 02 03  -151  -271 10434   180    10 -9999 -9999     0
2021 02 02 06   -65  -283 10381   251    11 -9999 -9999 -9999
2021 02 02 09   -51  -271 10377   230    20 -9999 -9999     0
2021 02 02 12   -64  -275 10391   356    15 -9999 -9999 -9999
2021 02 02 15   -91  -265 10393     0 -9999 -9999 -9999     0
2021 02 02 18  -104  -271 10333   104    17 -9999 -9999 -9999
2021 02 02 21  -104  -267 10325   150    10 -9999 -9999     0
2021 02 03 00   -99  -258 10331   120    10 -9999 -9999     0
2021 02 03 03  -110  -248 10376     0 -9999 -9999 -9999     0
2021 02 03 06   -30  -247 10315   270    10 -9999 -9999     0
2021 02 03 09     3  -219 10272   210    20 -9999 -9999     0
2021 02 03 12   -20  -226 10301    80    20 -9999 -9999     0
2021 02 03 15   -59  -232 10349   140    20 -9999 -9999     0
2021 02 03 18   -72  -208 10301   110    37 -9999 -9999 -9999
2021 02 03 21  -101  -217 10306    80    20 -9999 -9999     0
2021 02 04 00  -135  -204 10360   126    19 -9999 -9999 -9999
2021 02 04 03   -95  -195 10381   200    20 -9999 -9999     0
2021 02 04 06   -20  -260 10324   255    56 -9999 -9999 -9999
2021 02 04 09     7  -329 10305   262    65 -9999 -9999 -9999
2021 02 04 12   -35  -251 10362   120    20 -9999 -9999     0
2021 02 04 15   -59  -258 10356    59    17 -9999 -9999 -9999
2021 02 04 18  -123  -271 10341   180    10 -9999 -9999     0
2021 02 04 21  -140  -262 10328    70    10 -9999 -9999     0
2021 02 05 00  -181  -260 10387   200    10 -9999 -9999     0
2021 02 05 03  -141  -248 10383   220    10 -9999 -9999     0
2021 02 05 06   -60  -254 10346   180    20 -9999 -9999     0
2021 02 05 09   -27  -244 10304   239    19 -9999 -9999 -9999
2021 02 05 12   -60  -248 10360    60    30 -9999 -9999     0
2021 02 05 15  -110  -257 10377   304    12 -9999 -9999 -9999
2021 02 05 18  -133  -269 10334    40    10 -9999 -9999     0
2021 02 05 21  -168  -272 10329    90    20 -9999 -9999     0
2021 02 06 00  -170  -257 10361    76    14 -9999 -9999 -9999
2021 02 06 03  -146  -267 10396   200    20 -9999 -9999     0
2021 02 06 06   -65  -282 10341   311    13 -9999 -9999 -9999
2021 02 06 09   -14  -281 10306   260    10 -9999 -9999     0
2021 02 06 12   -51  -264 10347   100    10 -9999 -9999     0
2021 02 06 15   -84  -285 10370   120    20 -9999 -9999     0
2021 02 06 18  -123  -297 10347    50    10 -9999 -9999     0
2021 02 06 21  -152  -221 10335   184    16 -9999 -9999 -9999
2021 02 07 00  -164  -289 10373    80    20 -9999 -9999     0
2021 02 07 03  -124  -288 10399   220    10 -9999 -9999     0
2021 02 07 06   -26  -281 10350   150    10 -9999 -9999     0
2021 02 07 09    28  -270 10310   190    20 -9999 -9999     0
2021 02 07 12    -2  -282 10346    90    20 -9999 -9999     0
2021 02 07 15   -42  -278 10352   310    10 -9999 -9999     0
2021 02 07 18   -68  -285 10307   310    10 -9999 -9999     0
2021 02 07 21   -97  -290 10283   110    10 -9999 -9999     0
2021 02 08 00  -107  -279 10315    33    19 -9999 -9999 -9999
2021 02 08 03   -53  -266 10324     0 -9999 -9999 -9999     0
2021 02 08 06    11  -235 10278   190    20 -9999 -9999     0
2021 02 08 09    52  -210 10236     0 -9999 -9999 -9999     0
2021 02 08 12    17  -247 10266    50    40 -9999 -9999     0
2021 02 08 15     2  -213 10248   297    20 -9999 -9999 -9999
2021 02 08 18   -50  -225 10232   107    12 -9999 -9999 -9999
2021 02 08 21   -70  -220 10209    48    21 -9999 -9999 -9999
2021 02 09 00  -105  -231 10254   256    11 -9999 -9999 -9999
2021 02 09 03   -42  -228 10234   220    10 -9999 -9999     0
2021 02 09 06    13  -198 10214   240    20 -9999 -9999     0
2021 02 09 12    15  -241 10225    54    27 -9999 -9999 -9999
2021 02 09 15   -30  -207 10226   110    20 -9999 -9999     0
2021 02 09 18   -34  -232 10185    80    20 -9999 -9999     0
2021 02 09 21   -83  -211 10195   330    10 -9999 -9999     0
2021 02 10 00   -76  -234 10214    80    10 -9999 -9999     0
2021 02 10 03   -20  -209 10223    43     4 -9999 -9999 -9999
2021 02 10 06    36  -167 10177   260    20 -9999 -9999     0
2021 02 10 09    71  -204 10175   300    80 -9999 -9999     0
2021 02 11 00   -79  -180 10224   130    10 -9999 -9999     0
2021 02 13 12    -2  -223 10246    22    17 -9999 -9999 -9999
2021 02 13 15   -39  -236 10246    40    10 -9999 -9999     0
2021 02 13 18   -48  -223 10201    60    10 -9999 -9999     0
2021 02 13 21   -89  -237 10194    90    20 -9999 -9999     0
2021 02 14 00  -120  -261 10259    80    20 -9999 -9999     0
2021 02 14 03   -67  -249 10275   347    13 -9999 -9999 -9999
2021 02 14 06   -14  -240 10243   220    20 -9999 -9999     0
2021 02 14 09    30  -257 10220   200    10 -9999 -9999     0
2021 02 14 12    14  -269 10257    60    30 -9999 -9999     0
2021 02 14 15   -19  -213 10267   250    10 -9999 -9999     0
2021 02 14 18   -42  -209 10246   108    17 -9999 -9999 -9999
2021 02 14 21   -53  -210 10221   150    20 -9999 -9999     0
2021 02 15 00   -80  -211 10255    44     7 -9999 -9999 -9999
2021 02 15 03   -41  -217 10271   180    20 -9999 -9999     0
2021 02 15 06     8  -191 10243   240    40 -9999 -9999     0
2021 02 15 09     6  -177 10234   320    70 -9999 -9999     0
2021 02 15 12   -15  -147 10280    83    27 -9999 -9999 -9999
2021 02 15 15   -31  -161 10282    40    20 -9999 -9999     0
2021 02 15 18   -58  -146 10265   120    10 -9999 -9999     0
2021 02 15 21   -93  -152 10291   130    10 -9999 -9999     0
2021 02 16 00  -108  -155 10324    70    10 -9999 -9999     0
2021 02 16 03   -76  -134 10329   130    10 -9999 -9999     0
2021 02 16 06   -18  -163 10294   210    20 -9999 -9999     0
2021 02 16 09     0  -168 10288   280    30 -9999 -9999     0
2021 02 16 12   -25  -163 10332   335    18 -9999 -9999 -9999
2021 02 16 15   -65  -220 10356    20    10 -9999 -9999     0
2021 02 16 18   -98  -178 10340   140    10 -9999 -9999     0
2021 02 16 21  -114  -182 10337    90    10 -9999 -9999     0
2021 02 17 00  -132  -191 10376   150    10 -9999 -9999     0
2021 02 17 03  -102  -182 10401   180    20 -9999 -9999     0
2021 02 17 06   -42  -218 10365   230    20 -9999 -9999     0
2021 02 17 09    12  -271 10313   243    18 -9999 -9999 -9999
2021 02 17 12   -23  -247 10357    90    10 -9999 -9999     0
2021 02 17 15   -57  -235 10371    60    16 -9999 -9999 -9999
2021 02 17 18  -119  -256 10374    90    10 -9999 -9999     0
2021 02 17 21  -121  -241 10338    80    20 -9999 -9999     0
2021 02 18 00  -140  -259 10388   160     6 -9999 -9999 -9999
2021 02 18 03  -107  -265 10412   250    10 -9999 -9999     0
2021 02 18 06   -24  -235 10387   274    19 -9999 -9999 -9999
2021 02 18 09    19  -237 10337   230    20 -9999 -9999     0
2021 02 18 12   -14  -255 10380   350    10 -9999 -9999     0
2021 02 18 15   -54  -233 10394     0 -9999 -9999 -9999     0
2021 02 18 18   -95  -250 10365    10    10 -9999 -9999     0
2021 02 18 21  -114  -252 10344    50    10 -9999 -9999     0
2021 02 19 00  -112  -287 10370    30    20 -9999 -9999     0
2021 02 19 03   -85  -275 10398   225    11 -9999 -9999 -9999
2021 02 19 06   -25  -264 10366   260    20 -9999 -9999     0
2021 02 19 09    35  -292 10302   244    14 -9999 -9999 -9999
2021 02 20 15   -37  -259 10297   122    14 -9999 -9999 -9999
2021 02 20 18   -42  -245 10269    69    10 -9999 -9999 -9999
2021 02 20 21   -84  -254 10242    16    12 -9999 -9999 -9999
2021 02 21 00   -87  -248 10273   183     3 -9999 -9999 -9999
2021 02 21 03   -57  -201 10277   252     4 -9999 -9999 -9999
2021 02 21 06     2  -249 10228   227    12 -9999 -9999 -9999
2021 02 21 12     6  -231 10247    77    12 -9999 -9999 -9999
2021 02 21 18   -35  -233 10242    54    23 -9999 -9999 -9999
2021 02 21 21   -80  -196 10251    48    18 -9999 -9999 -9999
2021 02 22 00   -99  -199 10279    86     9 -9999 -9999 -9999
2021 02 22 03   -41  -173 10265   310    10 -9999 -9999     0
2021 02 22 06    27  -154 10216   284     7 -9999 -9999 -9999
2021 02 22 09   102  -161 10146   200    20 -9999 -9999     0
2021 02 22 12    64  -192 10174    70    40 -9999 -9999     0
2021 02 22 15    34  -194 10152    50    40 -9999 -9999     0
2021 02 22 18     5  -193 10117    80    20 -9999 -9999     0
2021 02 22 21   -47  -159 10100   190    20 -9999 -9999     0
2021 02 23 00   -40  -190 10120    30    10 -9999 -9999     0
2021 02 23 03    -5  -181 10126   120    10 -9999 -9999     0
2021 02 23 06    60  -187 10078   164    12 -9999 -9999 -9999
2021 02 23 09    98  -156 10054    50    10 -9999 -9999     0
2021 02 23 12    60  -154 10078   151     6 -9999 -9999 -9999
2021 02 23 15    33  -175 10073    70    10 -9999 -9999     0
2021 02 23 18    29  -179 10031    50    30 -9999 -9999     0
2021 02 23 21   -21  -127 10054   150    20 -9999 -9999     0
2021 02 24 00   -25  -153 10100   138    36 -9999 -9999 -9999
2021 02 24 03    -2  -138 10137   161    21 -9999 -9999 -9999
2021 02 24 06    30  -142 10121   169    16 -9999 -9999 -9999
2021 02 24 09    43  -145 10124   210    20 -9999 -9999     0
2021 02 24 12    27  -159 10142   130    10 -9999 -9999     0
2021 02 24 15    -2  -146 10158    39    20 -9999 -9999 -9999
2021 02 24 18   -54  -160 10163   320    10 -9999 -9999     0
2021 02 24 21   -67  -164 10151    89    11 -9999 -9999 -9999
2021 02 25 00   -89  -172 10179     0 -9999 -9999 -9999     0
2021 02 25 03   -35  -161 10184   170    12 -9999 -9999 -9999
2021 02 25 06    20  -151 10159   164    19 -9999 -9999 -9999
2021 02 25 09    52  -172 10105   220    40 -9999 -9999     0
2021 02 25 12    47  -190 10112   150    20 -9999 -9999     0
2021 02 25 15     7  -181 10094    30    20 -9999 -9999     0
2021 02 25 18   -13  -167 10075   140    20 -9999 -9999     0
2021 02 25 21   -27  -175 10060    66    17 -9999 -9999 -9999
2021 02 26 00   -69  -185 10097    30    20 -9999 -9999     0
2021 02 26 03    -5  -181 10083   309    20 -9999 -9999 -9999
2021 02 26 06    75  -212 10005     4    26 -9999 -9999 -9999
2021 02 26 09   123  -226  9922   100    10 -9999 -9999     0
2021 02 26 12    41  -152  9985    50    80 -9999 -9999     0
2021 02 26 15    34  -181  9971    10    20 -9999 -9999     0
2021 02 26 18    -7  -161  9983   315    17 -9999 -9999 -9999
2021 02 26 21   -22  -156  9995   313    58 -9999 -9999 -9999
2021 02 27 00   -50  -134 10086   167    25 -9999 -9999 -9999
2021 02 27 03   -27  -127 10085   121    23 -9999 -9999 -9999
2021 02 27 06    25  -151 10067   260    20 -9999 -9999     0
2021 02 27 09    43  -167 10033    70    40 -9999 -9999     0
2021 02 27 12     5  -159 10078    49    70 -9999 -9999 -9999
2021 02 27 15   -17  -178 10088    50    40 -9999 -9999     0
2021 02 27 18   -22  -171 10074   330    30 -9999 -9999     0
2021 02 27 21   -42  -115 10100   274    34 -9999 -9999 -9999
2021 02 28 00   -57  -129 10176    30    50 -9999 -9999     1
2021 02 28 03   -54   -93 10230   200    40 -9999 -9999     1
2021 02 28 06    -8  -130 10214   250    30 -9999 -9999     0
2021 02 28 09     2  -165 10214   263    85 -9999 -9999 -9999
2021 02 28 12   -22  -156 10273   312    35 -9999 -9999 -9999
2021 02 28 15   -52  -174 10324   146    13 -9999 -9999 -9999
2021 02 28 18   -84  -140 10310   130    30 -9999 -9999     0
2021 02 28 21  -105  -176 10304    40    20 -9999 -9999     0
2021 03 01 00  -125  -170 10337    40    10 -9999 -9999     0
2021 03 01 03   -83  -160 10339   210    10 -9999 -9999     0
2021 03 01 06   -28  -142 10294   160    20 -9999 -9999     0
2021 03 01 09    -1  -130 10254   210    40 -9999 -9999     0
2021 03 01 12   -20  -121 10293   260    10 -9999 -9999     0
2021 03 01 15   -32  -134 10289    18    18 -9999 -9999 -9999
2021 03 01 18   -63  -158 10268   220    20 -9999 -9999     0
2021 03 01 21   -89  -161 10272   100    20 -9999 -9999     0
2021 03 02 00  -101  -203 10309    90    10 -9999 -9999     0
2021 03 02 03   -64  -178 10306   143    16 -9999 -9999 -9999
2021 03 02 06     1  -228 10267   274    14 -9999 -9999 -9999
2021 03 02 09    50  -266 10217   268    26 -9999 -9999 -9999
2021 03 02 12    17  -215 10253   137    26 -9999 -9999 -9999
2021 03 02 15   -12  -261 10239    77    22 -9999 -9999 -9999
2021 03 02 18   -48  -255 10212    60    10 -9999 -9999     0
2021 03 02 21   -75  -191 10189    70    10 -9999 -9999     0
2021 03 03 00  -107  -250 10239    15     5 -9999 -9999 -9999
2021 03 03 03   -49  -224 10225   180    10 -9999 -9999     0
2021 03 03 06    15  -224 10185   338    11 -9999 -9999 -9999
2021 03 03 09    57  -248 10136   231    15 -9999 -9999 -9999
2021 03 03 12    32  -245 10186   258    10 -9999 -9999 -9999
2021 03 03 15    11  -252 10178    96    15 -9999 -9999 -9999
2021 03 03 18   -16  -200 10152   270    20 -9999 -9999     0
2021 03 03 21   -40  -166 10137   148    18 -9999 -9999 -9999
2021 03 04 00   -70  -167 10184    53    10 -9999 -9999 -9999
2021 03 04 03   -19  -184 10178   336    24 -9999 -9999 -9999
2021 03 04 06    38  -171 10136   300    20 -9999 -9999     0
2021 03 04 09    58  -181 10106   220    30 -9999 -9999     0
2021 03 04 12    27  -193 10172   330    25 -9999 -9999 -9999
2021 03 04 15    12  -153 10170    93    18 -9999 -9999 -9999
2021 03 04 18   -15  -112 10162   128    22 -9999 -9999 -9999
2021 03 04 21   -53  -125 10177   130    20 -9999 -9999     0
2021 03 05 00   -67  -159 10218   160    10 -9999 -9999     0
2021 03 05 03   -30  -150 10235   174    22 -9999 -9999 -9999
2021 03 05 06    40  -274 10192   279    57 -9999 -9999 -9999
2021 03 05 09    50  -368 10199   320    60 -9999 -9999     0
2021 03 05 12    22  -318 10241    10    30 -9999 -9999     0
2021 03 05 15    -9  -277 10246    60    40 -9999 -9999     0
2021 03 05 18   -42  -271 10226    51    20 -9999 -9999 -9999
2021 03 05 21   -97  -275 10248   310    20 -9999 -9999     0
2021 03 06 00  -100  -243 10274    74    13 -9999 -9999 -9999
2021 03 06 03   -59  -232 10280   181    16 -9999 -9999 -9999
2021 03 06 06    -5  -226 10245   213    16 -9999 -9999 -9999
2021 03 06 09    34  -234 10223   200    10 -9999 -9999     0
2021 03 06 12    15  -231 10239   120    20 -9999 -9999     0
2021 03 06 15   -10  -244 10231    76    23 -9999 -9999 -9999
2021 03 06 18   -37  -192 10203   107    17 -9999 -9999 -9999
2021 03 06 21   -72  -239 10191    70    20 -9999 -9999     0
2021 03 07 00   -95  -225 10226   148    21 -9999 -9999 -9999
2021 03 07 03   -34  -206 10216   120    10 -9999 -9999     0
2021 03 07 06    25  -216 10179   303    10 -9999 -9999 -9999
2021 03 07 09    80  -275 10132   340    30 -9999 -9999     0
2021 03 07 12    49  -254 10169   100    10 -9999 -9999     0
2021 03 07 15    17  -266 10155    37    37 -9999 -9999 -9999
2021 03 07 18    -2  -263 10129    45    32 -9999 -9999 -9999
2021 03 07 21   -56  -275 10132     0 -9999 -9999 -9999     0
2021 03 08 00   -77  -228 10180   153    22 -9999 -9999 -9999
2021 03 08 03   -45  -236 10200   329     5 -9999 -9999 -9999
2021 03 08 06    21  -227 10151   189    13 -9999 -9999 -9999
2021 03 08 09    66  -229 10135   220    20 -9999 -9999     0
2021 03 08 12    52  -229 10180    70    20 -9999 -9999     0
2021 03 08 15    21  -211 10199    44    22 -9999 -9999 -9999
2021 03 08 18   -26  -199 10193   120    10 -9999 -9999     0
2021 03 08 21   -59  -199 10191   150    10 -9999 -9999     0
2021 03 09 00   -60  -171 10218    96    17 -9999 -9999 -9999
2021 03 09 03     5  -159 10215     5     5 -9999 -9999 -9999
2021 03 09 06    45  -159 10199   180    20 -9999 -9999     0
2021 03 09 12    60  -213 10192    60    40 -9999 -9999     0
2021 03 09 15    30  -184 10195    75    24 -9999 -9999 -9999
2021 03 09 18   -12  -183 10193    30    10 -9999 -9999     0
2021 03 09 21   -51  -200 10185    80    10 -9999 -9999     0
2021 03 10 00   -69  -205 10223   182    13 -9999 -9999 -9999
2021 03 10 03   -26  -219 10225   320    10 -9999 -9999     0
2021 03 10 06    60  -223 10175   269    26 -9999 -9999 -9999
2021 03 10 09    87  -270 10155   274    30 -9999 -9999 -9999
2021 03 10 12    61  -194 10190   160    10 -9999 -9999     0
2021 03 10 15    25  -261 10198    50    20 -9999 -9999     0
2021 03 10 18   -32  -119 10175   150    20 -9999 -9999     0
2021 03 10 21   -42  -218 10155    61    18 -9999 -9999 -9999
2021 03 11 00   -77  -240 10210   130    10 -9999 -9999 -9999
2021 03 11 03   -26  -209 10218    20    20 -9999 -9999     0
2021 03 11 06    50  -221 10183   303    16 -9999 -9999 -9999
2021 03 11 09    77  -220 10147   186    24 -9999 -9999 -9999
2021 03 11 12    55  -218 10207    81    14 -9999 -9999 -9999
2021 03 11 15    18  -237 10221    80    20 -9999 -9999     0
2021 03 11 18   -43  -229 10214   280    10 -9999 -9999     0
2021 03 11 21   -63  -246 10213     0 -9999 -9999 -9999     0
2021 03 12 00   -70  -233 10239    23    26 -9999 -9999 -9999
2021 03 12 03    -7  -227 10232   213    34 -9999 -9999 -9999
2021 03 12 06    90  -236 10189   326    23 -9999 -9999 -9999
2021 03 12 09   145  -272 10130   224    11 -9999 -9999 -9999
2021 03 12 12    96  -246 10162    80    40 -9999 -9999     0
2021 03 12 15    70  -251 10137    52    24 -9999 -9999 -9999
2021 03 12 18     7  -191 10097   151    16 -9999 -9999 -9999
2021 03 12 21   -19  -237 10077    74    23 -9999 -9999 -9999
2021 03 13 00   -46  -236 10141   270    10 -9999 -9999     0
2021 03 13 03    15  -217 10148   171    30 -9999 -9999 -9999
2021 03 13 06    82  -206 10134   267    36 -9999 -9999 -9999
2021 03 13 09   130  -259 10096   281    62 -9999 -9999 -9999
2021 03 13 12    85  -292 10158   301    45 -9999 -9999 -9999
2021 03 13 15    30  -269 10168   126    13 -9999 -9999 -9999
2021 03 13 18   -24  -263 10160   360     1 -9999 -9999 -9999
2021 03 13 21   -48  -243 10132    90    10 -9999 -9999     0
2021 03 14 00   -85  -246 10176   360     0 -9999 -9999 -9999
2021 03 14 03     1  -251 10161   281    13 -9999 -9999 -9999
2021 03 14 06    72  -213 10126   201    14 -9999 -9999 -9999
2021 03 14 09   130  -283 10058   197    18 -9999 -9999 -9999
2021 03 14 12    82  -242 10092    15    17 -9999 -9999 -9999
2021 03 14 15    55  -227 10047   100    10 -9999 -9999     0
2021 03 14 18     5  -194 10024    65    25 -9999 -9999 -9999
2021 03 14 21   -37  -229 10022    32     7 -9999 -9999 -9999
2021 03 15 00   -34  -237 10081    80    20 -9999 -9999     0
2021 03 15 03    26  -231 10105   193    15 -9999 -9999 -9999
2021 03 15 06    96  -231 10092   255    25 -9999 -9999 -9999
2021 03 15 09   112  -153 10094   280    60 -9999 -9999     0
2021 03 15 12    86  -158 10118   360    30 -9999 -9999     0
2021 03 15 15    37  -161 10127   157    13 -9999 -9999 -9999
2021 03 15 18    12  -171 10080    34    12 -9999 -9999 -9999
2021 03 15 21    17  -171 10039    46    25 -9999 -9999 -9999
2021 03 16 00   -40  -156 10090   134     8 -9999 -9999 -9999
2021 03 16 03    24  -147 10088   250    10 -9999 -9999     0
2021 03 16 06    81  -155 10052   286    19 -9999 -9999 -9999
2021 03 16 09    94  -159 10025   240    20 -9999 -9999     0
2021 03 16 12    77  -245 10096   350    40 -9999 -9999     0
2021 03 16 15    56  -248 10092    18    15 -9999 -9999 -9999
2021 03 16 18    22  -191 10079   130    10 -9999 -9999     0
2021 03 16 21   -14  -215 10083   110    20 -9999 -9999     0
2021 03 17 00   -12  -208 10100   111    14 -9999 -9999 -9999
2021 03 17 03    12  -199 10115   174    12 -9999 -9999 -9999
2021 03 17 06    67  -198 10080   330    10 -9999 -9999     0
2021 03 17 09   108  -208 10045   300    20 -9999 -9999     0
2021 03 17 12    84  -168 10070    90    20 -9999 -9999     0
2021 03 17 15    69  -151 10087   320    40 -9999 -9999     0
2021 03 17 18    45  -143 10065    40    20 -9999 -9999     0
2021 03 17 21    25  -171 10036    78    16 -9999 -9999 -9999
2021 03 18 00    11  -167 10061    45    17 -9999 -9999 -9999
2021 03 18 03    23  -157 10073   200    10 -9999 -9999     0
2021 03 18 06    85  -167 10035   140    10 -9999 -9999     0
2021 03 18 09    65  -168 10053   355    62 -9999 -9999 -9999
2021 03 18 12    21  -133 10142   310    50 -9999 -9999     0
2021 03 18 15    -5  -131 10190   333    31 -9999 -9999 -9999
2021 03 18 18   -23  -123 10166   140    20 -9999 -9999     0
2021 03 18 21   -27  -115 10180   271    23 -9999 -9999 -9999
2021 03 19 00   -42  -162 10249   302    40 -9999 -9999 -9999
2021 03 19 03   -13  -193 10261   310    60 -9999 -9999     0
2021 03 19 06    23  -184 10226   260    50 -9999 -9999     0
2021 03 19 09    37  -230 10196   301    97 -9999 -9999 -9999
2021 03 19 12     1  -221 10241   320    80 -9999 -9999     0
2021 03 19 15   -30  -223 10254   263    15 -9999 -9999 -9999
2021 03 19 18   -52  -167 10241   110    20 -9999 -9999     0
2021 03 19 21   -65  -165 10228    60    10 -9999 -9999     0
2021 03 20 00   -79  -172 10276   140    10 -9999 -9999     0
2021 03 20 03   -47  -146 10293   174    29 -9999 -9999 -9999
2021 03 20 06    15  -179 10250   272    28 -9999 -9999 -9999
2021 03 20 09    48  -282 10216   310    80 -9999 -9999     0
2021 03 20 12    22  -253 10265   294    45 -9999 -9999 -9999
2021 03 20 15   -22  -262 10290    44     9 -9999 -9999 -9999
2021 03 20 18   -59  -199 10271    40    10 -9999 -9999     0
2021 03 20 21   -77  -263 10257    35    10 -9999 -9999 -9999
2021 03 21 00  -102  -269 10294   100    17 -9999 -9999 -9999
2021 03 21 03   -37  -267 10297   214    23 -9999 -9999 -9999
2021 03 21 06    39  -289 10245   280    20 -9999 -9999     0
2021 03 21 09    90  -381 10201    10    20 -9999 -9999     0
2021 03 21 12    62  -288 10229   180    20 -9999 -9999     0
2021 03 21 15    21  -388 10228    60    26 -9999 -9999 -9999
2021 03 21 18   -32  -358 10213    70    20 -9999 -9999     0
2021 03 21 21   -93  -354 10221   110    10 -9999 -9999     0
2021 03 22 00  -111  -314 10266   200    10 -9999 -9999     0
2021 03 22 03   -42  -286 10261   175    16 -9999 -9999 -9999
2021 03 22 06    45  -284 10212   188    21 -9999 -9999 -9999
2021 03 22 09    81  -317 10197    67    50 -9999 -9999 -9999
2021 03 22 12    46  -300 10235    50    40 -9999 -9999     0
2021 03 22 15    19  -290 10220   120    20 -9999 -9999     0
2021 03 22 18    -2  -293 10172    51    22 -9999 -9999 -9999
2021 03 22 21   -42  -234 10161   268     7 -9999 -9999 -9999
2021 03 23 00   -59  -277 10193   260    10 -9999 -9999     0
2021 03 23 03     0  -244 10177   234    21 -9999 -9999 -9999
2021 03 23 06    70  -227 10119   247    24 -9999 -9999 -9999
2021 03 23 09   101  -242 10101   220    30 -9999 -9999     0
2021 03 23 12    81  -257 10137   220    10 -9999 -9999     0
2021 03 23 15    42  -272 10135    60    20 -9999 -9999     0
2021 03 23 18    -8  -267 10124   230    10 -9999 -9999     0
2021 03 23 21   -32  -243 10111   360     2 -9999 -9999 -9999
2021 03 24 00   -47  -213 10134    70    10 -9999 -9999     0
2021 03 24 03     7  -209 10126   260    14 -9999 -9999 -9999
2021 03 24 06    77  -189 10084   205    29 -9999 -9999 -9999
2021 03 24 09   120  -213 10040    56    44 -9999 -9999 -9999
2021 03 24 12    65  -162 10113    55    23 -9999 -9999 -9999
2021 03 24 15    43  -161 10117    60    10 -9999 -9999     0
2021 03 24 18    25  -161 10094   310     4 -9999 -9999 -9999
2021 03 24 21    13  -171 10084    30    10 -9999 -9999     0
2021 03 25 00    -5  -145 10151    53    15 -9999 -9999 -9999
2021 03 25 03     7   -77 10184   129    31 -9999 -9999 -9999
2021 03 25 06    71  -121 10139   280    20 -9999 -9999     0
2021 03 25 09    92  -161 10109   303    37 -9999 -9999 -9999
2021 03 25 12    47  -132 10175    20    60 -9999 -9999     0
2021 03 25 15    20  -143 10208    75    21 -9999 -9999 -9999
2021 03 25 18     3  -105 10174    70    10 -9999 -9999     0
2021 03 25 21   -22  -125 10167   300    10 -9999 -9999     0
2021 03 26 00   -20  -113 10205   170    10 -9999 -9999     0
2021 03 26 03    17   -90 10217   180    10 -9999 -9999     0
2021 03 26 06    65  -126 10173   225    31 -9999 -9999 -9999
2021 03 26 09    99  -192 10129   190    20 -9999 -9999     0
2021 03 26 12    88  -224 10128   220    20 -9999 -9999     0
2021 03 26 15    36  -252 10162    81    20 -9999 -9999 -9999
2021 03 26 18     8  -237 10143    60    10 -9999 -9999     0
2021 03 26 21   -20  -233 10116   360     2 -9999 -9999 -9999
2021 03 27 00   -33  -237 10138     0 -9999 -9999 -9999     0
2021 03 27 03    18  -214 10150   240    10 -9999 -9999     0
2021 03 27 06    60  -165 10129   213    24 -9999 -9999 -9999
2021 03 27 09    93  -177 10104   190    20 -9999 -9999     0
2021 03 27 12    93  -145 10102    90    30 -9999 -9999     0
2021 03 27 15    72  -143 10101    34    27 -9999 -9999 -9999
2021 03 27 18    44   -43 10097   260    30 -9999 -9999 -9999
2021 03 27 21    18   -47 10075   160    10 -9999 -9999     0
2021 03 28 00   -10   -62 10097    60    10 -9999 -9999     0
2021 03 28 03    41   -49 10078   180    20 -9999 -9999     0
2021 03 28 06   120  -166 10025   281    40 -9999 -9999 -9999
2021 03 28 09   127  -170 10003   287    17 -9999 -9999 -9999
2021 03 28 12   117  -133 10019   250    10 -9999 -9999     0
2021 03 28 15    82  -123 10015   148    12 -9999 -9999 -9999
2021 03 28 18    70  -138  9961    74    23 -9999 -9999 -9999
2021 03 28 21    31  -128  9963    45    11 -9999 -9999 -9999
2021 03 29 00    11  -141  9982    89    21 -9999 -9999 -9999
2021 03 29 03    70  -108  9976   200    23 -9999 -9999 -9999
2021 03 29 06   110  -131  9947    10    20 -9999 -9999     0
2021 03 29 09   127  -140  9924    60    51 -9999 -9999 -9999
2021 03 29 12    76  -112  9972    28    70 -9999 -9999 -9999
2021 03 29 15    47  -102  9983    45    71 -9999 -9999 -9999
2021 03 29 18     4   -12 10005    70    10 -9999 -9999     6
2021 03 29 21   -12   -29  9995    20    40 -9999 -9999    20
2021 03 30 00    -9   -23 10040    31     5 -9999 -9999    17
2021 03 30 03    15   -32 10063   217    28 -9999 -9999     3
2021 03 30 06    37   -40 10071    20    40 -9999 -9999     0
2021 03 30 09    48   -40 10064   140    30 -9999 -9999     0
2021 03 30 12    35   -74 10084    32    53 -9999 -9999 -9999
2021 03 30 15     6   -67 10114    47    30 -9999 -9999 -9999
2021 03 30 18     0   -67 10110    75    21 -9999 -9999 -9999
2021 03 30 21   -22   -44 10119   110    23 -9999 -9999 -9999
2021 03 31 00   -25   -79 10145   145    22 -9999 -9999 -9999
2021 03 31 03     6  -108 10151   297    29 -9999 -9999 -9999
2021 03 31 06    37  -145 10115   340    30 -9999 -9999     0
2021 03 31 09    32  -145 10118    10    60 -9999 -9999     0
2021 03 31 12    13  -144 10157   360    30 -9999 -9999     0
2021 03 31 15    -7  -120 10164   103    22 -9999 -9999 -9999
2021 03 31 18   -31  -118 10157    90    10 -9999 -9999     0
2021 03 31 21   -47  -128 10165   310    20 -9999 -9999     0
2021 04 01 00   -48  -122 10181   200    10 -9999 -9999     0
2021 04 01 03   -22  -123 10187   182    35 -9999 -9999 -9999
2021 04 01 06    13  -132 10157   270    10 -9999 -9999     0
2021 04 01 09     8   -82 10152    60    50 -9999 -9999     0
2021 04 01 12    -3  -126 10178    30    30 -9999 -9999     0
2021 04 01 15   -19  -160 10195   146    17 -9999 -9999 -9999
2021 04 01 18   -55  -220 10195    22    14 -9999 -9999 -9999
2021 04 01 21   -70  -164 10200    70    10 -9999 -9999     0
2021 04 02 00   -84  -175 10230    60    20 -9999 -9999     0
2021 04 02 03   -30  -125 10207   197    14 -9999 -9999 -9999
2021 04 02 06    27  -180 10170   228    26 -9999 -9999 -9999
2021 04 02 09    34  -194 10158   200    30 -9999 -9999     0
2021 04 02 12    26  -170 10186   160    20 -9999 -9999     0
2021 04 02 15    -2  -149 10184    48    54 -9999 -9999 -9999
2021 04 02 18   -22  -187 10158   111    14 -9999 -9999 -9999
2021 04 02 21   -50  -166 10172    55    13 -9999 -9999 -9999
2021 04 03 00   -88  -162 10200   160    10 -9999 -9999     0
2021 04 03 03   -22  -147 10184   180    27 -9999 -9999 -9999
2021 04 03 06    12  -198 10168   224    17 -9999 -9999 -9999
2021 04 03 09    32  -225 10169   359    45 -9999 -9999 -9999
2021 04 03 12     7  -197 10240    20    60 -9999 -9999     0
2021 04 03 15   -19  -176 10238     0 -9999 -9999 -9999     0
2021 04 03 18   -54  -111 10233   140    10 -9999 -9999     0
2021 04 03 21   -59  -128 10213    40    25 -9999 -9999 -9999
2021 04 04 00   -79  -147 10253   140    10 -9999 -9999     0
2021 04 04 03   -22  -174 10235   280    10 -9999 -9999     0
2021 04 04 06    43  -226 10186   200    30 -9999 -9999     0
2021 04 04 09    55  -227 10147   183    10 -9999 -9999 -9999
2021 04 04 12    62  -221 10140   240    10 -9999 -9999     0
2021 04 04 15    17  -189 10137   107     7 -9999 -9999 -9999
2021 04 04 18   -15  -211 10104    24    15 -9999 -9999 -9999
2021 04 04 21   -30  -198 10104    83    11 -9999 -9999 -9999
2021 04 05 00   -27  -168 10135    96    10 -9999 -9999 -9999
2021 04 05 03    44  -125 10138   230    20 -9999 -9999     0
2021 04 05 06   100  -113 10107   272    38 -9999 -9999 -9999
2021 04 05 09   104   -98 10096   250    10 -9999 -9999     0
2021 04 05 12    82   -74 10116    13    10 -9999 -9999 -9999
2021 04 05 15    52   -46 10128   140    30 -9999 -9999     0
2021 04 05 18    31  -132 10119   180    30 -9999 -9999     0
2021 04 05 21    22   -79 10128    50    10 -9999 -9999     0
2021 04 06 00    13   -72 10172   100    20 -9999 -9999     0
2021 04 06 03    27   -41 10195   167    27 -9999 -9999 -9999
2021 04 06 06    80   -45 10156   248    19 -9999 -9999 -9999
2021 04 06 09   107   -80 10112    50    20 -9999 -9999     0
2021 04 06 12    95   -72 10127   184    24 -9999 -9999 -9999
2021 04 06 15    69   -64 10152    90    10 -9999 -9999     0
2021 04 06 18    42  -127 10135    20    10 -9999 -9999     0
2021 04 06 21     8  -113 10139   100    10 -9999 -9999     0
2021 04 07 00   -30  -108 10177   124     8 -9999 -9999 -9999
2021 04 07 03    56  -119 10137   160    10 -9999 -9999     0
2021 04 07 06   112  -103 10078   250    20 -9999 -9999     0
2021 04 07 09   145  -118 10036    60    32 -9999 -9999 -9999
2021 04 07 12   121  -115 10061    63    54 -9999 -9999 -9999
2021 04 07 15   100  -120 10043    58    57 -9999 -9999 -9999
2021 04 07 18    70   -70 10039    40    50 -9999 -9999     0
2021 04 07 21     0    -8 10097   330    20 -9999 -9999     7
2021 04 08 00   -10   -22 10132   298    27 -9999 -9999    10
2021 04 08 03    -3   -10 10158   270    40 -9999 -9999    10
2021 04 08 06    33   -13 10138   250    20 -9999 -9999    10
2021 04 08 09    66   -93 10141   270    60 -9999 -9999     3
2021 04 08 12    42  -110 10179   327    47 -9999 -9999 -9999
2021 04 08 15    12   -83 10222    67    22 -9999 -9999 -9999
2021 04 08 18    -9   -79 10211   100    20 -9999 -9999     0
2021 04 08 21   -22   -89 10186   100    20 -9999 -9999     0
2021 04 09 00   -30   -88 10217   330    10 -9999 -9999     0
2021 04 09 03    16   -69 10212   160    20 -9999 -9999     0
2021 04 09 06    52   -90 10179   310    20 -9999 -9999     0
2021 04 09 09    62   -93 10158   230    50 -9999 -9999     0
2021 04 09 12    40   -61 10195    70    40 -9999 -9999 -9999
2021 04 09 15    25   -79 10200    68    17 -9999 -9999 -9999
2021 04 09 18     7   -43 10184   130    30 -9999 -9999     0
2021 04 09 21    -4   -79 10179    10    10 -9999 -9999     0
2021 04 10 00   -12   -67 10209    70    10 -9999 -9999     0
2021 04 10 03    25   -59 10203   190    20 -9999 -9999     0
2021 04 10 06    67  -101 10166   220    30 -9999 -9999     0
2021 04 10 09    70   -98 10145   332    21 -9999 -9999 -9999
2021 04 10 12    21   -42 10210    40    30 -9999 -9999     2
2021 04 10 15    10   -68 10214   273    10 -9999 -9999     5
2021 04 10 18   -16   -86 10205   250    30 -9999 -9999     3
2021 04 10 21   -25  -105 10206    10    10 -9999 -9999     0
2021 04 11 00   -33  -104 10251   130    20 -9999 -9999     0
2021 04 11 03    24  -105 10230   230    20 -9999 -9999     0
2021 04 11 06    68  -134 10193   210    60 -9999 -9999     0
2021 04 11 09   101  -180 10153   273    56 -9999 -9999 -9999
2021 04 11 12    85  -176 10172   304    61 -9999 -9999 -9999
2021 04 11 15    38  -135 10189    10    20 -9999 -9999     0
2021 04 11 18    15  -138 10173    70    20 -9999 -9999     0
2021 04 11 21   -18  -136 10173    70    10 -9999 -9999     0
2021 04 12 00   -42  -142 10214   350     6 -9999 -9999 -9999
2021 04 12 03    35   -98 10204   200    20 -9999 -9999     0
2021 04 12 06    93  -138 10162   270    60 -9999 -9999     0
2021 04 12 09   103  -152 10156   300    60 -9999 -9999     0
2021 04 12 12    63  -109 10221    10    40 -9999 -9999     0
2021 04 12 15    24  -119 10224   300    40 -9999 -9999     0
2021 04 12 18    -2  -126 10200   130    12 -9999 -9999 -9999
2021 04 12 21   -17  -103 10195   110    10 -9999 -9999     0
2021 04 13 00   -37  -134 10245     0 -9999 -9999 -9999     0
2021 04 13 03    25  -119 10237   194    26 -9999 -9999 -9999
2021 04 13 06    91  -222 10184   280    70 -9999 -9999     0
2021 04 13 09   111  -235 10153   290    60 -9999 -9999     0
2021 04 13 12    73  -136 10190   350    40 -9999 -9999     0
2021 04 13 15    52  -142 10180   230    10 -9999 -9999     0
2021 04 13 18    29  -143 10148   150    10 -9999 -9999     0
2021 04 13 21    -2  -128 10141   110    10 -9999 -9999     0
2021 04 14 00    -4  -117 10176    26    20 -9999 -9999 -9999
2021 04 14 03    52   -89 10162   259    57 -9999 -9999 -9999
2021 04 14 06    75  -128 10153   280   110 -9999 -9999     0
2021 04 14 09    81  -123 10164   302    78 -9999 -9999 -9999
2021 04 14 12    42  -127 10209    10    40 -9999 -9999     0
2021 04 14 15    14  -131 10209    80    10 -9999 -9999     0
2021 04 14 18    -4  -120 10203   160    20 -9999 -9999     0
2021 04 14 21   -26  -129 10199    80    10 -9999 -9999     0
2021 04 15 00   -30  -121 10236    79    10 -9999 -9999 -9999
2021 04 15 03    28  -104 10225   190    20 -9999 -9999     0
2021 04 15 06    80  -119 10179   205    22 -9999 -9999 -9999
2021 04 15 09   105  -143 10147   271    45 -9999 -9999 -9999
2021 04 15 12    82  -117 10171    20    45 -9999 -9999 -9999
2021 04 15 15    56  -145 10165   110    20 -9999 -9999     0
2021 04 15 18    27  -159 10141    50    10 -9999 -9999     0
2021 04 15 21    -7  -157 10146   100    10 -9999 -9999     0
2021 04 16 00   -15  -143 10183     0 -9999 -9999 -9999     0
2021 04 16 03    47  -127 10173   199    17 -9999 -9999 -9999
2021 04 16 06   105  -151 10135   240    20 -9999 -9999     0
2021 04 16 09   135  -165 10106   204    44 -9999 -9999 -9999
2021 04 16 12   110  -184 10136    20    60 -9999 -9999     0
2021 04 16 15    73  -223 10150   120    10 -9999 -9999     0
2021 04 16 18    35  -224 10137    30    10 -9999 -9999     0
2021 04 16 21    14  -217 10122    80    20 -9999 -9999     0
2021 04 17 00    -9  -216 10163    10    30 -9999 -9999     0
2021 04 17 03    63  -193 10151   210    10 -9999 -9999     0
2021 04 17 06   122  -164 10104   240    20 -9999 -9999     0
2021 04 17 09   155  -138 10064   240    20 -9999 -9999     0
2021 04 17 12   131  -178 10086    72    48 -9999 -9999 -9999
2021 04 17 15    97  -205 10078    50    40 -9999 -9999     0
2021 04 17 18    79  -219 10058   240    10 -9999 -9999     0
2021 04 17 21    70  -171 10038   350    20 -9999 -9999     0
2021 04 18 00    57   -86 10068    30    50 -9999 -9999     0
2021 04 18 03    62   -74 10100    60    50 -9999 -9999     0
2021 04 18 06    50   -59 10112    20    60 -9999 -9999     0
2021 04 18 09    62   -74 10098   360    50 -9999 -9999     0
2021 04 18 12    60   -70 10118   269    24 -9999 -9999 -9999
2021 04 18 15    23   -28 10156     0 -9999 -9999 -9999     0
2021 04 18 18     6  -118 10160    50    20 -9999 -9999     0
2021 04 18 21   -37  -126 10164   330    10 -9999 -9999     0
2021 04 19 00   -11  -110 10154    70    10 -9999 -9999     0
2021 04 19 03    32   -65 10154   210    20 -9999 -9999     0
2021 04 19 06    86  -137 10106   210    30 -9999 -9999     0
2021 04 19 09   112  -137 10091   250    40 -9999 -9999     0
2021 04 19 12    99  -164 10084    40    50 -9999 -9999     0
2021 04 19 15    55  -141 10116    32    67 -9999 -9999 -9999
2021 04 19 18    41  -147 10100    60    30 -9999 -9999     0
2021 04 19 21    16  -145 10092     0 -9999 -9999 -9999     0
2021 04 20 00    17  -135 10120   141     9 -9999 -9999 -9999
2021 04 20 03    62  -101 10131   270    40 -9999 -9999     0
2021 04 20 06    88  -123 10107   180    20 -9999 -9999     0
2021 04 20 09    96   -90 10104   240    70 -9999 -9999     0
2021 04 20 12    88   -96 10107   180    30 -9999 -9999     0
2021 04 20 15    57   -97 10112    83    22 -9999 -9999 -9999
2021 04 20 18    45   -77 10093    86    18 -9999 -9999 -9999
2021 04 20 21     8   -95 10090   130    10 -9999 -9999     0
