2021 01 01 00  -155  -190 10367    45    10 -9999 -9999 -9999
2021 01 01 03  -107  -186 10367    71    20 -9999 -9999 -9999
2021 01 01 06   -34  -193 10290   197    14 -9999 -9999 -9999
2021 01 01 09     0  -216 10272   360     0 -9999 -9999 -9999
2021 01 01 12   -57  -184 10330   141    42 -9999 -9999 -9999
2021 01 01 15   -85  -180 10329   121    44 -9999 -9999 -9999
2021 01 01 18  -117  -177 10299   333    14 -9999 -9999 -9999
2021 01 01 21  -127  -184 10270   289    15 -9999 -9999 -9999
2021 01 02 00  -140  -183 10313   360     1 -9999 -9999 -9999
2021 01 02 03   -90  -181 10306    66     5 -9999 -9999 -9999
2021 01 02 06   -30  -185 10260   125    47 -9999 -9999 -9999
2021 01 02 09   -40  -187 10297   126    56 -9999 -9999 -9999
2021 01 02 12   -62  -186 10350   132    69 -9999 -9999 -9999
2021 01 02 15   -84  -193 10364   135    47 -9999 -9999 -9999
2021 01 02 18   -99  -193 10344   113    14 -9999 -9999 -9999
2021 01 02 21  -127  -187 10355   288     6 -9999 -9999 -9999
2021 01 03 00  -145  -194 10375   283    19 -9999 -9999 -9999
2021 01 03 03   -97  -187 10349    66    18 -9999 -9999 -9999
2021 01 03 06   -30  -194 10267   109    14 -9999 -9999 -9999
2021 01 03 09     2  -220 10253   360     0 -9999 -9999 -9999
2021 01 03 12   -32  -196 10298   123    10 -9999 -9999 -9999
2021 01 03 15   -65  -186 10306   127    65 -9999 -9999 -9999
2021 01 03 18  -100  -199 10300   133    57 -9999 -9999 -9999
2021 01 03 21  -117  -200 10290   103    12 -9999 -9999 -9999
2021 01 04 00  -145  -195 10337   267    13 -9999 -9999 -9999
2021 01 04 03   -97  -192 10331    63    32 -9999 -9999 -9999
2021 01 04 06   -30  -198 10263    71    20 -9999 -9999 -9999
2021 01 04 09    20  -220 10230   153    16 -9999 -9999 -9999
2021 01 04 12   -75  -197 10337   136   104 -9999 -9999 -9999
2021 01 04 15  -102  -195 10363   129    71 -9999 -9999 -9999
2021 01 04 18  -130  -195 10355   119    44 -9999 -9999 -9999
2021 01 04 21  -145  -195 10341   155     9 -9999 -9999 -9999
2021 01 05 00  -162  -199 10416   360     0 -9999 -9999 -9999
2021 01 05 03  -115  -194 10401    62    23 -9999 -9999 -9999
2021 01 05 06   -69  -185 10342    98    14 -9999 -9999 -9999
2021 01 05 09   -57  -187 10330   145    44 -9999 -9999 -9999
2021 01 05 12   -99  -184 10391   126    61 -9999 -9999 -9999
2021 01 05 15  -119  -191 10380   123    46 -9999 -9999 -9999
2021 01 05 18  -139  -194 10355    68    10 -9999 -9999 -9999
2021 01 05 21  -162  -199 10354   285    16 -9999 -9999 -9999
2021 01 06 00  -174  -200 10389   290    13 -9999 -9999 -9999
2021 01 06 03  -130  -196 10379    80    21 -9999 -9999 -9999
2021 01 06 06   -77  -184 10318   143    24 -9999 -9999 -9999
2021 01 06 09   -85  -187 10333   132    30 -9999 -9999 -9999
2021 01 06 12  -132  -217 10407   131    69 -9999 -9999 -9999
2021 01 06 15  -159  -237 10416   129    50 -9999 -9999 -9999
2021 01 06 18  -172  -247 10388   160    33 -9999 -9999 -9999
2021 01 06 21  -185  -250 10394   149    20 -9999 -9999 -9999
2021 01 07 00  -194  -247 10430   144    12 -9999 -9999 -9999
2021 01 07 03  -160  -231 10451   127     9 -9999 -9999 -9999
2021 01 07 06  -120  -214 10406   254     8 -9999 -9999 -9999
2021 01 07 09   -95  -203 10399   360     2 -9999 -9999 -9999
2021 01 07 12  -125  -211 10451   138    31 -9999 -9999 -9999
2021 01 07 15  -145  -222 10451   186    15 -9999 -9999 -9999
2021 01 07 18  -160  -217 10425   280    11 -9999 -9999 -9999
2021 01 07 21  -177  -214 10416   285    11 -9999 -9999 -9999
2021 01 08 00  -184  -211 10439   283    10 -9999 -9999 -9999
2021 01 08 03  -145  -198 10437   262    21 -9999 -9999 -9999
2021 01 08 06   -67  -200 10347   200    10 -9999 -9999     0
2021 01 08 09   -47  -193 10324     0 -9999 -9999 -9999     0
2021 01 08 12   -85  -197 10376   140    60 -9999 -9999     0
2021 01 08 15  -110  -206 10381   150    30 -9999 -9999     0
2021 01 08 18  -122  -205 10347     0 -9999 -9999 -9999     0
2021 01 08 21  -132  -197 10326    30    10 -9999 -9999     0
2021 01 09 00  -135  -197 10355   261     3 -9999 -9999 -9999
2021 01 09 03  -107  -185 10361    70    18 -9999 -9999 -9999
2021 01 09 06   -49  -187 10295    89    18 -9999 -9999 -9999
2021 01 09 09   -42  -184 10301   149    29 -9999 -9999 -9999
2021 01 09 12   -75  -192 10345   130    58 -9999 -9999 -9999
2021 01 09 15  -102  -202 10362   117    49 -9999 -9999 -9999
2021 01 09 18  -117  -224 10341   142    57 -9999 -9999 -9999
2021 01 09 21  -135  -248 10340   140    48 -9999 -9999 -9999
2021 01 10 00  -145  -260 10379   143    20 -9999 -9999 -9999
2021 01 10 03  -107  -250 10395   107    19 -9999 -9999 -9999
2021 01 10 06   -87  -217 10364   138    23 -9999 -9999 -9999
2021 01 10 09   -89  -213 10372   127    49 -9999 -9999 -9999
2021 01 10 12  -117  -201 10436   134    57 -9999 -9999 -9999
2021 01 10 15  -139  -192 10467   165    36 -9999 -9999 -9999
2021 01 10 18  -155  -190 10460   125    26 -9999 -9999 -9999
2021 01 10 21  -177  -217 10467    64    36 -9999 -9999 -9999
2021 01 11 00  -178  -231 10491    33    41 -9999 -9999 -9999
2021 01 11 03  -117  -230 10482    64    35 -9999 -9999 -9999
2021 01 11 06   -35  -320 10403   309    69 -9999 -9999 -9999
2021 01 11 09   -10  -289 10380   271    68 -9999 -9999 -9999
2021 01 11 12   -45  -230 10402   253    36 -9999 -9999 -9999
2021 01 11 15   -52  -227 10377   269    36 -9999 -9999 -9999
2021 01 11 18   -75  -238 10325    47     8 -9999 -9999 -9999
2021 01 11 21  -112  -237 10310    41    23 -9999 -9999 -9999
2021 01 12 00  -130  -220 10322   304    12 -9999 -9999 -9999
2021 01 12 03   -67  -215 10293    67    33 -9999 -9999 -9999
2021 01 12 06    12  -242 10218    92    14 -9999 -9999 -9999
2021 01 12 09    62  -308 10189   275    78 -9999 -9999 -9999
2021 01 12 12     7  -275 10251   284    23 -9999 -9999 -9999
2021 01 12 15   -30  -241 10258   289    30 -9999 -9999 -9999
2021 01 12 18   -92  -222 10246    51    19 -9999 -9999 -9999
2021 01 12 21  -107  -224 10225   341     5 -9999 -9999 -9999
2021 01 13 00  -122  -217 10271   291    15 -9999 -9999 -9999
2021 01 13 03   -57  -206 10267    66    32 -9999 -9999 -9999
2021 01 13 06    15  -240 10226    86    24 -9999 -9999 -9999
2021 01 13 09    47  -299 10213   278    46 -9999 -9999 -9999
2021 01 13 12   -10  -289 10261   297    28 -9999 -9999 -9999
2021 01 13 15   -25  -273 10236   314    24 -9999 -9999 -9999
2021 01 13 18   -74  -250 10207    84    15 -9999 -9999 -9999
2021 01 13 21  -100  -237 10176    18    21 -9999 -9999 -9999
2021 01 14 00  -112  -241 10210   354     7 -9999 -9999 -9999
2021 01 14 03   -50  -216 10195    67     9 -9999 -9999 -9999
2021 01 14 06    10  -235 10149   109    16 -9999 -9999 -9999
2021 01 14 09    17  -257 10165   150    71 -9999 -9999 -9999
2021 01 14 12   -27  -232 10248   137    72 -9999 -9999 -9999
2021 01 14 15   -49  -180 10258   143    71 -9999 -9999 -9999
2021 01 14 18   -62  -174 10229   121    27 -9999 -9999 -9999
2021 01 14 21   -70  -176 10219   109    12 -9999 -9999 -9999
2021 01 15 00   -80  -174 10249   282    14 -9999 -9999 -9999
2021 01 15 03   -42  -167 10242    65    24 -9999 -9999 -9999
2021 01 15 06    12  -157 10182    82    23 -9999 -9999 -9999
2021 01 15 09    51  -173 10165   278    62 -9999 -9999 -9999
2021 01 15 12   -62  -160 10275   143    88 -9999 -9999 -9999
2021 01 15 15   -85  -169 10302   120    62 -9999 -9999 -9999
2021 01 15 18  -100  -170 10290   144    35 -9999 -9999 -9999
2021 01 15 21  -120  -175 10282   177    17 -9999 -9999 -9999
2021 01 16 00  -135  -172 10372   360     0 -9999 -9999 -9999
2021 01 16 03   -97  -155 10395   119    28 -9999 -9999 -9999
2021 01 16 06   -87  -141 10392   114    21 -9999 -9999 -9999
2021 01 16 09   -72  -156 10423   119    18 -9999 -9999 -9999
2021 01 16 12  -102  -152 10491    61    19 -9999 -9999 -9999
2021 01 16 15  -119  -150 10486    73     3 -9999 -9999 -9999
2021 01 16 18  -132  -152 10485   360     0 -9999 -9999 -9999
2021 01 16 21  -152  -174 10479   284    25 -9999 -9999 -9999
2021 01 17 00  -160  -190 10494     6    16 -9999 -9999 -9999
2021 01 17 03  -119  -181 10477    74    34 -9999 -9999 -9999
2021 01 17 06   -29  -185 10391    82    17 -9999 -9999 -9999
2021 01 17 09    26  -260 10351   301    48 -9999 -9999 -9999
2021 01 17 12   -15  -256 10389   225     3 -9999 -9999 -9999
2021 01 17 15   -57  -218 10389    71     7 -9999 -9999 -9999
2021 01 17 18   -94  -214 10345   360     0 -9999 -9999 -9999
2021 01 17 21  -114  -215 10311   360     0 -9999 -9999 -9999
2021 01 18 00  -130  -211 10330     2     9 -9999 -9999 -9999
2021 01 18 03   -60  -204 10301    73    11 -9999 -9999 -9999
2021 01 18 06    17  -222 10216    99     4 -9999 -9999 -9999
2021 01 18 09    50  -254 10176    21    25 -9999 -9999 -9999
2021 01 18 12   -10  -217 10225   290    41 -9999 -9999 -9999
2021 01 18 15   -42  -223 10201   360     0 -9999 -9999 -9999
2021 01 18 18   -72  -231 10166     2    16 -9999 -9999 -9999
2021 01 18 21  -105  -225 10156   250     9 -9999 -9999 -9999
2021 01 19 00  -114  -229 10203   250     3 -9999 -9999 -9999
2021 01 19 03   -40  -221 10190    92    17 -9999 -9999 -9999
2021 01 19 06    20  -227 10148    91    14 -9999 -9999 -9999
2021 01 19 09    46  -234 10145   149    39 -9999 -9999 -9999
2021 01 19 12   -17  -206 10225   134    75 -9999 -9999 -9999
2021 01 19 15   -42  -209 10231   145    40 -9999 -9999 -9999
2021 01 19 18   -67  -197 10220   360     0 -9999 -9999 -9999
2021 01 19 21   -82  -200 10212   360     0 -9999 -9999 -9999
2021 01 20 00   -87  -190 10254   360     0 -9999 -9999 -9999
2021 01 20 03   -60  -178 10272   360     1 -9999 -9999 -9999
2021 01 20 06    -5  -181 10222    90     7 -9999 -9999 -9999
2021 01 20 09    12  -192 10211   360     0 -9999 -9999 -9999
2021 01 20 12    -9  -205 10253     6     3 -9999 -9999 -9999
2021 01 20 15   -44  -172 10276   360     0 -9999 -9999 -9999
2021 01 20 18   -75  -186 10264   360     1 -9999 -9999 -9999
2021 01 20 21   -94  -179 10269   280    10 -9999 -9999     0
2021 01 21 00  -107  -182 10308     0 -9999 -9999 -9999     0
2021 01 21 03   -37  -173 10298     0 -9999 -9999 -9999     0
2021 01 21 06    29  -198 10245   110    20 -9999 -9999     0
2021 01 21 09    42  -218 10231   135    27 -9999 -9999 -9999
2021 01 21 12    -3  -194 10286   140    70 -9999 -9999     0
2021 01 21 15   -26  -219 10267   160    20 -9999 -9999     0
2021 01 21 18   -56  -212 10236   260    10 -9999 -9999     0
2021 01 21 21   -87  -193 10226     0 -9999 -9999 -9999     0
2021 01 22 00  -102  -194 10257   290    10 -9999 -9999     0
2021 01 22 03   -44  -190 10229    69     6 -9999 -9999 -9999
2021 01 22 06    21  -198 10163    61    24 -9999 -9999 -9999
2021 01 22 09    66  -208 10135   250    13 -9999 -9999 -9999
2021 01 22 12     7  -238 10187    49    17 -9999 -9999 -9999
2021 01 22 15   -30  -217 10175   315     7 -9999 -9999 -9999
2021 01 22 18   -64  -204 10159    50     5 -9999 -9999 -9999
2021 01 22 21   -85  -203 10135   346    14 -9999 -9999 -9999
2021 01 23 00  -100  -182 10189   278    18 -9999 -9999 -9999
2021 01 23 03   -67  -204 10204   222     4 -9999 -9999 -9999
2021 01 23 06    10  -221 10144   210     8 -9999 -9999 -9999
2021 01 23 09    20  -213 10147   360     0 -9999 -9999 -9999
2021 01 23 12     2  -201 10190   219    26 -9999 -9999 -9999
2021 01 23 15   -20  -195 10205   184     7 -9999 -9999 -9999
2021 01 23 18   -37  -192 10166   251     7 -9999 -9999 -9999
2021 01 23 21   -54  -178 10146   256    21 -9999 -9999 -9999
2021 01 24 00   -60  -163 10167   245    18 -9999 -9999 -9999
2021 01 24 03   -54  -155 10200    62    12 -9999 -9999 -9999
2021 01 24 06   -52   -97 10210   113    14 -9999 -9999 -9999
2021 01 24 09   -47   -61 10235    62    23 -9999 -9999    15
2021 01 24 12   -55   -68 10296   129    23 -9999 -9999    15
2021 01 24 15   -65   -79 10323   140    30 -9999 -9999     0
2021 01 24 18   -83   -99 10351   140    30 -9999 -9999     0
2021 01 24 21   -88  -100 10346     0 -9999 -9999 -9999     0
2021 01 25 00   -95  -108 10360   360     0 -9999 -9999 -9999
2021 01 25 03   -75   -94 10357    58    32 -9999 -9999 -9999
2021 01 25 06   -30  -111 10295    61    21 -9999 -9999 -9999
2021 01 25 09    -7  -107 10262   360     2 -9999 -9999 -9999
2021 01 25 12   -35  -106 10291   284     8 -9999 -9999 -9999
2021 01 25 15   -70  -116 10313    71    14 -9999 -9999 -9999
2021 01 25 18   -80   -98 10294    81    22 -9999 -9999 -9999
2021 01 25 21   -90  -108 10279   360     0 -9999 -9999 -9999
2021 01 26 00   -97  -113 10301    33    45 -9999 -9999     1
2021 01 26 03   -69  -111 10306    58    22 -9999 -9999     1
2021 01 26 06   -34  -116 10250   110    20 -9999 -9999 -9999
2021 01 26 09   -10  -139 10224   360     0 -9999 -9999 -9999
2021 01 26 12   -54  -119 10271   143    37 -9999 -9999 -9999
2021 01 26 15   -75  -114 10291   140    48 -9999 -9999 -9999
2021 01 26 18   -90  -124 10290    48    12 -9999 -9999 -9999
2021 01 26 21  -109  -134 10286   255    13 -9999 -9999 -9999
2021 01 27 00  -120  -137 10335   360     0 -9999 -9999 -9999
2021 01 27 03   -80  -132 10346    85    18 -9999 -9999 -9999
2021 01 27 06    21  -235 10262   264    98 -9999 -9999 -9999
2021 01 27 09    25  -250 10271   262    91 -9999 -9999 -9999
2021 01 27 12   -22  -254 10335   277    22 -9999 -9999 -9999
2021 01 27 15   -72  -148 10354   143    73 -9999 -9999 -9999
2021 01 27 18   -97  -165 10320   153    33 -9999 -9999 -9999
2021 01 27 21  -119  -171 10329   360     1 -9999 -9999 -9999
2021 01 28 00  -144  -177 10385   360     0 -9999 -9999 -9999
2021 01 28 03   -90  -179 10392   110    22 -9999 -9999 -9999
2021 01 28 06   -17  -183 10318    60    19 -9999 -9999 -9999
2021 01 28 09    17  -247 10281   109     9 -9999 -9999 -9999
2021 01 28 12   -25  -219 10323   104    19 -9999 -9999 -9999
2021 01 28 15   -62  -159 10324   131    34 -9999 -9999 -9999
2021 01 28 18   -95  -187 10300   274    19 -9999 -9999 -9999
2021 01 28 21  -110  -178 10280   258     5 -9999 -9999 -9999
2021 01 29 00  -125  -180 10318   291     6 -9999 -9999 -9999
2021 01 29 03   -90  -173 10336    81    11 -9999 -9999 -9999
2021 01 29 06   -10  -173 10285   129    19 -9999 -9999 -9999
2021 01 29 09    -4  -190 10277   125    33 -9999 -9999 -9999
2021 01 29 12   -39  -186 10328   125    74 -9999 -9999 -9999
2021 01 29 15   -59  -176 10345   139    33 -9999 -9999 -9999
2021 01 29 18   -77  -178 10308   267    22 -9999 -9999 -9999
2021 01 29 21  -100  -174 10309   308    16 -9999 -9999 -9999
2021 01 30 00  -109  -180 10333   360     0 -9999 -9999 -9999
2021 01 30 03   -65  -168 10323    56    30 -9999 -9999 -9999
2021 01 30 06   -15  -185 10265   140     7 -9999 -9999 -9999
2021 01 30 09     1  -197 10256   360     1 -9999 -9999 -9999
2021 01 30 12   -32  -173 10297   122    68 -9999 -9999 -9999
2021 01 30 15   -60  -163 10311   155    32 -9999 -9999 -9999
2021 01 30 18   -94  -166 10297   282    38 -9999 -9999 -9999
2021 01 30 21  -112  -183 10292   296    17 -9999 -9999 -9999
2021 01 31 00  -132  -181 10326   302    11 -9999 -9999 -9999
2021 01 31 03   -77  -173 10311    79    25 -9999 -9999 -9999
2021 01 31 06    -2  -179 10247    63    31 -9999 -9999 -9999
2021 01 31 09    27  -259 10237   286    68 -9999 -9999 -9999
2021 01 31 12   -27  -259 10304   274    40 -9999 -9999 -9999
2021 01 31 15   -47  -249 10301   242    10 -9999 -9999 -9999
2021 01 31 18   -75  -208 10272   200    24 -9999 -9999 -9999
2021 01 31 21  -114  -212 10271    50    14 -9999 -9999 -9999
2021 02 01 00  -132  -212 10319   346     6 -9999 -9999 -9999
2021 02 01 03   -70  -210 10309    63     8 -9999 -9999 -9999
2021 02 01 06    11  -252 10243    98    10 -9999 -9999 -9999
2021 02 01 09    45  -285 10231   166    28 -9999 -9999 -9999
2021 02 01 12   -12  -220 10291   141    66 -9999 -9999 -9999
2021 02 01 15   -47  -209 10311   131    50 -9999 -9999 -9999
2021 02 01 18   -85  -220 10304   360     0 -9999 -9999 -9999
2021 02 01 21  -114  -205 10305   360     0 -9999 -9999 -9999
2021 02 02 00  -132  -212 10355   360     0 -9999 -9999 -9999
2021 02 02 03   -65  -209 10340    90    11 -9999 -9999 -9999
2021 02 02 06     7  -254 10272   101    12 -9999 -9999 -9999
2021 02 02 09    50  -267 10237   126     4 -9999 -9999 -9999
2021 02 02 12    12  -271 10278    30     7 -9999 -9999 -9999
2021 02 02 15   -40  -221 10283   360     0 -9999 -9999 -9999
2021 02 02 18   -79  -232 10274    45    22 -9999 -9999 -9999
2021 02 02 21   -90  -220 10274   282     6 -9999 -9999 -9999
2021 02 03 00   -99  -207 10317   360     0 -9999 -9999 -9999
2021 02 03 03   -35  -195 10323    81     6 -9999 -9999 -9999
2021 02 03 06    30  -220 10268    60     6 -9999 -9999 -9999
2021 02 03 09    40  -239 10241   140    19 -9999 -9999 -9999
2021 02 03 12    -2  -218 10295   130    68 -9999 -9999 -9999
2021 02 03 15   -22  -211 10298   130    29 -9999 -9999 -9999
2021 02 03 18   -32  -219 10269   118    15 -9999 -9999 -9999
2021 02 03 21   -44  -215 10262   360     0 -9999 -9999 -9999
2021 02 04 00   -65  -202 10299   258    17 -9999 -9999 -9999
2021 02 04 03   -20  -200 10291   105    11 -9999 -9999 -9999
2021 02 04 06    25  -216 10235   138    16 -9999 -9999 -9999
2021 02 04 09    27  -222 10230   127    30 -9999 -9999 -9999
2021 02 04 12     1  -158 10278   137    60 -9999 -9999 -9999
2021 02 04 15    -2  -188 10281   255    60 -9999 -9999 -9999
2021 02 04 18   -35  -217 10279   281    49 -9999 -9999 -9999
2021 02 04 21   -72  -248 10294   258    26 -9999 -9999 -9999
2021 02 05 00   -92  -222 10324     7     8 -9999 -9999 -9999
2021 02 05 03   -37  -218 10296    75    11 -9999 -9999 -9999
2021 02 05 06    27  -239 10234    84    19 -9999 -9999 -9999
2021 02 05 09    72  -324 10199   260    44 -9999 -9999 -9999
2021 02 05 12    25  -335 10239   286    21 -9999 -9999 -9999
2021 02 05 15   -35  -265 10251   288     9 -9999 -9999 -9999
2021 02 05 18   -67  -250 10233   354    11 -9999 -9999 -9999
2021 02 05 21   -82  -221 10216   360     1 -9999 -9999 -9999
2021 02 06 00   -94  -227 10259   265     9 -9999 -9999 -9999
2021 02 06 03   -50  -211 10286    70    15 -9999 -9999 -9999
2021 02 06 06    27  -229 10230   118    30 -9999 -9999 -9999
2021 02 06 09    45  -258 10212   203    11 -9999 -9999 -9999
2021 02 06 12    10  -214 10259   109    31 -9999 -9999 -9999
2021 02 06 15   -10  -212 10272   133    35 -9999 -9999 -9999
2021 02 06 18   -64  -197 10270   283    29 -9999 -9999 -9999
2021 02 06 21   -80  -192 10270   292    27 -9999 -9999 -9999
2021 02 07 00   -95  -195 10311   360     0 -9999 -9999 -9999
2021 02 07 03   -35  -199 10302    56    30 -9999 -9999 -9999
2021 02 07 06    25  -215 10266    82    22 -9999 -9999 -9999
2021 02 07 09    60  -224 10237   139    23 -9999 -9999 -9999
2021 02 07 12    25  -241 10276   138    25 -9999 -9999 -9999
2021 02 07 15   -22  -217 10281    88    12 -9999 -9999 -9999
2021 02 07 18   -54  -206 10274   170    14 -9999 -9999 -9999
2021 02 07 21   -80  -215 10271   222     9 -9999 -9999 -9999
2021 02 08 00   -95  -196 10313   360     0 -9999 -9999 -9999
2021 02 08 03   -32  -196 10313    88    24 -9999 -9999 -9999
2021 02 08 06    72  -224 10231   191    26 -9999 -9999 -9999
2021 02 08 09   107  -209 10202   298    53 -9999 -9999 -9999
2021 02 08 12    52  -210 10254   152    45 -9999 -9999 -9999
2021 02 08 15     7  -197 10264   137    69 -9999 -9999 -9999
2021 02 08 18   -30  -186 10230   290     3 -9999 -9999 -9999
2021 02 08 21   -59  -186 10217   287    24 -9999 -9999 -9999
2021 02 09 00   -75  -172 10262   316    18 -9999 -9999 -9999
2021 02 09 03    -5  -169 10252    92    18 -9999 -9999 -9999
2021 02 09 06    70  -196 10191    46     6 -9999 -9999 -9999
2021 02 09 12    67  -189 10207    53     4 -9999 -9999 -9999
2021 02 09 15    22  -179 10214   360     2 -9999 -9999 -9999
2021 02 09 18   -22  -153 10200   301    14 -9999 -9999 -9999
2021 02 09 21   -40  -160 10181   360     0 -9999 -9999 -9999
2021 02 10 00   -64  -149 10207   300    22 -9999 -9999 -9999
2021 02 10 03   -12  -147 10199   360     2 -9999 -9999 -9999
2021 02 10 06    32  -170 10162   360     0 -9999 -9999 -9999
2021 02 10 09    61  -171 10145   360     0 -9999 -9999 -9999
2021 02 11 00   -47  -135 10234   360     0 -9999 -9999 -9999
2021 02 13 12    35  -193 10206   360     0 -9999 -9999 -9999
2021 02 13 15     7  -165 10208   360     0 -9999 -9999 -9999
2021 02 13 18   -22  -156 10179   244    10 -9999 -9999 -9999
2021 02 13 21   -53  -154 10173     0 -9999 -9999 -9999     0
2021 02 14 00   -69  -153 10209   360     0 -9999 -9999 -9999
2021 02 14 03     1  -146 10197    70    16 -9999 -9999 -9999
2021 02 14 06    75  -202 10148    96    22 -9999 -9999 -9999
2021 02 14 09   105  -225 10134   169    11 -9999 -9999 -9999
2021 02 14 12    12  -144 10244   119    92 -9999 -9999 -9999
2021 02 14 15   -20  -141 10271   117    71 -9999 -9999 -9999
2021 02 14 18   -40  -139 10249   124    30 -9999 -9999 -9999
2021 02 14 21   -60  -144 10233   276    25 -9999 -9999 -9999
2021 02 15 00   -75  -143 10288   360     0 -9999 -9999 -9999
2021 02 15 03   -25  -134 10277   269    13 -9999 -9999 -9999
2021 02 15 06    40  -143 10212   101    26 -9999 -9999 -9999
2021 02 15 09    51  -160 10197   360     1 -9999 -9999 -9999
2021 02 15 12    31  -155 10232   360     0 -9999 -9999 -9999
2021 02 15 15    11  -138 10245   136    47 -9999 -9999 -9999
2021 02 15 18    -5  -149 10227   127    37 -9999 -9999 -9999
2021 02 15 21   -35   -48 10239    30    42 -9999 -9999 -9999
2021 02 16 00   -42   -53 10270    29    31 -9999 -9999 -9999
2021 02 16 03     0   -54 10280    86    25 -9999 -9999 -9999
2021 02 16 06    35  -106 10244    93    27 -9999 -9999 -9999
2021 02 16 09    51  -124 10232    48    18 -9999 -9999 -9999
2021 02 16 12    17  -124 10265    37    34 -9999 -9999 -9999
2021 02 16 15    -5  -131 10280   100    12 -9999 -9999 -9999
2021 02 16 18   -32  -129 10285   360     2 -9999 -9999 -9999
2021 02 16 21   -60  -130 10292   263     7 -9999 -9999 -9999
2021 02 17 00   -65  -138 10325   360     0 -9999 -9999 -9999
2021 02 17 03   -25  -128 10327    82     5 -9999 -9999 -9999
2021 02 17 06    32  -149 10283    94    31 -9999 -9999 -9999
2021 02 17 09    37  -136 10283   134    16 -9999 -9999 -9999
2021 02 17 12    10  -136 10316   117    32 -9999 -9999 -9999
2021 02 17 15   -10  -196 10326   122    26 -9999 -9999 -9999
2021 02 17 18   -35  -168 10308   246    13 -9999 -9999 -9999
2021 02 17 21   -65  -134 10321   282    24 -9999 -9999 -9999
2021 02 18 00   -84  -131 10357   291    27 -9999 -9999 -9999
2021 02 18 03    -7  -102 10330    68    27 -9999 -9999 -9999
2021 02 18 06    47  -127 10286    93    40 -9999 -9999 -9999
2021 02 18 09    70  -252 10276   266    54 -9999 -9999 -9999
2021 02 18 12    17  -256 10323   299    45 -9999 -9999 -9999
2021 02 18 15   -25  -214 10319   283    38 -9999 -9999 -9999
2021 02 18 18   -50  -203 10301   280    20 -9999 -9999 -9999
2021 02 18 21   -70  -178 10294   360     0 -9999 -9999 -9999
2021 02 19 00   -92  -177 10342   345     7 -9999 -9999 -9999
2021 02 19 03    -5  -172 10326    84    22 -9999 -9999 -9999
2021 02 19 06    87  -201 10249    99    20 -9999 -9999 -9999
2021 02 19 09   105  -277 10233   292    67 -9999 -9999 -9999
2021 02 20 15    12  -219 10201   285    33 -9999 -9999 -9999
2021 02 20 18   -15  -216 10167   274     8 -9999 -9999 -9999
2021 02 20 21   -40  -217 10168   287    10 -9999 -9999 -9999
2021 02 21 00   -60  -198 10230   273    14 -9999 -9999 -9999
2021 02 21 03    20  -186 10224    61    21 -9999 -9999 -9999
2021 02 21 09   116  -268 10156    94    19 -9999 -9999 -9999
2021 02 21 12    72  -249 10196   360     0 -9999 -9999 -9999
2021 02 21 15    37  -222 10199   360     1 -9999 -9999 -9999
2021 02 21 18    10  -208 10170   309     5 -9999 -9999 -9999
2021 02 21 21    -5  -186 10168   280     5 -9999 -9999 -9999
2021 02 22 00   -17  -183 10218   295    15 -9999 -9999 -9999
2021 02 22 03    47  -163 10211    60    35 -9999 -9999 -9999
2021 02 22 06    90  -199 10171   104    11 -9999 -9999 -9999
2021 02 22 09   106  -198 10145   360     0 -9999 -9999 -9999
2021 02 22 12    70  -196 10183    41     7 -9999 -9999 -9999
2021 02 22 15    20  -175 10196   344     7 -9999 -9999 -9999
2021 02 22 18   -12  -158 10180   315    17 -9999 -9999 -9999
2021 02 22 21   -42  -159 10172   270    22 -9999 -9999 -9999
2021 02 23 00   -50  -147 10192   294    24 -9999 -9999 -9999
2021 02 23 03    25  -147 10156    78     5 -9999 -9999 -9999
2021 02 23 06   112  -152 10066   100    11 -9999 -9999 -9999
2021 02 23 09   131  -178 10035   171    33 -9999 -9999 -9999
2021 02 23 12    90  -141 10092   158    41 -9999 -9999 -9999
2021 02 23 15    57  -133 10114   128    55 -9999 -9999 -9999
2021 02 23 18    31  -124 10084    98    38 -9999 -9999 -9999
2021 02 23 21     7  -120 10080   154    18 -9999 -9999 -9999
2021 02 24 00   -24  -119 10121   269    25 -9999 -9999 -9999
2021 02 24 03    40  -109 10102    87    24 -9999 -9999 -9999
2021 02 24 06   100   -97 10049   218    20 -9999 -9999 -9999
2021 02 24 09   122  -101 10026   153    15 -9999 -9999 -9999
2021 02 24 12    76   -73 10106   123    89 -9999 -9999 -9999
2021 02 24 15    42   -47 10151   102    58 -9999 -9999 -9999
2021 02 24 18    -5   -32 10162   127    50 -9999 -9999 -9999
2021 02 24 21   -22   -31 10150   124    34 -9999 -9999    12
2021 02 25 00   -27   -35 10180   137    21 -9999 -9999    30
2021 02 25 03    -5   -29 10194   128    17 -9999 -9999    23
2021 02 25 06    11   -34 10187   360     1 -9999 -9999     5
2021 02 25 09    37   -33 10160    51    20 -9999 -9999 -9999
2021 02 25 12     6   -42 10172   360     0 -9999 -9999 -9999
2021 02 25 15    -4   -36 10183   360     2 -9999 -9999 -9999
2021 02 25 18     0   -35 10159   216     3 -9999 -9999 -9999
2021 02 25 21   -12   -36 10126   360     0 -9999 -9999 -9999
2021 02 26 00   -27   -44 10152   270    17 -9999 -9999 -9999
2021 02 26 03    30   -29 10139    75    12 -9999 -9999 -9999
2021 02 26 06    97   -54 10064   135     7 -9999 -9999 -9999
2021 02 26 09   117   -66 10036   106    11 -9999 -9999 -9999
2021 02 26 12    77   -72 10076    42    20 -9999 -9999 -9999
2021 02 26 15    37   -44 10075   310    30 -9999 -9999 -9999
2021 02 26 18    35   -53 10033   210     3 -9999 -9999 -9999
2021 02 26 21    12   -52 10016   360     0 -9999 -9999 -9999
2021 02 27 00   -19   -57 10037   360     0 -9999 -9999 -9999
2021 02 27 03     5   -34 10064   135    63 -9999 -9999 -9999
2021 02 27 06    -4   -64 10082   120    93 -9999 -9999 -9999
2021 02 27 09   -22   -69 10131   120    55 -9999 -9999 -9999
2021 02 27 12   -32   -93 10191   128    55 -9999 -9999 -9999
2021 02 27 15   -40  -105 10202   129    55 -9999 -9999 -9999
2021 02 27 18   -49  -117 10194   115    36 -9999 -9999 -9999
2021 02 27 21   -60  -115 10176   115    50 -9999 -9999 -9999
2021 02 28 00   -67  -114 10202   122    35 -9999 -9999 -9999
2021 02 28 03   -54  -113 10226   126    37 -9999 -9999 -9999
2021 02 28 06   -22   -96 10229   142    41 -9999 -9999 -9999
2021 02 28 09   -10   -99 10235   155    15 -9999 -9999 -9999
2021 02 28 12   -30  -109 10290   109    40 -9999 -9999 -9999
2021 02 28 15   -45  -101 10335   128    46 -9999 -9999 -9999
2021 02 28 18   -62   -97 10341   118    33 -9999 -9999 -9999
2021 02 28 21   -79   -97 10345   152    22 -9999 -9999     1
2021 03 01 00   -84   -99 10367   178    16 -9999 -9999     1
2021 03 01 03   -40   -88 10360   249    12 -9999 -9999 -9999
2021 03 01 06    25   -89 10291    52    34 -9999 -9999 -9999
2021 03 01 09    60  -147 10247   248    17 -9999 -9999 -9999
2021 03 01 12    20  -150 10277    43    13 -9999 -9999 -9999
2021 03 01 15    -7  -129 10272   144    31 -9999 -9999 -9999
2021 03 01 18   -37  -125 10250   262     4 -9999 -9999 -9999
2021 03 01 21   -47  -114 10216   336    13 -9999 -9999 -9999
2021 03 02 00   -57  -125 10259   282    13 -9999 -9999 -9999
2021 03 02 03   -15  -111 10254    72    28 -9999 -9999 -9999
2021 03 02 06    37  -110 10220    82    12 -9999 -9999 -9999
2021 03 02 09    60  -153 10203   105    24 -9999 -9999 -9999
2021 03 02 12    27  -149 10239   133    29 -9999 -9999 -9999
2021 03 02 15    -5  -118 10253   133    23 -9999 -9999 -9999
2021 03 02 18   -30  -116 10238   360     0 -9999 -9999 -9999
2021 03 02 21   -55  -114 10220   269    18 -9999 -9999 -9999
2021 03 03 00   -64  -108 10245   318     3 -9999 -9999 -9999
2021 03 03 03    10  -111 10220    96    20 -9999 -9999 -9999
2021 03 03 06    82  -134 10155    58    31 -9999 -9999 -9999
2021 03 03 09   115  -270 10128   265    43 -9999 -9999 -9999
2021 03 03 12    65  -270 10162   220    10 -9999 -9999 -9999
2021 03 03 15    25  -182 10162   140    27 -9999 -9999 -9999
2021 03 03 18     7  -145 10140   212     4 -9999 -9999 -9999
2021 03 03 21   -27  -138 10127   270    11 -9999 -9999 -9999
2021 03 04 00   -30  -136 10161   275    14 -9999 -9999 -9999
2021 03 04 03    25  -126 10156   110     4 -9999 -9999 -9999
2021 03 04 06    82  -168 10108   113    29 -9999 -9999 -9999
2021 03 04 09   100  -181 10101   360     0 -9999 -9999 -9999
2021 03 04 12    70  -172 10138   129    76 -9999 -9999 -9999
2021 03 04 15    37  -136 10159   104    69 -9999 -9999 -9999
2021 03 04 18    16  -163 10153   158    15 -9999 -9999 -9999
2021 03 04 21    -5  -177 10147   236    12 -9999 -9999 -9999
2021 03 05 00   -30  -151 10188   297     4 -9999 -9999 -9999
2021 03 05 03    12  -144 10197    95     3 -9999 -9999 -9999
2021 03 05 06    55  -183 10167   112    27 -9999 -9999 -9999
2021 03 05 09    65  -169 10169   125    57 -9999 -9999 -9999
2021 03 05 12    26  -159 10232   122    51 -9999 -9999 -9999
2021 03 05 15     7  -148 10260   118    59 -9999 -9999 -9999
2021 03 05 18   -15  -137 10257   125    24 -9999 -9999 -9999
2021 03 05 21   -34  -139 10258   211    16 -9999 -9999 -9999
2021 03 06 00   -57  -129 10304   299    23 -9999 -9999 -9999
2021 03 06 03    12  -121 10280   116    21 -9999 -9999 -9999
2021 03 06 06    62  -123 10226    86    20 -9999 -9999 -9999
2021 03 06 09    77  -165 10196    36    50 -9999 -9999 -9999
2021 03 06 12    42  -156 10237    43    23 -9999 -9999 -9999
2021 03 06 15     2  -145 10229   360     0 -9999 -9999 -9999
2021 03 06 18   -27  -155 10208   360     2 -9999 -9999 -9999
2021 03 06 21   -49  -145 10195   295    27 -9999 -9999 -9999
2021 03 07 00   -57  -140 10217   290    25 -9999 -9999 -9999
2021 03 07 03    16  -137 10195   218    21 -9999 -9999 -9999
2021 03 07 06    85  -152 10139   248    26 -9999 -9999 -9999
2021 03 07 09   100  -148 10123   182    10 -9999 -9999 -9999
2021 03 07 12    57  -118 10187   297    17 -9999 -9999 -9999
2021 03 07 15    32   -60 10194   104    46 -9999 -9999 -9999
2021 03 07 18     1   -51 10174    21    43 -9999 -9999 -9999
2021 03 07 21   -27   -66 10170   294    30 -9999 -9999 -9999
2021 03 08 00   -40   -77 10212   284    31 -9999 -9999 -9999
2021 03 08 03    36   -75 10192   255    11 -9999 -9999 -9999
2021 03 08 06   107  -149 10130   173    13 -9999 -9999 -9999
2021 03 08 09   117  -158 10123    49    26 -9999 -9999 -9999
2021 03 08 12    81  -170 10164    60    13 -9999 -9999 -9999
2021 03 08 15    51  -149 10168   112     6 -9999 -9999 -9999
2021 03 08 18     6  -131 10159   360     0 -9999 -9999 -9999
2021 03 08 21   -14  -113 10161   290    20 -9999 -9999 -9999
2021 03 09 00   -29  -116 10204   279    21 -9999 -9999 -9999
2021 03 09 03    55   -99 10185   360     2 -9999 -9999 -9999
2021 03 09 06   116  -100 10135   101    24 -9999 -9999 -9999
2021 03 09 09   117  -105 10120   190    23 -9999 -9999 -9999
2021 03 09 12    92   -87 10160   124    60 -9999 -9999 -9999
2021 03 09 15    77   -92 10151   115    46 -9999 -9999 -9999
2021 03 09 18    60   -95 10132   121    59 -9999 -9999 -9999
2021 03 09 21    41   -96 10143   360     2 -9999 -9999 -9999
2021 03 10 00     0   -84 10189   281    24 -9999 -9999 -9999
2021 03 10 03    56   -83 10179   360     1 -9999 -9999 -9999
2021 03 10 06   112   -92 10125    85    23 -9999 -9999 -9999
2021 03 10 09   130  -131 10096   140    18 -9999 -9999 -9999
2021 03 10 12    97  -127 10141   138    31 -9999 -9999 -9999
2021 03 10 15    65   -99 10168   135    43 -9999 -9999 -9999
2021 03 10 18    19  -106 10172   270    30 -9999 -9999     0
2021 03 10 21    -5  -105 10179   291    15 -9999 -9999 -9999
2021 03 11 00   -17   -99 10220   350    10 -9999 -9999 -9999
2021 03 11 03    70   -90 10193    85    10 -9999 -9999 -9999
2021 03 11 06   151  -141 10135   230    15 -9999 -9999 -9999
2021 03 11 09   170  -286 10115   266    50 -9999 -9999 -9999
2021 03 11 12   115 -9999 10158   360     1 -9999 -9999 -9999
2021 03 11 15    46  -198 10164   282     3 -9999 -9999 -9999
2021 03 11 18    10  -179 10149   296    29 -9999 -9999 -9999
2021 03 11 21    -5  -172 10144   291    31 -9999 -9999 -9999
2021 03 12 00   -14  -163 10191   360     0 -9999 -9999 -9999
2021 03 12 03    45  -148 10222    98     9 -9999 -9999 -9999
2021 03 12 06   137  -132 10170   114    35 -9999 -9999 -9999
2021 03 12 09   162  -166 10142   102    17 -9999 -9999 -9999
2021 03 12 12   125  -162 10180   135    42 -9999 -9999 -9999
2021 03 12 15    75   -99 10201   128    56 -9999 -9999 -9999
2021 03 12 18    36  -101 10174    56     6 -9999 -9999 -9999
2021 03 12 21    -2  -102 10165   280    24 -9999 -9999 -9999
2021 03 13 00   -15  -104 10187   294    21 -9999 -9999 -9999
2021 03 13 03    66  -102 10159    72    11 -9999 -9999 -9999
2021 03 13 06   155  -138 10081    96    14 -9999 -9999 -9999
2021 03 13 09   195  -172 10031   112    12 -9999 -9999 -9999
2021 03 13 12   156  -201 10051   360     1 -9999 -9999 -9999
2021 03 13 15    96  -150 10052   228     8 -9999 -9999 -9999
2021 03 13 18    77  -126 10030   360     0 -9999 -9999 -9999
2021 03 13 21    55  -112 10026   288    33 -9999 -9999 -9999
2021 03 14 00    55  -108 10073   165    14 -9999 -9999 -9999
2021 03 14 03   111  -130 10088   101    11 -9999 -9999 -9999
2021 03 14 06   182  -221 10023   273    46 -9999 -9999 -9999
2021 03 14 09   187  -274 10009   245    55 -9999 -9999 -9999
2021 03 14 12   130  -283 10047   297    42 -9999 -9999 -9999
2021 03 14 15    71  -204 10063   288    41 -9999 -9999 -9999
2021 03 14 18    35  -181 10049   299    41 -9999 -9999 -9999
2021 03 14 21     2  -184 10056   281    19 -9999 -9999 -9999
2021 03 15 00   -20  -165 10119   292    17 -9999 -9999 -9999
2021 03 15 03    87  -157 10099   360     2 -9999 -9999 -9999
2021 03 15 06   157  -170 10045    98     9 -9999 -9999 -9999
2021 03 15 09   180  -201 10021   148    25 -9999 -9999 -9999
2021 03 15 12   135  -127 10067   122    39 -9999 -9999 -9999
2021 03 15 15   102  -145 10044    48     6 -9999 -9999 -9999
2021 03 15 18    52  -122 10039   360     0 -9999 -9999 -9999
2021 03 15 21    50  -116 10050   143     7 -9999 -9999 -9999
2021 03 16 00    30  -111 10102   360     0 -9999 -9999 -9999
2021 03 16 03    72  -109 10104    94    14 -9999 -9999 -9999
2021 03 16 06   120  -103 10073   131    21 -9999 -9999 -9999
2021 03 16 09   130  -108 10038   145     6 -9999 -9999 -9999
2021 03 16 12    82  -106 10087   132    73 -9999 -9999 -9999
2021 03 16 15    60  -103 10093   125    28 -9999 -9999 -9999
2021 03 16 18    46  -103 10066   111     3 -9999 -9999 -9999
2021 03 16 21    31   -98 10047   360     0 -9999 -9999 -9999
2021 03 17 00    22   -88 10078   360     0 -9999 -9999 -9999
2021 03 17 03    75   -86 10084    88    11 -9999 -9999 -9999
2021 03 17 06   136   -89 10038    92    28 -9999 -9999 -9999
2021 03 17 09   146   -94 10020   139    65 -9999 -9999 -9999
2021 03 17 12    80   -66 10089   133    89 -9999 -9999 -9999
2021 03 17 15    46   -72 10111   136    40 -9999 -9999 -9999
2021 03 17 18    25   -77 10101   146    54 -9999 -9999 -9999
2021 03 17 21    15   -87 10077   188    16 -9999 -9999 -9999
2021 03 18 00     7   -95 10129   132     8 -9999 -9999 -9999
2021 03 18 03    56   -76 10124   134    19 -9999 -9999 -9999
2021 03 18 06   107   -75 10075   143     7 -9999 -9999 -9999
2021 03 18 09   120   -74 10039   140    50 -9999 -9999     0
2021 03 18 12    75   -70 10094   126    84 -9999 -9999 -9999
2021 03 18 15    55  -104 10103   132    41 -9999 -9999 -9999
2021 03 18 18    37   -90 10094    82    87 -9999 -9999 -9999
2021 03 18 21    10   -60 10120    41    18 -9999 -9999 -9999
2021 03 19 00   -15   -53 10193   109    40 -9999 -9999 -9999
2021 03 19 03    10   -52 10202   115    46 -9999 -9999 -9999
2021 03 19 06    32   -64 10177   130    59 -9999 -9999 -9999
2021 03 19 09     0   -67 10200   131    84 -9999 -9999 -9999
2021 03 19 12   -17   -72 10255   127    82 -9999 -9999 -9999
2021 03 19 15   -20   -68 10265   130    60 -9999 -9999 -9999
2021 03 19 18   -35   -95 10255   132    68 -9999 -9999 -9999
2021 03 19 21   -45  -103 10267   119    42 -9999 -9999 -9999
2021 03 20 00   -47  -101 10285   121    24 -9999 -9999 -9999
2021 03 20 03     0   -92 10264    83    22 -9999 -9999 -9999
2021 03 20 06    55   -92 10201   142    35 -9999 -9999 -9999
2021 03 20 09    20   -90 10218   130   109 -9999 -9999 -9999
2021 03 20 12   -15   -83 10292   121   114 -9999 -9999 -9999
2021 03 20 15   -35  -107 10325   128    57 -9999 -9999 -9999
2021 03 20 18   -55  -117 10306   119    45 -9999 -9999 -9999
2021 03 20 21   -69  -116 10324    68    14 -9999 -9999 -9999
2021 03 21 00   -79  -119 10357   292    24 -9999 -9999 -9999
2021 03 21 03   -12  -111 10330   167    19 -9999 -9999 -9999
2021 03 21 06    36  -124 10276   194    16 -9999 -9999 -9999
2021 03 21 09    72  -162 10236    83    13 -9999 -9999 -9999
2021 03 21 12    25  -111 10292   120    97 -9999 -9999 -9999
2021 03 21 15     5  -126 10301   118    34 -9999 -9999 -9999
2021 03 21 18   -17  -136 10287   360     0 -9999 -9999 -9999
2021 03 21 21   -39  -125 10272   281    14 -9999 -9999 -9999
2021 03 22 00   -52  -116 10315   360     0 -9999 -9999 -9999
2021 03 22 03    27  -123 10281   229    19 -9999 -9999 -9999
2021 03 22 06   100  -148 10216   276    28 -9999 -9999 -9999
2021 03 22 09   117  -178 10197    16    27 -9999 -9999 -9999
2021 03 22 12    75  -247 10234   268    31 -9999 -9999 -9999
2021 03 22 15    30  -185 10228   279    30 -9999 -9999 -9999
2021 03 22 18     5  -168 10196   296    11 -9999 -9999 -9999
2021 03 22 21   -20  -159 10181   278    20 -9999 -9999 -9999
2021 03 23 00   -39  -149 10213   274    10 -9999 -9999 -9999
2021 03 23 03    72  -170 10173   360     1 -9999 -9999 -9999
2021 03 23 06   152  -221 10098   257    14 -9999 -9999 -9999
2021 03 23 09   175  -227 10074    32    19 -9999 -9999 -9999
2021 03 23 12   136  -234 10100    99    23 -9999 -9999 -9999
2021 03 23 15    92  -178 10087   121    66 -9999 -9999 -9999
2021 03 23 18    62  -211 10080   148    31 -9999 -9999 -9999
2021 03 23 21    36  -214 10086   360     0 -9999 -9999 -9999
2021 03 24 00    20  -147 10140   254    22 -9999 -9999 -9999
2021 03 24 03    87  -201 10138   140    25 -9999 -9999 -9999
2021 03 24 06   100  -203 10113   118    26 -9999 -9999 -9999
2021 03 24 09   122  -185 10081   145     3 -9999 -9999 -9999
2021 03 24 12   100  -155 10103   134    54 -9999 -9999 -9999
2021 03 24 15    70  -133 10098   172    13 -9999 -9999 -9999
2021 03 24 18    25  -115 10103   328    11 -9999 -9999 -9999
2021 03 24 21    12  -115 10082   273    21 -9999 -9999 -9999
2021 03 25 00    11  -104 10107   360     0 -9999 -9999 -9999
2021 03 25 03    77   -72 10108    23    53 -9999 -9999 -9999
2021 03 25 06   127  -110 10076   103    17 -9999 -9999 -9999
2021 03 25 09   131  -100 10055   130    46 -9999 -9999 -9999
2021 03 25 12   100   -81 10109   135    53 -9999 -9999 -9999
2021 03 25 15    62   -78 10144   127    76 -9999 -9999 -9999
2021 03 25 18    30   -55 10150   154    35 -9999 -9999 -9999
2021 03 25 21    12   -54 10151   137    40 -9999 -9999 -9999
2021 03 26 00    15   -56 10183    97    17 -9999 -9999 -9999
2021 03 26 03    67   -52 10181   189    13 -9999 -9999 -9999
2021 03 26 06    92   -58 10146   214    21 -9999 -9999 -9999
2021 03 26 09   117   -72 10108    65    26 -9999 -9999 -9999
2021 03 26 12    90   -81 10125    46     6 -9999 -9999 -9999
2021 03 26 15    71   -66 10129   136    31 -9999 -9999 -9999
2021 03 26 18    37   -65 10131   276    12 -9999 -9999 -9999
2021 03 26 21    10   -61 10127   303     7 -9999 -9999 -9999
2021 03 27 00    -4   -64 10155   360     0 -9999 -9999 -9999
2021 03 27 03    92   -70 10110   158     6 -9999 -9999 -9999
2021 03 27 06   160  -156 10060   295    40 -9999 -9999 -9999
2021 03 27 09   167  -193 10052   286    39 -9999 -9999 -9999
2021 03 27 12   126  -182 10084   312    26 -9999 -9999 -9999
2021 03 27 15   106  -134 10061   140    33 -9999 -9999 -9999
2021 03 27 18    85  -159 10037   115    49 -9999 -9999 -9999
2021 03 27 21    55  -157 10032   360     0 -9999 -9999 -9999
2021 03 28 00    25  -122 10074   245    24 -9999 -9999 -9999
2021 03 28 03    77  -132 10061   104    10 -9999 -9999 -9999
2021 03 28 06   126  -151 10009    50    29 -9999 -9999 -9999
2021 03 28 09   142  -138  9984   146    26 -9999 -9999 -9999
2021 03 28 12   117  -125 10035    82     7 -9999 -9999 -9999
2021 03 28 15    87   -87 10046   128    73 -9999 -9999 -9999
2021 03 28 18    57  -110 10037   122    74 -9999 -9999 -9999
2021 03 28 21    37  -119 10040   131    23 -9999 -9999 -9999
2021 03 29 00    20  -102 10073    40     7 -9999 -9999 -9999
2021 03 29 03    86   -98 10046   213    14 -9999 -9999 -9999
2021 03 29 06   167  -100  9980   110    17 -9999 -9999 -9999
2021 03 29 09   200  -114  9931   199    26 -9999 -9999 -9999
2021 03 29 12   157  -100  9958   120    68 -9999 -9999 -9999
2021 03 29 15   125   -92  9969   136    27 -9999 -9999 -9999
2021 03 29 18   106   -81  9941   120    27 -9999 -9999 -9999
2021 03 29 21    91   -63  9922   106     9 -9999 -9999 -9999
2021 03 30 00    87   -45  9963   105    71 -9999 -9999 -9999
2021 03 30 03   101   -85  9985   128    96 -9999 -9999 -9999
2021 03 30 06   117   -72  9963   131    98 -9999 -9999 -9999
2021 03 30 09    97   -70  9961   134   111 -9999 -9999 -9999
2021 03 30 12    75   -98 10008   119   116 -9999 -9999 -9999
2021 03 30 15    35   -54 10054   123    56 -9999 -9999 -9999
2021 03 30 18    17   -38 10065    20    38 -9999 -9999 -9999
2021 03 30 21    -5   -16 10082   360     1 -9999 -9999    10
2021 03 31 00    -2   -10 10106   360     0 -9999 -9999    18
2021 03 31 03    15     3 10131    76     8 -9999 -9999    12
2021 03 31 06    35    -1 10119   360     1 -9999 -9999     5
2021 03 31 09    62    -8 10096    97     7 -9999 -9999     1
2021 03 31 12    37   -17 10125   113    63 -9999 -9999 -9999
2021 03 31 15    25   -18 10148   112    56 -9999 -9999 -9999
2021 03 31 18     6    -7 10149   129    41 -9999 -9999     1
2021 03 31 21    -4   -11 10147   136    32 -9999 -9999     7
2021 04 01 00    -9   -20 10184   131    42 -9999 -9999     7
2021 04 01 03    12   -18 10186   116    36 -9999 -9999     2
2021 04 01 06    32   -33 10153   120    72 -9999 -9999     1
2021 04 01 09    22   -20 10150   122    53 -9999 -9999 -9999
2021 04 01 12    -2   -19 10185   124    58 -9999 -9999 -9999
2021 04 01 15   -10   -20 10203   126    48 -9999 -9999     4
2021 04 01 18   -15   -22 10197   117    21 -9999 -9999    16
2021 04 01 21   -15   -20 10206   111    14 -9999 -9999    18
2021 04 02 00   -15   -23 10237   124    25 -9999 -9999    11
2021 04 02 03     1   -18 10242   133    42 -9999 -9999     7
2021 04 02 06    32   -23 10216   123    59 -9999 -9999     3
2021 04 02 09    35   -28 10206   121    46 -9999 -9999     1
2021 04 02 12     6   -24 10238   122    56 -9999 -9999 -9999
2021 04 02 15    -2   -25 10257   119    53 -9999 -9999 -9999
2021 04 02 18   -12   -22 10242   133    36 -9999 -9999     1
2021 04 02 21   -17   -27 10230   133    36 -9999 -9999     3
2021 04 03 00   -12   -32 10252   114    40 -9999 -9999     2
2021 04 03 03    20   -26 10236   122    57 -9999 -9999 -9999
2021 04 03 06    46   -27 10194   143    59 -9999 -9999 -9999
2021 04 03 09    25   -36 10199   125    50 -9999 -9999 -9999
2021 04 03 12    15   -29 10224   146    38 -9999 -9999 -9999
2021 04 03 15    -2    -9 10232   295    10 -9999 -9999     5
2021 04 03 18     0    -5 10209    50    24 -9999 -9999    11
2021 04 03 21     0    -5 10208    82    20 -9999 -9999     9
2021 04 04 00     1    -5 10218   129    29 -9999 -9999     3
2021 04 04 03    10    -2 10229    51    18 -9999 -9999     1
2021 04 04 06    46     2 10191    67    12 -9999 -9999     1
2021 04 04 09    82   -16 10150    72    25 -9999 -9999 -9999
2021 04 04 12    60   -39 10176   281    23 -9999 -9999 -9999
2021 04 04 15    37   -89 10199   271    33 -9999 -9999 -9999
2021 04 04 18     6   -67 10191   255    15 -9999 -9999 -9999
2021 04 04 21   -12   -60 10166   315    19 -9999 -9999 -9999
2021 04 05 00   -14   -65 10178   310    10 -9999 -9999 -9999
2021 04 05 03    70   -61 10144    99    21 -9999 -9999 -9999
2021 04 05 06   127   -67 10104    96    31 -9999 -9999 -9999
2021 04 05 09   172  -115 10073   278    53 -9999 -9999 -9999
2021 04 05 12   115  -101 10120     1    41 -9999 -9999 -9999
2021 04 05 15    80   -82 10121   339     6 -9999 -9999 -9999
2021 04 05 18    37   -62 10128   282    28 -9999 -9999 -9999
2021 04 05 21    31   -46 10125   155    38 -9999 -9999 -9999
2021 04 06 00    32   -38 10186   140    33 -9999 -9999 -9999
2021 04 06 03    87   -38 10187   139    39 -9999 -9999 -9999
2021 04 06 06   112   -41 10181   133    44 -9999 -9999 -9999
2021 04 06 09    85   -50 10194   117    67 -9999 -9999 -9999
2021 04 06 12    57   -35 10222   120    63 -9999 -9999 -9999
2021 04 06 15    47   -24 10223   117    53 -9999 -9999 -9999
2021 04 06 18    37   -18 10208   127    17 -9999 -9999 -9999
2021 04 06 21    31   -18 10211   129    25 -9999 -9999 -9999
2021 04 07 00    32   -15 10232   360     1 -9999 -9999 -9999
2021 04 07 03    72   -24 10216   207    18 -9999 -9999 -9999
2021 04 07 06   121   -25 10153    79    27 -9999 -9999 -9999
2021 04 07 09   145   -33 10103    92    25 -9999 -9999 -9999
2021 04 07 12    97    -1 10133   114    79 -9999 -9999 -9999
2021 04 07 15    66     1 10148   127    50 -9999 -9999 -9999
2021 04 07 18    51    -5 10134   136    22 -9999 -9999 -9999
2021 04 07 21    50    -4 10110   105    19 -9999 -9999 -9999
2021 04 08 00    55     1 10151    60    17 -9999 -9999 -9999
2021 04 08 03   107     2 10133   231    17 -9999 -9999 -9999
2021 04 08 06   155   -16 10080    55    28 -9999 -9999 -9999
2021 04 08 09   140   -16 10061   126    92 -9999 -9999 -9999
2021 04 08 12   105     2 10094   119   101 -9999 -9999 -9999
2021 04 08 15    50    27 10135    89    80 -9999 -9999     6
2021 04 08 18    27    19 10133   132    27 -9999 -9999    41
2021 04 08 21    16    10 10148   323    12 -9999 -9999    61
2021 04 09 00    26    22 10170   211     8 -9999 -9999    31
2021 04 09 03    60    18 10187   173    24 -9999 -9999     5
2021 04 09 06    90    16 10161   216     9 -9999 -9999 -9999
2021 04 09 09   105     2 10131    75     7 -9999 -9999 -9999
2021 04 09 12    77     3 10141    18    22 -9999 -9999 -9999
2021 04 09 15    75    11 10146    43    14 -9999 -9999 -9999
2021 04 09 18    60    17 10137    23    51 -9999 -9999 -9999
2021 04 09 21    55    20 10129    57    28 -9999 -9999 -9999
2021 04 10 00    50    26 10155   134    36 -9999 -9999 -9999
2021 04 10 03    56    29 10155   123    57 -9999 -9999 -9999
2021 04 10 06    65    12 10142   130    58 -9999 -9999 -9999
2021 04 10 09    42    33 10155   128    20 -9999 -9999    24
2021 04 10 12    20    12 10199    28    44 -9999 -9999    62
2021 04 10 15    22    17 10215   182    14 -9999 -9999    47
2021 04 10 18    20    11 10205   118    30 -9999 -9999     9
2021 04 10 21    20    13 10206   105     5 -9999 -9999 -9999
2021 04 11 00    27    18 10219    80    10 -9999 -9999 -9999
2021 04 11 03    52    14 10207   139     4 -9999 -9999 -9999
2021 04 11 06   100     3 10153   128    19 -9999 -9999 -9999
2021 04 11 09   131   -20 10123   239    36 -9999 -9999 -9999
2021 04 11 12    82   -75 10171   308    32 -9999 -9999 -9999
2021 04 11 15    65   -72 10192   360     1 -9999 -9999 -9999
2021 04 11 18    31   -51 10185   308     8 -9999 -9999 -9999
2021 04 11 21    12   -30 10178    77    17 -9999 -9999 -9999
2021 04 12 00    10   -22 10216   302    13 -9999 -9999 -9999
2021 04 12 03    82   -16 10188   138    17 -9999 -9999 -9999
2021 04 12 06   132   -49 10148   270    22 -9999 -9999 -9999
2021 04 12 09   157  -126 10114   310    41 -9999 -9999 -9999
2021 04 12 12   115  -113 10149   270    15 -9999 -9999 -9999
2021 04 12 15    57   -15 10172   131    83 -9999 -9999 -9999
2021 04 12 18    37   -15 10164   126    31 -9999 -9999 -9999
2021 04 12 21    31    -9 10147   157     7 -9999 -9999 -9999
2021 04 13 00    35    -5 10175    37    15 -9999 -9999 -9999
2021 04 13 03    85    -9 10185   101    46 -9999 -9999 -9999
2021 04 13 06   112   -21 10151    97    60 -9999 -9999 -9999
2021 04 13 09   115   -24 10132    38    28 -9999 -9999 -9999
2021 04 13 12    32   -19 10205   128    94 -9999 -9999 -9999
2021 04 13 15    20   -17 10221   130    80 -9999 -9999 -9999
2021 04 13 18    15   -22 10195   127    53 -9999 -9999 -9999
2021 04 13 21    10   -24 10174   125    24 -9999 -9999 -9999
2021 04 14 00    16   -20 10207    40    13 -9999 -9999 -9999
2021 04 14 03    80   -18 10166    81    27 -9999 -9999 -9999
2021 04 14 06   131   -36 10097   116    22 -9999 -9999 -9999
2021 04 14 09   150  -153 10066   285    82 -9999 -9999 -9999
2021 04 14 12    77   -57 10141   278    27 -9999 -9999 -9999
2021 04 14 15    46   -34 10142   295    33 -9999 -9999 -9999
2021 04 14 18    41   -46 10134   131    45 -9999 -9999 -9999
2021 04 14 21    26   -39 10133    39    33 -9999 -9999 -9999
2021 04 15 00    32   -55 10192    64    22 -9999 -9999 -9999
2021 04 15 03    90   -57 10187    92    38 -9999 -9999 -9999
2021 04 15 06   100  -107 10157    64    44 -9999 -9999 -9999
2021 04 15 09   126  -161 10124    19    27 -9999 -9999 -9999
2021 04 15 12    85  -152 10155    13    37 -9999 -9999 -9999
2021 04 15 15    45   -54 10166   129    55 -9999 -9999 -9999
2021 04 15 18    26   -60 10178   130    27 -9999 -9999 -9999
2021 04 15 21     0   -53 10181    19     3 -9999 -9999 -9999
2021 04 16 00     2   -49 10228   278    14 -9999 -9999 -9999
2021 04 16 03    82   -67 10217    63    33 -9999 -9999 -9999
2021 04 16 06   121  -102 10178    96    15 -9999 -9999 -9999
2021 04 16 09   120  -124 10166    22    40 -9999 -9999 -9999
2021 04 16 12    92  -113 10181   105    70 -9999 -9999 -9999
2021 04 16 15    57  -144 10187    90    57 -9999 -9999 -9999
2021 04 16 18    31  -171 10190   162    35 -9999 -9999 -9999
2021 04 16 21    11  -167 10199   270    13 -9999 -9999 -9999
2021 04 17 00     5  -112 10227   280    17 -9999 -9999 -9999
2021 04 17 03    57  -149 10212   175    16 -9999 -9999 -9999
2021 04 17 06   107  -127 10166   176    10 -9999 -9999 -9999
2021 04 17 09   132  -120 10135   196    19 -9999 -9999 -9999
2021 04 17 12   107  -120 10154   125    48 -9999 -9999 -9999
2021 04 17 15    81   -93 10162   110    32 -9999 -9999 -9999
2021 04 17 18    42   -76 10155   279    20 -9999 -9999 -9999
2021 04 17 21    20   -68 10145   283    21 -9999 -9999 -9999
2021 04 18 00    20   -56 10171   314     8 -9999 -9999 -9999
2021 04 18 03   120   -56 10119   121    18 -9999 -9999 -9999
2021 04 18 06   180   -74 10060    71    16 -9999 -9999 -9999
2021 04 18 09   201   -82 10020   143    36 -9999 -9999 -9999
2021 04 18 12   152  -105 10050   117    88 -9999 -9999 -9999
2021 04 18 15   131   -28 10038   101    78 -9999 -9999 -9999
2021 04 18 18   105   -44 10024   114    51 -9999 -9999 -9999
2021 04 18 21    92   -24 10009    98    45 -9999 -9999 -9999
2021 04 19 00    85   -19 10061    95    75 -9999 -9999 -9999
2021 04 19 03    95   -24 10070   129    60 -9999 -9999 -9999
2021 04 19 06   115   -27 10060   130    66 -9999 -9999 -9999
2021 04 19 09    75    15 10096    29    36 -9999 -9999 -9999
2021 04 19 12    65    -6 10127   182    20 -9999 -9999 -9999
2021 04 19 15    52    -4 10139   281    21 -9999 -9999 -9999
2021 04 19 18    46     0 10124   354     8 -9999 -9999 -9999
2021 04 19 21    40     2 10137    10    17 -9999 -9999 -9999
2021 04 20 00    47     1 10147    20    12 -9999 -9999 -9999
2021 04 20 03   105   -39 10118    96    20 -9999 -9999 -9999
2021 04 20 06   122   -36 10091   246    27 -9999 -9999 -9999
2021 04 20 09   150   -21 10061   208    15 -9999 -9999 -9999
2021 04 20 12   116   -19 10077    21    36 -9999 -9999 -9999
2021 04 20 15    85   -11 10086   352    15 -9999 -9999 -9999
2021 04 20 18    72    -7 10084   297    15 -9999 -9999 -9999
2021 04 20 21    57    -3 10076   275    17 -9999 -9999 -9999
