2021 01 01 00  -283  -314 10345    64    19 -9999 -9999 -9999
2021 01 01 03  -229  -267 10351   230    10 -9999 -9999     0
2021 01 01 06  -200  -247 10350   340    20 -9999 -9999     0
2021 01 01 09  -213  -255 10377   150    20 -9999 -9999     0
2021 01 01 12  -257  -287 10395    14     8 -9999 -9999 -9999
2021 01 01 15  -293  -322 10398   269     5 -9999 -9999 -9999
2021 01 01 18  -281  -307 10386   300    20 -9999 -9999     0
2021 01 01 21  -308  -336 10412   290    20 -9999 -9999     0
2021 01 02 00  -299  -329 10442   280    10 -9999 -9999     0
2021 01 02 03  -239  -275 10458   254    33 -9999 -9999 -9999
2021 01 02 06  -189  -240 10437   280    40 -9999 -9999     0
2021 01 02 09  -204  -249 10459   246    28 -9999 -9999 -9999
2021 01 02 12  -266  -303 10481   230    30 -9999 -9999     0
2021 01 02 15  -266  -298 10467   240    20 -9999 -9999     0
2021 01 02 18  -280  -312 10450   210    10 -9999 -9999     0
2021 01 02 21  -286  -315 10445   220    20 -9999 -9999     0
2021 01 03 00  -267  -298 10454   240    21 -9999 -9999 -9999
2021 01 03 03  -223  -263 10438   240    30 -9999 -9999     0
2021 01 03 06  -174  -232 10414   266    18 -9999 -9999 -9999
2021 01 03 09  -200  -237 10426   290    30 -9999 -9999     0
2021 01 03 12  -253  -287 10450   298    29 -9999 -9999 -9999
2021 01 03 15  -256  -298 10449   280    30 -9999 -9999     0
2021 01 03 18  -292  -324 10448   240    20 -9999 -9999     0
2021 01 03 21  -268  -309 10444   260    50 -9999 -9999     0
2021 01 04 00  -276  -322 10475   250    30 -9999 -9999     0
2021 01 04 03  -229  -283 10468   258    46 -9999 -9999 -9999
2021 01 04 06  -203  -261 10457   290    70 -9999 -9999     0
2021 01 04 09  -210  -266 10458   283    28 -9999 -9999 -9999
2021 01 04 12  -269  -307 10479   240    30 -9999 -9999     0
2021 01 04 15  -274  -315 10468   240    22 -9999 -9999 -9999
2021 01 04 18  -287  -325 10450   240    34 -9999 -9999 -9999
2021 01 04 21  -294  -329 10446   240    40 -9999 -9999 -9999
2021 01 05 00  -279  -313 10450   241    62 -9999 -9999 -9999
2021 01 05 03  -234  -273 10428   230    40 -9999 -9999     0
2021 01 05 06  -174  -232 10395   275    58 -9999 -9999 -9999
2021 01 05 09  -189  -252 10412   283    55 -9999 -9999 -9999
2021 01 05 12  -229  -266 10435   295    53 -9999 -9999 -9999
2021 01 05 15  -261  -294 10442   300    50 -9999 -9999     0
2021 01 05 18  -263  -296 10438   300    40 -9999 -9999     0
2021 01 05 21  -286  -321 10461   290    40 -9999 -9999     0
2021 01 06 00  -324  -371 10496   296    93 -9999 -9999 -9999
2021 01 06 03  -309  -368 10523   297    63 -9999 -9999 -9999
2021 01 06 06  -288  -354 10511   290    70 -9999 -9999     0
2021 01 06 09  -295  -354 10517   294    31 -9999 -9999 -9999
2021 01 06 12  -329  -379 10522   239    25 -9999 -9999 -9999
2021 01 06 15  -340  -385 10506   240    30 -9999 -9999     0
2021 01 06 18  -330  -369 10481   210    10 -9999 -9999     0
2021 01 06 21  -341  -383 10478   210    10 -9999 -9999     0
2021 01 07 00  -319  -360 10488   250    20 -9999 -9999     0
2021 01 07 03  -253  -300 10482   290    60 -9999 -9999     0
2021 01 07 06  -220  -271 10456   290    60 -9999 -9999     0
2021 01 07 09  -229  -277 10459   300    50 -9999 -9999     0
2021 01 07 12  -270  -308 10463   350    20 -9999 -9999     0
2021 01 07 15  -293  -329 10442   241    19 -9999 -9999 -9999
2021 01 07 18  -253  -286 10408   290    70 -9999 -9999     0
2021 01 07 21  -249  -286 10405   295    40 -9999 -9999 -9999
2021 01 08 00  -244  -283 10414   266    45 -9999 -9999 -9999
2021 01 08 03  -201  -252 10410   280    70 -9999 -9999     0
2021 01 08 06  -165  -217 10377   280    60 -9999 -9999     0
2021 01 08 09  -170  -222 10379   270    40 -9999 -9999     0
2021 01 08 12  -221  -248 10400   260    20 -9999 -9999     0
2021 01 08 15  -238  -267 10390   290    20 -9999 -9999     0
2021 01 08 18  -213  -243 10376   280    50 -9999 -9999     0
2021 01 08 21  -195  -231 10373   290    70 -9999 -9999     0
2021 01 09 00  -216  -250 10402   280    60 -9999 -9999     0
2021 01 09 03  -172  -219 10398   280    60 -9999 -9999     0
2021 01 09 06  -138  -188 10362   280    70 -9999 -9999     0
2021 01 09 09  -155  -202 10361   280    26 -9999 -9999 -9999
2021 01 09 12  -194  -235 10394   290    60 -9999 -9999     0
2021 01 09 15  -191  -232 10389   280    60 -9999 -9999     0
2021 01 09 18  -212  -246 10397   295    33 -9999 -9999 -9999
2021 01 09 21  -234  -263 10401    40    10 -9999 -9999     0
2021 01 10 00  -262  -295 10421   240    30 -9999 -9999     0
2021 01 10 03  -207  -243 10414   240    30 -9999 -9999     0
2021 01 10 06  -152  -193 10375   230    40 -9999 -9999     0
2021 01 10 09  -160  -197 10381   250    10 -9999 -9999     0
2021 01 10 12  -144  -188 10386   240    40 -9999 -9999     0
2021 01 10 15  -193  -219 10378   230    30 -9999 -9999     0
2021 01 10 18  -199  -227 10353   236    34 -9999 -9999 -9999
2021 01 10 21  -208  -238 10347   240    50 -9999 -9999     0
2021 01 11 00  -233  -262 10343   234    25 -9999 -9999 -9999
2021 01 11 03  -184  -220 10332   240    70 -9999 -9999     0
2021 01 11 06  -121  -172 10273   230    60 -9999 -9999     0
2021 01 11 09  -122  -157 10239   250    50 -9999 -9999     0
2021 01 11 12  -125  -175 10223   255    53 -9999 -9999 -9999
2021 01 11 15  -131  -183 10185   250    60 -9999 -9999     0
2021 01 11 18  -132  -188 10149   270    70 -9999 -9999     0
2021 01 11 21  -142  -193 10130   260    60 -9999 -9999     0
2021 01 12 00  -129  -192 10115   275    70 -9999 -9999 -9999
2021 01 12 03   -97  -154 10103   237    46 -9999 -9999 -9999
2021 01 12 06   -71  -126 10068   240    30 -9999 -9999     0
2021 01 12 09   -65  -112 10080   290    80 -9999 -9999 -9999
2021 01 12 12   -84  -142 10101   260    70 -9999 -9999     0
2021 01 12 15  -115  -147 10132   300    60 -9999 -9999     0
2021 01 12 18  -135  -166 10163   301    66 -9999 -9999 -9999
2021 01 12 21  -181  -203 10195   290    10 -9999 -9999     0
2021 01 13 00  -224  -247 10220   244    12 -9999 -9999 -9999
2021 01 13 03  -166  -189 10218   120    10 -9999 -9999     0
2021 01 13 06  -114  -161 10197    55    25 -9999 -9999 -9999
2021 01 13 09  -147  -178 10214    65    30 -9999 -9999 -9999
2021 01 13 12  -182  -208 10233    60    40 -9999 -9999     0
2021 01 13 15  -199  -226 10211    60    45 -9999 -9999 -9999
2021 01 13 18  -202  -229 10172    63    57 -9999 -9999 -9999
2021 01 13 21  -187  -214 10147    70    60 -9999 -9999     0
2021 01 14 00  -176  -202 10142    70    50 -9999 -9999     0
2021 01 14 03  -140  -179 10166   230    20 -9999 -9999 -9999
2021 01 14 06  -126  -159 10181   300    50 -9999 -9999 -9999
2021 01 14 09  -126  -152 10225   300    40 -9999 -9999     1
2021 01 14 12  -144  -169 10266   305    41 -9999 -9999     2
2021 01 14 15  -201  -237 10313   300    40 -9999 -9999     2
2021 01 14 18  -236  -274 10335   300    20 -9999 -9999     1
2021 01 14 21  -270  -301 10363   340    30 -9999 -9999     0
2021 01 15 00  -289  -319 10396   300    30 -9999 -9999 -9999
2021 01 15 03  -225  -256 10414   300    30 -9999 -9999     0
2021 01 15 06  -174  -220 10403   280    41 -9999 -9999 -9999
2021 01 15 09  -190  -230 10426   304    29 -9999 -9999 -9999
2021 01 15 12  -268  -295 10471   240    20 -9999 -9999     0
2021 01 15 15  -259  -298 10452   290    10 -9999 -9999     0
2021 01 15 18  -277  -305 10438   239    32 -9999 -9999 -9999
2021 01 15 21  -283  -315 10441   300    10 -9999 -9999     0
2021 01 16 00  -274  -303 10466   300    30 -9999 -9999     0
2021 01 16 03  -214  -253 10462   237    24 -9999 -9999 -9999
2021 01 16 06  -153  -213 10432   270    50 -9999 -9999     0
2021 01 16 09  -162  -210 10438   266    54 -9999 -9999 -9999
2021 01 16 12  -208  -253 10450   240    40 -9999 -9999     0
2021 01 16 15  -192  -252 10412   240    60 -9999 -9999     0
2021 01 16 18  -224  -260 10368   248    48 -9999 -9999 -9999
2021 01 16 21  -193  -239 10319   250    70 -9999 -9999     0
2021 01 17 00  -175  -227 10307   280    70 -9999 -9999     0
2021 01 17 03  -157  -213 10301   291    85 -9999 -9999 -9999
2021 01 17 06  -134  -186 10290   280    70 -9999 -9999     0
2021 01 17 09  -132  -189 10273   240    40 -9999 -9999     0
2021 01 17 12  -174  -223 10277   256    52 -9999 -9999 -9999
2021 01 17 15  -177  -227 10272   290    60 -9999 -9999     0
2021 01 17 18  -196  -242 10273   250    20 -9999 -9999     0
2021 01 17 21  -207  -246 10290   238    17 -9999 -9999 -9999
2021 01 18 00  -242  -271 10323   249    10 -9999 -9999 -9999
2021 01 18 03  -160  -214 10308   130    20 -9999 -9999     0
2021 01 18 06  -125  -175 10272   100    30 -9999 -9999     0
2021 01 18 09  -161  -193 10263    70    60 -9999 -9999     0
2021 01 18 12  -198  -228 10281    64    55 -9999 -9999 -9999
2021 01 18 15  -195  -228 10254    80    40 -9999 -9999     0
2021 01 18 18  -214  -246 10254    80    10 -9999 -9999     0
2021 01 18 21  -252  -279 10275   294    19 -9999 -9999 -9999
2021 01 19 00  -258  -286 10294     0 -9999 -9999 -9999     0
2021 01 19 03  -165  -210 10277   106    19 -9999 -9999 -9999
2021 01 19 06  -125  -170 10248   124    27 -9999 -9999 -9999
2021 01 19 09  -124  -173 10266   120    12 -9999 -9999 -9999
2021 01 19 12  -205  -236 10295    60    10 -9999 -9999     0
2021 01 19 15  -219  -247 10268    97     9 -9999 -9999 -9999
2021 01 19 18  -228  -248 10258   240    20 -9999 -9999     0
2021 01 19 21  -193  -219 10249   236    36 -9999 -9999 -9999
2021 01 20 00  -204  -234 10287   240    20 -9999 -9999     0
2021 01 20 03  -130  -174 10294   235    31 -9999 -9999 -9999
2021 01 20 06   -71  -120 10275   240    50 -9999 -9999     0
2021 01 20 09   -85  -126 10268   236    28 -9999 -9999 -9999
2021 01 20 12  -143  -168 10296   110    20 -9999 -9999     0
2021 01 20 15  -168  -191 10280    50    30 -9999 -9999     0
2021 01 20 18  -214  -242 10273    96     6 -9999 -9999 -9999
2021 01 20 21  -204  -230 10271    60    20 -9999 -9999     0
2021 01 21 00  -247  -280 10309    60    10 -9999 -9999     0
2021 01 21 03  -149  -197 10310   230    10 -9999 -9999     0
2021 01 21 06  -103  -158 10304   290    20 -9999 -9999     0
2021 01 21 09  -101  -156 10314   310    20 -9999 -9999     0
2021 01 21 12  -178  -201 10357   120    10 -9999 -9999     0
2021 01 21 15  -216  -241 10343    90    10 -9999 -9999     0
2021 01 21 18  -197  -220 10323    70    20 -9999 -9999     0
2021 01 21 21  -213  -237 10316    90    10 -9999 -9999     0
2021 01 22 00  -228  -253 10335    67    26 -9999 -9999 -9999
2021 01 22 03  -169  -200 10319    80    20 -9999 -9999     0
2021 01 22 06  -123  -168 10271    80    40 -9999 -9999     0
2021 01 22 09  -137  -170 10267    68    45 -9999 -9999 -9999
2021 01 22 12  -167  -192 10283    65    47 -9999 -9999 -9999
2021 01 22 15  -177  -202 10270    64    21 -9999 -9999 -9999
2021 01 22 18  -184  -209 10261    64    22 -9999 -9999 -9999
2021 01 22 21  -202  -229 10262    81    15 -9999 -9999 -9999
2021 01 23 00  -201  -220 10276    70    20 -9999 -9999     0
2021 01 23 03  -134  -180 10277    70    20 -9999 -9999     0
2021 01 23 06   -84  -136 10257   130    30 -9999 -9999     0
2021 01 23 09   -99  -145 10278    10    20 -9999 -9999     0
2021 01 23 12  -158  -188 10315   140    10 -9999 -9999     0
2021 01 23 15  -184  -206 10311   150    20 -9999 -9999     0
2021 01 23 18  -194  -217 10317    10    20 -9999 -9999     0
2021 01 23 21  -217  -242 10316   323    19 -9999 -9999 -9999
2021 01 24 00  -208  -232 10345    60    10 -9999 -9999     0
2021 01 24 03  -130  -153 10348   100    10 -9999 -9999     0
2021 01 24 06   -97  -138 10317   100    20 -9999 -9999     0
2021 01 24 09  -119  -151 10326    85    35 -9999 -9999 -9999
2021 01 24 12  -153  -175 10345    60    20 -9999 -9999     0
2021 01 24 15  -157  -175 10314   120    20 -9999 -9999     0
2021 01 24 18  -181  -206 10298   240    10 -9999 -9999     0
2021 01 24 21  -139  -162 10284   250    30 -9999 -9999     0
2021 01 25 00   -71  -106 10277   230    70 -9999 -9999     0
2021 01 25 03   -75  -133 10299   270    50 -9999 -9999     0
2021 01 25 06   -55  -122 10294   276    46 -9999 -9999 -9999
2021 01 25 09   -61  -124 10274   260    30 -9999 -9999     0
2021 01 25 12  -110  -176 10260   260    30 -9999 -9999     0
2021 01 25 15  -131  -194 10285   250    50 -9999 -9999     0
2021 01 25 18  -139  -202 10284   279    56 -9999 -9999 -9999
2021 01 25 21  -180  -225 10297   290    20 -9999 -9999     0
2021 01 26 00  -195  -240 10324   245     9 -9999 -9999 -9999
2021 01 26 03  -129  -190 10332   290    10 -9999 -9999     0
2021 01 26 06  -110  -181 10310   290    44 -9999 -9999 -9999
2021 01 26 09  -110  -185 10311   315    13 -9999 -9999 -9999
2021 01 26 12  -178  -216 10340   105    13 -9999 -9999 -9999
2021 01 26 15  -181  -213 10315    90    20 -9999 -9999     0
2021 01 26 18  -189  -216 10291    53    15 -9999 -9999 -9999
2021 01 26 21  -185  -221 10265   110    20 -9999 -9999     0
2021 01 27 00  -196  -228 10295    30    20 -9999 -9999     0
2021 01 27 03  -169  -208 10304   300    30 -9999 -9999     0
2021 01 27 06  -120  -184 10290   300    60 -9999 -9999     0
2021 01 27 09  -145  -213 10320   300    70 -9999 -9999     0
2021 01 27 12  -184  -248 10356   300    60 -9999 -9999     0
2021 01 27 15  -209  -270 10363   280    60 -9999 -9999     0
2021 01 27 18  -227  -287 10363   290    70 -9999 -9999     0
2021 01 27 21  -248  -307 10381   300    50 -9999 -9999     0
2021 01 28 00  -285  -328 10408   273    25 -9999 -9999 -9999
2021 01 28 03  -202  -271 10397   248    16 -9999 -9999 -9999
2021 01 28 06  -140  -203 10344   220    50 -9999 -9999     0
2021 01 28 09  -124  -182 10307   240    50 -9999 -9999     0
2021 01 28 12  -170  -208 10320   250    15 -9999 -9999 -9999
2021 01 28 15  -177  -218 10303    60    20 -9999 -9999     0
2021 01 28 18  -219  -251 10290   232    19 -9999 -9999 -9999
2021 01 28 21  -219  -251 10261   120    10 -9999 -9999     0
2021 01 29 00  -224  -249 10266   237    17 -9999 -9999 -9999
2021 01 29 03   -85  -147 10236   274    79 -9999 -9999 -9999
2021 01 29 06   -42  -113 10232   276    87 -9999 -9999 -9999
2021 01 29 09   -54  -119 10238   250    43 -9999 -9999 -9999
2021 01 29 12  -101  -158 10259   260    50 -9999 -9999     0
2021 01 29 15  -130  -178 10243   278    19 -9999 -9999 -9999
2021 01 29 18  -148  -184 10242    30    10 -9999 -9999     0
2021 01 29 21  -173  -205 10238   110    20 -9999 -9999     0
2021 01 30 00  -153  -186 10247   240    20 -9999 -9999     0
2021 01 30 03   -79  -129 10235   250    20 -9999 -9999     0
2021 01 30 06   -25  -101 10216   270    60 -9999 -9999     0
2021 01 30 09   -22   -97 10217   273    30 -9999 -9999 -9999
2021 01 30 12  -105  -136 10237   100    20 -9999 -9999     0
2021 01 30 15  -163  -184 10228   120    20 -9999 -9999     0
2021 01 30 18  -109  -146 10176   232    77 -9999 -9999 -9999
2021 01 30 21  -121  -155 10156   230    60 -9999 -9999     0
2021 01 31 00  -130  -160 10164   230    70 -9999 -9999     0
2021 01 31 03   -52  -114 10162   264    43 -9999 -9999 -9999
2021 01 31 06   -21  -109 10130   270    60 -9999 -9999     0
2021 01 31 09   -63   -90 10172   290    90 -9999 -9999     1
2021 01 31 12  -144  -174 10253   300    60 -9999 -9999     1
2021 01 31 15  -199  -233 10296   300    20 -9999 -9999     0
2021 01 31 18  -236  -265 10317   270    20 -9999 -9999     0
2021 01 31 21  -233  -256 10332   300    20 -9999 -9999 -9999
2021 02 01 00  -224  -252 10359   294    25 -9999 -9999 -9999
2021 02 01 03  -202  -256 10383   280    70 -9999 -9999     0
2021 02 01 06  -178  -233 10396   290    80 -9999 -9999     0
2021 02 01 09  -184  -254 10410   290    30 -9999 -9999     0
2021 02 01 12  -233  -274 10419   230    40 -9999 -9999     0
2021 02 01 15  -230  -282 10392   240    28 -9999 -9999 -9999
2021 02 01 18  -219  -279 10364   239    60 -9999 -9999 -9999
2021 02 01 21  -244  -291 10347   243    28 -9999 -9999 -9999
2021 02 02 00  -229  -277 10370   276    47 -9999 -9999 -9999
2021 02 02 03  -184  -246 10377   300    33 -9999 -9999 -9999
2021 02 02 06  -149  -235 10346   272    13 -9999 -9999 -9999
2021 02 02 09  -143  -214 10330   140    30 -9999 -9999     0
2021 02 02 12  -179  -226 10323    95    17 -9999 -9999 -9999
2021 02 02 15  -204  -241 10306   110    10 -9999 -9999     0
2021 02 02 18  -210  -245 10287   322    13 -9999 -9999 -9999
2021 02 02 21  -238  -268 10314   300    40 -9999 -9999     0
2021 02 03 00  -201  -252 10352   290    50 -9999 -9999     0
2021 02 03 03  -135  -196 10361   280    60 -9999 -9999     0
2021 02 03 06   -64  -146 10329   280    60 -9999 -9999     0
2021 02 03 09   -57  -135 10321   280    60 -9999 -9999     0
2021 02 03 12  -117  -179 10332   230    40 -9999 -9999     0
2021 02 03 15  -138  -191 10308   240    50 -9999 -9999     0
2021 02 03 18  -130  -196 10274   230    49 -9999 -9999 -9999
2021 02 03 21  -171  -214 10262   250    30 -9999 -9999     0
2021 02 04 00  -135  -195 10255   245    54 -9999 -9999 -9999
2021 02 04 03   -50  -131 10231   240    60 -9999 -9999     0
2021 02 04 06    11  -101 10189   261    91 -9999 -9999 -9999
2021 02 04 09     0   -97 10184   263    62 -9999 -9999 -9999
2021 02 04 12   -58  -132 10196   230    50 -9999 -9999     0
2021 02 04 15   -39  -114 10169   257    77 -9999 -9999 -9999
2021 02 04 18   -55  -116 10147   250    50 -9999 -9999     0
2021 02 04 21   -52  -120 10133   270    70 -9999 -9999     0
2021 02 05 00   -52  -113 10143   260    70 -9999 -9999     0
2021 02 05 03   -25   -86 10140   250    40 -9999 -9999     0
2021 02 05 06    19   -72 10122   270    50 -9999 -9999     0
2021 02 05 09    15   -69 10120   267    53 -9999 -9999 -9999
2021 02 05 12   -23  -111 10150   280    50 -9999 -9999     0
2021 02 05 15   -49  -125 10165   293    39 -9999 -9999 -9999
2021 02 05 18   -77  -126 10163   300    40 -9999 -9999     0
2021 02 05 21  -118  -144 10171   230    20 -9999 -9999     0
2021 02 06 00   -88  -119 10195    70    30 -9999 -9999     0
2021 02 06 03   -64   -88 10223    70    30 -9999 -9999     7
2021 02 06 06   -59   -94 10249    66    47 -9999 -9999    11
2021 02 06 09   -84  -127 10300    70    40 -9999 -9999     4
2021 02 06 12  -145  -172 10340   300    20 -9999 -9999     0
2021 02 06 15  -196  -219 10366   280    20 -9999 -9999     0
2021 02 06 18  -220  -240 10375   300    20 -9999 -9999     0
2021 02 06 21  -226  -247 10386   240    10 -9999 -9999     0
2021 02 07 00  -223  -244 10412   200    10 -9999 -9999     0
2021 02 07 03  -151  -175 10417   230    20 -9999 -9999     0
2021 02 07 06   -73  -113 10388   230    30 -9999 -9999     0
2021 02 07 09   -65  -118 10381   290    40 -9999 -9999     0
2021 02 07 12  -152  -171 10418   290    10 -9999 -9999     0
2021 02 07 15  -169  -194 10407   300    20 -9999 -9999     0
2021 02 07 18  -202  -228 10394   110    10 -9999 -9999     0
2021 02 07 21  -197  -220 10380   180    10 -9999 -9999     0
2021 02 08 00  -202  -223 10406   240    12 -9999 -9999 -9999
2021 02 08 03   -99  -150 10376   250    30 -9999 -9999     0
2021 02 08 06   -33  -104 10345   250    30 -9999 -9999     0
2021 02 08 09   -62  -121 10337   110    20 -9999 -9999     0
2021 02 08 12  -150  -177 10360    50    10 -9999 -9999     0
2021 02 08 15  -182  -207 10330   126    15 -9999 -9999 -9999
2021 02 08 18  -188  -211 10299   261     4 -9999 -9999 -9999
2021 02 08 21  -194  -221 10296   105    11 -9999 -9999 -9999
2021 02 09 00  -157  -174 10304   240    20 -9999 -9999     0
2021 02 09 03   -63  -112 10286   240    30 -9999 -9999     0
2021 02 09 06     3   -70 10255   230    40 -9999 -9999     0
2021 02 09 12   -82  -104 10276   118    13 -9999 -9999 -9999
2021 02 09 15  -124  -147 10269   240    10 -9999 -9999     0
2021 02 09 18  -121  -137 10245   110    10 -9999 -9999     0
2021 02 09 21  -145  -169 10255    90    10 -9999 -9999     0
2021 02 10 00  -150  -177 10271    70    20 -9999 -9999     0
2021 02 10 03   -54  -115 10252   122    24 -9999 -9999 -9999
2021 02 10 06    35   -62 10196   250    60 -9999 -9999     0
2021 02 10 09   -23   -68 10190    60    40 -9999 -9999     0
2021 02 11 00     1   -86 10125   240    90 -9999 -9999     0
2021 02 13 12   -89  -117 10295    65    53 -9999 -9999 -9999
2021 02 13 15  -104  -123 10283    60    40 -9999 -9999     1
2021 02 13 18  -125  -145 10287   300    40 -9999 -9999     1
2021 02 13 21  -133  -157 10291    60    40 -9999 -9999 -9999
2021 02 14 00  -178  -206 10326   290    30 -9999 -9999     2
2021 02 14 03  -152  -214 10341   292    44 -9999 -9999     2
2021 02 14 06  -128  -202 10338   300    40 -9999 -9999     0
2021 02 14 09   -99  -199 10330   300    10 -9999 -9999     0
2021 02 14 12  -150  -192 10352   240    20 -9999 -9999     0
2021 02 14 15  -156  -195 10336   250    50 -9999 -9999     0
2021 02 14 18  -164  -213 10308   249    46 -9999 -9999 -9999
2021 02 14 21  -186  -224 10279   240    20 -9999 -9999     0
2021 02 15 00  -194  -221 10274   244    22 -9999 -9999 -9999
2021 02 15 03   -99  -162 10238   260    30 -9999 -9999     0
2021 02 15 06   -90  -166 10235    40    40 -9999 -9999     0
2021 02 15 09   -81  -160 10248   280    30 -9999 -9999     0
2021 02 15 12  -127  -174 10283   300    39 -9999 -9999 -9999
2021 02 15 15  -147  -185 10299    70    50 -9999 -9999     1
2021 02 15 18  -188  -246 10325   300    50 -9999 -9999     1
2021 02 15 21  -217  -259 10347   300    20 -9999 -9999     0
2021 02 16 00  -222  -265 10370   270    30 -9999 -9999     0
2021 02 16 03  -158  -243 10366   280    30 -9999 -9999     0
2021 02 16 06  -112  -224 10354   300    60 -9999 -9999     0
2021 02 16 09  -126  -243 10381   330    50 -9999 -9999     0
2021 02 16 12  -170  -238 10411    56    29 -9999 -9999 -9999
2021 02 16 15  -197  -246 10412    80    10 -9999 -9999     0
2021 02 16 18  -231  -263 10413   250    20 -9999 -9999     0
2021 02 16 21  -236  -271 10418     0 -9999 -9999 -9999     0
2021 02 17 00  -211  -251 10427    80    20 -9999 -9999     0
2021 02 17 03  -128  -233 10413   120    30 -9999 -9999     0
2021 02 17 06   -76  -234 10388   220    40 -9999 -9999     0
2021 02 17 09   -50  -195 10368   124    26 -9999 -9999 -9999
2021 02 17 12  -139  -184 10381    70    30 -9999 -9999     0
2021 02 17 15  -159  -203 10357    68    27 -9999 -9999 -9999
2021 02 17 18  -167  -210 10329    80    20 -9999 -9999     0
2021 02 17 21  -181  -221 10303    60    30 -9999 -9999     0
2021 02 18 00  -179  -220 10315    57    18 -9999 -9999 -9999
2021 02 18 03   -34  -128 10269   240    30 -9999 -9999     0
2021 02 18 06    45  -130 10219   291    19 -9999 -9999 -9999
2021 02 18 09    75  -123 10198   290    40 -9999 -9999     0
2021 02 18 12   -15  -101 10208   150    20 -9999 -9999     0
2021 02 18 15    15  -134 10152   240    60 -9999 -9999     0
2021 02 18 18   -21  -152 10123   240    60 -9999 -9999     0
2021 02 18 21    -9  -159 10095   240    60 -9999 -9999     0
2021 02 19 00    -1  -152 10121   250    50 -9999 -9999     0
2021 02 19 03    56  -115 10119   296    77 -9999 -9999 -9999
2021 02 19 06    47   -77 10138    10    30 -9999 -9999     0
2021 02 19 09    35   -59 10125   115    28 -9999 -9999 -9999
2021 02 20 15    51  -143 10009   245    62 -9999 -9999 -9999
2021 02 20 18    47  -157 10012   279    75 -9999 -9999 -9999
2021 02 20 21    16  -141 10035   299    58 -9999 -9999 -9999
2021 02 21 00     5  -125 10079   299    70 -9999 -9999 -9999
2021 02 21 03   -17   -77 10141   292    94 -9999 -9999 -9999
2021 02 21 06    10   -70 10162    58    50 -9999 -9999 -9999
2021 02 21 12   -45  -109 10258    66    41 -9999 -9999 -9999
2021 02 21 18   -99  -124 10306   248     4 -9999 -9999 -9999
2021 02 21 21  -112  -131 10320   235    10 -9999 -9999 -9999
2021 02 22 00  -117  -138 10346   283    10 -9999 -9999 -9999
2021 02 22 03   -64  -135 10342    60    40 -9999 -9999     0
2021 02 22 06   -40  -134 10334    77    37 -9999 -9999 -9999
2021 02 22 09   -48  -134 10330    80    40 -9999 -9999     0
2021 02 22 12   -70  -127 10340    60    50 -9999 -9999     0
2021 02 22 15   -98  -141 10334    60    50 -9999 -9999     0
2021 02 22 18  -117  -162 10329    60    40 -9999 -9999     0
2021 02 22 21  -149  -191 10325    60    50 -9999 -9999     0
2021 02 23 00  -154  -201 10331    60    40 -9999 -9999     0
2021 02 23 03   -73  -177 10306    90    30 -9999 -9999     0
2021 02 23 06    -4  -136 10257    70    47 -9999 -9999 -9999
2021 02 23 09    -3   -97 10241    70    50 -9999 -9999     0
2021 02 23 12   -62   -96 10257    75    49 -9999 -9999 -9999
2021 02 23 15   -96  -124 10245    60    30 -9999 -9999     0
2021 02 23 18  -104  -140 10231    70    20 -9999 -9999     0
2021 02 23 21  -114  -153 10231    60    20 -9999 -9999     0
2021 02 24 00  -105  -153 10256    73    30 -9999 -9999 -9999
2021 02 24 03   -35  -124 10258    72    22 -9999 -9999 -9999
2021 02 24 06     7  -107 10237    78    44 -9999 -9999 -9999
2021 02 24 09   -13   -81 10240    70    60 -9999 -9999     0
2021 02 24 12   -49   -83 10258    70    60 -9999 -9999     0
2021 02 24 15   -72   -98 10270    60    43 -9999 -9999 -9999
2021 02 24 18  -104  -130 10274    70    40 -9999 -9999     0
2021 02 24 21  -127  -154 10290    70    28 -9999 -9999 -9999
2021 02 25 00  -130  -160 10308   100    10 -9999 -9999     0
2021 02 25 03   -44  -110 10294   120    12 -9999 -9999 -9999
2021 02 25 06    52  -132 10258   240    32 -9999 -9999 -9999
2021 02 25 09    47   -91 10257    50    40 -9999 -9999     0
2021 02 25 12   -26   -73 10269    70    20 -9999 -9999     0
2021 02 25 15   -81  -106 10264     0 -9999 -9999 -9999     0
2021 02 25 18   -81  -117 10239    70    40 -9999 -9999     0
2021 02 25 21  -104  -146 10231    85    28 -9999 -9999 -9999
2021 02 26 00   -95  -162 10243   100    30 -9999 -9999     0
2021 02 26 03    47  -146 10207   169    43 -9999 -9999 -9999
2021 02 26 06   125  -105 10149   195   122 -9999 -9999 -9999
2021 02 26 09   113  -122 10136   200   100 -9999 -9999     0
2021 02 26 12    71  -116 10140   180    90 -9999 -9999     0
2021 02 26 15    61  -106 10109   200    80 -9999 -9999     0
2021 02 26 18    52   -51 10087   210   121 -9999 -9999 -9999
2021 02 26 21    45   -33 10082   215   124 -9999 -9999 -9999
2021 02 27 00    45   -29 10110   217    82 -9999 -9999 -9999
2021 02 27 03    55   -39 10126   203    67 -9999 -9999 -9999
2021 02 27 06    33   -42 10140   320    50 -9999 -9999     0
2021 02 27 09   -18   -28 10180   360    50 -9999 -9999     7
2021 02 27 12   -32   -41 10214   360    31 -9999 -9999    23
2021 02 27 15   -49   -59 10238   340    20 -9999 -9999    30
2021 02 27 18   -72   -88 10266   350    40 -9999 -9999    10
2021 02 27 21   -72   -84 10280    33    17 -9999 -9999 -9999
2021 02 28 00   -80   -91 10313    60    20 -9999 -9999 -9999
2021 02 28 03   -77  -105 10338    70    40 -9999 -9999 -9999
2021 02 28 06   -74  -101 10325    70    50 -9999 -9999    -1
2021 02 28 09   -80  -105 10334    81    40 -9999 -9999 -9999
2021 02 28 12   -90  -122 10368   108    27 -9999 -9999 -9999
2021 02 28 15  -120  -144 10372    75    25 -9999 -9999 -9999
2021 02 28 18  -126  -150 10359    90    30 -9999 -9999     0
2021 02 28 21  -157  -181 10352    80    30 -9999 -9999     0
2021 03 01 00  -135  -153 10349    60    30 -9999 -9999 -9999
2021 03 01 03   -84  -117 10324   240    30 -9999 -9999     1
2021 03 01 06   -49  -107 10290   250    20 -9999 -9999     1
2021 03 01 09   -40  -115 10287   280    20 -9999 -9999     0
2021 03 01 12   -93  -115 10303     0 -9999 -9999 -9999     0
2021 03 01 15  -130  -154 10301   138    11 -9999 -9999 -9999
2021 03 01 18  -143  -176 10294   260    30 -9999 -9999     0
2021 03 01 21  -151  -178 10271    70    20 -9999 -9999     0
2021 03 02 00  -142  -172 10266   120    30 -9999 -9999     0
2021 03 02 03   -42   -99 10236   232    54 -9999 -9999 -9999
2021 03 02 06    27   -62 10191   234    67 -9999 -9999 -9999
2021 03 02 09    62   -74 10169   271    47 -9999 -9999 -9999
2021 03 02 12   -10   -60 10186   123    17 -9999 -9999 -9999
2021 03 02 15    -9   -90 10160   233    56 -9999 -9999 -9999
2021 03 02 18   -19  -104 10142   230    60 -9999 -9999     0
2021 03 02 21   -28  -113 10122   230    60 -9999 -9999     0
2021 03 03 00   -37  -104 10153   249    38 -9999 -9999 -9999
2021 03 03 03    44  -101 10133   240    40 -9999 -9999     0
2021 03 03 06    92   -75 10096   277    42 -9999 -9999 -9999
2021 03 03 09   100  -108 10075   292    65 -9999 -9999 -9999
2021 03 03 12    37   -89 10102   235    25 -9999 -9999 -9999
2021 03 03 15    11   -98 10099   230    54 -9999 -9999 -9999
2021 03 03 18     6  -108 10090   240    60 -9999 -9999     0
2021 03 03 21     5  -115 10096   284    47 -9999 -9999 -9999
2021 03 04 00   -35   -94 10133   241    20 -9999 -9999 -9999
2021 03 04 03    61  -115 10123   233    55 -9999 -9999 -9999
2021 03 04 06   109  -118 10096   290    80 -9999 -9999     0
2021 03 04 09    62  -101 10129   290    60 -9999 -9999     0
2021 03 04 12    -9   -48 10201    69    53 -9999 -9999 -9999
2021 03 04 15   -22   -68 10222    58    58 -9999 -9999     3
2021 03 04 18   -72  -111 10257    66    66 -9999 -9999     3
2021 03 04 21  -102  -139 10302    60    50 -9999 -9999     0
2021 03 05 00  -113  -159 10352    60    40 -9999 -9999     0
2021 03 05 03   -80  -139 10368    90    44 -9999 -9999 -9999
2021 03 05 06   -65  -147 10378    82    36 -9999 -9999 -9999
2021 03 05 09   -64  -149 10386    90    40 -9999 -9999     0
2021 03 05 12   -96  -151 10419   120    30 -9999 -9999     0
2021 03 05 15  -118  -163 10427   120    20 -9999 -9999     0
2021 03 05 18  -130  -171 10424    79    25 -9999 -9999 -9999
2021 03 05 21  -149  -177 10417   100    20 -9999 -9999     0
2021 03 06 00  -145  -183 10427   109    31 -9999 -9999 -9999
2021 03 06 03   -75  -155 10413   192    20 -9999 -9999 -9999
2021 03 06 06   -14  -163 10359   224    35 -9999 -9999 -9999
2021 03 06 09     7  -186 10337   220    20 -9999 -9999     0
2021 03 06 12   -49  -153 10349   120    20 -9999 -9999     0
2021 03 06 15   -65  -157 10327   125    22 -9999 -9999 -9999
2021 03 06 18   -74  -160 10307    91    15 -9999 -9999 -9999
2021 03 06 21  -104  -146 10291    70    30 -9999 -9999     0
2021 03 07 00   -99  -149 10308    90    32 -9999 -9999 -9999
2021 03 07 03     2  -146 10280   120    30 -9999 -9999     0
2021 03 07 06    76  -159 10240   239    50 -9999 -9999 -9999
2021 03 07 09    95  -143 10224   250    40 -9999 -9999     0
2021 03 07 12     9  -125 10248   100    20 -9999 -9999     0
2021 03 07 15   -35  -129 10239   360     2 -9999 -9999 -9999
2021 03 07 18   -55  -118 10219   102    22 -9999 -9999 -9999
2021 03 07 21   -50  -141 10199   230    20 -9999 -9999     0
2021 03 08 00   -37  -122 10230   121     5 -9999 -9999 -9999
2021 03 08 03    67  -100 10217   213    29 -9999 -9999 -9999
2021 03 08 06   115  -120 10200   327    34 -9999 -9999 -9999
2021 03 08 09   127  -141 10189   330    40 -9999 -9999     0
2021 03 08 12    48  -136 10221   290    20 -9999 -9999     0
2021 03 08 15     5   -54 10220    76    16 -9999 -9999 -9999
2021 03 08 18   -38   -67 10225   290    30 -9999 -9999     0
2021 03 08 21   -68   -92 10233   270    10 -9999 -9999     0
2021 03 09 00   -60   -76 10266   236     9 -9999 -9999 -9999
2021 03 09 03    52   -79 10256   123    15 -9999 -9999 -9999
2021 03 09 06   105   -87 10231   100    40 -9999 -9999     0
2021 03 09 12    39   -11 10232    60    50 -9999 -9999     0
2021 03 09 15    16   -33 10206    24     6 -9999 -9999 -9999
2021 03 09 18    -1   -83 10192   230    20 -9999 -9999     0
2021 03 09 21     6   -46 10177   240    30 -9999 -9999     0
2021 03 10 00     7   -55 10210   234    18 -9999 -9999 -9999
2021 03 10 03    88  -142 10205   260    50 -9999 -9999     0
2021 03 10 06   137  -162 10185   331    24 -9999 -9999 -9999
2021 03 10 09   136  -153 10179    53    35 -9999 -9999 -9999
2021 03 10 12    75   -25 10206    70    70 -9999 -9999     0
2021 03 10 15    38   -18 10212    70    60 -9999 -9999     0
2021 03 10 18     4   -32 10200    60    80 -9999 -9999     0
2021 03 10 21    -7   -44 10198    69    67 -9999 -9999 -9999
2021 03 11 00    -7   -55 10227    63    53 -9999 -9999 -9999
2021 03 11 03    54   -39 10227    90    50 -9999 -9999     0
2021 03 11 06   112    -8 10203    94    60 -9999 -9999 -9999
2021 03 11 09    99     0 10207    70    60 -9999 -9999     0
2021 03 11 12    36   -17 10242    66    64 -9999 -9999 -9999
2021 03 11 15     0   -45 10252    66    52 -9999 -9999 -9999
2021 03 11 18   -19   -49 10240    60    50 -9999 -9999     0
2021 03 11 21   -24   -83 10241    60    60 -9999 -9999     0
2021 03 12 00   -22   -89 10275    74    41 -9999 -9999 -9999
2021 03 12 03    35   -63 10279    62    29 -9999 -9999 -9999
2021 03 12 06    80   -70 10258    63    18 -9999 -9999 -9999
2021 03 12 09    96   -95 10247   333    12 -9999 -9999 -9999
2021 03 12 12    30   -96 10274   110    20 -9999 -9999     0
2021 03 12 15   -12  -100 10262   137     6 -9999 -9999 -9999
2021 03 12 18   -30  -101 10245   110    23 -9999 -9999 -9999
2021 03 12 21   -35   -99 10233   123    14 -9999 -9999 -9999
2021 03 13 00   -23   -86 10246   110    20 -9999 -9999     0
2021 03 13 03    90   -77 10216   118    37 -9999 -9999 -9999
2021 03 13 06   146  -145 10170   113    53 -9999 -9999 -9999
2021 03 13 09   147  -116 10144   101    53 -9999 -9999 -9999
2021 03 13 12    92   -70 10143   124    40 -9999 -9999 -9999
2021 03 13 15    57  -123 10110   128    54 -9999 -9999 -9999
2021 03 13 18    41   -74 10080   122    22 -9999 -9999 -9999
2021 03 13 21    23   -70 10055   110    30 -9999 -9999     0
2021 03 14 00    37   -58 10052   117    24 -9999 -9999 -9999
2021 03 14 03   145   -16 10013   217   108 -9999 -9999 -9999
2021 03 14 06   205   -99  9967   210   110 -9999 -9999 -9999
2021 03 14 09   202  -151  9942   206   123 -9999 -9999 -9999
2021 03 14 12    87   -92 10000   304   151 -9999 -9999 -9999
2021 03 14 15    -9  -251 10092   300   160 -9999 -9999     0
2021 03 14 18   -69  -241 10169   303    87 -9999 -9999 -9999
2021 03 14 21   -82  -243 10199   296    80 -9999 -9999 -9999
2021 03 15 00   -92  -252 10254   300   100 -9999 -9999     0
2021 03 15 03   -52  -236 10281   290    75 -9999 -9999 -9999
2021 03 15 06   -12  -239 10287   288    85 -9999 -9999 -9999
2021 03 15 09    -3  -246 10282   290    60 -9999 -9999     0
2021 03 15 12   -41  -243 10318   290    30 -9999 -9999     0
2021 03 15 15   -75  -234 10316   296    13 -9999 -9999 -9999
2021 03 15 18   -92  -223 10308   298    13 -9999 -9999 -9999
2021 03 15 21   -99  -225 10290   125    16 -9999 -9999 -9999
2021 03 16 00   -69  -216 10289   120    19 -9999 -9999 -9999
2021 03 16 03    16  -239 10261   120    40 -9999 -9999     0
2021 03 16 06    52  -240 10225   147    29 -9999 -9999 -9999
2021 03 16 09    61  -245 10217    10    20 -9999 -9999     0
2021 03 16 12    10  -228 10241    40    20 -9999 -9999     0
2021 03 16 15   -20  -205 10238    95     9 -9999 -9999 -9999
2021 03 16 18   -71  -218 10247    10    10 -9999 -9999     0
2021 03 16 21   -89  -182 10256    90    10 -9999 -9999     0
2021 03 17 00   -47  -175 10275    26    20 -9999 -9999 -9999
2021 03 17 03    40  -148 10262    72    29 -9999 -9999 -9999
2021 03 17 06    68  -189 10245   100    50 -9999 -9999     0
2021 03 17 09    71  -186 10242   110    40 -9999 -9999     0
2021 03 17 12    34  -181 10245    70    50 -9999 -9999     0
2021 03 17 15     7  -157 10225    80    60 -9999 -9999     0
2021 03 17 18   -36  -130 10222    60    30 -9999 -9999     0
2021 03 17 21   -37  -103 10205    69    59 -9999 -9999 -9999
2021 03 18 00   -35  -107 10221    74    54 -9999 -9999 -9999
2021 03 18 03    36   -84 10209    80    20 -9999 -9999     0
2021 03 18 06    87   -45 10184    40    20 -9999 -9999     0
2021 03 18 09   101   -67 10172   243    11 -9999 -9999 -9999
2021 03 18 12    54   -81 10199   300    20 -9999 -9999     0
2021 03 18 15     7  -127 10213   300    19 -9999 -9999 -9999
2021 03 18 18   -15  -133 10212   310    20 -9999 -9999     0
2021 03 18 21   -14  -133 10207    52    20 -9999 -9999 -9999
2021 03 19 00   -12  -128 10231   259    13 -9999 -9999 -9999
2021 03 19 03    10  -127 10232   300    40 -9999 -9999     0
2021 03 19 06    22  -120 10227   300    50 -9999 -9999     0
2021 03 19 09    27  -108 10222   331    39 -9999 -9999 -9999
2021 03 19 12     1   -49 10235   295     8 -9999 -9999 -9999
2021 03 19 15   -14   -51 10238   304    21 -9999 -9999 -9999
2021 03 19 18   -47   -64 10238   270    50 -9999 -9999     0
2021 03 19 21   -50   -77 10227   280    85 -9999 -9999 -9999
2021 03 20 00   -57   -81 10253   280   100 -9999 -9999 -9999
2021 03 20 03   -27   -87 10274   295    77 -9999 -9999 -9999
2021 03 20 06   -24   -77 10285   294    82 -9999 -9999 -9999
2021 03 20 09   -27  -117 10302   300    70 -9999 -9999 -9999
2021 03 20 12   -59  -165 10330   304    26 -9999 -9999 -9999
2021 03 20 15   -87  -166 10332   250    32 -9999 -9999 -9999
2021 03 20 18   -74  -153 10316   280    60 -9999 -9999     0
2021 03 20 21   -79  -149 10310   276    65 -9999 -9999 -9999
2021 03 21 00   -69  -168 10319   278    67 -9999 -9999 -9999
2021 03 21 03    10  -174 10306   273    90 -9999 -9999 -9999
2021 03 21 06    53  -209 10264   280   110 -9999 -9999     0
2021 03 21 09    61  -212 10247   278   105 -9999 -9999 -9999
2021 03 21 12    23  -225 10253   250    50 -9999 -9999     0
2021 03 21 15    11  -213 10238   249    46 -9999 -9999 -9999
2021 03 21 18     9  -221 10227   250    50 -9999 -9999     0
2021 03 21 21   -18  -224 10220   230    50 -9999 -9999     0
2021 03 22 00   -20  -238 10226   230    50 -9999 -9999     0
2021 03 22 03    91  -250 10192   255    89 -9999 -9999 -9999
2021 03 22 06   131  -282 10148   260   106 -9999 -9999 -9999
2021 03 22 09   142  -273 10129   262    89 -9999 -9999 -9999
2021 03 22 12   103  -278 10136   240    50 -9999 -9999     0
2021 03 22 15    75  -247 10105   240    80 -9999 -9999     0
2021 03 22 18    62  -257 10085   245    59 -9999 -9999 -9999
2021 03 22 21    46  -244 10078   253    77 -9999 -9999 -9999
2021 03 23 00    54  -263 10095   280    70 -9999 -9999     0
2021 03 23 03    85  -204 10116   302    64 -9999 -9999 -9999
2021 03 23 06   130  -192 10103    32    44 -9999 -9999 -9999
2021 03 23 09   132  -156 10117    20    50 -9999 -9999     0
2021 03 23 12    80  -124 10161    20    30 -9999 -9999     0
2021 03 23 15    41  -142 10182    20    20 -9999 -9999     0
2021 03 23 18   -26  -137 10192   210    10 -9999 -9999     0
2021 03 23 21   -24  -142 10190   216    44 -9999 -9999 -9999
2021 03 24 00     0  -126 10209   210    10 -9999 -9999     0
2021 03 24 03   127  -124 10183   247    70 -9999 -9999 -9999
2021 03 24 06   162  -155 10166   274    71 -9999 -9999 -9999
2021 03 24 09   167  -177 10145   260    87 -9999 -9999 -9999
2021 03 24 12   102  -189 10161   255    43 -9999 -9999 -9999
2021 03 24 15    56  -207 10146   240    40 -9999 -9999     0
2021 03 24 18    32  -210 10145   233    37 -9999 -9999 -9999
2021 03 24 21    -2  -205 10150   210    30 -9999 -9999     0
2021 03 25 00    22  -191 10166   211    39 -9999 -9999 -9999
2021 03 25 03   115  -180 10150   208    37 -9999 -9999 -9999
2021 03 25 06   189  -195 10108   240    40 -9999 -9999     0
2021 03 25 09   197  -170 10082   229    29 -9999 -9999 -9999
2021 03 25 12   147  -192 10079   110    50 -9999 -9999     0
2021 03 25 15   102  -138 10062   234    27 -9999 -9999 -9999
2021 03 25 18   119  -148 10057   260    60 -9999 -9999     0
2021 03 25 21   109  -147 10058   280    70 -9999 -9999     0
2021 03 26 00    74  -135 10102   280    50 -9999 -9999     0
2021 03 26 03   126  -104 10112   290    60 -9999 -9999     0
2021 03 26 06   150  -152 10087   293    68 -9999 -9999 -9999
2021 03 26 09   151  -141 10076   280    60 -9999 -9999     0
2021 03 26 12    84  -146 10096   250    10 -9999 -9999     0
2021 03 26 15    36  -173 10085   158    28 -9999 -9999 -9999
2021 03 26 18    43  -193 10055   200    60 -9999 -9999     0
2021 03 26 21    32  -164 10028   206    90 -9999 -9999 -9999
2021 03 27 00    63  -156 10021   210   120 -9999 -9999     0
2021 03 27 03   173  -173  9986   240   150 -9999 -9999     0
2021 03 27 06   152  -151  9981   270   128 -9999 -9999 -9999
2021 03 27 09   104  -178 10007   280   100 -9999 -9999     0
2021 03 27 12    58  -113 10033   290   150 -9999 -9999     0
2021 03 27 15    25  -105 10047   294   147 -9999 -9999 -9999
2021 03 27 18   -10  -112 10076   290   120 -9999 -9999     0
2021 03 27 21   -32  -121 10103   280    70 -9999 -9999     0
2021 03 28 00   -25  -128 10135   290    70 -9999 -9999     0
2021 03 28 03    19  -156 10148   290    90 -9999 -9999     0
2021 03 28 06    50  -188 10135   297   116 -9999 -9999 -9999
2021 03 28 09    62  -221 10133   306    88 -9999 -9999 -9999
2021 03 28 12    31  -211 10149   290    50 -9999 -9999     0
2021 03 28 15   -29  -202 10165   248     6 -9999 -9999 -9999
2021 03 28 18   -57  -198 10164   103     5 -9999 -9999 -9999
2021 03 28 21   -75  -204 10151   245     8 -9999 -9999 -9999
2021 03 29 00   -32  -196 10158   268     3 -9999 -9999 -9999
2021 03 29 03    75  -176 10143   254    17 -9999 -9999 -9999
2021 03 29 06   116  -190 10115   240    30 -9999 -9999     0
2021 03 29 09   130  -221 10099   242    36 -9999 -9999 -9999
2021 03 29 12    61  -212 10104   119    29 -9999 -9999 -9999
2021 03 29 15    15  -217 10099   159     5 -9999 -9999 -9999
2021 03 29 18    17  -201 10082   160    40 -9999 -9999     0
2021 03 29 21    36  -156 10059   200    50 -9999 -9999     0
2021 03 30 00    55  -107 10069   206    64 -9999 -9999 -9999
2021 03 30 03   122   -89 10051   229    88 -9999 -9999 -9999
2021 03 30 06   168   -56 10036   280   120 -9999 -9999     0
2021 03 30 09   166   -93 10044   290   110 -9999 -9999     0
2021 03 30 12   110  -106 10094   306    40 -9999 -9999 -9999
2021 03 30 15    67   -27 10135    27    64 -9999 -9999 -9999
2021 03 30 18    30   -36 10159    68    27 -9999 -9999 -9999
2021 03 30 21     2   -32 10178    62    25 -9999 -9999 -9999
2021 03 31 00     6   -31 10210    96    42 -9999 -9999 -9999
2021 03 31 03    60   -50 10214   106    53 -9999 -9999 -9999
2021 03 31 06    90   -60 10196   130    50 -9999 -9999     0
2021 03 31 09   100   -68 10189    90    40 -9999 -9999     0
2021 03 31 12    86   -68 10191    80    40 -9999 -9999     0
2021 03 31 15    70   -82 10181   100    37 -9999 -9999 -9999
2021 03 31 18    63   -84 10168    90    50 -9999 -9999     0
2021 03 31 21    52   -51 10158    78    22 -9999 -9999 -9999
2021 04 01 00    26    19 10163    70    30 -9999 -9999    30
2021 04 01 03    65    52 10135   103    44 -9999 -9999    65
2021 04 01 06    74    55 10131   270    60 -9999 -9999    40
2021 04 01 09    68    48 10138   280    30 -9999 -9999     4
2021 04 01 12    44    31 10163   240    20 -9999 -9999     0
2021 04 01 15    32    23 10172   234    46 -9999 -9999 -9999
2021 04 01 18    41    20 10176   296    39 -9999 -9999 -9999
2021 04 01 21    21   -12 10210   300    50 -9999 -9999     0
2021 04 02 00    15   -11 10255   300    60 -9999 -9999     0
2021 04 02 03    31   -22 10283    44    67 -9999 -9999 -9999
2021 04 02 06    55   -39 10278    57    60 -9999 -9999 -9999
2021 04 02 09    61   -68 10287    60    60 -9999 -9999     0
2021 04 02 12    37   -77 10313    50    20 -9999 -9999     0
2021 04 02 15    10   -67 10338    50    12 -9999 -9999 -9999
2021 04 02 18   -19   -63 10341    53    15 -9999 -9999 -9999
2021 04 02 21   -50   -74 10348    52     3 -9999 -9999 -9999
2021 04 03 00     8   -95 10349   100    10 -9999 -9999     0
2021 04 03 03    47  -127 10350   228    13 -9999 -9999 -9999
2021 04 03 06    80  -164 10325    77    15 -9999 -9999 -9999
2021 04 03 09    77  -165 10311   124    14 -9999 -9999 -9999
2021 04 03 12    45  -138 10308   130    10 -9999 -9999     0
2021 04 03 15    -1   -90 10316   190    10 -9999 -9999     0
2021 04 03 18   -23   -99 10305   260    20 -9999 -9999     0
2021 04 03 21   -32  -106 10288   247    12 -9999 -9999 -9999
2021 04 04 00    16  -119 10289   180    40 -9999 -9999     0
2021 04 04 03    99  -148 10267   210    50 -9999 -9999     0
2021 04 04 06   143  -147 10231   240    60 -9999 -9999     0
2021 04 04 09   147  -134 10211   282    44 -9999 -9999 -9999
2021 04 04 12    80  -130 10226   320    40 -9999 -9999     0
2021 04 04 15    36  -116 10220   296    28 -9999 -9999 -9999
2021 04 04 18     2  -108 10218   247    12 -9999 -9999 -9999
2021 04 04 21   -10  -106 10207   129     4 -9999 -9999 -9999
2021 04 05 00    12   -91 10225   239     5 -9999 -9999 -9999
2021 04 05 03   121  -146 10203   250    10 -9999 -9999     0
2021 04 05 06   152  -162 10183   119    17 -9999 -9999 -9999
2021 04 05 09   147  -192 10177    30    17 -9999 -9999 -9999
2021 04 05 12    92  -146 10199   360     0 -9999 -9999 -9999
2021 04 05 15    76  -117 10195    50    20 -9999 -9999     0
2021 04 05 18    16   -85 10212   240    10 -9999 -9999     0
2021 04 05 21   -16   -90 10230     0 -9999 -9999 -9999     0
2021 04 06 00    31   -86 10248   300    10 -9999 -9999     0
2021 04 06 03   126   -98 10241   266    10 -9999 -9999 -9999
2021 04 06 06   160  -125 10231   266    52 -9999 -9999 -9999
2021 04 06 09   147  -134 10238   330    70 -9999 -9999     0
2021 04 06 12   101  -118 10261    23    48 -9999 -9999 -9999
2021 04 06 15    66  -120 10269    59    43 -9999 -9999 -9999
2021 04 06 18    32  -101 10266   110    30 -9999 -9999     0
2021 04 06 21   -10   -96 10274    90    10 -9999 -9999     0
2021 04 07 00    35   -95 10281   124    29 -9999 -9999 -9999
2021 04 07 03   120  -103 10257   150    50 -9999 -9999     0
2021 04 07 06   160  -124 10208   240    70 -9999 -9999     0
2021 04 07 09   166  -164 10190   292    71 -9999 -9999 -9999
2021 04 07 12    92  -146 10205   304    21 -9999 -9999 -9999
2021 04 07 15    71  -106 10197    51    40 -9999 -9999 -9999
2021 04 07 18    43   -98 10199    60    30 -9999 -9999     0
2021 04 07 21    25   -94 10209    60    40 -9999 -9999     0
2021 04 08 00    40   -72 10239    68    45 -9999 -9999 -9999
2021 04 08 03   114   -96 10230   100    40 -9999 -9999     0
2021 04 08 06   163  -132 10196    80    50 -9999 -9999     0
2021 04 08 09   159  -125 10185    80    30 -9999 -9999     0
2021 04 08 12   120  -116 10198    68    22 -9999 -9999 -9999
2021 04 08 15    90  -116 10195    85    24 -9999 -9999 -9999
2021 04 08 18    28  -104 10203   140    10 -9999 -9999     0
2021 04 08 21    13   -99 10206    50    20 -9999 -9999     0
2021 04 09 00    68  -100 10211   120    10 -9999 -9999     0
2021 04 09 06   183  -138 10183   240    40 -9999 -9999     0
2021 04 09 09   186  -149 10171   240    50 -9999 -9999     0
2021 04 09 12   122  -137 10169   102    40 -9999 -9999 -9999
2021 04 09 15   100  -126 10159   256    61 -9999 -9999 -9999
2021 04 09 18    56  -129 10161   250    30 -9999 -9999     0
2021 04 09 21    59  -131 10156   250    60 -9999 -9999     0
2021 04 10 00   102   -38 10166   230    80 -9999 -9999     0
2021 04 10 03   168    20 10155   230    90 -9999 -9999     0
2021 04 10 06   193   -71 10133   240    70 -9999 -9999     0
2021 04 10 09   187   -54 10124   262    57 -9999 -9999 -9999
2021 04 10 12   158    -8 10135   250    70 -9999 -9999     0
2021 04 10 15    96   -63 10150    64    52 -9999 -9999 -9999
2021 04 10 18    51   -56 10156   250    20 -9999 -9999     0
2021 04 10 21    38   -59 10151   130    10 -9999 -9999     0
2021 04 11 00    94    38 10144   240    50 -9999 -9999     0
2021 04 11 03   185    36 10123   236   100 -9999 -9999 -9999
2021 04 11 06   191   -31 10106   240    70 -9999 -9999     0
2021 04 11 09   187   -11 10096   264    93 -9999 -9999 -9999
2021 04 11 12   157   -78 10096   303   112 -9999 -9999 -9999
2021 04 11 15    66   -15 10144   300    60 -9999 -9999     0
2021 04 11 18    25     7 10178   300    70 -9999 -9999    20
2021 04 11 21   -12   -44 10218   340    60 -9999 -9999    20
2021 04 12 00   -20   -70 10260    63    74 -9999 -9999 -9999
2021 04 12 03     9   -97 10292    50    50 -9999 -9999     0
2021 04 12 06    26  -141 10287   300    70 -9999 -9999     0
2021 04 12 09    31  -183 10281   300    70 -9999 -9999     0
2021 04 12 12    -3  -238 10302   290    50 -9999 -9999     0
2021 04 12 15   -50  -181 10309   250    20 -9999 -9999     0
2021 04 12 18   -72  -180 10296   222    14 -9999 -9999 -9999
2021 04 12 21   -66  -221 10275   220    50 -9999 -9999     0
2021 04 13 00   -13  -226 10261   230    50 -9999 -9999     0
2021 04 13 03    62  -210 10236   288   101 -9999 -9999 -9999
2021 04 13 06    88  -181 10210   300   120 -9999 -9999     0
2021 04 13 09    99  -215 10193   290    70 -9999 -9999     0
2021 04 13 12    60  -187 10193   280    40 -9999 -9999     0
2021 04 13 15    31  -183 10185   260    40 -9999 -9999     0
2021 04 13 18    -5  -181 10175   240    30 -9999 -9999     0
2021 04 13 21   -11  -182 10158   250    20 -9999 -9999     0
2021 04 14 00    37  -155 10153   250    32 -9999 -9999 -9999
2021 04 14 03   147  -166 10117   258    72 -9999 -9999 -9999
2021 04 14 06   181  -153 10084   250   100 -9999 -9999     0
2021 04 14 09   182  -151 10054   254   105 -9999 -9999 -9999
2021 04 14 12   132  -137 10046   230    60 -9999 -9999     0
2021 04 14 15   104   -98 10015   240    90 -9999 -9999     0
2021 04 14 18    96   -76  9972   240   110 -9999 -9999     0
2021 04 14 21   105   -98  9949   260   100 -9999 -9999     0
2021 04 15 00    25   -74 10002   247   153 -9999 -9999 -9999
2021 04 15 03    37   -38 10009   280   160 -9999 -9999     0
2021 04 15 06    17   -57 10072   300   185 -9999 -9999 -9999
2021 04 15 09    35   -65 10117   301   100 -9999 -9999 -9999
2021 04 15 12    10   -69 10160   294    40 -9999 -9999 -9999
2021 04 15 15   -42   -81 10174   150    10 -9999 -9999     0
2021 04 15 18   -45   -83 10173   240    20 -9999 -9999     0
2021 04 15 21   -34  -121 10173   300    40 -9999 -9999     0
2021 04 16 00    -4   -98 10202   300    60 -9999 -9999     0
2021 04 16 03    42  -146 10227   311    78 -9999 -9999 -9999
2021 04 16 06    43  -113 10232   340    80 -9999 -9999     0
2021 04 16 09    36   -91 10240   289    84 -9999 -9999 -9999
2021 04 16 12    24   -95 10251   330    20 -9999 -9999     0
2021 04 16 15   -32  -112 10255   240    10 -9999 -9999     0
2021 04 16 18   -47  -126 10252   230    30 -9999 -9999     0
2021 04 16 21   -74  -145 10263     0 -9999 -9999 -9999     0
2021 04 17 00    17  -172 10258   280    30 -9999 -9999     0
2021 04 17 03    91  -154 10252   270    40 -9999 -9999     0
2021 04 17 06   143  -147 10211   290    50 -9999 -9999     0
2021 04 17 09   169  -162 10182   260    50 -9999 -9999     0
2021 04 17 12   107  -156 10172   230    21 -9999 -9999 -9999
2021 04 17 15    60  -165 10167   240    50 -9999 -9999     0
2021 04 17 18    69  -134 10144   240    80 -9999 -9999     0
2021 04 17 21    35  -129 10136   240    90 -9999 -9999     0
2021 04 18 00    70  -133 10144   230    90 -9999 -9999     0
2021 04 18 03   188  -196 10116   250   100 -9999 -9999     0
2021 04 18 06   214  -224 10080   260    80 -9999 -9999     0
2021 04 18 09   210  -227 10070   275    50 -9999 -9999 -9999
2021 04 18 12   132  -189 10087   227    21 -9999 -9999 -9999
2021 04 18 15    83  -177 10081   240    20 -9999 -9999     0
2021 04 18 18    50  -174 10092   250    20 -9999 -9999     0
2021 04 18 21    67   -97 10096    80    60 -9999 -9999     0
2021 04 19 00    75   -62 10129    70    90 -9999 -9999     0
2021 04 19 03   136   -77 10137    90    70 -9999 -9999     0
2021 04 19 06   186   -94 10116    80    70 -9999 -9999     0
2021 04 19 09   195  -129 10102    90    60 -9999 -9999     0
2021 04 19 12   156  -109 10115    80    70 -9999 -9999     0
2021 04 19 15   115  -107 10119    90    70 -9999 -9999     0
2021 04 19 18    74  -124 10110    60    60 -9999 -9999     0
2021 04 19 21    54  -131 10107    70    60 -9999 -9999     0
2021 04 20 00    77  -110 10129    64    33 -9999 -9999 -9999
2021 04 20 03   166   -93 10118   115    16 -9999 -9999 -9999
2021 04 20 06   235  -112 10094   220    20 -9999 -9999     0
2021 04 20 09   246  -135 10074   200    40 -9999 -9999     0
2021 04 20 12   170  -137 10088   200    40 -9999 -9999     0
2021 04 20 15   122  -136 10086   123    26 -9999 -9999 -9999
2021 04 20 18   102  -130 10077   108    22 -9999 -9999 -9999
2021 04 20 21    91  -115 10069   100    30 -9999 -9999     0
