2021 01 01 00  -188  -234 10303   280    40 -9999 -9999     0
2021 01 01 03  -152  -212 10312   280   120 -9999 -9999     0
2021 01 01 06  -110  -194 10298   280    90 -9999 -9999     0
2021 01 01 09  -116  -188 10321   290    50 -9999 -9999     0
2021 01 01 12  -167  -238 10350   320    30 -9999 -9999     0
2021 01 01 15  -169  -223 10343   280    50 -9999 -9999     0
2021 01 01 18  -191  -249 10342   280    70 -9999 -9999     0
2021 01 01 21  -201  -264 10360   290    70 -9999 -9999     0
2021 01 02 00  -216  -266 10397   290    70 -9999 -9999     0
2021 01 02 03  -196  -249 10412   290    70 -9999 -9999     0
2021 01 02 06  -163  -228 10408   290    70 -9999 -9999     0
2021 01 02 09  -165  -232 10427   290    30 -9999 -9999     0
2021 01 02 12  -197  -259 10450   310    30 -9999 -9999     0
2021 01 02 15  -220  -273 10453   270    20 -9999 -9999     0
2021 01 02 18  -215  -263 10427   280    20 -9999 -9999     0
2021 01 02 21  -221  -269 10418   270    10 -9999 -9999     0
2021 01 03 00  -222  -273 10419   280    10 -9999 -9999     0
2021 01 03 03  -165  -215 10405   260    20 -9999 -9999     0
2021 01 03 06  -123  -172 10370   290    60 -9999 -9999     0
2021 01 03 09  -152  -214 10396   310    40 -9999 -9999     0
2021 01 03 12  -191  -221 10435   350    20 -9999 -9999     0
2021 01 03 15  -222  -260 10437   330    10 -9999 -9999     0
2021 01 03 18  -236  -278 10429   200    10 -9999 -9999     0
2021 01 03 21  -258  -292 10446   280    20 -9999 -9999     0
2021 01 04 00  -254  -299 10463   280    40 -9999 -9999     0
2021 01 04 03  -209  -266 10473   280    50 -9999 -9999     0
2021 01 04 06  -175  -246 10450   280    70 -9999 -9999     0
2021 01 04 09  -182  -248 10462   280    40 -9999 -9999     0
2021 01 04 12  -211  -259 10479   280    30 -9999 -9999     0
2021 01 04 15  -234  -275 10467   280    50 -9999 -9999     0
2021 01 04 18  -230  -265 10442   270    40 -9999 -9999     0
2021 01 04 21  -232  -264 10437   280    40 -9999 -9999     0
2021 01 05 00  -211  -250 10431   270    80 -9999 -9999     0
2021 01 05 03  -183  -240 10425   290   120 -9999 -9999     0
2021 01 05 06  -169  -240 10402   280    90 -9999 -9999     0
2021 01 05 09  -181  -262 10420   290    60 -9999 -9999     0
2021 01 05 12  -199  -283 10436   310    60 -9999 -9999     0
2021 01 05 15  -239  -306 10451   320    60 -9999 -9999     0
2021 01 05 18  -272  -321 10468   300    70 -9999 -9999     0
2021 01 05 21  -298  -358 10494   320    70 -9999 -9999     0
2021 01 06 00  -313  -383 10519   300    70 -9999 -9999     0
2021 01 06 03  -299  -370 10540   300   100 -9999 -9999     0
2021 01 06 06  -270  -361 10526   290    90 -9999 -9999     0
2021 01 06 09  -258  -340 10529   280    70 -9999 -9999     0
2021 01 06 12  -274  -341 10529   280    40 -9999 -9999     0
2021 01 06 15  -280  -343 10516   260    40 -9999 -9999     0
2021 01 06 18  -273  -327 10493   280    60 -9999 -9999     0
2021 01 06 21  -272  -326 10476   270    70 -9999 -9999     0
2021 01 07 00  -257  -303 10481   270    70 -9999 -9999 -9999
2021 01 07 03  -219  -278 10478   280   110 -9999 -9999     0
2021 01 07 06  -186  -262 10442   300   130 -9999 -9999     0
2021 01 07 09  -179  -256 10449   290    90 -9999 -9999     0
2021 01 07 12  -200  -265 10455   280    80 -9999 -9999     0
2021 01 07 15  -210  -269 10435   290   100 -9999 -9999     0
2021 01 07 18  -212  -269 10412   290    90 -9999 -9999     0
2021 01 07 21  -219  -272 10413   290    80 -9999 -9999     0
2021 01 08 00  -235  -281 10430   280    40 -9999 -9999     0
2021 01 08 03  -181  -243 10415   290    80 -9999 -9999     0
2021 01 08 06  -151  -228 10389   290   100 -9999 -9999     0
2021 01 08 09  -145  -213 10394   280    60 -9999 -9999     0
2021 01 08 12  -192  -241 10425   270    30 -9999 -9999     0
2021 01 08 15  -171  -228 10393   290    70 -9999 -9999     0
2021 01 08 18  -175  -230 10393   290    70 -9999 -9999     0
2021 01 08 21  -220  -258 10407   280    50 -9999 -9999     0
2021 01 09 00  -210  -249 10415   280    80 -9999 -9999     0
2021 01 09 03  -161  -221 10411   280   100 -9999 -9999     0
2021 01 09 06  -120  -199 10368   280   120 -9999 -9999     0
2021 01 09 09  -126  -198 10387   280    70 -9999 -9999     0
2021 01 09 12  -154  -216 10416   300    70 -9999 -9999     0
2021 01 09 15  -161  -223 10402   300    90 -9999 -9999     0
2021 01 09 18  -202  -244 10407   210    20 -9999 -9999     0
2021 01 09 21  -228  -269 10402    30    10 -9999 -9999     0
2021 01 10 00  -194  -243 10400   260    20 -9999 -9999     0
2021 01 10 03  -134  -207 10391   270    70 -9999 -9999     0
2021 01 10 06   -98  -206 10368   280    80 -9999 -9999     0
2021 01 10 09  -135  -202 10387   270    80 -9999 -9999     0
2021 01 10 12  -147  -191 10392   270    90 -9999 -9999 -9999
2021 01 10 15  -161  -192 10373   270    70 -9999 -9999 -9999
2021 01 10 18  -184  -216 10356   260    50 -9999 -9999     0
2021 01 10 21  -193  -223 10357   260    50 -9999 -9999     0
2021 01 11 00  -193  -228 10347   280    90 -9999 -9999     0
2021 01 11 03  -142  -190 10329   270   110 -9999 -9999     0
2021 01 11 06   -95  -154 10276   270   100 -9999 -9999     0
2021 01 11 09   -99  -168 10257   260    90 -9999 -9999     0
2021 01 11 12  -115  -177 10240   270   120 -9999 -9999     0
2021 01 11 15  -124  -184 10214   280   100 -9999 -9999     0
2021 01 11 18  -116  -180 10169   280   110 -9999 -9999     0
2021 01 11 21  -128  -186 10152   280   100 -9999 -9999     0
2021 01 12 00  -120  -184 10135   280   100 -9999 -9999     0
2021 01 12 03   -77  -150 10117   260    70 -9999 -9999     0
2021 01 12 06   -48  -134 10080   280    90 -9999 -9999     0
2021 01 12 09   -54  -144 10097   280    90 -9999 -9999     0
2021 01 12 12   -78  -164 10135   290    90 -9999 -9999     0
2021 01 12 15   -90  -166 10148   300    70 -9999 -9999     0
2021 01 12 18  -137  -190 10174   260    40 -9999 -9999     0
2021 01 12 21  -131  -168 10180   280    20 -9999 -9999     0
2021 01 13 00  -150  -183 10199   250    20 -9999 -9999     0
2021 01 13 03  -113  -160 10191   230    30 -9999 -9999     0
2021 01 13 06   -55  -158 10167   260    70 -9999 -9999     0
2021 01 13 09   -57  -140 10160   270    50 -9999 -9999     0
2021 01 13 12   -88  -135 10174   250    20 -9999 -9999     0
2021 01 13 15   -94  -157 10153   260    30 -9999 -9999     0
2021 01 13 18   -73  -159 10098   260    40 -9999 -9999     0
2021 01 13 21   -62  -157 10079   270    40 -9999 -9999     0
2021 01 14 00   -83  -171 10108   280    60 -9999 -9999     0
2021 01 14 03   -48  -141 10121   270   110 -9999 -9999     0
2021 01 14 06   -33  -138 10119   280   130 -9999 -9999     0
2021 01 14 09   -89  -157 10183   320    60 -9999 -9999     0
2021 01 14 12  -123  -149 10243   350    30 -9999 -9999     1
2021 01 14 15  -137  -160 10271   310    30 -9999 -9999     1
2021 01 14 18  -152  -176 10282   320    50 -9999 -9999     1
2021 01 14 21  -181  -208 10326   330    40 -9999 -9999     1
2021 01 15 00  -186  -224 10356   360    10 -9999 -9999     0
2021 01 15 03  -151  -204 10374   280    20 -9999 -9999     0
2021 01 15 06  -130  -193 10363   290    20 -9999 -9999     0
2021 01 15 09  -148  -197 10393   310    40 -9999 -9999     0
2021 01 15 12  -180  -207 10420   300    40 -9999 -9999     0
2021 01 15 15  -204  -235 10422   150    10 -9999 -9999     0
2021 01 15 18  -196  -225 10415   290    50 -9999 -9999     0
2021 01 15 21  -206  -237 10419   290    60 -9999 -9999     0
2021 01 16 00  -221  -258 10447   270    50 -9999 -9999     0
2021 01 16 03  -175  -227 10464   270    70 -9999 -9999     0
2021 01 16 06  -143  -198 10437   260   100 -9999 -9999     0
2021 01 16 09  -146  -206 10442   280    90 -9999 -9999     0
2021 01 16 12  -183  -226 10462   270    60 -9999 -9999     0
2021 01 16 15  -175  -218 10425   270    70 -9999 -9999     0
2021 01 16 18  -179  -219 10381   250    50 -9999 -9999     0
2021 01 16 21  -159  -215 10337   270    90 -9999 -9999     0
2021 01 17 00  -164  -220 10327   270    70 -9999 -9999     0
2021 01 17 03  -123  -201 10311   280    80 -9999 -9999     0
2021 01 17 06   -88  -186 10284   280    90 -9999 -9999     0
2021 01 17 09   -89  -174 10275   270    60 -9999 -9999     0
2021 01 17 12  -119  -202 10287   280    70 -9999 -9999     0
2021 01 17 15  -126  -206 10277   280    70 -9999 -9999     0
2021 01 17 18  -150  -214 10276   270    50 -9999 -9999     0
2021 01 17 21  -143  -216 10279   310    50 -9999 -9999     0
2021 01 18 00  -133  -218 10277   320    20 -9999 -9999     0
2021 01 18 03   -91  -191 10261   230    20 -9999 -9999     0
2021 01 18 06   -29  -134 10211   190    20 -9999 -9999     0
2021 01 18 09   -16  -104 10189   230    30 -9999 -9999     0
2021 01 18 12   -69  -156 10211   250    30 -9999 -9999     0
2021 01 18 15   -71  -168 10201   280    60 -9999 -9999     0
2021 01 18 18   -81  -174 10185   270    60 -9999 -9999     0
2021 01 18 21  -124  -186 10194   140    10 -9999 -9999     0
2021 01 19 00  -136  -201 10220   190    20 -9999 -9999     0
2021 01 19 03   -75  -171 10211   270    50 -9999 -9999     0
2021 01 19 06   -19  -160 10181   270    70 -9999 -9999     0
2021 01 19 09   -28  -151 10201   300    20 -9999 -9999     0
2021 01 19 12   -98  -157 10237   290    10 -9999 -9999     0
2021 01 19 15  -112  -174 10224   260    20 -9999 -9999     0
2021 01 19 18  -111  -186 10207   270    50 -9999 -9999     0
2021 01 19 21  -124  -182 10219   260    30 -9999 -9999     0
2021 01 20 00  -124  -192 10250   270    50 -9999 -9999     0
2021 01 20 03   -63  -166 10254   280    70 -9999 -9999     0
2021 01 20 06   -17  -152 10230   280    50 -9999 -9999     0
2021 01 20 09   -19  -140 10238   240    30 -9999 -9999     0
2021 01 20 12   -81  -153 10260   290    10 -9999 -9999     0
2021 01 20 15   -93  -162 10246   250    20 -9999 -9999     0
2021 01 20 18  -108  -183 10232   280    30 -9999 -9999     0
2021 01 20 21   -97  -182 10224   270    60 -9999 -9999     0
2021 01 21 00  -110  -181 10256   280    50 -9999 -9999     0
2021 01 21 03   -59  -165 10266   270    70 -9999 -9999     0
2021 01 21 06   -18  -152 10254   270    60 -9999 -9999     0
2021 01 21 09   -19  -153 10265   300    40 -9999 -9999     0
2021 01 21 12   -64  -172 10295   310    20 -9999 -9999     0
2021 01 21 15  -117  -185 10294   140    10 -9999 -9999     0
2021 01 21 18  -111  -181 10267   260    10 -9999 -9999     0
2021 01 21 21  -138  -186 10259   310    10 -9999 -9999     0
2021 01 22 00  -143  -193 10269   310    10 -9999 -9999     0
2021 01 22 03   -58  -158 10252   230    20 -9999 -9999     0
2021 01 22 06    10  -102 10201   230    60 -9999 -9999     0
2021 01 22 09    13   -90 10204   230    40 -9999 -9999     0
2021 01 22 12   -48  -116 10233   190    10 -9999 -9999     0
2021 01 22 15   -79  -139 10209   290    10 -9999 -9999     0
2021 01 22 18   -83  -147 10187   310    30 -9999 -9999     0
2021 01 22 21   -83  -153 10179   320    20 -9999 -9999     0
2021 01 23 00   -89  -165 10207   290    10 -9999 -9999     0
2021 01 23 03   -24  -133 10212   260    30 -9999 -9999     0
2021 01 23 06    14  -117 10192   200    10 -9999 -9999     0
2021 01 23 09     4  -123 10208   320    30 -9999 -9999     0
2021 01 23 12   -49  -113 10251    20    20 -9999 -9999     0
2021 01 23 15   -89  -134 10253   350    10 -9999 -9999     0
2021 01 23 18   -84  -154 10244   340    20 -9999 -9999     0
2021 01 23 21  -111  -147 10246   340    20 -9999 -9999     0
2021 01 24 00  -105  -149 10277    20    10 -9999 -9999     0
2021 01 24 03   -16  -117 10269   100    30 -9999 -9999     0
2021 01 24 06    20  -115 10233   130    20 -9999 -9999     0
2021 01 24 09     9  -106 10241    80    20 -9999 -9999     0
2021 01 24 12   -53  -106 10278   290    20 -9999 -9999     0
2021 01 24 15   -52  -140 10255   270    80 -9999 -9999     0
2021 01 24 18   -62  -140 10247   270   100 -9999 -9999     0
2021 01 24 21   -63  -160 10254   280    90 -9999 -9999     0
2021 01 25 00   -88  -162 10280   270    60 -9999 -9999     0
2021 01 25 03   -57  -160 10285   270    80 -9999 -9999     0
2021 01 25 06   -27  -191 10263   270    70 -9999 -9999     0
2021 01 25 09   -30  -178 10255   260    70 -9999 -9999     0
2021 01 25 12   -64  -204 10280   270    90 -9999 -9999     0
2021 01 25 15   -99  -215 10299   280    50 -9999 -9999     0
2021 01 25 18  -129  -226 10296   270    30 -9999 -9999     0
2021 01 25 21  -144  -217 10294   260    30 -9999 -9999     0
2021 01 26 00  -148  -216 10313   280    60 -9999 -9999     0
2021 01 26 03   -94  -199 10315   280   100 -9999 -9999     0
2021 01 26 06   -66  -213 10290   270    80 -9999 -9999     0
2021 01 26 09   -71  -218 10289   280    70 -9999 -9999     0
2021 01 26 12  -109  -224 10305   290    50 -9999 -9999     0
2021 01 26 15  -125  -220 10285   270    40 -9999 -9999     0
2021 01 26 18  -112  -189 10253   270    60 -9999 -9999     0
2021 01 26 21  -120  -190 10244   270    70 -9999 -9999     0
2021 01 27 00  -134  -201 10264   270    60 -9999 -9999     0
2021 01 27 03  -111  -226 10280   280    80 -9999 -9999     0
2021 01 27 06   -92  -232 10264   290    80 -9999 -9999     0
2021 01 27 09  -118  -239 10303   310    70 -9999 -9999     0
2021 01 27 12  -147  -235 10348   320    50 -9999 -9999     0
2021 01 27 15  -176  -294 10370   300    40 -9999 -9999     0
2021 01 27 18  -194  -291 10369   290    50 -9999 -9999     0
2021 01 27 21  -216  -293 10381   270    20 -9999 -9999     0
2021 01 28 00  -227  -293 10397   290    10 -9999 -9999     0
2021 01 28 03  -170  -266 10379   220    40 -9999 -9999     0
2021 01 28 06   -67  -239 10312   280   110 -9999 -9999     0
2021 01 28 09   -48  -218 10294   280    90 -9999 -9999     0
2021 01 28 12   -88  -191 10310   280    60 -9999 -9999     0
2021 01 28 15   -90  -173 10291   270    80 -9999 -9999     0
2021 01 28 18  -108  -175 10257   280    70 -9999 -9999     0
2021 01 28 21  -125  -181 10233   270    40 -9999 -9999     0
2021 01 29 00  -116  -169 10238   280    90 -9999 -9999     0
2021 01 29 03   -63  -168 10244   280   110 -9999 -9999     0
2021 01 29 06   -23  -175 10229   290   110 -9999 -9999     0
2021 01 29 09   -22  -174 10234   280    90 -9999 -9999     0
2021 01 29 12   -65  -170 10254   270    50 -9999 -9999     0
2021 01 29 15   -85  -168 10254   270    50 -9999 -9999     0
2021 01 29 18   -85  -161 10231   270    80 -9999 -9999     0
2021 01 29 21   -86  -156 10217   260    70 -9999 -9999     0
2021 01 30 00   -83  -155 10234   260    60 -9999 -9999     0
2021 01 30 03   -44  -145 10235   280   110 -9999 -9999     0
2021 01 30 06    -6  -149 10208   270   100 -9999 -9999     0
2021 01 30 09    -8  -151 10207   270    90 -9999 -9999     0
2021 01 30 12   -53  -146 10226   260    60 -9999 -9999     0
2021 01 30 15   -65  -147 10208   270    80 -9999 -9999     0
2021 01 30 18   -81  -149 10185   270    50 -9999 -9999     0
2021 01 30 21   -84  -150 10161   260    50 -9999 -9999     0
2021 01 31 00   -71  -153 10157   270   110 -9999 -9999     0
2021 01 31 03   -35  -149 10156   280   130 -9999 -9999     0
2021 01 31 06   -15  -161 10145   270   130 -9999 -9999     0
2021 01 31 09   -60  -111 10191   320   110 -9999 -9999 -9999
2021 01 31 12   -87  -135 10241   310    60 -9999 -9999     3
2021 01 31 15  -136  -171 10278   340    30 -9999 -9999     3
2021 01 31 18  -163  -192 10291     0 -9999 -9999 -9999     0
2021 01 31 21  -171  -203 10313   320    50 -9999 -9999     0
2021 02 01 00  -196  -238 10351   300    50 -9999 -9999     0
2021 02 01 03  -190  -271 10386   300   100 -9999 -9999     0
2021 02 01 06  -167  -286 10388   290    90 -9999 -9999     0
2021 02 01 09  -156  -296 10397   300    80 -9999 -9999     0
2021 02 01 12  -179  -297 10413   280    60 -9999 -9999     0
2021 02 01 15  -195  -305 10401   250    30 -9999 -9999     0
2021 02 01 18  -191  -281 10377   250    30 -9999 -9999     0
2021 02 01 21  -173  -259 10348   270    50 -9999 -9999     0
2021 02 02 00  -175  -257 10359   280    60 -9999 -9999     0
2021 02 02 03  -118  -242 10351   270    50 -9999 -9999     0
2021 02 02 06   -71  -234 10305   260    40 -9999 -9999     0
2021 02 02 09   -45  -241 10267   270    50 -9999 -9999     0
2021 02 02 12   -83  -240 10277   260    30 -9999 -9999     0
2021 02 02 15   -90  -227 10251   280    50 -9999 -9999     0
2021 02 02 18   -90  -238 10243   300    80 -9999 -9999     0
2021 02 02 21  -126  -240 10278   300    80 -9999 -9999     0
2021 02 03 00  -141  -235 10327   320    80 -9999 -9999     0
2021 02 03 03  -101  -220 10346   280    70 -9999 -9999     0
2021 02 03 06   -51  -204 10318   280    90 -9999 -9999     0
2021 02 03 09   -36  -203 10319   280    70 -9999 -9999     0
2021 02 03 12   -77  -205 10334   270    30 -9999 -9999     0
2021 02 03 15  -103  -200 10323   270    40 -9999 -9999     0
2021 02 03 18   -99  -196 10291   270    60 -9999 -9999     0
2021 02 03 21  -111  -207 10269   240    40 -9999 -9999     0
2021 02 04 00  -105  -212 10272   260    10 -9999 -9999     0
2021 02 04 03    -9  -200 10245   270   140 -9999 -9999     0
2021 02 04 06    27  -180 10202   270   140 -9999 -9999     0
2021 02 04 09    26  -155 10194   270   110 -9999 -9999     0
2021 02 04 12   -12  -144 10212   270    90 -9999 -9999     0
2021 02 04 15   -28  -134 10193   270   110 -9999 -9999     0
2021 02 04 18   -35  -140 10164   270   100 -9999 -9999     0
2021 02 04 21   -38  -127 10147   270   100 -9999 -9999     0
2021 02 05 00   -59  -128 10161   270    60 -9999 -9999     0
2021 02 05 03    -3  -123 10149   270   110 -9999 -9999     0
2021 02 05 06    35  -129 10127   280   110 -9999 -9999     0
2021 02 05 09    26  -132 10137   280   100 -9999 -9999     0
2021 02 05 12   -13  -132 10167   290    70 -9999 -9999     0
2021 02 05 15   -26  -137 10158   280    60 -9999 -9999     0
2021 02 05 18   -41  -145 10147   290    70 -9999 -9999     0
2021 02 05 21   -54  -139 10145   300    40 -9999 -9999     0
2021 02 06 00   -66  -144 10175   290    40 -9999 -9999     0
2021 02 06 03   -32  -146 10191   300   100 -9999 -9999     0
2021 02 06 06    -7  -117 10212    30    40 -9999 -9999     0
2021 02 06 09   -39   -84 10257    40    30 -9999 -9999     1
2021 02 06 12   -81  -116 10308    40    40 -9999 -9999     4
2021 02 06 15  -110  -138 10325    60    30 -9999 -9999     4
2021 02 06 18  -138  -162 10331     0 -9999 -9999 -9999     2
2021 02 06 21  -153  -175 10347   330    10 -9999 -9999     1
2021 02 07 00  -148  -163 10373   260    10 -9999 -9999     0
2021 02 07 03   -84  -108 10378   270    40 -9999 -9999     0
2021 02 07 06   -33  -176 10359   300    40 -9999 -9999     0
2021 02 07 09   -19  -172 10356   300    40 -9999 -9999     0
2021 02 07 12   -74  -170 10382   320    30 -9999 -9999     0
2021 02 07 15   -93  -183 10372   320    30 -9999 -9999     0
2021 02 07 18  -111  -181 10360   260    10 -9999 -9999     0
2021 02 07 21  -127  -185 10350   310    10 -9999 -9999     0
2021 02 08 00  -123  -179 10360   330    10 -9999 -9999     0
2021 02 08 03   -56  -154 10342   250    10 -9999 -9999     0
2021 02 08 06    11  -154 10308   260    40 -9999 -9999     0
2021 02 08 09    28  -168 10292   300    40 -9999 -9999     0
2021 02 08 12   -46  -174 10318   300    10 -9999 -9999     0
2021 02 08 15   -74  -165 10298   310    10 -9999 -9999     0
2021 02 08 18   -75  -157 10266   290    20 -9999 -9999     0
2021 02 08 21   -75  -143 10248   270    30 -9999 -9999     0
2021 02 09 00   -74  -151 10264   260    40 -9999 -9999     0
2021 02 09 03    -1  -137 10254   270    60 -9999 -9999     0
2021 02 09 06    47  -132 10222   270    60 -9999 -9999     0
2021 02 09 12    -6  -145 10246   300    40 -9999 -9999     0
2021 02 09 15   -41  -135 10241   270    50 -9999 -9999     0
2021 02 09 18   -64  -135 10219   190    10 -9999 -9999     0
2021 02 09 21   -75  -143 10215   250    10 -9999 -9999     0
2021 02 10 00   -53  -148 10218   250    20 -9999 -9999     0
2021 02 10 03    44  -144 10194   250    30 -9999 -9999     0
2021 02 10 06   111  -163 10153   230    80 -9999 -9999     0
2021 02 10 09   116  -134 10134   230    80 -9999 -9999     0
2021 02 10 18    45  -124 10086   220    20 -9999 -9999     0
2021 02 11 00     5  -159 10132   270   120 -9999 -9999     0
2021 02 13 12   -55   -73 10253    50    30 -9999 -9999     1
2021 02 13 15   -68   -77 10248    40    20 -9999 -9999     4
2021 02 13 18   -87  -103 10244    10    20 -9999 -9999     6
2021 02 13 21  -121  -138 10259    10    60 -9999 -9999     5
2021 02 14 00  -149  -171 10299   360    40 -9999 -9999     2
2021 02 14 03  -137  -166 10329   320    40 -9999 -9999    -1
2021 02 14 06  -117  -179 10329   310    40 -9999 -9999 -9999
2021 02 14 09  -108  -194 10341   290    50 -9999 -9999     0
2021 02 14 12  -132  -188 10361   260    20 -9999 -9999     0
2021 02 14 15  -138  -195 10351   280    30 -9999 -9999     0
2021 02 14 18  -147  -196 10320   270    30 -9999 -9999     0
2021 02 14 21  -135  -181 10283   260    30 -9999 -9999     0
2021 02 15 00  -107  -170 10256   280    80 -9999 -9999     0
2021 02 15 03   -36  -165 10228   280   140 -9999 -9999     0
2021 02 15 06   -14  -160 10211   310   110 -9999 -9999     0
2021 02 15 09   -45  -161 10241   340    60 -9999 -9999     0
2021 02 15 12   -70  -183 10268   320    80 -9999 -9999     0
2021 02 15 15  -101  -200 10279   310    60 -9999 -9999     0
2021 02 15 18  -149  -235 10302   330    50 -9999 -9999     0
2021 02 15 21  -170  -247 10327   320    40 -9999 -9999     0
2021 02 16 00  -189  -253 10353   260    20 -9999 -9999     0
2021 02 16 03  -124  -254 10351   290    60 -9999 -9999     0
2021 02 16 06   -83  -236 10341   290    60 -9999 -9999     0
2021 02 16 09   -48  -214 10326   300    70 -9999 -9999     0
2021 02 16 12  -119  -187 10374    60    60 -9999 -9999     0
2021 02 16 15  -154  -210 10384    80    30 -9999 -9999     0
2021 02 16 18  -162  -204 10374    90    10 -9999 -9999     0
2021 02 16 21  -160  -200 10357    50    10 -9999 -9999     0
2021 02 17 00  -159  -199 10381     0 -9999 -9999 -9999     0
2021 02 17 03   -59  -179 10369   190    10 -9999 -9999     0
2021 02 17 06     9  -147 10331   260    20 -9999 -9999     0
2021 02 17 09    30  -151 10319   280    40 -9999 -9999     0
2021 02 17 12   -36  -162 10340   320    20 -9999 -9999     0
2021 02 17 15   -53  -165 10313   280    20 -9999 -9999     0
2021 02 17 18   -58  -158 10283   270    30 -9999 -9999     0
2021 02 17 21   -59  -162 10261   260    40 -9999 -9999     0
2021 02 18 00   -53  -159 10271   260    30 -9999 -9999     0
2021 02 18 03    44  -155 10234   280   100 -9999 -9999     0
2021 02 18 06    92  -178 10199   280   120 -9999 -9999     0
2021 02 18 09    95  -176 10189   270    90 -9999 -9999     0
2021 02 18 12    40  -164 10198   270    80 -9999 -9999     0
2021 02 18 15    23  -162 10166   270   100 -9999 -9999     0
2021 02 18 18     1  -171 10140   270    90 -9999 -9999     0
2021 02 18 21    -8  -166 10120   280    90 -9999 -9999     0
2021 02 19 00     6  -172 10145   280   110 -9999 -9999     0
2021 02 19 03    60  -159 10149   280   110 -9999 -9999     0
2021 02 19 06   103  -130 10130   290    80 -9999 -9999     0
2021 02 19 09   108  -133 10120   280    90 -9999 -9999     0
2021 02 20 15    67  -160 10032   274    85 -9999 -9999 -9999
2021 02 20 18    50  -162 10034   284    94 -9999 -9999 -9999
2021 02 20 21    50  -150 10050   293   102 -9999 -9999 -9999
2021 02 21 00    25  -146 10096   296    69 -9999 -9999 -9999
2021 02 21 06    70   -74 10130   299    63 -9999 -9999 -9999
2021 02 21 12   -17   -91 10220    60    74 -9999 -9999 -9999
2021 02 21 15   -59  -103 10252    74    41 -9999 -9999 -9999
2021 02 21 18   -75  -111 10276    46    21 -9999 -9999 -9999
2021 02 21 21   -94  -122 10286   238     5 -9999 -9999 -9999
2021 02 22 00  -100  -123 10323   338     8 -9999 -9999 -9999
2021 02 22 03   -20  -118 10311   150    30 -9999 -9999     0
2021 02 22 06     7  -157 10293   150    20 -9999 -9999     0
2021 02 22 09     6  -172 10276   100    50 -9999 -9999     0
2021 02 22 12   -20  -158 10300    90    60 -9999 -9999     0
2021 02 22 15   -46  -165 10282    70    50 -9999 -9999     0
2021 02 22 18   -59  -167 10272    50    40 -9999 -9999     0
2021 02 22 21   -74  -156 10260    50    40 -9999 -9999     0
2021 02 23 00   -83  -149 10270    40    30 -9999 -9999     0
2021 02 23 03   -12  -131 10256    80    20 -9999 -9999     0
2021 02 23 06    43  -140 10213   210    30 -9999 -9999     0
2021 02 23 09    60  -187 10195   240    30 -9999 -9999     0
2021 02 23 12     0  -209 10219   310    20 -9999 -9999     0
2021 02 23 15   -20  -209 10207   260    20 -9999 -9999     0
2021 02 23 18    -9  -189 10190   290    60 -9999 -9999     0
2021 02 23 21   -73  -208 10197   190    10 -9999 -9999     0
2021 02 24 00   -71  -200 10224   310    10 -9999 -9999     0
2021 02 24 03    43  -193 10199   190    10 -9999 -9999     0
2021 02 24 06    85  -175 10171   300    30 -9999 -9999     0
2021 02 24 09    71  -178 10197   320    30 -9999 -9999     0
2021 02 24 12    26  -200 10229   320    30 -9999 -9999     0
2021 02 24 15     0  -197 10222   320    30 -9999 -9999     0
2021 02 24 18   -34  -197 10231   290    20 -9999 -9999     0
2021 02 24 21   -49  -198 10238   340    20 -9999 -9999     0
2021 02 25 00   -79  -201 10267     0 -9999 -9999 -9999     0
2021 02 25 03    33  -188 10245   210    10 -9999 -9999     0
2021 02 25 06    78  -199 10233   210    20 -9999 -9999     0
2021 02 25 09    88  -224 10222   250    20 -9999 -9999     0
2021 02 25 12     5  -224 10254    70    10 -9999 -9999     0
2021 02 25 15   -26  -231 10225   280    10 -9999 -9999     0
2021 02 25 18   -54  -228 10211   330    10 -9999 -9999     0
2021 02 25 21   -53  -206 10189   270    20 -9999 -9999     0
2021 02 26 00   -46  -192 10203   260    10 -9999 -9999     0
2021 02 26 03    71   -81 10174   200    60 -9999 -9999     0
2021 02 26 06    95  -101 10140   190    60 -9999 -9999     0
2021 02 26 09    85   -81 10128   190    60 -9999 -9999     0
2021 02 26 12    69   -95 10124   210    90 -9999 -9999     0
2021 02 26 15    44   -56 10103   210    70 -9999 -9999     0
2021 02 26 18    28   -38 10096   210    50 -9999 -9999     0
2021 02 26 21    26   -33 10095   210    20 -9999 -9999     0
2021 02 27 00    27   -28 10116   250    50 -9999 -9999     0
2021 02 27 03    36   -26 10142   270    50 -9999 -9999     0
2021 02 27 06     9   -81 10150    10    40 -9999 -9999     0
2021 02 27 09   -24   -38 10184    30    30 -9999 -9999    10
2021 02 27 12   -33   -44 10220   350    20 -9999 -9999    40
2021 02 27 15   -48   -63 10238   320    40 -9999 -9999    40
2021 02 27 18   -81  -108 10265   340    30 -9999 -9999     7
2021 02 27 21   -96  -167 10279   360    20 -9999 -9999     0
2021 02 28 00   -98  -107 10298    70    30 -9999 -9999     0
2021 02 28 03   -78   -93 10321   100    20 -9999 -9999     0
2021 02 28 06   -77   -89 10315    90    20 -9999 -9999     0
2021 02 28 09   -72   -96 10325    70    20 -9999 -9999     0
2021 02 28 12   -82   -98 10358   270    30 -9999 -9999     0
2021 02 28 15   -90  -101 10357   240    20 -9999 -9999     0
2021 02 28 18  -119  -133 10351   300    10 -9999 -9999     0
2021 02 28 21  -115  -175 10340   250    30 -9999 -9999     0
2021 03 01 00  -102  -175 10331   270    80 -9999 -9999     0
2021 03 01 03   -59  -133 10308   270    90 -9999 -9999     0
2021 03 01 06   -23  -132 10288   280   100 -9999 -9999     0
2021 03 01 09   -13  -138 10278   280   110 -9999 -9999     0
2021 03 01 12   -58  -148 10300   300    40 -9999 -9999     0
2021 03 01 15   -98  -155 10297   300    10 -9999 -9999     0
2021 03 01 18  -101  -151 10274   240    20 -9999 -9999     0
2021 03 01 21   -88  -160 10242   230    30 -9999 -9999     0
2021 03 02 00   -97  -150 10251   260    20 -9999 -9999     0
2021 03 02 03    23   -93 10224   250    70 -9999 -9999     0
2021 03 02 06    67   -97 10183   260    90 -9999 -9999     0
2021 03 02 09    70  -127 10163   270   110 -9999 -9999     0
2021 03 02 12    26  -121 10191   270    90 -9999 -9999     0
2021 03 02 15    18  -113 10159   270   130 -9999 -9999     0
2021 03 02 18     7  -110 10147   280    90 -9999 -9999     0
2021 03 02 21   -11  -107 10137   280    70 -9999 -9999     0
2021 03 03 00   -22  -105 10157   270    50 -9999 -9999     0
2021 03 03 03    58  -127 10128   260   100 -9999 -9999     0
2021 03 03 06    99  -120 10095   270   120 -9999 -9999     0
2021 03 03 09    98  -134 10089   280   140 -9999 -9999     0
2021 03 03 12    57  -118 10120   260    70 -9999 -9999     0
2021 03 03 15    38  -122 10114   270   100 -9999 -9999     0
2021 03 03 18    30  -117 10110   270    80 -9999 -9999     0
2021 03 03 21     5  -122 10116   270    50 -9999 -9999     0
2021 03 04 00     1  -122 10137   270    60 -9999 -9999     0
2021 03 04 03    80  -124 10125   260    80 -9999 -9999     0
2021 03 04 06   124  -135 10093   280    90 -9999 -9999     0
2021 03 04 09   102  -153 10114   280    60 -9999 -9999     0
2021 03 04 12    27  -102 10168    30    80 -9999 -9999     0
2021 03 04 15    -5   -57 10189    70    50 -9999 -9999     0
2021 03 04 18   -36   -62 10213    40    50 -9999 -9999     0
2021 03 04 21   -72   -87 10247    40    50 -9999 -9999     8
2021 03 05 00   -85  -133 10301    60    80 -9999 -9999    10
2021 03 05 03   -77  -115 10336    70    60 -9999 -9999     2
2021 03 05 06   -42  -149 10334    70    60 -9999 -9999     0
2021 03 05 09   -35  -161 10343    70    50 -9999 -9999     0
2021 03 05 12   -69  -151 10382    70    50 -9999 -9999     0
2021 03 05 15  -102  -153 10404    60    40 -9999 -9999     0
2021 03 05 18  -115  -160 10395    60    30 -9999 -9999     0
2021 03 05 21  -127  -162 10385    60    10 -9999 -9999     0
2021 03 06 00  -123  -161 10397   360    10 -9999 -9999     0
2021 03 06 03   -49  -174 10381   170    20 -9999 -9999     0
2021 03 06 06     7  -216 10337   210    20 -9999 -9999     0
2021 03 06 09    28  -213 10317   230    20 -9999 -9999     0
2021 03 06 12   -29  -181 10336   330    10 -9999 -9999     0
2021 03 06 15   -62  -179 10318     0 -9999 -9999 -9999     0
2021 03 06 18   -67  -196 10290   290    10 -9999 -9999     0
2021 03 06 21   -65  -185 10266   270    30 -9999 -9999     0
2021 03 07 00   -54  -181 10281   260    20 -9999 -9999     0
2021 03 07 03    22  -168 10267   210    30 -9999 -9999     0
2021 03 07 06    83  -146 10226   210    30 -9999 -9999     0
2021 03 07 09   104  -188 10205   260    40 -9999 -9999     0
2021 03 07 12    54  -136 10228   290    20 -9999 -9999     0
2021 03 07 15   -11  -130 10225   310    10 -9999 -9999     0
2021 03 07 18     2  -124 10197   320    20 -9999 -9999     0
2021 03 07 21   -27   -92 10190   320    20 -9999 -9999     0
2021 03 08 00     0   -35 10207   220    10 -9999 -9999     0
2021 03 08 03    71   -16 10214   250    30 -9999 -9999     0
2021 03 08 06   118  -104 10184   250    20 -9999 -9999     0
2021 03 08 09   121  -122 10188   270    20 -9999 -9999     0
2021 03 08 12    60  -121 10215   350    20 -9999 -9999     0
2021 03 08 15    38  -122 10211    30    20 -9999 -9999     0
2021 03 08 18    10  -124 10209   330    20 -9999 -9999     0
2021 03 08 21    -1  -127 10209   340    10 -9999 -9999     0
2021 03 09 00   -22  -120 10248   260    10 -9999 -9999     0
2021 03 09 03    81   -89 10228   230    30 -9999 -9999     0
2021 03 09 06   128  -109 10202   210    50 -9999 -9999     0
2021 03 09 09   133  -128 10187   250    40 -9999 -9999     0
2021 03 09 12    83  -101 10212   250    20 -9999 -9999     0
2021 03 09 15    62   -51 10197   250    30 -9999 -9999     0
2021 03 09 18    40   -84 10180   280    30 -9999 -9999     0
2021 03 09 21    56   -83 10170   290    60 -9999 -9999     0
2021 03 10 00    24   -52 10208   270    30 -9999 -9999     0
2021 03 10 03   122   -83 10179   290    30 -9999 -9999     0
2021 03 10 06   151  -105 10161   250    30 -9999 -9999     0
2021 03 10 09   153   -89 10144   270    40 -9999 -9999     0
2021 03 10 12   100  -119 10179   290    40 -9999 -9999     0
2021 03 10 15    61  -135 10174   270    40 -9999 -9999     0
2021 03 10 18    13  -136 10176   350    10 -9999 -9999     0
2021 03 10 21     2  -138 10175   229    19 -9999 -9999 -9999
2021 03 11 00    34  -134 10190   300    20 -9999 -9999     0
2021 03 11 03   116  -126 10182   270    10 -9999 -9999     0
2021 03 11 06   135  -118 10172   100    20 -9999 -9999     0
2021 03 11 09   134  -104 10170    30    30 -9999 -9999     0
2021 03 11 12    98   -98 10189    90    30 -9999 -9999     0
2021 03 11 15    39   -15 10191    60    70 -9999 -9999     0
2021 03 11 18     5   -13 10198    50    50 -9999 -9999     0
2021 03 11 21   -10   -16 10204    60    60 -9999 -9999     0
2021 03 12 00   -23   -26 10238    80    20 -9999 -9999     0
2021 03 12 03    -1   -17 10270    90    30 -9999 -9999     0
2021 03 12 06    76   -36 10246    90    20 -9999 -9999     0
2021 03 12 09    99  -103 10238    70    30 -9999 -9999     0
2021 03 12 12    50  -116 10266    90    20 -9999 -9999     0
2021 03 12 15     9  -112 10265    90    10 -9999 -9999     0
2021 03 12 18     4  -101 10228   230    10 -9999 -9999     0
2021 03 12 21   -23  -106 10211   330    10 -9999 -9999     0
2021 03 13 00    -8   -89 10221   330    10 -9999 -9999     0
2021 03 13 03   112   -81 10191   210    10 -9999 -9999     0
2021 03 13 06   138  -108 10153   220    20 -9999 -9999     0
2021 03 13 09   160   -90 10115   150    20 -9999 -9999     0
2021 03 13 12   105   -77 10120   170    20 -9999 -9999     0
2021 03 13 15    51   -71 10088   260    10 -9999 -9999     0
2021 03 13 18   100   -51 10048   220    20 -9999 -9999     0
2021 03 13 21    83   -29 10026   230    20 -9999 -9999     0
2021 03 14 00    55   -26 10048   260    20 -9999 -9999     0
2021 03 14 03   158   -42 10024   240    70 -9999 -9999     0
2021 03 14 06   192   -80  9972   260   110 -9999 -9999     0
2021 03 14 09   182   -72  9962   240    90 -9999 -9999     0
2021 03 14 12    90   -76 10035   330   130 -9999 -9999     0
2021 03 14 15   -19  -193 10142   320   110 -9999 -9999     0
2021 03 14 18   -77  -249 10199   314    81 -9999 -9999 -9999
2021 03 14 21   -95  -231 -9999   310    50 -9999 -9999     0
2021 03 15 00   -97  -214 10266   320    70 -9999 -9999     0
2021 03 15 03   -79  -232 10308   320    60 -9999 -9999     0
2021 03 15 06   -34  -232 10302   310    60 -9999 -9999     0
2021 03 15 09   -21  -253 10296   350    20 -9999 -9999     0
2021 03 15 12   -46  -260 10322    50    20 -9999 -9999     0
2021 03 15 15   -58  -258 10317    90    20 -9999 -9999     0
2021 03 15 18   -61  -249 10283    90    40 -9999 -9999     0
2021 03 15 21   -81  -247 10269    90    30 -9999 -9999     0
2021 03 16 00   -65  -238 10268    90    40 -9999 -9999     0
2021 03 16 03    -9  -236 10243   330    10 -9999 -9999     0
2021 03 16 06    41  -248 10206   300    30 -9999 -9999     0
2021 03 16 09    54  -250 10211   320    50 -9999 -9999     0
2021 03 16 12     7  -275 10241   360    20 -9999 -9999     0
2021 03 16 15     2  -279 10237    20    30 -9999 -9999     0
2021 03 16 18   -17  -274 10222    50    20 -9999 -9999     0
2021 03 16 21   -36  -239 10230    50    20 -9999 -9999     0
2021 03 17 00   -29  -246 10246    40    30 -9999 -9999     0
2021 03 17 03    30  -219 10236    90    70 -9999 -9999     0
2021 03 17 06    64  -200 10208    90    60 -9999 -9999     0
2021 03 17 09    67  -189 10197    80    70 -9999 -9999     0
2021 03 17 12    33  -170 10214    70    60 -9999 -9999     0
2021 03 17 15     3  -174 10205    60    70 -9999 -9999     0
2021 03 17 18   -21  -170 10190    40    30 -9999 -9999     0
2021 03 17 21   -27  -160 10185   360    10 -9999 -9999     0
2021 03 18 00   -33  -156 10206   350    10 -9999 -9999     0
2021 03 18 03    56  -169 10193   310    40 -9999 -9999     0
2021 03 18 06    99  -182 10173   330    20 -9999 -9999     0
2021 03 18 09   107  -196 10167   254    21 -9999 -9999 -9999
2021 03 18 12    70  -171 10195   350    20 -9999 -9999     0
2021 03 18 15    34  -158 10198    20    50 -9999 -9999     0
2021 03 18 18    28  -153 10198    20    40 -9999 -9999     0
2021 03 18 21    -6  -142 10199    40    40 -9999 -9999     0
2021 03 19 00   -11  -150 10215    50    40 -9999 -9999     0
2021 03 19 03    11  -172 10225    30    30 -9999 -9999     0
2021 03 19 06    27  -159 10216   280    30 -9999 -9999     0
2021 03 19 09     6   -19 10228   230    40 -9999 -9999     0
2021 03 19 12     6   -65 10234   270    30 -9999 -9999     0
2021 03 19 15   -27  -119 10258   320    50 -9999 -9999     0
2021 03 19 18   -73  -122 10268   300    70 -9999 -9999     0
2021 03 19 21   -87  -127 10274   290    80 -9999 -9999     0
2021 03 20 00   -87  -143 10295   290   100 -9999 -9999     0
2021 03 20 03   -48  -127 10311   300    90 -9999 -9999     0
2021 03 20 06   -32  -140 10316   310    80 -9999 -9999     0
2021 03 20 09   -27  -157 10327   320    80 -9999 -9999 -9999
2021 03 20 12   -51  -204 10358   320    50 -9999 -9999     0
2021 03 20 15   -75  -191 10360   290    30 -9999 -9999     0
2021 03 20 18   -87  -202 10350   280    50 -9999 -9999     0
2021 03 20 21   -91  -199 10341   290    60 -9999 -9999     0
2021 03 21 00   -86  -198 10350   280    50 -9999 -9999     0
2021 03 21 03    -4  -201 10334   280   100 -9999 -9999     0
2021 03 21 06    37  -231 10300   280   110 -9999 -9999     0
2021 03 21 09    47  -244 10280   290   110 -9999 -9999     0
2021 03 21 12    21  -227 10286   270    60 -9999 -9999     0
2021 03 21 15   -10  -223 10275   260    60 -9999 -9999     0
2021 03 21 18   -23  -247 10262   280    70 -9999 -9999     0
2021 03 21 21   -39  -261 10247   250    40 -9999 -9999     0
2021 03 22 00   -25  -249 10251   260    40 -9999 -9999     0
2021 03 22 03    80  -275 10214   260   120 -9999 -9999     0
2021 03 22 06   124  -287 10175   260   100 -9999 -9999     0
2021 03 22 09   135  -310 10156   270   110 -9999 -9999     0
2021 03 22 12    63  -210 10177   250    40 -9999 -9999     0
2021 03 22 15    33  -188 10146   260    40 -9999 -9999     0
2021 03 22 18    30  -211 10122   270    60 -9999 -9999     0
2021 03 22 21    13  -218 10109   280    40 -9999 -9999     0
2021 03 23 00     7  -223 10134   260    20 -9999 -9999     0
2021 03 23 03    92  -249 10125   280    80 -9999 -9999     0
2021 03 23 06   123  -243 10118   290    80 -9999 -9999     0
2021 03 23 09   132  -190 10124   350    50 -9999 -9999     0
2021 03 23 12    75  -183 10166    10    30 -9999 -9999     0
2021 03 23 15    44  -149 10177    40    30 -9999 -9999     0
2021 03 23 18     0  -147 10193   310    10 -9999 -9999     0
2021 03 23 21    -4  -136 10187   270    10 -9999 -9999     0
2021 03 24 00    15  -142 10209   280    20 -9999 -9999     0
2021 03 24 03   102  -145 10201   230    40 -9999 -9999     0
2021 03 24 06   146  -193 10181   240    40 -9999 -9999     0
2021 03 24 09   158  -238 10156   270    50 -9999 -9999     0
2021 03 24 12   107  -255 10170   290    40 -9999 -9999     0
2021 03 24 15    53  -193 10169   270    50 -9999 -9999     0
2021 03 24 18    21  -191 10156   270    30 -9999 -9999     0
2021 03 24 21   -18  -197 10154   340    10 -9999 -9999     0
2021 03 25 00    17  -178 10160   360     2 -9999 -9999 -9999
2021 03 25 03   157  -158 10124   180    20 -9999 -9999     0
2021 03 25 06   199   -93 10086   240    60 -9999 -9999     0
2021 03 25 09   194   -88 10080   240    50 -9999 -9999     0
2021 03 25 12   151   -59 10096   250    40 -9999 -9999     0
2021 03 25 15   121   -54 10072   270    50 -9999 -9999     0
2021 03 25 18   109  -118 10071   300    70 -9999 -9999     0
2021 03 25 21    86  -137 10078   300    60 -9999 -9999     0
2021 03 26 00    59  -154 10114   300    50 -9999 -9999     0
2021 03 26 03   115  -151 10116   280    60 -9999 -9999     0
2021 03 26 06   148  -165 10092   270    60 -9999 -9999     0
2021 03 26 09   157  -201 10075   280    60 -9999 -9999     0
2021 03 26 12   103  -200 10096   270    30 -9999 -9999     0
2021 03 26 15    53  -178 10095   260    30 -9999 -9999     0
2021 03 26 18    48  -136 10065   250    20 -9999 -9999     0
2021 03 26 21    30  -151 10039   250    20 -9999 -9999     0
2021 03 27 00    71  -170 10031   250    40 -9999 -9999     0
2021 03 27 03   152  -140 10014   270   150 -9999 -9999     0
2021 03 27 06   144  -111 10008   290   120 -9999 -9999     0
2021 03 27 09    90 -9999 10041   310   140 -9999 -9999     0
2021 03 27 12    51  -110 10082   310   130 -9999 -9999     0
2021 03 27 15    10  -108 10095   310   130 -9999 -9999     0
2021 03 27 18   -24  -112 10116   300   110 -9999 -9999     0
2021 03 27 21   -48  -116 10137   280    70 -9999 -9999     0
2021 03 28 00   -38  -120 10170   280    60 -9999 -9999     0
2021 03 28 03    21  -137 10176   300    80 -9999 -9999     0
2021 03 28 06    54  -146 10158   310    90 -9999 -9999     0
2021 03 28 09    68  -146 10149   310    70 -9999 -9999     0
2021 03 28 12    26  -181 10166   330    30 -9999 -9999     0
2021 03 28 15     3  -179 10164   350    10 -9999 -9999     0
2021 03 28 18    -7  -178 10152   280    10 -9999 -9999     0
2021 03 28 21   -29  -185 10132   310    10 -9999 -9999     0
2021 03 29 00    13  -161 10137   310    10 -9999 -9999     0
2021 03 29 03    77  -151 10124   220    20 -9999 -9999     0
2021 03 29 06   110  -195 10095   200    30 -9999 -9999     0
2021 03 29 09   125  -161 10078   290    10 -9999 -9999     0
2021 03 29 12    80  -163 10085     0 -9999 -9999 -9999     0
2021 03 29 15    53  -171 10079   110    20 -9999 -9999     0
2021 03 29 18    54  -104 10069   250    30 -9999 -9999     0
2021 03 29 21    37   -96 10056   280    20 -9999 -9999     0
2021 03 30 00    53   -89 10077   270    30 -9999 -9999     0
2021 03 30 03   131   -60 10060   280   110 -9999 -9999     0
2021 03 30 06   131   -41 10071   290    90 -9999 -9999     0
2021 03 30 09   142  -113 10077   310    80 -9999 -9999     0
2021 03 30 12   103  -130 10112   320    30 -9999 -9999     0
2021 03 30 15    86  -119 10118   360    30 -9999 -9999     0
2021 03 30 18    60  -111 10136    50    40 -9999 -9999     0
2021 03 30 21    30   -49 10145    50    60 -9999 -9999     0
2021 03 31 00    19   -44 10177    70    50 -9999 -9999     0
2021 03 31 03    42   -36 10187    70    50 -9999 -9999     0
2021 03 31 06    87   -59 10155    70    70 -9999 -9999     0
2021 03 31 09   105   -87 10145    70    70 -9999 -9999     0
2021 03 31 12    82   -88 10161    80    60 -9999 -9999     0
2021 03 31 15    69   -75 10160    80    50 -9999 -9999     0
2021 03 31 18    46    31 10142    90    40 -9999 -9999     5
2021 03 31 21    30    21 10128    60    50 -9999 -9999    30
2021 04 01 00    32    29 10137    60    20 -9999 -9999    30
2021 04 01 03    46    33 10149   280    70 -9999 -9999     4
2021 04 01 06    53    27 10158   280    60 -9999 -9999     0
2021 04 01 09   103    -2 10137   290    40 -9999 -9999     0
2021 04 01 12    80    12 10153   230    20 -9999 -9999     0
2021 04 01 15    60    23 10172   220    10 -9999 -9999     0
2021 04 01 18    42   -24 10195   340    50 -9999 -9999     0
2021 04 01 21    22   -35 10210   330    40 -9999 -9999     0
2021 04 02 00     9   -34 10254   330    30 -9999 -9999     0
2021 04 02 03    50   -38 10266    30    40 -9999 -9999     0
2021 04 02 06    71   -77 10263    40    50 -9999 -9999     0
2021 04 02 09    72  -110 10270    20    50 -9999 -9999     0
2021 04 02 12    45   -96 10301    50    40 -9999 -9999     0
2021 04 02 15    12   -78 10322    50    30 -9999 -9999     0
2021 04 02 18    -8   -68 10321    50    20 -9999 -9999     0
2021 04 02 21   -22   -66 10323    70    10 -9999 -9999     0
2021 04 03 00     2   -69 10338   160    10 -9999 -9999     0
2021 04 03 03    42  -106 10335   120    40 -9999 -9999     0
2021 04 03 06    67  -166 10313   100    40 -9999 -9999     0
2021 04 03 09    71  -156 10292   140    30 -9999 -9999     0
2021 04 03 12    41  -163 10297   100    20 -9999 -9999     0
2021 04 03 15    20  -165 10299   100    30 -9999 -9999     0
2021 04 03 18     3  -157 10286     0 -9999 -9999 -9999     0
2021 04 03 21   -31  -134 10278     0 -9999 -9999 -9999     0
2021 04 04 00    13  -118 10281   270    10 -9999 -9999     0
2021 04 04 03    98  -141 10258   230    30 -9999 -9999     0
2021 04 04 06   131  -147 10225   270    40 -9999 -9999     0
2021 04 04 09   133  -145 10216   240    30 -9999 -9999     0
2021 04 04 12    93  -125 10222   340    10 -9999 -9999     0
2021 04 04 15    70  -117 10212    30    30 -9999 -9999     0
2021 04 04 18    44  -121 10207   290    10 -9999 -9999     0
2021 04 04 21    33  -111 10191    40    10 -9999 -9999     0
2021 04 05 00    49  -108 10197     0 -9999 -9999 -9999     0
2021 04 05 03   109   -25 10179   170    30 -9999 -9999     0
2021 04 05 06   104   -16 10171    90    30 -9999 -9999     0
2021 04 05 09    72    34 10191   190    30 -9999 -9999     9
2021 04 05 12    77   -18 10192   180    30 -9999 -9999     9
2021 04 05 15    49    24 10203   160    20 -9999 -9999     0
2021 04 05 18    34    10 10213   310    20 -9999 -9999     0
2021 04 05 21    35     7 10230   320    40 -9999 -9999     0
2021 04 06 00    34    18 10252   260    30 -9999 -9999     0
2021 04 06 03   113   -85 10249   360    20 -9999 -9999     0
2021 04 06 06   133  -128 10239    30    50 -9999 -9999     0
2021 04 06 09   140  -160 10229   350    30 -9999 -9999     0
2021 04 06 12    95  -143 10255   360    10 -9999 -9999     0
2021 04 06 15    68  -134 10262    40    40 -9999 -9999     0
2021 04 06 18    43  -126 10262   110    10 -9999 -9999     0
2021 04 06 21     6  -102 10256   330    10 -9999 -9999     0
2021 04 07 00    53  -101 10264   250    10 -9999 -9999     0
2021 04 07 03   122  -121 10247   240    40 -9999 -9999     0
2021 04 07 06   165  -152 10208   300    50 -9999 -9999     0
2021 04 07 09   162  -181 10194   320    70 -9999 -9999     0
2021 04 07 12   112  -162 10199   360    20 -9999 -9999     0
2021 04 07 15    80  -149 10202    30    40 -9999 -9999     0
2021 04 07 18    49  -135 10200    10    20 -9999 -9999     0
2021 04 07 21    35  -129 10200   340    20 -9999 -9999     0
2021 04 08 00    52  -114 10221   120    10 -9999 -9999     0
2021 04 08 03   120  -130 10215   340    30 -9999 -9999     0
2021 04 08 06   145  -156 10195   300    40 -9999 -9999     0
2021 04 08 09   151  -176 10177   310    50 -9999 -9999     0
2021 04 08 12   104  -169 10197   330    40 -9999 -9999     0
2021 04 08 15    77  -181 10193   350    20 -9999 -9999     0
2021 04 08 18    58  -167 10190   350    10 -9999 -9999     0
2021 04 08 21    21  -154 10198   310    10 -9999 -9999     0
2021 04 09 00    79  -157 10203   240    10 -9999 -9999     0
2021 04 09 06   172  -160 10174   190    20 -9999 -9999     0
2021 04 09 09   172  -160 10168   230    40 -9999 -9999     0
2021 04 09 12   135  -154 10163   160    10 -9999 -9999     0
2021 04 09 15   101  -125 10164   230    30 -9999 -9999     0
2021 04 09 18    69  -118 10160   230    20 -9999 -9999     0
2021 04 09 21    58   -33 10163   260    20 -9999 -9999     0
2021 04 10 00    80     7 10173   230    40 -9999 -9999     0
2021 04 10 03   150    19 10157   230    60 -9999 -9999     0
2021 04 10 06   155   -20 10143   330    10 -9999 -9999     0
2021 04 10 09   118    36 10157   310    30 -9999 -9999 -9999
2021 04 10 12    99    36 10160   170    20 -9999 -9999     1
2021 04 10 15    87    31 10155   230    10 -9999 -9999     1
2021 04 10 18    81    39 10153   210    20 -9999 -9999     1
2021 04 10 21    72    40 10156   230    30 -9999 -9999     1
2021 04 11 00    92    46 10156   220    30 -9999 -9999     0
2021 04 11 03   175     6 10131   250    60 -9999 -9999     0
2021 04 11 06   186   -41 10107   260    50 -9999 -9999     0
2021 04 11 09   160   -11 10103   230    60 -9999 -9999     0
2021 04 11 12    98    29 10137   350    70 -9999 -9999    20
2021 04 11 15    39     6 10182   310   110 -9999 -9999    20
2021 04 11 18     8   -35 10199   330    70 -9999 -9999     0
2021 04 11 21   -12   -47 10227   350    60 -9999 -9999     0
2021 04 12 00   -25   -61 10277   360    40 -9999 -9999     0
2021 04 12 03    -5   -80 10308   360    30 -9999 -9999     0
2021 04 12 06    18  -135 10297   330    50 -9999 -9999     0
2021 04 12 09    28  -174 10285   320    50 -9999 -9999     0
2021 04 12 12    -2  -245 10309   320    40 -9999 -9999     0
2021 04 12 15   -28  -238 10314   320    30 -9999 -9999     0
2021 04 12 18   -44  -210 10304   280    30 -9999 -9999     0
2021 04 12 21   -52  -213 10288   280    40 -9999 -9999     0
2021 04 13 00   -11  -212 10280   280    60 -9999 -9999     0
2021 04 13 03    49  -222 10257   270    80 -9999 -9999     0
2021 04 13 06    80  -207 10226   290   100 -9999 -9999     0
2021 04 13 09    95  -185 10203   300   100 -9999 -9999     0
2021 04 13 12    60  -187 10211   310    30 -9999 -9999     0
2021 04 13 15    33  -164 10208   280    30 -9999 -9999     0
2021 04 13 18     5  -147 10190   270    40 -9999 -9999     0
2021 04 13 21     8  -133 10169   280    40 -9999 -9999     0
2021 04 14 00    60  -141 10160   270    80 -9999 -9999     0
2021 04 14 03   125  -152 10137   270   100 -9999 -9999     0
2021 04 14 06   153  -139 10106   250    90 -9999 -9999     0
2021 04 14 09   146   -88 10073   240    70 -9999 -9999     0
2021 04 14 12   118   -92 10058   230    70 -9999 -9999     0
2021 04 14 15    99   -69 10033   230    80 -9999 -9999     0
2021 04 14 18    94   -87  9996   240    70 -9999 -9999     0
2021 04 14 21    45   -64 10017   290   140 -9999 -9999     0
2021 04 15 00   -15   -78 10070   280   160 -9999 -9999     0
2021 04 15 03   -15   -50 10112   290   150 -9999 -9999 -9999
2021 04 15 06    29   -84 10133   300   140 -9999 -9999     1
2021 04 15 09    42  -194 10148   310   120 -9999 -9999     1
2021 04 15 12    27  -164 10179   310    60 -9999 -9999     0
2021 04 15 15    10  -155 10178   230    10 -9999 -9999     0
2021 04 15 18     4  -148 10163   270    30 -9999 -9999     0
2021 04 15 21   -22  -131 10176   330    60 -9999 -9999     0
2021 04 16 00   -15  -119 10218   330    70 -9999 -9999     0
2021 04 16 03    27  -136 10236   320    70 -9999 -9999     0
2021 04 16 06    41  -152 10234   300    70 -9999 -9999     0
2021 04 16 09    45  -207 10244   310    90 -9999 -9999     0
2021 04 16 12    18  -200 10267   310    40 -9999 -9999     0
2021 04 16 15   -17  -212 10269   310    30 -9999 -9999     0
2021 04 16 18   -10  -200 10256   280    40 -9999 -9999     0
2021 04 16 21   -15  -164 10258   280    60 -9999 -9999     0
2021 04 17 00    19  -151 10265   280    60 -9999 -9999     0
2021 04 17 03   109  -165 10247   280    80 -9999 -9999     0
2021 04 17 06   144  -157 10209   300    60 -9999 -9999     0
2021 04 17 09   159  -170 10179   270    60 -9999 -9999     0
2021 04 17 12   113  -144 10188   240    40 -9999 -9999     0
2021 04 17 15    59  -131 10181   260    30 -9999 -9999     0
2021 04 17 18    47  -137 10161   260    30 -9999 -9999     0
2021 04 17 21    28  -139 10154   260    30 -9999 -9999     0
2021 04 18 00    82  -141 10146   230    40 -9999 -9999     0
2021 04 18 03   173  -173 10125   260    80 -9999 -9999     0
2021 04 18 06   191  -193 10100   260    70 -9999 -9999     0
2021 04 18 09   198  -210 10084   270    80 -9999 -9999     0
2021 04 18 12   146  -209 10095   280    30 -9999 -9999     0
2021 04 18 15    92  -132 10095   260    20 -9999 -9999     0
2021 04 18 18    81  -123 10092   270    20 -9999 -9999     0
2021 04 18 21    80  -124 10080   270    30 -9999 -9999     0
2021 04 19 00   126  -134 10093   260    50 -9999 -9999     0
2021 04 19 03   196  -141 10093   270    40 -9999 -9999     0
2021 04 19 06   210  -118 10079   340    30 -9999 -9999     0
2021 04 19 09   225  -106 10067   290    20 -9999 -9999     0
2021 04 19 12   181  -117 10081    30    10 -9999 -9999     0
2021 04 19 15   140  -114 10084   320    10 -9999 -9999     0
2021 04 19 18   107  -107 10084   240    20 -9999 -9999     0
2021 04 19 21    95   -95 10080   260    20 -9999 -9999     0
2021 04 20 00   124   -93 10100   270    30 -9999 -9999     0
2021 04 20 03   208  -107 10094   100    20 -9999 -9999     0
2021 04 20 06   227  -132 10077   220    20 -9999 -9999     0
2021 04 20 09   238  -141 10060   260    50 -9999 -9999     0
2021 04 20 12   194  -118 10071   280    30 -9999 -9999     0
2021 04 20 15   156  -109 10067   310    20 -9999 -9999     0
2021 04 20 18   134   -91 10067   210    10 -9999 -9999     0
2021 04 20 21   138   -54 10058   220    20 -9999 -9999     0
