2021 01 01 00  -184  -232 10312   265    88 -9999 -9999 -9999
2021 01 01 03  -143  -200 10310   250    70 -9999 -9999     0
2021 01 01 06  -143  -218 10318   280    80 -9999 -9999     0
2021 01 01 09  -159  -213 10340   260    40 -9999 -9999     0
2021 01 01 12  -185  -221 10354   238    35 -9999 -9999 -9999
2021 01 01 15  -203  -234 10351   247    34 -9999 -9999 -9999
2021 01 01 18  -203  -240 10353   250    40 -9999 -9999     0
2021 01 01 21  -205  -247 10367   250    40 -9999 -9999     0
2021 01 02 00  -216  -264 10400   260    60 -9999 -9999     0
2021 01 02 03  -199  -252 10423   273    55 -9999 -9999 -9999
2021 01 02 06  -181  -236 10419   280    60 -9999 -9999     0
2021 01 02 09  -194  -246 10438   300    28 -9999 -9999 -9999
2021 01 02 12  -220  -257 10460   240    20 -9999 -9999     0
2021 01 02 15  -221  -259 10459   260    40 -9999 -9999     0
2021 01 02 18  -231  -271 10452   240    40 -9999 -9999     0
2021 01 02 21  -243  -288 10447   250    40 -9999 -9999     0
2021 01 03 00  -233  -280 10444   236    32 -9999 -9999 -9999
2021 01 03 03  -179  -242 10421     0 -9999 -9999 -9999     0
2021 01 03 06  -134  -233 10388   344    19 -9999 -9999 -9999
2021 01 03 09  -157  -215 10404    40    10 -9999 -9999 -9999
2021 01 03 12  -184  -211 10422   290    14 -9999 -9999 -9999
2021 01 03 15  -204  -231 10427   250    30 -9999 -9999     1
2021 01 03 18  -225  -256 10418   260    50 -9999 -9999     1
2021 01 03 21  -248  -284 10441   250    60 -9999 -9999     0
2021 01 04 00  -257  -296 10459   250    50 -9999 -9999     0
2021 01 04 03  -220  -271 10460   246    64 -9999 -9999 -9999
2021 01 04 06  -194  -248 10448   280    70 -9999 -9999     0
2021 01 04 09  -209  -256 10470   270    36 -9999 -9999 -9999
2021 01 04 12  -241  -280 10491   230    20 -9999 -9999     0
2021 01 04 15  -254  -294 10480   237    24 -9999 -9999 -9999
2021 01 04 18  -252  -295 10462   250    43 -9999 -9999 -9999
2021 01 04 21  -247  -289 10451   239    49 -9999 -9999 -9999
2021 01 05 00  -224  -270 10454   261    61 -9999 -9999 -9999
2021 01 05 03  -180  -235 10431   250    70 -9999 -9999     0
2021 01 05 06  -167  -217 10399   273    77 -9999 -9999 -9999
2021 01 05 09  -190  -230 10416   265    54 -9999 -9999 -9999
2021 01 05 12  -214  -263 10423   281    58 -9999 -9999 -9999
2021 01 05 15  -221  -287 10410   300    70 -9999 -9999     0
2021 01 05 18  -255  -291 10428   290    60 -9999 -9999 -9999
2021 01 05 21  -283  -319 10451   290    80 -9999 -9999 -9999
2021 01 06 00  -305  -344 10483   290    90 -9999 -9999 -9999
2021 01 06 03  -312  -356 10509   289    90 -9999 -9999 -9999
2021 01 06 06  -298  -354 10509   300   110 -9999 -9999     0
2021 01 06 09  -299  -357 10528   291    61 -9999 -9999 -9999
2021 01 06 12  -323  -375 10537   249    39 -9999 -9999 -9999
2021 01 06 15  -314  -368 10517   260    40 -9999 -9999     0
2021 01 06 18  -299  -354 10497   250    50 -9999 -9999     0
2021 01 06 21  -283  -335 10475   250    60 -9999 -9999     0
2021 01 07 00  -282  -331 10491   250    50 -9999 -9999     0
2021 01 07 03  -253  -301 10485   270    80 -9999 -9999     0
2021 01 07 06  -226  -274 10455   290   100 -9999 -9999     0
2021 01 07 09  -225  -271 10460   270    50 -9999 -9999     0
2021 01 07 12  -249  -291 10465   260    50 -9999 -9999     0
2021 01 07 15  -232  -281 10434   280    69 -9999 -9999 -9999
2021 01 07 18  -234  -280 10417   280    60 -9999 -9999     0
2021 01 07 21  -243  -287 10412   278    71 -9999 -9999 -9999
2021 01 08 00  -243  -287 10428   270    53 -9999 -9999 -9999
2021 01 08 03  -212  -260 10409   280    80 -9999 -9999     0
2021 01 08 06  -182  -232 10389   290    90 -9999 -9999     0
2021 01 08 09  -181  -226 10401   280    40 -9999 -9999     0
2021 01 08 12  -215  -255 10417   260    40 -9999 -9999     0
2021 01 08 15  -200  -247 10394   260    60 -9999 -9999     0
2021 01 08 18  -213  -252 10393   260    70 -9999 -9999     0
2021 01 08 21  -213  -253 10392   260    70 -9999 -9999     0
2021 01 09 00  -216  -258 10419   250    50 -9999 -9999     0
2021 01 09 03  -176  -224 10411   270    60 -9999 -9999     0
2021 01 09 06  -151  -200 10379   270   100 -9999 -9999     0
2021 01 09 09  -150  -194 10379   270    60 -9999 -9999 -9999
2021 01 09 12  -185  -225 10402   260    50 -9999 -9999     0
2021 01 09 15  -191  -234 10406   270    50 -9999 -9999     0
2021 01 09 18  -209  -249 10412   250    40 -9999 -9999 -9999
2021 01 09 21  -222  -262 10407   280    20 -9999 -9999     0
2021 01 10 00  -214  -259 10425   260    30 -9999 -9999     0
2021 01 10 03  -160  -222 10414   230    40 -9999 -9999     0
2021 01 10 06  -122  -205 10381   270    60 -9999 -9999     0
2021 01 10 09  -128  -191 10386   270    60 -9999 -9999     0
2021 01 10 12  -142  -192 10399   260    50 -9999 -9999     0
2021 01 10 15  -165  -200 10381   260    70 -9999 -9999     0
2021 01 10 18  -170  -210 10357   259    64 -9999 -9999 -9999
2021 01 10 21  -185  -221 10350   250    80 -9999 -9999     0
2021 01 11 00  -188  -224 10343   259    73 -9999 -9999 -9999
2021 01 11 03  -151  -206 10335   260    90 -9999 -9999     0
2021 01 11 06  -118  -186 10286   270   100 -9999 -9999     0
2021 01 11 09  -116  -176 10263   250    70 -9999 -9999     0
2021 01 11 12  -115  -179 10242   247    81 -9999 -9999 -9999
2021 01 11 15  -116  -178 10195   270   120 -9999 -9999     0
2021 01 11 18  -122  -176 10175   260   100 -9999 -9999     0
2021 01 11 21  -125  -181 10151   260    80 -9999 -9999     0
2021 01 12 00  -129  -187 10135   255    71 -9999 -9999 -9999
2021 01 12 03   -92  -158 10117   261    94 -9999 -9999 -9999
2021 01 12 06   -53  -134 10078   260   110 -9999 -9999     0
2021 01 12 09   -62  -125 10084   260   110 -9999 -9999     0
2021 01 12 12   -80  -132 10118   260    80 -9999 -9999     0
2021 01 12 15   -78  -142 10126   270    90 -9999 -9999     0
2021 01 12 18  -105  -153 10157   270    60 -9999 -9999 -9999
2021 01 12 21  -113  -157 10181   280    40 -9999 -9999     0
2021 01 13 00  -135  -171 10195   249    38 -9999 -9999 -9999
2021 01 13 03   -88  -138 10191   250    60 -9999 -9999     0
2021 01 13 06   -65  -130 10175   246    43 -9999 -9999 -9999
2021 01 13 09   -80  -133 10183   193    17 -9999 -9999 -9999
2021 01 13 12   -77  -139 10188   220    50 -9999 -9999     0
2021 01 13 15  -117  -169 10175   251    24 -9999 -9999 -9999
2021 01 13 18   -69  -156 10133   212    54 -9999 -9999 -9999
2021 01 13 21   -55  -145 10100   210    50 -9999 -9999     0
2021 01 14 00   -43  -142 10084   230    60 -9999 -9999     0
2021 01 14 03   -44  -123 10131   270    90 -9999 -9999     0
2021 01 14 06   -35  -112 10123   270    70 -9999 -9999     0
2021 01 14 09   -86  -142 10165   290    80 -9999 -9999     0
2021 01 14 12  -127  -150 10223   278    14 -9999 -9999 -9999
2021 01 14 15  -142  -169 10257   300    50 -9999 -9999     1
2021 01 14 18  -166  -192 10278   300    50 -9999 -9999     2
2021 01 14 21  -185  -220 10321   280    30 -9999 -9999     1
2021 01 15 00  -212  -245 10360   288    37 -9999 -9999 -9999
2021 01 15 03  -189  -233 10385   270    40 -9999 -9999     0
2021 01 15 06  -150  -186 10374   291    38 -9999 -9999 -9999
2021 01 15 09  -162  -200 10395   274    32 -9999 -9999 -9999
2021 01 15 12  -200  -234 10433   280    40 -9999 -9999     0
2021 01 15 15  -222  -257 10437   250    50 -9999 -9999     0
2021 01 15 18  -242  -268 10430   244    48 -9999 -9999 -9999
2021 01 15 21  -247  -276 10434   250    40 -9999 -9999     0
2021 01 16 00  -217  -254 10436   260    60 -9999 -9999     0
2021 01 16 03  -185  -227 10450   258    81 -9999 -9999 -9999
2021 01 16 06  -163  -215 10445   260    90 -9999 -9999     0
2021 01 16 09  -155  -203 10441   274    87 -9999 -9999 -9999
2021 01 16 12  -175  -225 10454   270    50 -9999 -9999     0
2021 01 16 15  -186  -227 10431   230    60 -9999 -9999     0
2021 01 16 18  -187  -235 10391   225    43 -9999 -9999 -9999
2021 01 16 21  -164  -222 10342   260    60 -9999 -9999     0
2021 01 17 00  -164  -222 10318   260    80 -9999 -9999     0
2021 01 17 03  -129  -196 10310   263    80 -9999 -9999 -9999
2021 01 17 06  -121  -183 10286   280    90 -9999 -9999     0
2021 01 17 09  -130  -180 10286   250    40 -9999 -9999     0
2021 01 17 12  -147  -187 10287   271    38 -9999 -9999 -9999
2021 01 17 15  -151  -200 10268   280    70 -9999 -9999     0
2021 01 17 18  -161  -213 10278   270    60 -9999 -9999     0
2021 01 17 21  -162  -221 10291   283    55 -9999 -9999 -9999
2021 01 18 00  -179  -228 10316   251    51 -9999 -9999 -9999
2021 01 18 03  -118  -184 10303   180    20 -9999 -9999     0
2021 01 18 06   -62  -147 10253   180    40 -9999 -9999     0
2021 01 18 09   -67  -128 10237   190    20 -9999 -9999     0
2021 01 18 12   -65  -157 10234   210    73 -9999 -9999 -9999
2021 01 18 15   -85  -173 10225   240    50 -9999 -9999     0
2021 01 18 18  -101  -179 10217   240    50 -9999 -9999     0
2021 01 18 21   -85  -184 10210   233    54 -9999 -9999 -9999
2021 01 19 00  -115  -192 10230   230    20 -9999 -9999     0
2021 01 19 03   -72  -143 10224   247    15 -9999 -9999 -9999
2021 01 19 06   -17   -93 10195   237    27 -9999 -9999 -9999
2021 01 19 09   -25  -104 10203   340     8 -9999 -9999 -9999
2021 01 19 12   -89  -145 10235   190    20 -9999 -9999     0
2021 01 19 15  -115  -170 10231   214    23 -9999 -9999 -9999
2021 01 19 18  -121  -175 10219   240    50 -9999 -9999     0
2021 01 19 21  -122  -187 10229   238    41 -9999 -9999 -9999
2021 01 20 00  -131  -194 10262   240    50 -9999 -9999     0
2021 01 20 03   -64  -149 10261   248    75 -9999 -9999 -9999
2021 01 20 06   -45  -131 10253   270    70 -9999 -9999     0
2021 01 20 09   -54  -124 10261   261    25 -9999 -9999 -9999
2021 01 20 12   -99  -147 10284   160    30 -9999 -9999     0
2021 01 20 15  -113  -171 10260   190    30 -9999 -9999     0
2021 01 20 18  -130  -170 10256   246    37 -9999 -9999 -9999
2021 01 20 21  -120  -190 10253   240    60 -9999 -9999     0
2021 01 21 00  -119  -185 10273   240    50 -9999 -9999     0
2021 01 21 03   -68  -139 10282   240    50 -9999 -9999     0
2021 01 21 06   -43  -115 10270   270    70 -9999 -9999     0
2021 01 21 09   -60  -121 10283   280    30 -9999 -9999     0
2021 01 21 12  -108  -144 10318   240    30 -9999 -9999     0
2021 01 21 15  -117  -154 10305   240    50 -9999 -9999     0
2021 01 21 18  -126  -168 10291   240    50 -9999 -9999     0
2021 01 21 21  -126  -171 10287   240    50 -9999 -9999     0
2021 01 22 00  -137  -192 10303   222    32 -9999 -9999 -9999
2021 01 22 03   -59  -135 10275   200    20 -9999 -9999     0
2021 01 22 06     3  -114 10229   210    30 -9999 -9999     0
2021 01 22 09   -12   -67 10226   176    21 -9999 -9999 -9999
2021 01 22 12   -70  -126 10253   243    18 -9999 -9999 -9999
2021 01 22 15   -70  -129 10227   191    18 -9999 -9999 -9999
2021 01 22 18   -80  -149 10212   224    18 -9999 -9999 -9999
2021 01 22 21  -100  -163 10213   220    27 -9999 -9999 -9999
2021 01 23 00   -99  -166 10233   210    20 -9999 -9999     0
2021 01 23 03   -49  -121 10231   230    30 -9999 -9999     0
2021 01 23 06    16   -88 10201   190    10 -9999 -9999     0
2021 01 23 09     0   -64 10220    40    10 -9999 -9999     0
2021 01 23 12   -75   -93 10265    70    10 -9999 -9999     0
2021 01 23 15  -115  -134 10276   150    20 -9999 -9999     0
2021 01 23 18  -121  -153 10262   250    20 -9999 -9999     0
2021 01 23 21  -147  -172 10279   245     9 -9999 -9999 -9999
2021 01 24 00  -130  -165 10303   240    20 -9999 -9999     0
2021 01 24 03   -78  -123 10314   170    20 -9999 -9999     0
2021 01 24 06   -33   -82 10281    70    30 -9999 -9999     0
2021 01 24 09   -35   -76 10286     8    15 -9999 -9999 -9999
2021 01 24 12   -89  -113 10311   270    10 -9999 -9999     0
2021 01 24 15   -91  -132 10290   240    20 -9999 -9999     0
2021 01 24 18   -80  -116 10265   250    60 -9999 -9999     0
2021 01 24 21   -68  -123 10267   260    70 -9999 -9999     0
2021 01 25 00   -73  -110 10293   260    80 -9999 -9999     0
2021 01 25 03   -57  -122 10296   270    80 -9999 -9999     0
2021 01 25 06   -44  -114 10276   277    86 -9999 -9999 -9999
2021 01 25 09   -53  -106 10276   260    50 -9999 -9999     0
2021 01 25 12   -78  -127 10282   230    60 -9999 -9999     0
2021 01 25 15   -83  -164 10289   270    70 -9999 -9999     0
2021 01 25 18  -120  -187 10298   258    48 -9999 -9999 -9999
2021 01 25 21  -141  -198 10293   230    40 -9999 -9999     0
2021 01 26 00  -150  -207 10314   236    60 -9999 -9999 -9999
2021 01 26 03  -104  -177 10315   270    70 -9999 -9999     0
2021 01 26 06   -85  -167 10303   288    84 -9999 -9999 -9999
2021 01 26 09   -85  -151 10303   275    35 -9999 -9999 -9999
2021 01 26 12  -107  -183 10318   229    42 -9999 -9999 -9999
2021 01 26 15  -119  -205 10304   230    40 -9999 -9999     0
2021 01 26 18  -112  -216 10276   218    56 -9999 -9999 -9999
2021 01 26 21  -110  -181 10251   210    70 -9999 -9999     0
2021 01 27 00   -94  -148 10247   250    60 -9999 -9999     0
2021 01 27 03   -95  -166 10260   280    80 -9999 -9999     0
2021 01 27 06   -99  -193 10260   310    50 -9999 -9999     0
2021 01 27 09  -125  -189 10291   340    40 -9999 -9999     0
2021 01 27 12  -149  -180 10318   330    50 -9999 -9999     1
2021 01 27 15  -157  -215 10330   300    50 -9999 -9999     1
2021 01 27 18  -204  -275 10352   300    70 -9999 -9999     0
2021 01 27 21  -228  -298 10371   290    50 -9999 -9999     0
2021 01 28 00  -238  -305 10400   274    31 -9999 -9999 -9999
2021 01 28 03  -195  -270 10397   270    46 -9999 -9999 -9999
2021 01 28 06  -130  -235 10355   270    60 -9999 -9999     0
2021 01 28 09   -98  -178 10320   260    60 -9999 -9999     0
2021 01 28 12  -112  -181 10315   249    66 -9999 -9999 -9999
2021 01 28 15  -104  -179 10295   270    80 -9999 -9999     0
2021 01 28 18  -110  -172 10278   267    48 -9999 -9999 -9999
2021 01 28 21  -118  -169 10246   260    60 -9999 -9999     0
2021 01 29 00  -110  -167 10238   239    57 -9999 -9999 -9999
2021 01 29 03   -70  -137 10222   274   131 -9999 -9999 -9999
2021 01 29 06   -45  -119 10214   287   110 -9999 -9999 -9999
2021 01 29 09   -47  -128 10228   279    71 -9999 -9999 -9999
2021 01 29 12   -88  -148 10249   260    50 -9999 -9999     0
2021 01 29 15   -79  -149 10242   277    76 -9999 -9999 -9999
2021 01 29 18  -105  -156 10252   240    40 -9999 -9999     0
2021 01 29 21  -106  -161 10243   250    50 -9999 -9999     0
2021 01 30 00   -98  -161 10253   220    60 -9999 -9999     0
2021 01 30 03   -38  -122 10234   260    90 -9999 -9999     0
2021 01 30 06   -21   -97 10219   260    90 -9999 -9999     0
2021 01 30 09   -25   -99 10223   265    49 -9999 -9999 -9999
2021 01 30 12   -52  -113 10235   220    60 -9999 -9999     0
2021 01 30 15   -76  -134 10224   240    60 -9999 -9999     0
2021 01 30 18   -95  -147 10205   231    47 -9999 -9999 -9999
2021 01 30 21   -70  -139 10175   250    70 -9999 -9999     0
2021 01 31 00   -70  -143 10168   230    70 -9999 -9999     0
2021 01 31 03   -27  -122 10156   255   122 -9999 -9999 -9999
2021 01 31 06   -15   -98 10140   270   120 -9999 -9999     0
2021 01 31 09   -22  -102 10151   270    80 -9999 -9999     0
2021 01 31 12   -74   -96 10214   300    70 -9999 -9999 -9999
2021 01 31 15  -140  -173 10261   290    50 -9999 -9999     0
2021 01 31 18  -177  -205 10290   310    20 -9999 -9999     0
2021 01 31 21  -218  -250 10315   230    20 -9999 -9999     0
2021 02 01 00  -229  -258 10345   268    30 -9999 -9999 -9999
2021 02 01 03  -165  -205 10355   290    80 -9999 -9999 -9999
2021 02 01 06  -168  -246 10376   290   110 -9999 -9999     0
2021 02 01 09  -181  -249 10416   290    60 -9999 -9999     0
2021 02 01 12  -214  -262 10438   250    30 -9999 -9999     0
2021 02 01 15  -213  -278 10401   242    40 -9999 -9999 -9999
2021 02 01 18  -209  -286 10383   230    35 -9999 -9999 -9999
2021 02 01 21  -197  -277 10357   216    62 -9999 -9999 -9999
2021 02 02 00  -167  -240 10360   266    54 -9999 -9999 -9999
2021 02 02 03  -147  -227 10369   278    62 -9999 -9999 -9999
2021 02 02 06  -110  -204 10334   288    64 -9999 -9999 -9999
2021 02 02 09  -101  -179 10313   310    20 -9999 -9999     0
2021 02 02 12  -152  -204 10308   176    22 -9999 -9999 -9999
2021 02 02 15  -150  -199 10284   220    20 -9999 -9999     0
2021 02 02 18  -140  -209 10262   241    32 -9999 -9999 -9999
2021 02 02 21  -106  -181 10252   280    60 -9999 -9999     0
2021 02 03 00  -158  -226 10340   250    30 -9999 -9999     0
2021 02 03 03  -126  -202 10359   250    50 -9999 -9999     0
2021 02 03 06   -89  -179 10339   280    70 -9999 -9999     0
2021 02 03 09   -70  -150 10319   270    60 -9999 -9999     0
2021 02 03 12  -105  -174 10348   240    50 -9999 -9999     0
2021 02 03 15  -107  -184 10332   230    50 -9999 -9999     0
2021 02 03 18  -105  -180 10303   238    45 -9999 -9999 -9999
2021 02 03 21   -93  -183 10278   230    50 -9999 -9999     0
2021 02 04 00   -97  -187 10279   227    48 -9999 -9999 -9999
2021 02 04 03   -18  -152 10248   250    90 -9999 -9999     0
2021 02 04 06    11  -113 10214   260    97 -9999 -9999 -9999
2021 02 04 09     5   -99 10200   250    82 -9999 -9999 -9999
2021 02 04 12   -22  -112 10210   250    80 -9999 -9999     0
2021 02 04 15   -25  -117 10193   257    91 -9999 -9999 -9999
2021 02 04 18   -36  -118 10173   260    80 -9999 -9999     0
2021 02 04 21   -46  -123 10158   250    90 -9999 -9999     0
2021 02 05 00   -47  -115 10162   250    70 -9999 -9999     0
2021 02 05 03    -6   -97 10152   260   100 -9999 -9999     0
2021 02 05 06    11   -77 10136   270   100 -9999 -9999     0
2021 02 05 09     5   -83 10141   274    68 -9999 -9999 -9999
2021 02 05 12   -27   -94 10163   230    40 -9999 -9999     0
2021 02 05 15   -40  -106 10167   245    54 -9999 -9999 -9999
2021 02 05 18   -42  -104 10167   260    40 -9999 -9999     0
2021 02 05 21   -60  -121 10162   250    40 -9999 -9999     0
2021 02 06 00   -85  -133 10189   259    14 -9999 -9999 -9999
2021 02 06 03   -34  -116 10196   270    40 -9999 -9999     0
2021 02 06 06   -37   -93 10213    35    42 -9999 -9999 -9999
2021 02 06 09   -57   -84 10257    20    40 -9999 -9999 -9999
2021 02 06 12   -97  -117 10317    10    50 -9999 -9999 -9999
2021 02 06 15  -126  -143 10331   330    20 -9999 -9999     0
2021 02 06 18  -135  -152 10345   290    20 -9999 -9999 -9999
2021 02 06 21  -169  -190 10366   247     9 -9999 -9999 -9999
2021 02 07 00  -173  -194 10391   230    20 -9999 -9999     0
2021 02 07 03  -134  -154 10406   240    40 -9999 -9999     0
2021 02 07 06   -61  -114 10371   250    30 -9999 -9999     0
2021 02 07 09   -52  -135 10376   290    50 -9999 -9999     0
2021 02 07 12   -91  -145 10391   240    40 -9999 -9999     0
2021 02 07 15  -134  -169 10401   250    30 -9999 -9999     0
2021 02 07 18  -128  -165 10379   200    20 -9999 -9999     0
2021 02 07 21  -137  -185 10372   240    50 -9999 -9999     0
2021 02 08 00  -137  -190 10387   242    56 -9999 -9999 -9999
2021 02 08 03   -51  -142 10364   240    40 -9999 -9999     0
2021 02 08 06    -4  -130 10326   220    40 -9999 -9999     0
2021 02 08 09    -8  -127 10320   290    20 -9999 -9999     0
2021 02 08 12   -69  -130 10339   200    10 -9999 -9999     0
2021 02 08 15   -65  -131 10303   231    42 -9999 -9999 -9999
2021 02 08 18   -90  -130 10280   242    50 -9999 -9999 -9999
2021 02 08 21   -87  -135 10266   237    62 -9999 -9999 -9999
2021 02 09 00   -77  -144 10278   242    47 -9999 -9999 -9999
2021 02 09 03     0  -100 10254   250    40 -9999 -9999     0
2021 02 09 06    36  -101 10232   280    70 -9999 -9999     0
2021 02 09 12    -5   -97 10252   222    45 -9999 -9999 -9999
2021 02 09 15   -55  -110 10244   240    40 -9999 -9999     0
2021 02 09 18   -63  -122 10240   240    50 -9999 -9999     0
2021 02 09 21   -51  -127 10235   240    60 -9999 -9999     0
2021 02 10 00   -57  -131 10249   200    40 -9999 -9999     0
2021 02 10 03    32  -122 10230   205    55 -9999 -9999 -9999
2021 02 10 06    89   -91 10190   190    50 -9999 -9999     0
2021 02 10 09   100  -102 10161   230    30 -9999 -9999     0
2021 02 11 00    64   -91 10109   250   120 -9999 -9999     0
2021 02 13 12   -35   -83 10243    27    49 -9999 -9999 -9999
2021 02 13 15   -66   -83 10240   350    30 -9999 -9999     0
2021 02 13 18   -70   -82 10226    70    10 -9999 -9999 -9999
2021 02 13 21   -88  -104 10237    20    20 -9999 -9999 -9999
2021 02 14 00  -112  -131 10269    40    40 -9999 -9999     1
2021 02 14 03  -109  -141 10297   354    31 -9999 -9999     3
2021 02 14 06  -115  -149 10305   330    60 -9999 -9999     3
2021 02 14 09  -116  -202 10323   310    50 -9999 -9999     1
2021 02 14 12  -145  -216 10349   300    10 -9999 -9999     0
2021 02 14 15  -163  -208 10343   250    50 -9999 -9999     0
2021 02 14 18  -139  -196 10317   270    59 -9999 -9999 -9999
2021 02 14 21  -160  -207 10292   230    30 -9999 -9999     0
2021 02 15 00  -137  -185 10276   227    41 -9999 -9999 -9999
2021 02 15 03   -66  -160 10242   280    80 -9999 -9999     0
2021 02 15 06   -43  -165 10203   290   100 -9999 -9999     0
2021 02 15 09   -66  -153 10235   330    40 -9999 -9999     0
2021 02 15 12  -100  -173 10257   320    43 -9999 -9999 -9999
2021 02 15 15  -124  -186 10263   310    50 -9999 -9999     0
2021 02 15 18  -159  -201 10294   320    30 -9999 -9999     1
2021 02 15 21  -187  -240 10327   310    40 -9999 -9999     1
2021 02 16 00  -197  -255 10358   260    20 -9999 -9999     0
2021 02 16 03  -153  -243 10359   310    50 -9999 -9999     0
2021 02 16 06  -114  -263 10344   320    80 -9999 -9999     0
2021 02 16 09  -117  -223 10364   320    60 -9999 -9999     0
2021 02 16 12  -144  -174 10390    16    33 -9999 -9999 -9999
2021 02 16 15  -188  -246 10405    30    30 -9999 -9999     0
2021 02 16 18  -208  -252 10405     0 -9999 -9999 -9999     0
2021 02 16 21  -214  -257 10407   200    10 -9999 -9999     0
2021 02 17 00  -212  -257 10424   170    20 -9999 -9999     0
2021 02 17 03  -128  -208 10417   240    30 -9999 -9999     0
2021 02 17 06   -67  -214 10386   230    20 -9999 -9999     0
2021 02 17 09   -25  -189 10365   298     9 -9999 -9999 -9999
2021 02 17 12   -72  -171 10375   180    30 -9999 -9999     0
2021 02 17 15   -65  -135 10345   232    35 -9999 -9999 -9999
2021 02 17 18   -83  -145 10321   240    50 -9999 -9999     0
2021 02 17 21   -80  -144 10291   240    50 -9999 -9999     0
2021 02 18 00   -57  -140 10286   230    78 -9999 -9999 -9999
2021 02 18 03    50  -139 10244   260    70 -9999 -9999     0
2021 02 18 06    90  -134 10209   264    79 -9999 -9999 -9999
2021 02 18 09    88  -164 10192   280    90 -9999 -9999     0
2021 02 18 12    30  -142 10197   250    60 -9999 -9999     0
2021 02 18 15    21  -125 10161   250    80 -9999 -9999     0
2021 02 18 18    22  -149 10126   260    90 -9999 -9999     0
2021 02 18 21    13  -152 10110   260    90 -9999 -9999     0
2021 02 19 00    11  -154 10120   270   110 -9999 -9999     0
2021 02 19 03    62  -144 10128   285    90 -9999 -9999 -9999
2021 02 19 06    85  -114 10117   310    90 -9999 -9999     0
2021 02 19 09    70   -95 10121   336    25 -9999 -9999 -9999
2021 02 20 15    75  -161 10025   250    80 -9999 -9999 -9999
2021 02 20 18    57  -149 10027   264    89 -9999 -9999 -9999
2021 02 20 21    45  -144 10036   267    81 -9999 -9999 -9999
2021 02 21 00    35  -133 10070   269    70 -9999 -9999 -9999
2021 02 21 03    62  -109 10094   295    83 -9999 -9999 -9999
2021 02 21 06    71   -93 10118   332    82 -9999 -9999 -9999
2021 02 21 12   -25   -63 10221    34    62 -9999 -9999 -9999
2021 02 21 18   -72  -115 10273    11    18 -9999 -9999 -9999
2021 02 21 21   -89  -120 10300   270    16 -9999 -9999 -9999
2021 02 22 00   -97  -124 10331   262    21 -9999 -9999 -9999
2021 02 22 03   -34  -123 10329   350    40 -9999 -9999     0
2021 02 22 06    -7  -144 10313   320    31 -9999 -9999 -9999
2021 02 22 09   -17  -155 10308    80    20 -9999 -9999     0
2021 02 22 12   -38  -154 10324    80    40 -9999 -9999     0
2021 02 22 15   -36  -141 10301   130    30 -9999 -9999     0
2021 02 22 18   -53  -141 10288    60    20 -9999 -9999     0
2021 02 22 21   -56  -137 10282   100    20 -9999 -9999     0
2021 02 23 00   -86  -129 10296     0 -9999 -9999 -9999     0
2021 02 23 03   -15  -140 10270   100    10 -9999 -9999     0
2021 02 23 06    32  -145 10230   113    18 -9999 -9999 -9999
2021 02 23 09    51  -149 10206   260    10 -9999 -9999     0
2021 02 23 12   -12  -140 10232   170    22 -9999 -9999 -9999
2021 02 23 15    -7  -126 10213   220    60 -9999 -9999     0
2021 02 23 18   -37  -129 10201   240    60 -9999 -9999     0
2021 02 23 21   -62  -157 10203   180    20 -9999 -9999     0
2021 02 24 00   -37  -169 10227   215    22 -9999 -9999 -9999
2021 02 24 03    25  -176 10214   327    11 -9999 -9999 -9999
2021 02 24 06    65  -169 10195     6    15 -9999 -9999 -9999
2021 02 24 09    62  -171 10197    50    40 -9999 -9999     0
2021 02 24 12    15  -123 10219    50    20 -9999 -9999     0
2021 02 24 15   -12  -109 10226   351    12 -9999 -9999 -9999
2021 02 24 18   -45  -105 10235   230    20 -9999 -9999     0
2021 02 24 21   -60  -156 10247   259    42 -9999 -9999 -9999
2021 02 25 00   -47  -159 10269   240    30 -9999 -9999     0
2021 02 25 03    22  -135 10263   290    16 -9999 -9999 -9999
2021 02 25 06    65  -168 10248   257    28 -9999 -9999 -9999
2021 02 25 09    78  -189 10247   310    10 -9999 -9999     0
2021 02 25 12    11  -177 10262   150    20 -9999 -9999     0
2021 02 25 15   -26  -178 10249   230    30 -9999 -9999     0
2021 02 25 18   -33  -196 10234   190    50 -9999 -9999     0
2021 02 25 21   -22  -191 10218   173    51 -9999 -9999 -9999
2021 02 26 00   -30  -181 10240   190    50 -9999 -9999     0
2021 02 26 03    85  -152 10208   186    96 -9999 -9999 -9999
2021 02 26 06   115  -152 10169   201    59 -9999 -9999 -9999
2021 02 26 09    99  -182 10149   190   100 -9999 -9999     0
2021 02 26 12    62  -171 10159   190   100 -9999 -9999     0
2021 02 26 15    47  -183 10123   190   100 -9999 -9999     0
2021 02 26 18    35  -120 10121   189    61 -9999 -9999 -9999
2021 02 26 21    33   -87 10117   230    60 -9999 -9999     0
2021 02 27 00    35   -58 10135   220    70 -9999 -9999 -9999
2021 02 27 03    65   -46 10141   233   108 -9999 -9999 -9999
2021 02 27 06    55   -28 10146   220    70 -9999 -9999 -9999
2021 02 27 09    40   -14 10160   250    80 -9999 -9999    -1
2021 02 27 12    -5   -16 10193   335    27 -9999 -9999     2
2021 02 27 15   -18   -25 10203   310    40 -9999 -9999    20
2021 02 27 18   -42   -52 10237   340    30 -9999 -9999    30
2021 02 27 21   -57   -69 10250    11    27 -9999 -9999    22
2021 02 28 00   -69   -78 10289    20    30 -9999 -9999     5
2021 02 28 03   -67   -86 10318    50    30 -9999 -9999 -9999
2021 02 28 06   -74   -96 10308    50    40 -9999 -9999     1
2021 02 28 09   -79   -98 10314    53    46 -9999 -9999     1
2021 02 28 12   -89  -105 10352    40    35 -9999 -9999 -9999
2021 02 28 15  -104  -120 10366   356     7 -9999 -9999 -9999
2021 02 28 18  -115  -129 10361     0 -9999 -9999 -9999     0
2021 02 28 21  -112  -131 10349   240    40 -9999 -9999     0
2021 03 01 00  -100  -131 10349   240    50 -9999 -9999     0
2021 03 01 03   -53  -136 10319   250    80 -9999 -9999     0
2021 03 01 06   -38  -111 10293   260    90 -9999 -9999     0
2021 03 01 09   -38  -104 10287   280    50 -9999 -9999     0
2021 03 01 12   -67  -116 10300   250    40 -9999 -9999     0
2021 03 01 15   -82  -143 10298   225    46 -9999 -9999 -9999
2021 03 01 18   -92  -153 10294   230    60 -9999 -9999     0
2021 03 01 21  -104  -150 10273   240    60 -9999 -9999     0
2021 03 02 00   -75  -150 10263   230    70 -9999 -9999     0
2021 03 02 03    10   -89 10237   232    67 -9999 -9999 -9999
2021 03 02 06    47   -74 10203   261    72 -9999 -9999 -9999
2021 03 02 09    62   -78 10185   264    69 -9999 -9999 -9999
2021 03 02 12    31   -77 10190   235    56 -9999 -9999 -9999
2021 03 02 15    12   -77 10175   228    63 -9999 -9999 -9999
2021 03 02 18     1   -91 10158   250    80 -9999 -9999     0
2021 03 02 21    -2  -104 10140   250    80 -9999 -9999     0
2021 03 03 00    -5  -102 10155   246    66 -9999 -9999 -9999
2021 03 03 03    61  -106 10141   260    90 -9999 -9999     0
2021 03 03 06   102  -123 10111   253    89 -9999 -9999 -9999
2021 03 03 09   101  -101 10096   260    70 -9999 -9999     0
2021 03 03 12    62   -97 10121   245    68 -9999 -9999 -9999
2021 03 03 15    36   -97 10116   243    56 -9999 -9999 -9999
2021 03 03 18    24  -101 10111   250    60 -9999 -9999     0
2021 03 03 21    26  -113 10108   261    74 -9999 -9999 -9999
2021 03 04 00    25  -111 10133   243    58 -9999 -9999 -9999
2021 03 04 03    82  -117 10133   250    83 -9999 -9999 -9999
2021 03 04 06   120  -130 10107   270    90 -9999 -9999     0
2021 03 04 09   121  -146 10100   270    90 -9999 -9999     0
2021 03 04 12    55   -99 10147    41    22 -9999 -9999 -9999
2021 03 04 15     5   -39 10192    15    34 -9999 -9999 -9999
2021 03 04 18   -29   -45 10210    59    62 -9999 -9999 -9999
2021 03 04 21   -71   -87 10239    40    60 -9999 -9999     6
2021 03 05 00  -101  -130 10306    40    60 -9999 -9999     7
2021 03 05 03   -77  -114 10340    74    39 -9999 -9999     1
2021 03 05 06   -47  -169 10337    59    52 -9999 -9999 -9999
2021 03 05 09   -57  -174 10360    50    60 -9999 -9999     0
2021 03 05 12   -90  -164 10404    60    50 -9999 -9999     0
2021 03 05 15  -110  -159 10414    50    30 -9999 -9999     0
2021 03 05 18  -129  -161 10410    54    26 -9999 -9999 -9999
2021 03 05 21  -142  -166 10410    30    10 -9999 -9999     0
2021 03 06 00  -132  -161 10420   243     9 -9999 -9999 -9999
2021 03 06 03   -45  -208 10391   144    22 -9999 -9999 -9999
2021 03 06 06     2  -201 10358   347    14 -9999 -9999 -9999
2021 03 06 09    21  -211 10335   270    10 -9999 -9999     0
2021 03 06 12   -36  -183 10352    70    20 -9999 -9999     0
2021 03 06 15   -65  -166 10332   170    28 -9999 -9999 -9999
2021 03 06 18   -65  -162 10305   163    24 -9999 -9999 -9999
2021 03 06 21   -85  -175 10289   220    30 -9999 -9999     0
2021 03 07 00   -77  -164 10305   240    32 -9999 -9999 -9999
2021 03 07 03    28  -168 10285   260    40 -9999 -9999     0
2021 03 07 06    71  -178 10247   249    31 -9999 -9999 -9999
2021 03 07 09    81  -206 10238   270    30 -9999 -9999     0
2021 03 07 12    21  -169 10263   160    20 -9999 -9999     0
2021 03 07 15   -12  -163 10243   180    33 -9999 -9999 -9999
2021 03 07 18   -12  -154 10223   258    20 -9999 -9999 -9999
2021 03 07 21    -8   -74 10205   240    50 -9999 -9999     0
2021 03 08 00    12   -39 10226   232    49 -9999 -9999 -9999
2021 03 08 03    80    -6 10220   247    52 -9999 -9999 -9999
2021 03 08 06   120   -60 10192   260    26 -9999 -9999 -9999
2021 03 08 09   122  -107 10188   300    20 -9999 -9999     0
2021 03 08 12    52   -52 10220   250    30 -9999 -9999     0
2021 03 08 15    21   -51 10217   208    13 -9999 -9999 -9999
2021 03 08 18    -8   -52 10220   230    30 -9999 -9999     0
2021 03 08 21    -7   -51 10222   250    30 -9999 -9999     0
2021 03 09 00     5   -46 10255   219    29 -9999 -9999 -9999
2021 03 09 03    96   -63 10244   257    32 -9999 -9999 -9999
2021 03 09 06   134   -98 10218   310    40 -9999 -9999     0
2021 03 09 12    81   -98 10224   230    20 -9999 -9999     0
2021 03 09 15    66   -54 10201   216    54 -9999 -9999 -9999
2021 03 09 18    65   -46 10186   210    70 -9999 -9999     0
2021 03 09 21    36   -44 10186   230    50 -9999 -9999     0
2021 03 10 00    46   -44 10204   223    52 -9999 -9999 -9999
2021 03 10 03   136   -71 10186   280    60 -9999 -9999     0
2021 03 10 06   161  -105 10165   286    49 -9999 -9999 -9999
2021 03 10 09   141   -51 10172   200    58 -9999 -9999 -9999
2021 03 10 12   108   -23 10196   180    50 -9999 -9999 -9999
2021 03 10 15    71    14 10187   250    20 -9999 -9999     0
2021 03 10 18    43   -11 10179   150    10 -9999 -9999     0
2021 03 10 21    20   -28 10182   204    19 -9999 -9999 -9999
2021 03 11 00    47   -31 10193   233    48 -9999 -9999 -9999
2021 03 11 03   120   -60 10191   285    49 -9999 -9999 -9999
2021 03 11 06   128   -52 10179    20    20 -9999 -9999     0
2021 03 11 09   117   -48 10182    47    58 -9999 -9999 -9999
2021 03 11 12    57   -34 10211    54    27 -9999 -9999 -9999
2021 03 11 15    34   -10 10205    60    50 -9999 -9999     0
2021 03 11 18     1    -5 10212    50    50 -9999 -9999     0
2021 03 11 21     1    -2 10217    50    30 -9999 -9999     0
2021 03 12 00    -5   -10 10250    30    31 -9999 -9999 -9999
2021 03 12 03    -4    -7 10271   333    18 -9999 -9999 -9999
2021 03 12 06    45    -6 10257   358    19 -9999 -9999 -9999
2021 03 12 09    80   -32 10242    21    25 -9999 -9999 -9999
2021 03 12 12    28   -25 10275   100    10 -9999 -9999     0
2021 03 12 15   -10   -43 10282   360     1 -9999 -9999 -9999
2021 03 12 18   -20   -53 10269   234    36 -9999 -9999 -9999
2021 03 12 21   -37   -67 10249   266    11 -9999 -9999 -9999
2021 03 13 00   -12   -71 10250   190    30 -9999 -9999     0
2021 03 13 03    95  -118 10221   187    47 -9999 -9999 -9999
2021 03 13 06   122  -101 10186   217    20 -9999 -9999 -9999
2021 03 13 09   127   -90 10163   144    27 -9999 -9999 -9999
2021 03 13 12    65   -79 10163   154    26 -9999 -9999 -9999
2021 03 13 15    42   -39 10130   180    40 -9999 -9999 -9999
2021 03 13 18    45   -40 10094   180    53 -9999 -9999 -9999
2021 03 13 21    42   -45 10075   110    10 -9999 -9999     0
2021 03 14 00    90   -18 10064   203    66 -9999 -9999 -9999
2021 03 14 03   155     8 10040   226    80 -9999 -9999 -9999
2021 03 14 06   195   -40  9996   253    79 -9999 -9999 -9999
2021 03 14 09   197   -39  9976   230    94 -9999 -9999 -9999
2021 03 14 12   137    14  9986   228    89 -9999 -9999 -9999
2021 03 14 15    36  -156 10087   320   100 -9999 -9999     0
2021 03 14 18   -42  -244 10161   312   112 -9999 -9999 -9999
2021 03 14 21   -77  -240 10191   298    77 -9999 -9999 -9999
2021 03 15 00   -82  -240 10229   310    92 -9999 -9999 -9999
2021 03 15 03   -57  -240 10269   302    77 -9999 -9999 -9999
2021 03 15 06   -15  -257 10277   310    71 -9999 -9999 -9999
2021 03 15 09    -8  -250 10289   330    50 -9999 -9999     0
2021 03 15 12   -40  -248 10322   350    30 -9999 -9999     0
2021 03 15 15   -65  -238 10322   264    11 -9999 -9999 -9999
2021 03 15 18   -82  -244 10310   244    31 -9999 -9999 -9999
2021 03 15 21   -92  -236 10294   179    33 -9999 -9999 -9999
2021 03 16 00   -65  -229 10292   161    23 -9999 -9999 -9999
2021 03 16 03    37  -241 10245   160    60 -9999 -9999     0
2021 03 16 06    71  -250 10202   208    43 -9999 -9999 -9999
2021 03 16 09    79  -276 10197   310    40 -9999 -9999     0
2021 03 16 12     6  -231 10233   260    30 -9999 -9999     0
2021 03 16 15   -37  -218 10235   360     0 -9999 -9999 -9999
2021 03 16 18   -52  -226 10239   230    20 -9999 -9999     0
2021 03 16 21   -80  -225 10249   220    10 -9999 -9999     0
2021 03 17 00   -67  -214 10276   360     2 -9999 -9999 -9999
2021 03 17 03    37  -184 10258    80    53 -9999 -9999 -9999
2021 03 17 06    73  -193 10233    70    70 -9999 -9999     0
2021 03 17 09    68  -166 10225    70    70 -9999 -9999     0
2021 03 17 12    20  -170 10240    50    40 -9999 -9999     0
2021 03 17 15    -2  -153 10216    70    20 -9999 -9999     0
2021 03 17 18    22   -45 10184   130    40 -9999 -9999     0
2021 03 17 21     7   -40 10184    64     5 -9999 -9999 -9999
2021 03 18 00     0   -71 10204   360     0 -9999 -9999 -9999
2021 03 18 03    75   -20 10189   240    40 -9999 -9999     0
2021 03 18 06   120   -69 10152   320    40 -9999 -9999     0
2021 03 18 09   110  -100 10161   326    32 -9999 -9999 -9999
2021 03 18 12    61   -98 10191   280    10 -9999 -9999     0
2021 03 18 15    27   -77 10198   241    12 -9999 -9999 -9999
2021 03 18 18     0   -58 10197   290    10 -9999 -9999     0
2021 03 18 21    -5   -84 10200   274    14 -9999 -9999 -9999
2021 03 19 00     0  -103 10221   295    15 -9999 -9999 -9999
2021 03 19 03    31  -124 10210   340    10 -9999 -9999     0
2021 03 19 06    49  -130 10205   340    40 -9999 -9999     0
2021 03 19 09    31  -146 10213   330    67 -9999 -9999 -9999
2021 03 19 12   -10   -23 10246   325    35 -9999 -9999 -9999
2021 03 19 15   -15   -25 10235   247    24 -9999 -9999     4
2021 03 19 18   -25   -48 10224   320    60 -9999 -9999     5
2021 03 19 21   -70   -98 10245   277    74 -9999 -9999     1
2021 03 20 00   -74  -103 10275   270    90 -9999 -9999 -9999
2021 03 20 03   -40  -101 10264   290   132 -9999 -9999 -9999
2021 03 20 06   -19   -97 10264   309   103 -9999 -9999 -9999
2021 03 20 09   -47   -70 10306   340    70 -9999 -9999     3
2021 03 20 12   -64   -99 10338   317    60 -9999 -9999     6
2021 03 20 15   -85  -128 10342   284    37 -9999 -9999     3
2021 03 20 18  -104  -150 10334   280    40 -9999 -9999     0
2021 03 20 21  -104  -161 10331   280    52 -9999 -9999 -9999
2021 03 21 00   -90  -161 10343   268    53 -9999 -9999 -9999
2021 03 21 03   -20  -124 10332   283    88 -9999 -9999 -9999
2021 03 21 06    22  -179 10301   290   100 -9999 -9999     0
2021 03 21 09    40  -220 10274   292   105 -9999 -9999 -9999
2021 03 21 12    21  -211 10282   280    50 -9999 -9999     0
2021 03 21 15     6  -217 10263   268    63 -9999 -9999 -9999
2021 03 21 18     3  -219 10253   280    80 -9999 -9999     0
2021 03 21 21    -8  -228 10237   270    80 -9999 -9999     0
2021 03 22 00     9  -228 10241   250    80 -9999 -9999     0
2021 03 22 03    81  -242 10221   273    97 -9999 -9999 -9999
2021 03 22 06   117  -268 10176   260    97 -9999 -9999 -9999
2021 03 22 09   135  -280 10154   267    92 -9999 -9999 -9999
2021 03 22 12    80  -243 10164   230    60 -9999 -9999     0
2021 03 22 15    63  -201 10138   260    80 -9999 -9999     0
2021 03 22 18    70  -215 10113   250    93 -9999 -9999 -9999
2021 03 22 21    56  -216 10099   251    67 -9999 -9999 -9999
2021 03 23 00    62  -211 10113   250    80 -9999 -9999     0
2021 03 23 03   121  -227 10106   266    93 -9999 -9999 -9999
2021 03 23 06   147  -226 10088   287    76 -9999 -9999 -9999
2021 03 23 09   134  -202 10104   330    50 -9999 -9999     0
2021 03 23 12    71  -178 10143    10    30 -9999 -9999     0
2021 03 23 15    21  -133 10173    70    20 -9999 -9999     0
2021 03 23 18    -5  -131 10190   260    20 -9999 -9999     0
2021 03 23 21   -32  -140 10204   360     2 -9999 -9999 -9999
2021 03 24 00    -5  -121 10220   250    30 -9999 -9999     0
2021 03 24 03   112  -144 10207   271    38 -9999 -9999 -9999
2021 03 24 06   142  -182 10187   270    57 -9999 -9999 -9999
2021 03 24 09   150  -206 10171   270    44 -9999 -9999 -9999
2021 03 24 12    82  -205 10192   248    25 -9999 -9999 -9999
2021 03 24 15    64  -210 10171   230    60 -9999 -9999     0
2021 03 24 18    20  -161 10173   241    48 -9999 -9999 -9999
2021 03 24 21     7  -166 10168   220    10 -9999 -9999     0
2021 03 25 00    50  -162 10182   212    28 -9999 -9999 -9999
2021 03 25 03   155  -202 10152   241    33 -9999 -9999 -9999
2021 03 25 06   203   -90 10113   260    70 -9999 -9999     0
2021 03 25 09   205   -89 10087   229    57 -9999 -9999 -9999
2021 03 25 12   149   -92 10095   220    60 -9999 -9999     0
2021 03 25 15   130   -72 10075   210    78 -9999 -9999 -9999
2021 03 25 18   140   -33 10060   227    94 -9999 -9999 -9999
2021 03 25 21    97    16 10080   230    60 -9999 -9999     0
2021 03 26 00    97    -4 10094   264    60 -9999 -9999 -9999
2021 03 26 03   129  -140 10102   290    70 -9999 -9999     0
2021 03 26 06   150  -165 10082   305    70 -9999 -9999 -9999
2021 03 26 09   153  -174 10079   310    60 -9999 -9999     0
2021 03 26 12    95  -159 10102   260    10 -9999 -9999     0
2021 03 26 15    95  -167 10095   224    49 -9999 -9999 -9999
2021 03 26 18    57  -161 10080   210    80 -9999 -9999     0
2021 03 26 21    56  -119 10054   218    74 -9999 -9999 -9999
2021 03 27 00    86  -108 10054   210    90 -9999 -9999     0
2021 03 27 03   175  -157 10010   240   110 -9999 -9999     0
2021 03 27 06   195  -156  9982   263   114 -9999 -9999 -9999
2021 03 27 09   150  -142  9994   300   110 -9999 -9999     0
2021 03 27 12    92  -234 10034   300   130 -9999 -9999     0
2021 03 27 15    36  -128 10059   291   127 -9999 -9999 -9999
2021 03 27 18     1  -101 10071   290   110 -9999 -9999     0
2021 03 27 21   -26  -118 10095   290    90 -9999 -9999     0
2021 03 28 00   -27  -124 10129   280    90 -9999 -9999     0
2021 03 28 03    21  -150 10140   300   110 -9999 -9999     0
2021 03 28 06    50  -188 10135   302   109 -9999 -9999 -9999
2021 03 28 09    61  -212 10132   309   103 -9999 -9999 -9999
2021 03 28 12    26  -215 10160   300    40 -9999 -9999     0
2021 03 28 15   -15  -211 10171   268    28 -9999 -9999 -9999
2021 03 28 18   -25  -203 10165   242    46 -9999 -9999 -9999
2021 03 28 21   -30  -203 10146   244    47 -9999 -9999 -9999
2021 03 29 00   -17  -192 10156   240    38 -9999 -9999 -9999
2021 03 29 03    65  -191 10147   313    26 -9999 -9999 -9999
2021 03 29 06    97  -194 10117   250    20 -9999 -9999     0
2021 03 29 09   115  -203 10099   283    26 -9999 -9999 -9999
2021 03 29 12    67  -207 10116   159    20 -9999 -9999 -9999
2021 03 29 15    22  -210 10114   171    36 -9999 -9999 -9999
2021 03 29 18    36  -199 10092   200    40 -9999 -9999     0
2021 03 29 21    34  -143 10078   180    40 -9999 -9999     0
2021 03 30 00    76  -122 10082   218    51 -9999 -9999 -9999
2021 03 30 03   151   -98 10063   256    80 -9999 -9999 -9999
2021 03 30 06   182   -97 10037   270   100 -9999 -9999     0
2021 03 30 09   164   -87 10052   300   100 -9999 -9999     0
2021 03 30 12   122  -114 10087   309    46 -9999 -9999 -9999
2021 03 30 15    75  -118 10112   296    29 -9999 -9999 -9999
2021 03 30 18    45   -74 10138    53    22 -9999 -9999 -9999
2021 03 30 21    10   -47 10162    65    23 -9999 -9999 -9999
2021 03 31 00    17   -30 10184    58    36 -9999 -9999 -9999
2021 03 31 03    70   -33 10188    69    57 -9999 -9999 -9999
2021 03 31 06   105   -72 10177   120    50 -9999 -9999     0
2021 03 31 09   119  -117 10160   100    50 -9999 -9999     0
2021 03 31 12    83   -87 10181    70    60 -9999 -9999     0
2021 03 31 15    67   -87 10169    94    27 -9999 -9999 -9999
2021 03 31 18    59   -84 10156    50    50 -9999 -9999     0
2021 03 31 21    60    33 10137    60    20 -9999 -9999     3
2021 04 01 00    79   -11 10143   140    20 -9999 -9999     4
2021 04 01 03   107     8 10135   186   132 -9999 -9999     1
2021 04 01 06    83    47 10145   210    80 -9999 -9999 -9999
2021 04 01 09    65    48 10150   270    50 -9999 -9999    50
2021 04 01 12    60    40 10160   260    40 -9999 -9999    50
2021 04 01 15    42    22 10172   230    37 -9999 -9999     2
2021 04 01 18    27     7 10178   251    31 -9999 -9999 -9999
2021 04 01 21    33     7 10202   260    30 -9999 -9999     0
2021 04 02 00    34    -2 10234   310    40 -9999 -9999     0
2021 04 02 03    52    -3 10255   328    61 -9999 -9999 -9999
2021 04 02 06    61   -33 10261   343    55 -9999 -9999 -9999
2021 04 02 09    58   -49 10269    20    60 -9999 -9999     0
2021 04 02 12    28   -46 10298    20    60 -9999 -9999     0
2021 04 02 15    10   -57 10320    11    35 -9999 -9999 -9999
2021 04 02 18   -14   -58 10326    47    21 -9999 -9999 -9999
2021 04 02 21   -30   -56 10330   360     1 -9999 -9999 -9999
2021 04 03 00   -15   -53 10351   310    10 -9999 -9999     0
2021 04 03 03    35  -137 10343    51    27 -9999 -9999 -9999
2021 04 03 06    65  -162 10317    78    23 -9999 -9999 -9999
2021 04 03 09    62  -185 10309     5    25 -9999 -9999 -9999
2021 04 03 12    36  -161 10317    50    30 -9999 -9999     0
2021 04 03 15     4  -140 10324   170    20 -9999 -9999     0
2021 04 03 18   -19  -131 10312   180    20 -9999 -9999     0
2021 04 03 21   -20  -139 10301   201    31 -9999 -9999 -9999
2021 04 04 00    12  -141 10300   190    40 -9999 -9999     0
2021 04 04 03   103  -226 10270   200    30 -9999 -9999     0
2021 04 04 06   130  -179 10242   240    20 -9999 -9999     0
2021 04 04 09   137  -199 10218   281    17 -9999 -9999 -9999
2021 04 04 12    90  -148 10229   290    20 -9999 -9999     0
2021 04 04 15    47  -123 10220   360     1 -9999 -9999 -9999
2021 04 04 18    20  -122 10221   204    13 -9999 -9999 -9999
2021 04 04 21     0  -121 10212   166    19 -9999 -9999 -9999
2021 04 05 00    22  -112 10224   241    21 -9999 -9999 -9999
2021 04 05 03   109  -112 10199   270    30 -9999 -9999     0
2021 04 05 06   131   -70 10179   166    22 -9999 -9999 -9999
2021 04 05 09   135   -73 10172   358    18 -9999 -9999 -9999
2021 04 05 12   112   -96 10189    45     4 -9999 -9999 -9999
2021 04 05 15    65     8 10197   280    30 -9999 -9999     0
2021 04 05 18    31     5 10215   230    20 -9999 -9999     0
2021 04 05 21    21    -3 10220   240    50 -9999 -9999     0
2021 04 06 00    42    -2 10242   250    40 -9999 -9999     0
2021 04 06 03   117   -18 10239   294    46 -9999 -9999 -9999
2021 04 06 06   140   -99 10229   307    56 -9999 -9999 -9999
2021 04 06 09   136  -153 10229   330    60 -9999 -9999     0
2021 04 06 12    95  -124 10247   300    17 -9999 -9999 -9999
2021 04 06 15    47  -110 10265    30    30 -9999 -9999     0
2021 04 06 18    12  -106 10273    90    10 -9999 -9999     0
2021 04 06 21   -16  -102 10271     0 -9999 -9999 -9999     0
2021 04 07 00    35   -98 10281   184    25 -9999 -9999 -9999
2021 04 07 03   111  -110 10269   130    20 -9999 -9999     0
2021 04 07 06   141  -113 10237   210    30 -9999 -9999     0
2021 04 07 09   150  -142 10210   262    34 -9999 -9999 -9999
2021 04 07 12   126  -151 10198   295    32 -9999 -9999 -9999
2021 04 07 15    80  -157 10197   249    28 -9999 -9999 -9999
2021 04 07 18    46  -159 10197   240    50 -9999 -9999     0
2021 04 07 21    24  -147 10199   240    50 -9999 -9999     0
2021 04 08 00    50  -120 10220   251    31 -9999 -9999 -9999
2021 04 08 03   126  -118 10211   280    30 -9999 -9999     0
2021 04 08 06   149  -153 10191   290    50 -9999 -9999     0
2021 04 08 09   150  -164 10180   310    50 -9999 -9999     0
2021 04 08 12   102  -152 10195   321    10 -9999 -9999 -9999
2021 04 08 15    65  -131 10194    56    22 -9999 -9999 -9999
2021 04 08 18    33  -122 10199   250    10 -9999 -9999     0
2021 04 08 21     3  -145 10209   220    20 -9999 -9999     0
2021 04 09 00    42  -136 10224   190    20 -9999 -9999     0
2021 04 09 06   164  -153 10194   210    10 -9999 -9999     0
2021 04 09 09   166  -164 10189   330    20 -9999 -9999     0
2021 04 09 12   122  -154 10198    69    13 -9999 -9999 -9999
2021 04 09 15    87  -149 10185   168    32 -9999 -9999 -9999
2021 04 09 18    65   -55 10177   200    50 -9999 -9999     0
2021 04 09 21    77   -26 10177   230    50 -9999 -9999     0
2021 04 10 00   105    11 10185   220    60 -9999 -9999     0
2021 04 10 03   153    -1 10178   240    70 -9999 -9999     0
2021 04 10 06   178   -48 10150   210    30 -9999 -9999     0
2021 04 10 09   175   -28 10134   238    82 -9999 -9999 -9999
2021 04 10 12   121    43 10158   220    30 -9999 -9999     3
2021 04 10 15   115    38 10159   232    43 -9999 -9999     3
2021 04 10 18    83    58 10160   200    20 -9999 -9999     4
2021 04 10 21    77    45 10158   230    40 -9999 -9999     4
2021 04 11 00   102    52 10163   210    50 -9999 -9999     0
2021 04 11 03   171    30 10145   260    52 -9999 -9999 -9999
2021 04 11 06   187   -17 10118   210    40 -9999 -9999     0
2021 04 11 09   112    50 10143   264    14 -9999 -9999     4
2021 04 11 12    97    50 10130   196    47 -9999 -9999     4
2021 04 11 15   107    33 10129   270    80 -9999 -9999     0
2021 04 11 18    54    21 10160   310    70 -9999 -9999     2
2021 04 11 21    26    11 10191   270    70 -9999 -9999    40
2021 04 12 00   -12   -37 10247   360     0 -9999 -9999    34
2021 04 12 03    -7   -48 10260   330    70 -9999 -9999     0
2021 04 12 06    11   -92 10272   340    70 -9999 -9999     0
2021 04 12 09    15  -127 10268   330    70 -9999 -9999     0
2021 04 12 12    -4  -140 10295   340    40 -9999 -9999     0
2021 04 12 15   -32  -165 10304   320    30 -9999 -9999     0
2021 04 12 18   -57  -166 10304   285    19 -9999 -9999 -9999
2021 04 12 21   -66  -166 10291   240    50 -9999 -9999     0
2021 04 13 00   -22  -183 10277   260    60 -9999 -9999     0
2021 04 13 03    40  -204 10255   277    90 -9999 -9999 -9999
2021 04 13 06    73  -203 10228   290    90 -9999 -9999     0
2021 04 13 09    87  -202 10201   290   100 -9999 -9999     0
2021 04 13 12    48  -175 10209   310    20 -9999 -9999     0
2021 04 13 15     8  -140 10213   240    40 -9999 -9999     0
2021 04 13 18     1  -139 10192   230    40 -9999 -9999     0
2021 04 13 21     8  -113 10177   230    50 -9999 -9999     0
2021 04 14 00    60  -111 10166   260    77 -9999 -9999 -9999
2021 04 14 03   117  -132 10152   269    89 -9999 -9999 -9999
2021 04 14 06   156  -127 10117   270    80 -9999 -9999     0
2021 04 14 09   155  -111 10090   254    77 -9999 -9999 -9999
2021 04 14 12   112   -81 10083   240    40 -9999 -9999     0
2021 04 14 15    79   -82 10062   200    60 -9999 -9999     0
2021 04 14 18    80   -85 10022   210    80 -9999 -9999     0
2021 04 14 21    80   -81  9999   210    80 -9999 -9999     0
2021 04 15 00    76   -76 10020   283    92 -9999 -9999 -9999
2021 04 15 03    14   -79 10068   270   130 -9999 -9999     0
2021 04 15 06    25   -48 10092   291   154 -9999 -9999 -9999
2021 04 15 09     7   -47 10134   303   122 -9999 -9999    14
2021 04 15 12    -6   -45 10154   320    40 -9999 -9999    20
2021 04 15 15   -24   -68 10181   290    26 -9999 -9999     1
2021 04 15 18   -20  -123 10164   240    30 -9999 -9999     0
2021 04 15 21   -27   -98 10168   310    10 -9999 -9999     0
2021 04 16 00    -9  -100 10194   320    50 -9999 -9999     0
2021 04 16 03    31  -160 10213   325    90 -9999 -9999 -9999
2021 04 16 06    45  -185 10217   330    90 -9999 -9999     0
2021 04 16 09    35  -138 10234   336    75 -9999 -9999 -9999
2021 04 16 12     4   -96 10254   290    50 -9999 -9999     0
2021 04 16 15   -32   -77 10264   270    30 -9999 -9999     0
2021 04 16 18   -44  -100 10257   260    40 -9999 -9999     0
2021 04 16 21   -42  -121 10260   260    50 -9999 -9999     0
2021 04 17 00     1  -158 10274   270    70 -9999 -9999     0
2021 04 17 03    69  -158 10266   300    60 -9999 -9999     0
2021 04 17 06   120  -147 10232   310    70 -9999 -9999     0
2021 04 17 09   141  -159 10201   300    50 -9999 -9999     0
2021 04 17 12   102  -144 10201   234    29 -9999 -9999 -9999
2021 04 17 15    65  -137 10194   230    60 -9999 -9999     0
2021 04 17 18    42  -127 10178   230    60 -9999 -9999     0
2021 04 17 21    42  -131 10167   230    60 -9999 -9999     0
2021 04 18 00   100  -132 10158   230    70 -9999 -9999     0
2021 04 18 03   169  -192 10140   260    70 -9999 -9999     0
2021 04 18 06   190  -194 10108   260    60 -9999 -9999     0
2021 04 18 09   192  -192 10089   293    56 -9999 -9999 -9999
2021 04 18 12   142  -182 10098   245    36 -9999 -9999 -9999
2021 04 18 15    92  -146 10102   240    50 -9999 -9999     0
2021 04 18 18    74  -124 10101   240    60 -9999 -9999     0
2021 04 18 21    70  -117 10099   240    30 -9999 -9999     0
2021 04 19 00   132  -121 10106   230    50 -9999 -9999     0
2021 04 19 03   209  -146 10103   280    60 -9999 -9999     0
2021 04 19 06   226  -150 10086   320    40 -9999 -9999     0
2021 04 19 09   213  -115 10085    20    40 -9999 -9999     0
2021 04 19 12   161  -105 10095    50    30 -9999 -9999     0
2021 04 19 15   121   -90 10093   300    10 -9999 -9999     0
2021 04 19 18    99  -108 10092   230    30 -9999 -9999     0
2021 04 19 21    83  -111 10098   220    20 -9999 -9999     0
2021 04 20 00   150  -115 10108   218    32 -9999 -9999 -9999
2021 04 20 03   220   -98 10102   285    29 -9999 -9999 -9999
2021 04 20 06   240  -139 10084   300    30 -9999 -9999     0
2021 04 20 09   245  -136 10072   270    40 -9999 -9999     0
2021 04 20 12   193  -131 10078   320    20 -9999 -9999     0
2021 04 20 15   162     0 10082   181    51 -9999 -9999 -9999
2021 04 20 18   155     4 10078   201    84 -9999 -9999 -9999
2021 04 20 21   141     4 10075   200    60 -9999 -9999     0
