2021 01 01 00  -168  -239 10318   210    20 -9999 -9999     0
2021 01 01 03  -121  -204 10309   260    30 -9999 -9999     0
2021 01 01 06   -87  -193 10291   280    50 -9999 -9999     0
2021 01 01 09   -95  -198 10309   270    40 -9999 -9999     0
2021 01 01 12  -118  -197 10329   280    30 -9999 -9999     0
2021 01 01 18  -160  -207 10323   250    10 -9999 -9999     0
2021 01 01 21  -171  -221 10334   270    10 -9999 -9999     0
2021 01 02 00  -192  -235 10363     0 -9999 -9999 -9999     0
2021 01 02 03  -100  -223 10351   340    10 -9999 -9999     0
2021 01 02 06   -92  -244 10351   320    40 -9999 -9999     0
2021 01 02 09  -114  -248 10379   290    40 -9999 -9999     0
2021 01 02 12  -158  -253 10418   350    10 -9999 -9999     0
2021 01 02 18  -202  -265 10403   290    10 -9999 -9999     0
2021 01 02 21  -207  -264 10407   290    10 -9999 -9999     0
2021 01 03 00  -205  -259 10419   140    10 -9999 -9999     0
2021 01 03 03  -106  -200 10380   260    20 -9999 -9999     0
2021 01 03 06   -76  -177 10349   280    40 -9999 -9999     0
2021 01 03 09   -98  -157 10361   280    30 -9999 -9999     0
2021 01 03 12  -124  -167 10381   260    10 -9999 -9999     0
2021 01 03 18  -168  -211 10363   280    20 -9999 -9999     0
2021 01 03 21  -187  -230 10384    90    10 -9999 -9999     0
2021 01 04 00  -217  -252 10409   150    10 -9999 -9999     0
2021 01 04 03  -145  -273 10401   310    50 -9999 -9999     0
2021 01 04 06  -148  -282 10399   320    40 -9999 -9999     0
2021 01 04 09  -174  -273 10428   320    30 -9999 -9999     0
2021 01 04 12  -194  -281 10459    60    10 -9999 -9999     0
2021 01 04 18  -229  -285 10445     0 -9999 -9999 -9999     0
2021 01 04 21  -222  -279 10452    80    10 -9999 -9999     0
2021 01 05 00  -218  -275 10455   270    20 -9999 -9999     0
2021 01 05 03  -168  -252 10430   280    60 -9999 -9999     0
2021 01 05 06  -142  -249 10398   270    40 -9999 -9999     0
2021 01 05 09  -149  -247 10394   290    60 -9999 -9999     0
2021 01 05 12  -172  -276 10403   300    40 -9999 -9999     0
2021 01 05 18  -231  -291 10399   320    70 -9999 -9999     5
2021 01 05 21  -261  -337 10419   310    50 -9999 -9999     5
2021 01 06 00  -282  -348 10455   310    60 -9999 -9999     0
2021 01 06 03  -288  -384 10480   310    70 -9999 -9999     0
2021 01 06 06  -291  -382 10491   310    90 -9999 -9999     0
2021 01 06 09  -295  -386 10511   300    60 -9999 -9999     0
2021 01 06 12  -293  -371 10524   290    50 -9999 -9999     0
2021 01 06 18  -255  -340 10487   280    50 -9999 -9999     0
2021 01 06 21  -262  -338 10479   280    40 -9999 -9999     0
2021 01 07 00  -257  -325 10472   290    60 -9999 -9999     0
2021 01 07 03  -209  -300 10448   300    60 -9999 -9999     0
2021 01 07 06  -193  -292 10423   300    80 -9999 -9999     0
2021 01 07 09  -205  -296 10446   290    50 -9999 -9999     0
2021 01 07 12  -205  -289 10446   290    90 -9999 -9999     0
2021 01 07 18  -211  -284 10401   310    40 -9999 -9999     0
2021 01 07 21  -212  -283 10400   310    70 -9999 -9999     0
2021 01 08 00  -212  -281 10396   310    50 -9999 -9999     0
2021 01 08 03  -171  -265 10390   300    60 -9999 -9999     0
2021 01 08 06  -136  -240 10357   300    60 -9999 -9999     0
2021 01 08 09  -163  -250 10386   310    80 -9999 -9999     0
2021 01 08 12  -172  -249 10399   300    40 -9999 -9999     0
2021 01 08 18  -163  -232 10358   310    40 -9999 -9999     0
2021 01 08 21  -179  -238 10377   280    20 -9999 -9999     0
2021 01 09 00  -186  -241 10391   150    10 -9999 -9999     0
2021 01 09 03  -108  -207 10362   290    20 -9999 -9999     0
2021 01 09 06   -80  -198 10334   280    40 -9999 -9999     0
2021 01 09 09  -116  -222 10357   280    30 -9999 -9999     0
2021 01 09 12  -141  -223 10385   310    90 -9999 -9999     0
2021 01 09 18  -155  -223 10366   310    50 -9999 -9999     0
2021 01 09 21  -162  -229 10371   320    10 -9999 -9999     0
2021 01 10 00  -172  -229 10393   240    10 -9999 -9999     0
2021 01 10 03  -119  -217 10388   270    20 -9999 -9999     0
2021 01 10 06  -103  -213 10362   250    20 -9999 -9999     0
2021 01 10 09  -117  -220 10372   270    30 -9999 -9999     0
2021 01 10 12  -148  -225 10394   240    20 -9999 -9999     0
2021 01 10 18  -167  -228 10357   300    10 -9999 -9999     0
2021 01 10 21  -178  -241 10354   280    20 -9999 -9999     0
2021 01 11 00  -184  -234 10360   240    30 -9999 -9999     0
2021 01 11 03  -141  -220 10345   290    60 -9999 -9999     0
2021 01 11 06  -112  -213 10302   280    70 -9999 -9999     0
2021 01 11 09  -118  -204 10287   270    30 -9999 -9999     0
2021 01 11 12  -124  -198 10276   260    20 -9999 -9999     0
2021 01 11 18  -131  -205 10202   210    20 -9999 -9999     0
2021 01 11 21  -135  -206 10180   270    30 -9999 -9999     0
2021 01 12 00  -142  -211 10171   280    40 -9999 -9999     0
2021 01 12 03   -85  -203 10149   280    70 -9999 -9999     0
2021 01 12 06   -62  -195 10118   280    50 -9999 -9999     0
2021 01 12 09   -56  -201 10114   280    50 -9999 -9999     0
2021 01 12 12   -55  -192 10129   290    80 -9999 -9999     0
2021 01 12 18   -81  -177 10151   300    50 -9999 -9999     0
2021 01 12 21   -97  -182 10173   300    40 -9999 -9999     0
2021 01 13 00  -128  -184 10193   280    20 -9999 -9999     0
2021 01 13 03   -83  -174 10190   270    10 -9999 -9999     0
2021 01 13 06   -35  -182 10160   280    50 -9999 -9999     0
2021 01 13 09   -50  -192 10181   260    20 -9999 -9999     0
2021 01 13 12   -71  -203 10202   240    20 -9999 -9999     0
2021 01 13 18   -91  -191 10162   150    20 -9999 -9999     0
2021 01 13 21  -114  -189 10150   190    10 -9999 -9999     0
2021 01 14 00   -76  -186 10134   150    30 -9999 -9999     0
2021 01 14 03   -16  -182 10128   280    40 -9999 -9999     0
2021 01 14 06    -4  -167 10119   280    60 -9999 -9999     0
2021 01 14 09   -22  -167 10160   290    40 -9999 -9999     0
2021 01 14 12   -62  -167 10192   300    30 -9999 -9999     0
2021 01 14 18   -98  -161 10220   300    20 -9999 -9999     0
2021 01 14 21  -129  -179 10256    60    10 -9999 -9999     0
2021 01 15 00  -156  -200 10303    80    10 -9999 -9999     0
2021 01 15 03  -116  -195 10318   360    20 -9999 -9999     0
2021 01 15 06  -108  -197 10317   320    30 -9999 -9999     0
2021 01 15 09  -123  -221 10348   260    10 -9999 -9999     0
2021 01 15 12  -154  -220 10387   240    10 -9999 -9999     0
2021 01 15 18  -187  -245 10386     0 -9999 -9999 -9999     0
2021 01 15 21  -188  -264 10393     0 -9999 -9999 -9999     0
2021 01 16 00  -209  -268 10420   220    10 -9999 -9999     0
2021 01 16 03  -139  -258 10418   320    20 -9999 -9999     0
2021 01 16 06  -122  -255 10406   320    90 -9999 -9999     0
2021 01 16 09  -141  -256 10430   290    40 -9999 -9999     0
2021 01 16 12  -148  -260 10443   300    90 -9999 -9999     0
2021 01 16 18  -153  -236 10377   280    40 -9999 -9999     0
2021 01 16 21  -160  -234 10358   250    30 -9999 -9999     0
2021 01 17 00  -180  -226 10341   270    40 -9999 -9999     0
2021 01 17 03  -126  -221 10311   280    50 -9999 -9999     0
2021 01 17 06   -89  -233 10265   280    70 -9999 -9999     0
2021 01 17 09   -87  -221 10268   290    60 -9999 -9999     0
2021 01 17 12  -101  -223 10283   290    40 -9999 -9999     0
2021 01 17 18  -101  -237 10247   270    40 -9999 -9999     0
2021 01 17 21   -81  -223 10240   310    80 -9999 -9999     0
2021 01 18 00  -122  -222 10283   170    20 -9999 -9999     0
2021 01 18 03   -52  -205 10268   270    20 -9999 -9999     0
2021 01 18 06   -23  -197 10229   270    30 -9999 -9999     0
2021 01 18 09   -31  -208 10222   220    20 -9999 -9999     0
2021 01 18 12   -78  -206 10260   200    20 -9999 -9999     0
2021 01 18 18   -98  -221 10227   150    20 -9999 -9999     0
2021 01 18 21  -107  -223 10229   190    10 -9999 -9999     0
2021 01 19 00  -154  -220 10270     0 -9999 -9999 -9999     0
2021 01 19 03   -50  -203 10239   100    10 -9999 -9999     0
2021 01 19 06    16  -178 10188   160    40 -9999 -9999     0
2021 01 19 09    10  -183 10193   190    30 -9999 -9999     0
2021 01 19 12   -42  -177 10239     0 -9999 -9999 -9999     0
2021 01 19 18  -114  -186 10212   210    20 -9999 -9999     0
2021 01 19 21  -127  -185 10224   240    10 -9999 -9999     0
2021 01 20 00  -148  -196 10261   150    10 -9999 -9999     0
2021 01 20 03   -44  -166 10264   320    10 -9999 -9999     0
2021 01 20 06    15  -179 10226   250    20 -9999 -9999     0
2021 01 20 09    -9  -171 10245   250    20 -9999 -9999     0
2021 01 20 12   -58  -178 10283   310    10 -9999 -9999     0
2021 01 20 18   -80  -189 10229   180    10 -9999 -9999     0
2021 01 20 21  -133  -188 10250   230    10 -9999 -9999     0
2021 01 21 00  -146  -194 10284   120    10 -9999 -9999     0
2021 01 21 03   -17  -174 10259   310    10 -9999 -9999     0
2021 01 21 06    17  -189 10225   280    50 -9999 -9999     0
2021 01 21 09     1  -171 10261   270    20 -9999 -9999     0
2021 01 21 12   -68  -170 10313   350    10 -9999 -9999     0
2021 01 21 18  -125  -181 10275   210    10 -9999 -9999     0
2021 01 21 21  -140  -186 10283   260    10 -9999 -9999     0
2021 01 22 00  -148  -187 10309     0 -9999 -9999 -9999     0
2021 01 22 03   -47  -157 10279   150    30 -9999 -9999     0
2021 01 22 06    12  -149 10231   160    30 -9999 -9999     0
2021 01 22 09    13  -161 10233   260    20 -9999 -9999     0
2021 01 22 12   -59  -165 10272   260    10 -9999 -9999     0
2021 01 22 18  -116  -176 10233     0 -9999 -9999 -9999     0
2021 01 22 21  -125  -179 10225     0 -9999 -9999 -9999     0
2021 01 23 00  -124  -174 10251     0 -9999 -9999 -9999     0
2021 01 23 03   -31  -151 10244    70    10 -9999 -9999     0
2021 01 23 06    34  -148 10205   270    30 -9999 -9999     0
2021 01 23 09    20  -142 10221   130    20 -9999 -9999     0
2021 01 23 12   -56  -146 10268   290    10 -9999 -9999     0
2021 01 23 18  -109  -160 10249   340    10 -9999 -9999     0
2021 01 23 21  -121  -164 10256   280    10 -9999 -9999     0
2021 01 24 00  -138  -174 10303     0 -9999 -9999 -9999     0
2021 01 24 03   -20  -138 10284   170    10 -9999 -9999     0
2021 01 24 06    34  -134 10247    80    20 -9999 -9999     0
2021 01 24 09     3  -130 10264   150    10 -9999 -9999     0
2021 01 24 12   -58  -136 10312   260    10 -9999 -9999     0
2021 01 24 18   -77  -131 10252   210    10 -9999 -9999     0
2021 01 24 21   -76  -134 10253   340    10 -9999 -9999     0
2021 01 25 00   -64  -131 10282   210    20 -9999 -9999     0
2021 01 25 03   -31  -113 10281   270    20 -9999 -9999     0
2021 01 25 06   -12  -137 10260   320    30 -9999 -9999     0
2021 01 25 09   -28  -128 10271   280    30 -9999 -9999     0
2021 01 25 12   -52   -83 10288   270    20 -9999 -9999     0
2021 01 25 18   -91  -189 10286   280    30 -9999 -9999     0
2021 01 25 21  -116  -188 10285   280    20 -9999 -9999     0
2021 01 26 00  -119  -195 10301   250    20 -9999 -9999     0
2021 01 26 03   -70  -206 10313   270    40 -9999 -9999     0
2021 01 26 06   -47  -200 10273   280    50 -9999 -9999     0
2021 01 26 09   -55  -189 10281   270    30 -9999 -9999     0
2021 01 26 12   -98  -192 10307   290    10 -9999 -9999     0
2021 01 26 18  -150  -198 10285   240    10 -9999 -9999     0
2021 01 26 21  -118  -174 10256   200    10 -9999 -9999     0
2021 01 27 00  -113  -168 10265   240    20 -9999 -9999     0
2021 01 27 03   -58  -164 10259   280    60 -9999 -9999     0
2021 01 27 06   -76  -128 10253   310    60 -9999 -9999 -9999
2021 01 27 09  -100  -178 10268   300    70 -9999 -9999     0
2021 01 27 12  -126  -202 10306   300    60 -9999 -9999     0
2021 01 27 18  -176  -226 10329   320    70 -9999 -9999 -9999
2021 01 27 21  -193  -285 10341   300    70 -9999 -9999     0
2021 01 28 00  -205  -287 10371   310    30 -9999 -9999     0
2021 01 28 03  -143  -278 10363   300    80 -9999 -9999     0
2021 01 28 06   -98  -257 10344   290    60 -9999 -9999     0
2021 01 28 09   -94  -242 10328   280    40 -9999 -9999     0
2021 01 28 12  -108  -236 10332   270    30 -9999 -9999     0
2021 01 28 18  -101  -209 10275   270    40 -9999 -9999     0
2021 01 28 21  -103  -205 10254   270    30 -9999 -9999     0
2021 01 29 00  -108  -187 10258   260    40 -9999 -9999     0
2021 01 29 03   -67  -172 10250   270    50 -9999 -9999     0
2021 01 29 06   -21  -162 10214   290    70 -9999 -9999     0
2021 01 29 09   -25  -162 10228   300    50 -9999 -9999     0
2021 01 29 12   -76  -162 10261   280    20 -9999 -9999     0
2021 01 29 18   -74  -170 10245   250    20 -9999 -9999     0
2021 01 29 21   -89  -174 10247   250    20 -9999 -9999     0
2021 01 30 00   -96  -167 10273   260    30 -9999 -9999     0
2021 01 30 03   -41  -160 10248   220    30 -9999 -9999     0
2021 01 30 06    -2  -161 10225   260    40 -9999 -9999     0
2021 01 30 09    -9  -155 10230   260    30 -9999 -9999     0
2021 01 30 12   -41  -160 10250   260    20 -9999 -9999     0
2021 01 30 18   -82  -154 10219   230    10 -9999 -9999     0
2021 01 30 21   -78  -159 10201   260    30 -9999 -9999     0
2021 01 31 00   -89  -165 10207   250    30 -9999 -9999     0
2021 01 31 03   -33  -156 10184   260    30 -9999 -9999     0
2021 01 31 06    -3  -166 10152   280    80 -9999 -9999     0
2021 01 31 09   -12  -166 10162   270    40 -9999 -9999     0
2021 01 31 12   -49   -95 10210   310    80 -9999 -9999 -9999
2021 01 31 18  -113  -162 10236   290    20 -9999 -9999     0
2021 01 31 21  -141  -192 10251   300    30 -9999 -9999     0
2021 02 01 00  -146  -216 10284   250    20 -9999 -9999     0
2021 02 01 03  -122  -228 10302   320    60 -9999 -9999     0
2021 02 01 06  -125  -248 10324   310    90 -9999 -9999     0
2021 02 01 09  -151  -299 10367   310    80 -9999 -9999     0
2021 02 01 12  -180  -289 10391   310    20 -9999 -9999     0
2021 02 01 18  -195  -289 10372   280    10 -9999 -9999     0
2021 02 01 21  -186  -306 10362   250    10 -9999 -9999     0
2021 02 02 00  -177  -286 10367   270    20 -9999 -9999     0
2021 02 02 03  -116  -261 10351   280    60 -9999 -9999     0
2021 02 02 06   -73  -249 10313   280    50 -9999 -9999     0
2021 02 02 09   -75  -242 10303   280    50 -9999 -9999     0
2021 02 02 12  -107  -253 10309   230    20 -9999 -9999     0
2021 02 02 18   -82  -235 10239   280    40 -9999 -9999     0
2021 02 02 21   -95  -235 10243   260    30 -9999 -9999     0
2021 02 03 00  -109  -234 10292   300    70 -9999 -9999     0
2021 02 03 03   -79  -228 10310   320    70 -9999 -9999     0
2021 02 03 06   -64  -219 10303   310    50 -9999 -9999     0
2021 02 03 09   -62  -206 10323   300    40 -9999 -9999     0
2021 02 03 12   -93  -196 10344   300    10 -9999 -9999     0
2021 02 03 18   -96  -196 10319   270    10 -9999 -9999     0
2021 02 03 21  -111  -202 10308   220    20 -9999 -9999     0
2021 02 04 00   -97  -202 10309   280    30 -9999 -9999     0
2021 02 04 03   -36  -208 10300   230    40 -9999 -9999     0
2021 02 04 06     9  -208 10247   250    40 -9999 -9999     0
2021 02 04 09     1  -202 10240   270    20 -9999 -9999     0
2021 02 04 12   -39  -197 10250   230    30 -9999 -9999     0
2021 02 04 18   -64  -181 10208   230    10 -9999 -9999     0
2021 02 04 21   -59  -162 10195   230    30 -9999 -9999     0
2021 02 05 00   -77  -168 10210   240    30 -9999 -9999     0
2021 02 05 03    -8  -137 10178   240    50 -9999 -9999     0
2021 02 05 06    26  -128 10152   280    60 -9999 -9999     0
2021 02 05 09    19  -123 10154   290    50 -9999 -9999     0
2021 02 05 12   -28  -128 10188   270    10 -9999 -9999     0
2021 02 05 18   -31  -131 10161   280    30 -9999 -9999     0
2021 02 05 21   -52  -140 10160   260    20 -9999 -9999     0
2021 02 06 00   -51  -134 10185   270    30 -9999 -9999     0
2021 02 06 03     7  -130 10173   260    30 -9999 -9999     0
2021 02 06 06    39  -143 10158   280    60 -9999 -9999     0
2021 02 06 09     3  -111 10205   320    30 -9999 -9999     0
2021 02 06 12   -61  -105 10265   110    20 -9999 -9999     0
2021 02 06 18  -105  -146 10289   320    20 -9999 -9999     0
2021 02 06 21  -135  -168 10315   290    10 -9999 -9999     0
2021 02 07 00  -152  -180 10364   350    10 -9999 -9999     0
2021 02 07 03   -71  -170 10355   340    10 -9999 -9999     0
2021 02 07 06   -40  -216 10348   310    30 -9999 -9999     0
2021 02 07 09   -40  -198 10358   320    40 -9999 -9999     0
2021 02 07 12   -88  -191 10393   290    20 -9999 -9999     0
2021 02 07 18  -139  -202 10373     0 -9999 -9999 -9999     0
2021 02 07 21  -147  -200 10373   310    10 -9999 -9999     0
2021 02 08 00  -150  -198 10394     0 -9999 -9999 -9999     0
2021 02 08 03   -44  -179 10360   150    20 -9999 -9999     0
2021 02 08 06   -16  -169 10338   160    30 -9999 -9999     0
2021 02 08 09     8  -175 10319   140    20 -9999 -9999     0
2021 02 08 12   -44  -183 10348   270    20 -9999 -9999     0
2021 02 08 18  -107  -180 10305   240    10 -9999 -9999     0
2021 02 08 21  -126  -186 10287   230    10 -9999 -9999     0
2021 02 09 00  -131  -179 10304     0 -9999 -9999 -9999     0
2021 02 09 03    -6  -149 10269   100    10 -9999 -9999     0
2021 02 09 06    44  -149 10236   110    20 -9999 -9999     0
2021 02 09 12   -32  -158 10294   290    20 -9999 -9999     0
2021 02 09 18   -61  -156 10238   220    10 -9999 -9999     0
2021 02 09 21  -104  -161 10258   220    10 -9999 -9999     0
2021 02 10 00  -116  -167 10299   250    10 -9999 -9999     0
2021 02 10 03    16  -141 10250   200    30 -9999 -9999     0
2021 02 10 06    81  -155 10216   240    40 -9999 -9999     0
2021 02 10 09    73  -162 10218   220    30 -9999 -9999     0
2021 02 11 00    18  -143 10185   230    30 -9999 -9999     0
2021 02 13 12     2  -135 10216   240    10 -9999 -9999     0
2021 02 13 18   -32  -117 10176    40    10 -9999 -9999     0
2021 02 13 21   -54  -117 10173     0 -9999 -9999 -9999     0
2021 02 14 00   -59   -98 10209   300    20 -9999 -9999     0
2021 02 14 03   -55  -120 10230    50    30 -9999 -9999 -9999
2021 02 14 06   -66  -148 10239    80    20 -9999 -9999     0
2021 02 14 09   -91  -176 10275   220    20 -9999 -9999     0
2021 02 14 12  -132  -191 10314   330    20 -9999 -9999 -9999
2021 02 14 18  -134  -223 10304   290    30 -9999 -9999     0
2021 02 14 21  -130  -217 10291   260    30 -9999 -9999     0
2021 02 15 00  -138  -213 10299   260    30 -9999 -9999     0
2021 02 15 03   -67  -200 10246   280    60 -9999 -9999     0
2021 02 15 06   -20  -185 10197   280    60 -9999 -9999     0
2021 02 15 09   -30   -93 10199   310    70 -9999 -9999 -9999
2021 02 15 12   -72  -121 10246   310    50 -9999 -9999 -9999
2021 02 15 18  -136  -225 10256   300    60 -9999 -9999     0
2021 02 15 21  -156  -218 10282   320    50 -9999 -9999     0
2021 02 16 00  -162  -238 10315   320    60 -9999 -9999     0
2021 02 16 03  -131  -250 10321   320    60 -9999 -9999     0
2021 02 16 06  -103  -246 10325   320    60 -9999 -9999     0
2021 02 16 09  -113  -194 10342   320    50 -9999 -9999     0
2021 02 16 12  -137  -194 10363   350    10 -9999 -9999     0
2021 02 16 18  -170  -205 10367   350    10 -9999 -9999     0
2021 02 16 21  -182  -217 10376   210    10 -9999 -9999     0
2021 02 17 00  -171  -208 10398   150    20 -9999 -9999     0
2021 02 17 03   -81  -251 10382   300    20 -9999 -9999     0
2021 02 17 06   -16  -144 10345   310    30 -9999 -9999     0
2021 02 17 09    -9  -134 10345   330    30 -9999 -9999     0
2021 02 17 12   -62  -141 10369   119     5 -9999 -9999 -9999
2021 02 17 18  -112  -161 10329   230    10 -9999 -9999     0
2021 02 17 21  -110  -163 10317    60    10 -9999 -9999     0
2021 02 18 00  -112  -154 10333    40    10 -9999 -9999     0
2021 02 18 03    28  -139 10286   280    40 -9999 -9999     0
2021 02 18 06    68  -152 10250   280    50 -9999 -9999     0
2021 02 18 09    63  -156 10239   280    50 -9999 -9999     0
2021 02 18 12    18  -148 10248   280    50 -9999 -9999     0
2021 02 18 18     4  -148 10166   280    40 -9999 -9999     0
2021 02 18 21     9  -164 10140   280    70 -9999 -9999     0
2021 02 19 00    -4  -159 10151   250    40 -9999 -9999     0
2021 02 19 03    71  -163 10119   300    90 -9999 -9999     0
2021 02 19 06    90  -128 10119   310    90 -9999 -9999     0
2021 02 19 09    82  -128 10125   310    70 -9999 -9999     0
2021 02 20 18    65  -183 10044   278    49 -9999 -9999 -9999
2021 02 20 21    57  -168 10044   289    47 -9999 -9999 -9999
2021 02 21 00    47  -141 10084   263    22 -9999 -9999 -9999
2021 02 21 03   106  -121 10088   285    39 -9999 -9999 -9999
2021 02 21 06   122  -107 10078   316    76 -9999 -9999 -9999
2021 02 21 12    31   -77 10166   314    27 -9999 -9999 -9999
2021 02 21 18   -32   -71 10216   314    23 -9999 -9999 -9999
2021 02 21 21   -56   -87 10241    70    10 -9999 -9999     0
2021 02 22 00   -57   -95 10288   279     6 -9999 -9999 -9999
2021 02 22 03   -17  -126 10299   300    10 -9999 -9999     0
2021 02 22 06    25  -146 10267   140    20 -9999 -9999     0
2021 02 22 09    24  -161 10261    70    30 -9999 -9999     0
2021 02 22 12   -25  -181 10297    60    30 -9999 -9999     0
2021 02 22 18   -37  -160 10257   110    20 -9999 -9999     0
2021 02 22 21   -50  -154 10256   100    10 -9999 -9999     0
2021 02 23 00   -61  -151 10276   270    10 -9999 -9999     0
2021 02 23 03    -7  -146 10259   140    10 -9999 -9999     0
2021 02 23 06    27  -136 10218   130    20 -9999 -9999     0
2021 02 23 09    28  -119 10210   150    30 -9999 -9999     0
2021 02 23 12   -16  -114 10236   210    10 -9999 -9999     0
2021 02 23 18   -75  -122 10234     0 -9999 -9999 -9999     0
2021 02 23 21   -89  -124 10227   180    10 -9999 -9999     0
2021 02 24 00   -88  -121 10253     0 -9999 -9999 -9999     0
2021 02 24 03    17   -95 10230   120    20 -9999 -9999     0
2021 02 24 06    76  -159 10193   130    20 -9999 -9999     0
2021 02 24 09    75  -153 10193   150    20 -9999 -9999     0
2021 02 24 12     4  -123 10234   310    10 -9999 -9999     0
2021 02 24 18   -37  -121 10219     0 -9999 -9999 -9999     0
2021 02 24 21    -8  -179 10219   320    20 -9999 -9999     0
2021 02 25 00   -24  -193 10256    90    10 -9999 -9999     0
2021 02 25 03    48  -205 10251    70    20 -9999 -9999     0
2021 02 25 06    69  -216 10237    70    20 -9999 -9999     0
2021 02 25 09    63  -220 10228    50    20 -9999 -9999     0
2021 02 25 12   -10  -190 10270   250    10 -9999 -9999     0
2021 02 25 18   -65  -194 10253   250    10 -9999 -9999     0
2021 02 25 21   -86  -179 10252   240    10 -9999 -9999     0
2021 02 26 00   -89  -177 10286   300    10 -9999 -9999     0
2021 02 26 03    32  -159 10252   150    40 -9999 -9999     0
2021 02 26 06    74  -161 10213   180    50 -9999 -9999     0
2021 02 26 09    62  -178 10207   180    40 -9999 -9999     0
2021 02 26 12    25  -160 10224   180    40 -9999 -9999     0
2021 02 26 18   -18  -149 10184   200    30 -9999 -9999     0
2021 02 26 21   -29  -146 10175   210    40 -9999 -9999     0
2021 02 27 00   -26  -135 10188   160    20 -9999 -9999     0
2021 02 27 03    22   -88 10185   210    50 -9999 -9999     0
2021 02 27 06    38   -68 10178   240    40 -9999 -9999     0
2021 02 27 09    50   -59 10169   240    30 -9999 -9999     0
2021 02 27 12    17   -36 10194   300    10 -9999 -9999     0
2021 02 27 18   -19   -27 10209   296     7 -9999 -9999    20
2021 02 27 21   -37   -62 10211   240    10 -9999 -9999    20
2021 02 28 00   -45   -67 10246   265     4 -9999 -9999 -9999
2021 02 28 03   -36   -76 10272    50    20 -9999 -9999 -9999
2021 02 28 06   -38   -77 10264    40    40 -9999 -9999     0
2021 02 28 09   -50   -91 10277    60    30 -9999 -9999     0
2021 02 28 12   -60   -90 10310    60    20 -9999 -9999     0
2021 02 28 18   -77  -104 10329   230    10 -9999 -9999     0
2021 02 28 21   -93  -124 10333   310    10 -9999 -9999     0
2021 03 01 00   -97  -130 10339   280    10 -9999 -9999     0
2021 03 01 03   -40  -139 10319   300    20 -9999 -9999     0
2021 03 01 06    -6  -119 10279   250    30 -9999 -9999     0
2021 03 01 09   -14  -129 10274   300    60 -9999 -9999    10
2021 03 01 12   -47  -143 10305   310    30 -9999 -9999    10
2021 03 01 18   -54  -135 10274   290    30 -9999 -9999     0
2021 03 01 21   -67  -145 10269   210    20 -9999 -9999     0
2021 03 02 00   -55  -114 10279   230    50 -9999 -9999     0
2021 03 02 03     3   -84 10269   270    40 -9999 -9999     0
2021 03 02 06    42   -82 10221   260    50 -9999 -9999     0
2021 03 02 09    48  -101 10207   260    40 -9999 -9999     0
2021 03 02 12    11   -69 10218   227    28 -9999 -9999 -9999
2021 03 02 18   -15   -72 10194   240    20 -9999 -9999     0
2021 03 02 21   -32   -70 10183   240    20 -9999 -9999     0
2021 03 03 00   -12   -71 10189   260    30 -9999 -9999     0
2021 03 03 03    45   -86 10165   270    50 -9999 -9999     0
2021 03 03 06    76  -107 10149   260    40 -9999 -9999     0
2021 03 03 09    74  -109 10146   250    30 -9999 -9999     0
2021 03 03 12    41  -104 10158   260    30 -9999 -9999     0
2021 03 03 18     3  -105 10149   260    20 -9999 -9999     0
2021 03 03 21    -8   -97 10146   270    20 -9999 -9999     0
2021 03 04 00     4  -101 10165   280    30 -9999 -9999     0
2021 03 04 03    66  -106 10168   260    40 -9999 -9999     0
2021 03 04 06   102  -131 10134   260    40 -9999 -9999     0
2021 03 04 09    96  -150 10141   280    50 -9999 -9999     0
2021 03 04 12    39  -134 10169   270    20 -9999 -9999     0
2021 03 04 18   -12  -125 10161   100    10 -9999 -9999     0
2021 03 04 21   -31   -71 10191   300    10 -9999 -9999     0
2021 03 05 00   -32   -58 10245   200    20 -9999 -9999     0
2021 03 05 03   -22   -69 10273    40    40 -9999 -9999     0
2021 03 05 06     2   -98 10273    53    27 -9999 -9999 -9999
2021 03 05 09    -5  -160 10294    70    50 -9999 -9999     0
2021 03 05 12   -56  -204 10340    60    30 -9999 -9999     0
2021 03 05 18  -102  -171 10362    47    13 -9999 -9999 -9999
2021 03 05 21  -116  -170 10365    60    20 -9999 -9999     0
2021 03 06 00  -116  -170 10391   140    10 -9999 -9999     0
2021 03 06 03   -38  -205 10372   120    20 -9999 -9999     0
2021 03 06 06    11  -163 10330   130    20 -9999 -9999     0
2021 03 06 09    24  -177 10316    60    20 -9999 -9999     0
2021 03 06 12   -24  -148 10341   231     7 -9999 -9999 -9999
2021 03 06 18   -91  -154 10314   220    10 -9999 -9999     0
2021 03 06 21  -101  -158 10301   270    10 -9999 -9999     0
2021 03 07 00   -83  -143 10316     0 -9999 -9999 -9999     0
2021 03 07 03    11  -116 10293   110    20 -9999 -9999     0
2021 03 07 06    62   -93 10257   150    20 -9999 -9999     0
2021 03 07 09    71  -156 10248   280    30 -9999 -9999     0
2021 03 07 12    35  -133 10269   260    20 -9999 -9999     0
2021 03 07 18   -38  -127 10243   240    10 -9999 -9999     0
2021 03 07 21   -55  -122 10235   260    10 -9999 -9999     0
2021 03 08 00   -29  -111 10249     0 -9999 -9999 -9999     0
2021 03 08 03    52   -22 10242   270    30 -9999 -9999     0
2021 03 08 06    96   -20 10211   260    30 -9999 -9999     0
2021 03 08 09    92   -30 10213   280    30 -9999 -9999     0
2021 03 08 12    29   -32 10244     0 -9999 -9999 -9999     0
2021 03 08 18   -26   -45 10234   300    10 -9999 -9999     0
2021 03 08 21   -45   -65 10244     0 -9999 -9999 -9999     0
2021 03 09 00   -45   -59 10282     0 -9999 -9999 -9999     0
2021 03 09 03    80   -26 10260   110    20 -9999 -9999     0
2021 03 09 06   108   -84 10239   160    30 -9999 -9999     0
2021 03 09 09   105   -82 10240   230    40 -9999 -9999     0
2021 03 09 12    50   -62 10267   198    16 -9999 -9999 -9999
2021 03 09 18   -10   -67 10234     0 -9999 -9999 -9999     0
2021 03 09 21    33   -56 10215   250    20 -9999 -9999     0
2021 03 10 00    27   -54 10246    70    10 -9999 -9999     0
2021 03 10 03    93   -26 10221   260    30 -9999 -9999     0
2021 03 10 06   112   -26 10215   240    30 -9999 -9999     0
2021 03 10 09   117   -40 10189   230    40 -9999 -9999     0
2021 03 10 12    64   -44 10215   160    20 -9999 -9999     0
2021 03 10 18     7   -55 10211     0 -9999 -9999 -9999     0
2021 03 10 21   -18   -65 10209   200    10 -9999 -9999     0
2021 03 11 00   -11   -57 10235   270    10 -9999 -9999     0
2021 03 11 03    88    -8 10210   230    30 -9999 -9999     0
2021 03 11 06   131    -9 10181   260    40 -9999 -9999     0
2021 03 11 09   114   -28 10189   280    30 -9999 -9999     0
2021 03 11 12    69   -25 10226    90    10 -9999 -9999     0
2021 03 11 18    19    -7 10200   290    10 -9999 -9999     0
2021 03 11 21    23    10 10196   250    20 -9999 -9999    10
2021 03 12 00    25    12 10222   250    10 -9999 -9999    20
2021 03 12 03    30    15 10240   250    10 -9999 -9999    10
2021 03 12 06    92     1 10208   200    20 -9999 -9999     5
2021 03 12 09    85    -5 10213   220    20 -9999 -9999     0
2021 03 12 12    43   -63 10252   310    10 -9999 -9999     0
2021 03 12 18   -34   -83 10255   250    10 -9999 -9999     0
2021 03 12 21   -56   -83 10253   220    10 -9999 -9999     0
2021 03 13 00   -40   -74 10264     0 -9999 -9999 -9999     0
2021 03 13 03    65   -68 10232   120    30 -9999 -9999     0
2021 03 13 06    98   -32 10203   140    30 -9999 -9999     0
2021 03 13 09   107   -41 10186   210    20 -9999 -9999     0
2021 03 13 12    55   -36 10189   170    10 -9999 -9999     0
2021 03 13 18   -16   -44 10148   230    10 -9999 -9999     0
2021 03 13 21   -14   -36 10124   240    10 -9999 -9999     0
2021 03 14 00    -1   -31 10128     0 -9999 -9999 -9999     0
2021 03 14 03    73     1 10109   190    30 -9999 -9999     0
2021 03 14 06   132    27 10064   230    60 -9999 -9999     0
2021 03 14 09   136    34 10046   220    40 -9999 -9999     0
2021 03 14 12    85    33 10072   180    20 -9999 -9999     0
2021 03 14 18    10  -183 10124   310    60 -9999 -9999     0
2021 03 14 21   -55  -244 10165   320    30 -9999 -9999     0
2021 03 15 00   -77  -243 10220   320    30 -9999 -9999     0
2021 03 15 03   -45  -241 10225    60    20 -9999 -9999     0
2021 03 15 06    -8  -258 10237   290    30 -9999 -9999     0
2021 03 15 09    -9  -243 10268   280    20 -9999 -9999     0
2021 03 15 12   -43  -229 10309   290    10 -9999 -9999     0
2021 03 15 18   -82  -216 10305   120    10 -9999 -9999     0
2021 03 15 21  -103  -195 10298     0 -9999 -9999 -9999     0
2021 03 16 00   -81  -199 10302   320    10 -9999 -9999     0
2021 03 16 03     2  -227 10269   130    10 -9999 -9999     0
2021 03 16 06    25  -194 10235   190    20 -9999 -9999     0
2021 03 16 09    32   -91 10226   240    20 -9999 -9999 -9999
2021 03 16 12    26   -51 10237   270    20 -9999 -9999     0
2021 03 16 18   -29   -82 10228   240    10 -9999 -9999     0
2021 03 16 21   -44   -89 10232   190    10 -9999 -9999     0
2021 03 17 00   -41  -105 10246     0 -9999 -9999 -9999     0
2021 03 17 03    34  -201 10227    70    20 -9999 -9999     0
2021 03 17 06    60  -204 10213   100    30 -9999 -9999     0
2021 03 17 09    48  -136 10214   130    30 -9999 -9999     0
2021 03 17 12    20   -37 10228   144    26 -9999 -9999 -9999
2021 03 17 18    -7   -14 10202   140    10 -9999 -9999     9
2021 03 17 21    -8   -19 10193   170    10 -9999 -9999     0
2021 03 18 00   -11   -18 10222   160    20 -9999 -9999 -9999
2021 03 18 03     6   -10 10228   180    20 -9999 -9999     0
2021 03 18 06    17    -1 10208   150    30 -9999 -9999     0
2021 03 18 12     6    -4 10225   160    30 -9999 -9999     0
2021 03 18 18    10     1 10219   310    10 -9999 -9999     0
2021 03 18 21     3    -4 10216     0 -9999 -9999 -9999     0
2021 03 19 00     3    -3 10220    40    10 -9999 -9999     0
2021 03 19 03    17    -5 10203    50    10 -9999 -9999     0
2021 03 19 06    28   -14 10193    50    10 -9999 -9999     0
2021 03 19 09     5   -16 10202    50    20 -9999 -9999     4
2021 03 19 12     5   -86 10224   322    23 -9999 -9999     8
2021 03 19 18   -21   -86 10222   180    10 -9999 -9999     0
2021 03 19 21   -51  -117 10241   330    20 -9999 -9999     0
2021 03 20 00   -40  -129 10248   290    60 -9999 -9999     0
2021 03 20 03   -25  -142 10257   290   100 -9999 -9999     0
2021 03 20 06   -25  -152 10258   310    90 -9999 -9999     0
2021 03 20 09   -48  -100 10290   320    60 -9999 -9999 -9999
2021 03 20 12   -67  -113 10317   312    30 -9999 -9999     5
2021 03 20 18   -89  -150 10328   300    60 -9999 -9999     4
2021 03 20 21   -94  -166 10332   310    40 -9999 -9999     1
2021 03 21 00   -70  -164 10342   290    50 -9999 -9999     0
2021 03 21 03   -30  -147 10339   310    80 -9999 -9999     0
2021 03 21 06    16  -184 10301   300    90 -9999 -9999     0
2021 03 21 09    31  -211 10287   300    80 -9999 -9999     0
2021 03 21 12    -6  -135 10301   290    40 -9999 -9999     0
2021 03 21 18   -13  -171 10274   290    50 -9999 -9999     0
2021 03 21 21   -17  -178 10256   280    40 -9999 -9999     0
2021 03 22 00    -2  -170 10271   276    50 -9999 -9999 -9999
2021 03 22 03    48  -175 10257   290    70 -9999 -9999     0
2021 03 22 06    81  -170 10217   257    48 -9999 -9999 -9999
2021 03 22 09    84  -176 10201   280    40 -9999 -9999     0
2021 03 22 12    43  -140 10211   260    30 -9999 -9999     0
2021 03 22 18    18  -113 10168   270    30 -9999 -9999     0
2021 03 22 21    12  -109 10154   240    30 -9999 -9999     0
2021 03 23 00    27   -95 10159   260    40 -9999 -9999     0
2021 03 23 03    85   -99 10144   270    60 -9999 -9999     0
2021 03 23 06   134  -127 10108   260    60 -9999 -9999     0
2021 03 23 09   139  -100 10105   250    40 -9999 -9999     0
2021 03 23 12    67   -92 10142   290    20 -9999 -9999     0
2021 03 23 18    16  -158 10167   190    10 -9999 -9999     0
2021 03 23 21   -24  -124 10190     0 -9999 -9999 -9999     0
2021 03 24 00     7  -110 10221   310    10 -9999 -9999     0
2021 03 24 03    90  -116 10213   140    20 -9999 -9999     0
2021 03 24 06   118  -148 10192   210    30 -9999 -9999     0
2021 03 24 09   127  -133 10186   210    30 -9999 -9999     0
2021 03 24 12    91  -147 10197   250    30 -9999 -9999     0
2021 03 24 18   -13  -123 10201   260    10 -9999 -9999     0
2021 03 24 21   -36  -123 10203   240    10 -9999 -9999     0
2021 03 25 00     0   -97 10210     0 -9999 -9999 -9999     0
2021 03 25 03   107   -90 10183   160    40 -9999 -9999     0
2021 03 25 06   157   -79 10154   220    40 -9999 -9999     0
2021 03 25 09   157   -54 10139   190    20 -9999 -9999     0
2021 03 25 12   125  -105 10141   200    30 -9999 -9999     0
2021 03 25 18    73    14 10126   270    40 -9999 -9999 -9999
2021 03 25 21    55    28 10116   230    20 -9999 -9999     1
2021 03 26 00    55    30 10127   210    20 -9999 -9999     2
2021 03 26 03    94    23 10116   230    20 -9999 -9999     1
2021 03 26 06   131   -45 10097   310    40 -9999 -9999     0
2021 03 26 09   136 -9999 10091   330    40 -9999 -9999     0
2021 03 26 12    80    -5 10123   280    20 -9999 -9999     0
2021 03 26 18    29     0 10110   330    10 -9999 -9999     0
2021 03 26 21    -9   -23 10099   240    10 -9999 -9999     0
2021 03 27 00    49    -7 10101   260    20 -9999 -9999     0
2021 03 27 03   129   -83 10071   270    60 -9999 -9999     0
2021 03 27 06   158  -146 10038   250    70 -9999 -9999     0
2021 03 27 09   156  -137 10034   280    60 -9999 -9999     0
2021 03 27 12   122  -107 10025   250    20 -9999 -9999     0
2021 03 27 18    14  -124 10072   300    60 -9999 -9999     0
2021 03 27 21   -13  -135 10077   290    40 -9999 -9999     0
2021 03 28 00   -19  -134 10111   320    70 -9999 -9999     0
2021 03 28 03    25  -176 10129   320    80 -9999 -9999     0
2021 03 28 06    49  -188 10127   320    90 -9999 -9999     0
2021 03 28 09    53  -165 10131   320    80 -9999 -9999     0
2021 03 28 12    23  -152 10160   310    40 -9999 -9999     0
2021 03 28 18   -13  -159 10164   290    10 -9999 -9999     0
2021 03 28 21   -41  -143 10152   310    10 -9999 -9999     0
2021 03 29 00     2  -131 10151   280    10 -9999 -9999     0
2021 03 29 03    56  -162 10141   290    10 -9999 -9999     0
2021 03 29 06    84  -160 10117   140    30 -9999 -9999     0
2021 03 29 09    98  -164 10105   150    20 -9999 -9999     0
2021 03 29 12    45  -124 10124   160    10 -9999 -9999     0
2021 03 29 18   -17  -113 10128   230    10 -9999 -9999     0
2021 03 29 21   -23  -103 10119   230    10 -9999 -9999     0
2021 03 30 00    -1   -90 10137     0 -9999 -9999 -9999     0
2021 03 30 03   116   -68 10101   230    40 -9999 -9999     0
2021 03 30 06   152    -9 10082   241    50 -9999 -9999 -9999
2021 03 30 09   154   -68 10074   250    30 -9999 -9999     0
2021 03 30 12   105  -109 10127   310    40 -9999 -9999     0
2021 03 30 18    45  -104 10125   290    10 -9999 -9999     0
2021 03 30 21    11  -104 10138   280    10 -9999 -9999     0
2021 03 31 00    44   -83 10162    50    10 -9999 -9999     0
2021 03 31 03   111   -92 10159    90    30 -9999 -9999     0
2021 03 31 06   116  -119 10149   120    30 -9999 -9999     0
2021 03 31 09   111  -110 10142    90    30 -9999 -9999     0
2021 03 31 12    88  -107 10153    60    10 -9999 -9999     0
2021 03 31 18    77   -79 10132   120    20 -9999 -9999     0
2021 03 31 21    71   -53 10137   200    10 -9999 -9999     0
2021 04 01 00    78   -14 10153   210    30 -9999 -9999     0
2021 04 01 03    90   -23 10156   170    30 -9999 -9999     0
2021 04 01 06    54    36 10164   180    30 -9999 -9999    10
2021 04 01 09    36    23 10167   170    40 -9999 -9999    40
2021 04 01 12    27    15 10179   200    20 -9999 -9999    30
2021 04 01 18    24    12 10202   250    10 -9999 -9999     0
2021 04 01 21     5    -2 10217   230    10 -9999 -9999     0
2021 04 02 00    12     3 10237    50    10 -9999 -9999     0
2021 04 02 03    84   -14 10229   120    20 -9999 -9999     0
2021 04 02 06    93   -58 10220   110    30 -9999 -9999     0
2021 04 02 09    63   -66 10249    70    30 -9999 -9999     0
2021 04 02 12    32   -52 10278    40    20 -9999 -9999     0
2021 04 02 18   -13   -46 10291   210    10 -9999 -9999     0
2021 04 02 21   -33   -64 10309    80    10 -9999 -9999     0
2021 04 03 00    -8   -60 10331    60    30 -9999 -9999     0
2021 04 03 03    28  -111 10325    60    40 -9999 -9999     0
2021 04 03 06    57  -168 10300    70    30 -9999 -9999     0
2021 04 03 09    63  -201 10294    70    40 -9999 -9999     0
2021 04 03 12    30  -204 10304    80    20 -9999 -9999     0
2021 04 03 18   -32  -162 10314     0 -9999 -9999 -9999     0
2021 04 03 21   -45  -155 10306   302     9 -9999 -9999 -9999
2021 04 04 00   -14  -145 10319   300    10 -9999 -9999     0
2021 04 04 03    58  -181 10301   170    20 -9999 -9999     0
2021 04 04 06   103  -212 10259   180    20 -9999 -9999     0
2021 04 04 09   111  -206 10240   240    30 -9999 -9999     0
2021 04 04 12    61  -171 10254   200    10 -9999 -9999     0
2021 04 04 18    -4  -136 10242   200    10 -9999 -9999     0
2021 04 04 21    -9  -128 10224   260    10 -9999 -9999     0
2021 04 05 00    15  -106 10236    70    10 -9999 -9999     0
2021 04 05 03    98   -53 10202   250    10 -9999 -9999     0
2021 04 05 06   100   -51 10187   150    30 -9999 -9999     0
2021 04 05 09    61    10 10201   270    30 -9999 -9999     0
2021 04 05 12    39     8 10222   240    10 -9999 -9999     0
2021 04 05 18    -6   -19 10229   260    10 -9999 -9999     0
2021 04 05 21   -24   -35 10250   270    10 -9999 -9999     0
2021 04 06 00    14     1 10268     0 -9999 -9999 -9999     0
2021 04 06 03    96   -27 10254    60    20 -9999 -9999     0
2021 04 06 06   115   -46 10249   300    20 -9999 -9999     0
2021 04 06 09   108   -44 10250   280    20 -9999 -9999     0
2021 04 06 12    66   -25 10268   290    20 -9999 -9999     0
2021 04 06 18    -6   -56 10271     0 -9999 -9999 -9999     0
2021 04 06 21   -22   -75 10272     0 -9999 -9999 -9999     0
2021 04 07 00    39   -64 10282    70    10 -9999 -9999     0
2021 04 07 03   100  -113 10275   100    20 -9999 -9999     0
2021 04 07 06   130  -115 10247   140    10 -9999 -9999     0
2021 04 07 09   129  -116 10226   130    20 -9999 -9999     0
2021 04 07 12    89  -106 10223   200    10 -9999 -9999     0
2021 04 07 18    21   -86 10215    50    10 -9999 -9999     0
2021 04 07 21    -6   -85 10219   250    10 -9999 -9999     0
2021 04 08 00    42   -76 10231   290    10 -9999 -9999     0
2021 04 08 03   137  -125 10211    30    20 -9999 -9999     0
2021 04 08 06   152  -151 10187   290    30 -9999 -9999     0
2021 04 08 09   156  -127 10180   240    40 -9999 -9999     0
2021 04 08 12   104  -136 10196   310    10 -9999 -9999     0
2021 04 08 18    48  -101 10188   330    10 -9999 -9999     0
2021 04 08 21    47   -24 10185   270    20 -9999 -9999     0
2021 04 09 00    59   -60 10215    30    10 -9999 -9999     0
2021 04 09 06   159  -135 10179   240    20 -9999 -9999     0
2021 04 09 09   162  -155 10167   200    20 -9999 -9999     0
2021 04 09 12   118   -39 10193   230    20 -9999 -9999     0
2021 04 09 18    62    13 10197   230    30 -9999 -9999     0
2021 04 09 21    42    11 10201   160    20 -9999 -9999     0
2021 04 10 00    64    17 10213   150    20 -9999 -9999     0
2021 04 10 03   110    10 10206   250    30 -9999 -9999     0
2021 04 10 06   136     3 10179   240    50 -9999 -9999     0
2021 04 10 09   137   -15 10172   240    50 -9999 -9999     0
2021 04 10 12   108    -6 10187   220    20 -9999 -9999     0
2021 04 10 18   101    -4 10177   230    30 -9999 -9999     0
2021 04 10 21    90    17 10177   240    20 -9999 -9999     0
2021 04 11 00    85    25 10192   250    30 -9999 -9999     0
2021 04 11 03    99    36 10191   240    40 -9999 -9999     0
2021 04 11 06   105    28 10173   200    50 -9999 -9999     0
2021 04 11 09   100    33 10160   220    50 -9999 -9999     0
2021 04 11 12    74    29 10175   200    20 -9999 -9999     0
2021 04 11 18    69    39 10163   250    20 -9999 -9999     0
2021 04 11 21    41    -7 10177   260    20 -9999 -9999     0
2021 04 12 00    10   -35 10210   320    50 -9999 -9999     1
2021 04 12 03    -3   -55 10245   300    40 -9999 -9999     1
2021 04 12 06    -3   -73 10253   320    50 -9999 -9999     0
2021 04 12 09     6  -100 10251   310    30 -9999 -9999     0
2021 04 12 12   -27   -90 10291   320    10 -9999 -9999     0
2021 04 12 18   -66  -151 10309   290    40 -9999 -9999     1
2021 04 12 21   -80  -178 10303   310    20 -9999 -9999     0
2021 04 13 00   -36  -213 10294   290    40 -9999 -9999     0
2021 04 13 03    17  -201 10277   310    50 -9999 -9999     0
2021 04 13 06    51  -173 10255   300    60 -9999 -9999     0
2021 04 13 09    50  -161 10249   310    80 -9999 -9999     0
2021 04 13 12    29  -143 10238   270    30 -9999 -9999     0
2021 04 13 18     2  -112 10215   270    30 -9999 -9999     0
2021 04 13 21    -1  -115 10206   270    30 -9999 -9999     0
2021 04 14 00    30  -110 10204   270    40 -9999 -9999     0
2021 04 14 03    92  -132 10185   280    60 -9999 -9999     0
2021 04 14 06   131  -130 10145   250    50 -9999 -9999     0
2021 04 14 09   125  -119 10121   250    40 -9999 -9999     0
2021 04 14 12    80   -99 10120   240    20 -9999 -9999     0
2021 04 14 18    19   -97 10088   240    10 -9999 -9999     0
2021 04 14 21    31   -92 10063   150    30 -9999 -9999     0
2021 04 15 00    61   -25 10054   270    50 -9999 -9999     0
2021 04 15 03    40   -37 10074   300   110 -9999 -9999     0
2021 04 15 06    38  -103 10122   300   120 -9999 -9999     0
2021 04 15 09    13   -70 10151   310   100 -9999 -9999     0
2021 04 15 12    11  -167 10156   310    60 -9999 -9999     0
2021 04 15 18   -13  -167 10163   280    20 -9999 -9999     0
2021 04 15 21    -6   -78 10158   280    50 -9999 -9999     0
2021 04 16 00     8  -116 10173   310    40 -9999 -9999     0
2021 04 16 03    16  -145 10204   320   100 -9999 -9999 -9999
2021 04 16 06    32  -210 10209   330    80 -9999 -9999     0
2021 04 16 09    24  -166 10225   320   100 -9999 -9999     0
2021 04 16 12   -20   -73 10260   310    30 -9999 -9999 -9999
2021 04 16 18   -46  -120 10263   290    50 -9999 -9999     0
2021 04 16 21   -48  -116 10272   280    30 -9999 -9999     0
2021 04 17 00     3  -170 10289   300    50 -9999 -9999     0
2021 04 17 03    72  -149 10266   320    50 -9999 -9999     0
2021 04 17 06   107  -149 10236   320    70 -9999 -9999     0
2021 04 17 09   127  -150 10217   310    50 -9999 -9999     0
2021 04 17 12    76  -107 10227   250    20 -9999 -9999     0
2021 04 17 18    29  -118 10203   290    20 -9999 -9999     0
2021 04 17 21   -15  -125 10206     0 -9999 -9999 -9999     0
2021 04 18 00    62  -110 10195    40    10 -9999 -9999     0
2021 04 18 03   145  -146 10163   270    40 -9999 -9999     0
2021 04 18 06   168  -163 10135   250    60 -9999 -9999     0
2021 04 18 09   168  -150 10133   250    40 -9999 -9999     0
2021 04 18 12   128  -102 10131   260    20 -9999 -9999     0
2021 04 18 18    57   -93 10122   330    10 -9999 -9999     0
2021 04 18 21    11   -95 10133     0 -9999 -9999 -9999     0
2021 04 19 00    87   -79 10139    50    10 -9999 -9999     0
2021 04 19 03   183  -151 10114   220    30 -9999 -9999     0
2021 04 19 06   208  -163 10103   230    30 -9999 -9999     0
2021 04 19 09   203  -123 10105   200    30 -9999 -9999     0
2021 04 19 12   155  -110 10108   210    20 -9999 -9999     0
2021 04 19 18    77  -101 10112   250    10 -9999 -9999     0
2021 04 19 21    52   -98 10119   310    10 -9999 -9999     0
2021 04 20 00   111   -82 10131    90    10 -9999 -9999     0
2021 04 20 03   202  -124 10108   130    20 -9999 -9999     0
2021 04 20 06   220   -98 10099   120    40 -9999 -9999     0
2021 04 20 09   223   -65 10092   130    20 -9999 -9999     0
2021 04 20 12   169    10 10109   170    50 -9999 -9999     0
2021 04 20 18    98    -7 10118   160    20 -9999 -9999     0
2021 04 20 21    76   -27 10118   210    10 -9999 -9999     0
