2021 01 01 00  -133  -215 10312   240    20 -9999 -9999     0
2021 01 01 03   -59  -173 10315   250    60 -9999 -9999     0
2021 01 01 06   -22  -178 10284   260    70 -9999 -9999     0
2021 01 01 09   -43  -185 10311   280    40 -9999 -9999     0
2021 01 01 12  -123  -201 10328   250    20 -9999 -9999     0
2021 01 01 18  -174  -212 10311   340    20 -9999 -9999     0
2021 01 01 21  -132  -191 10318   270    30 -9999 -9999     0
2021 01 02 00  -141  -194 10353   260    30 -9999 -9999     0
2021 01 02 03   -60  -177 10350   300    30 -9999 -9999     0
2021 01 02 06   -25  -208 10336   260    40 -9999 -9999     0
2021 01 02 09   -45  -225 10340   320    50 -9999 -9999     0
2021 01 02 12   -97  -230 10379   320    30 -9999 -9999     0
2021 01 02 18  -190  -243 10388    20    10 -9999 -9999     0
2021 01 02 21  -173  -238 10384   300    10 -9999 -9999     0
2021 01 03 00  -202  -238 10404   260    10 -9999 -9999     0
2021 01 03 03   -92  -203 10374   280    10 -9999 -9999     0
2021 01 03 06   -59  -199 10350   210    10 -9999 -9999     0
2021 01 03 09   -63  -193 10341     0 -9999 -9999 -9999     0
2021 01 03 12   -76  -180 10365   180    10 -9999 -9999     0
2021 01 03 18  -101  -154 10334   330    40 -9999 -9999     0
2021 01 03 21  -142  -188 10360   250    10 -9999 -9999     0
2021 01 04 00  -162  -214 10384   280    10 -9999 -9999     0
2021 01 04 03  -105  -209 10387   330    40 -9999 -9999     0
2021 01 04 06   -77  -212 10358   320    40 -9999 -9999     0
2021 01 04 09   -93  -245 10383   320    40 -9999 -9999     0
2021 01 04 12  -131  -257 10422   320    30 -9999 -9999     0
2021 01 04 18  -179  -265 10420   270    20 -9999 -9999     0
2021 01 04 21  -200  -273 10436   270    20 -9999 -9999     0
2021 01 05 00  -211  -256 10453   270    20 -9999 -9999     0
2021 01 05 03  -132  -237 10427   250    30 -9999 -9999     0
2021 01 05 06   -93  -257 10377   280    60 -9999 -9999     0
2021 01 05 09  -103  -246 10383   280    50 -9999 -9999     0
2021 01 05 12  -113  -255 10387   280    50 -9999 -9999     0
2021 01 05 18  -155  -221 10361   310    40 -9999 -9999     0
2021 01 05 21  -194  -291 10394   320    50 -9999 -9999     0
2021 01 06 00  -217  -331 10426   310    60 -9999 -9999     0
2021 01 06 03  -209  -347 10442   300    70 -9999 -9999     0
2021 01 06 06  -222  -382 10447   310    70 -9999 -9999     0
2021 01 06 09  -240  -397 10476   320    70 -9999 -9999     0
2021 01 06 12  -255  -384 10510   310    40 -9999 -9999     0
2021 01 06 18  -248  -356 10493   230    30 -9999 -9999     0
2021 01 06 21  -249  -341 10477   290    20 -9999 -9999     0
2021 01 07 00  -227  -312 10475   240    50 -9999 -9999     0
2021 01 07 03  -176  -310 10462   280    60 -9999 -9999     0
2021 01 07 06  -149  -298 10421   300    60 -9999 -9999     0
2021 01 07 09  -157  -277 10435   300    50 -9999 -9999     0
2021 01 07 12  -174  -273 10441   320    40 -9999 -9999     0
2021 01 07 18  -164  -256 10391   290    40 -9999 -9999     0
2021 01 07 21  -171  -262 10387   280    30 -9999 -9999     0
2021 01 08 00  -209  -276 10409     0 -9999 -9999 -9999     0
2021 01 08 03  -135  -251 10388   290    60 -9999 -9999     0
2021 01 08 06  -107  -249 10349   310    70 -9999 -9999     0
2021 01 08 09  -112  -243 10361   300    60 -9999 -9999     0
2021 01 08 12  -136  -240 10400   300    40 -9999 -9999     0
2021 01 08 18  -223  -264 10390   110    10 -9999 -9999     0
2021 01 08 21  -244  -279 10398   301     7 -9999 -9999 -9999
2021 01 09 00  -231  -266 10414   290    20 -9999 -9999     0
2021 01 09 03  -118  -216 10401   300    20 -9999 -9999     0
2021 01 09 06   -66  -206 10365   270    30 -9999 -9999     0
2021 01 09 09   -66  -209 10360   320    30 -9999 -9999     0
2021 01 09 12  -105  -215 10392   330    40 -9999 -9999     0
2021 01 09 18  -209  -246 10399    90    10 -9999 -9999     0
2021 01 09 21  -224  -253 10395   330    10 -9999 -9999     0
2021 01 10 00  -225  -251 10413   170    20 -9999 -9999     0
2021 01 10 03  -110  -211 10403   280    20 -9999 -9999     0
2021 01 10 06   -74  -209 10385   200    10 -9999 -9999     0
2021 01 10 09   -70  -220 10383   290    50 -9999 -9999     0
2021 01 10 12   -85  -219 10398   290    40 -9999 -9999     0
2021 01 10 18  -112  -210 10352   290    40 -9999 -9999     0
2021 01 10 21  -140  -203 10348   310    30 -9999 -9999     0
2021 01 11 00  -189  -230 10366    50    10 -9999 -9999     0
2021 01 11 03  -103  -205 10343   270    50 -9999 -9999     0
2021 01 11 06   -74  -213 10298   270    60 -9999 -9999     0
2021 01 11 09   -72  -204 10283   270    50 -9999 -9999     0
2021 01 11 12   -89  -195 10288   200    20 -9999 -9999     0
2021 01 11 18   -88  -206 10197   200    20 -9999 -9999     0
2021 01 11 21   -70  -213 10168   270    50 -9999 -9999     0
2021 01 12 00   -80  -211 10172   240    40 -9999 -9999     0
2021 01 12 03   -38  -205 10153   260    60 -9999 -9999     0
2021 01 12 06     5  -199 10102   250    60 -9999 -9999     0
2021 01 12 09     8  -202 10100   250    50 -9999 -9999     0
2021 01 12 12    -5  -202 10117   250    40 -9999 -9999     0
2021 01 12 18   -19  -203 10125   250    40 -9999 -9999     0
2021 01 12 21   -67  -193 10154   340    40 -9999 -9999     0
2021 01 13 00   -77  -181 10177   270    20 -9999 -9999     0
2021 01 13 03   -37  -176 10183   310    10 -9999 -9999     0
2021 01 13 06    -5  -196 10153   220    30 -9999 -9999     0
2021 01 13 09    -6  -192 10179   230    20 -9999 -9999     0
2021 01 13 12   -51  -189 10197     0 -9999 -9999 -9999     0
2021 01 13 18   -99  -188 10171     0 -9999 -9999 -9999     0
2021 01 13 21  -126  -188 10151   310    10 -9999 -9999     0
2021 01 14 00  -101  -166 10158   300    10 -9999 -9999     0
2021 01 14 03   -19  -168 10137   170    20 -9999 -9999     0
2021 01 14 06    28  -168 10123   250    10 -9999 -9999     0
2021 01 14 09    35  -193 10153   260    50 -9999 -9999     0
2021 01 14 12     3  -165 10187   270    30 -9999 -9999     0
2021 01 14 18   -35  -161 10208   330    30 -9999 -9999     0
2021 01 14 21   -60  -131 10225   330    60 -9999 -9999     0
2021 01 15 00   -98  -169 10268   330    40 -9999 -9999     0
2021 01 15 03   -72  -179 10294   320    50 -9999 -9999     0
2021 01 15 06   -49  -184 10283   300    40 -9999 -9999     0
2021 01 15 09   -71  -187 10306   340    30 -9999 -9999     0
2021 01 15 12  -129  -209 10360   280    10 -9999 -9999     0
2021 01 15 18  -143  -234 10363   290    50 -9999 -9999     0
2021 01 15 21  -149  -232 10371   280    30 -9999 -9999     0
2021 01 16 00  -184  -248 10409   280    10 -9999 -9999     0
2021 01 16 03  -109  -240 10417   290    40 -9999 -9999     0
2021 01 16 06   -67  -244 10382   300    60 -9999 -9999     0
2021 01 16 09   -91  -269 10407   310    60 -9999 -9999     0
2021 01 16 12  -119  -253 10438   300    40 -9999 -9999     0
2021 01 16 18  -128  -223 10395   230    30 -9999 -9999     0
2021 01 16 21  -139  -212 10373   210    30 -9999 -9999     0
2021 01 17 00  -135  -222 10355   200    30 -9999 -9999     0
2021 01 17 03   -76  -230 10320   260    80 -9999 -9999     0
2021 01 17 06   -37  -246 10257   280    80 -9999 -9999     0
2021 01 17 09   -36  -245 10263   260    40 -9999 -9999     0
2021 01 17 12   -55  -244 10264   290    30 -9999 -9999     0
2021 01 17 18   -72  -222 10245   280    30 -9999 -9999     0
2021 01 17 21  -178  -243 10277    70    10 -9999 -9999     0
2021 01 18 00  -182  -241 10294     0 -9999 -9999 -9999     0
2021 01 18 03   -40  -216 10275   240    20 -9999 -9999     0
2021 01 18 06     5  -211 10232   260    20 -9999 -9999     0
2021 01 18 09     9  -221 10250   220    10 -9999 -9999     0
2021 01 18 12  -106  -219 10289   360    10 -9999 -9999     0
2021 01 18 18  -134  -203 10246   310    10 -9999 -9999     0
2021 01 18 21  -172  -220 10249   360    10 -9999 -9999     0
2021 01 19 00  -184  -222 10288     0 -9999 -9999 -9999     0
2021 01 19 03   -30  -185 10261   160    10 -9999 -9999     0
2021 01 19 06    16  -178 10223   130    30 -9999 -9999     0
2021 01 19 09    -2  -174 10231   120    30 -9999 -9999     0
2021 01 19 12   -87  -182 10264   140    20 -9999 -9999     0
2021 01 19 18  -153  -199 10241     0 -9999 -9999 -9999     0
2021 01 19 21  -172  -204 10255    20    10 -9999 -9999     0
2021 01 20 00  -175  -209 10290     0 -9999 -9999 -9999     0
2021 01 20 03   -39  -149 10283   300    10 -9999 -9999     0
2021 01 20 06    38  -144 10240   210    20 -9999 -9999     0
2021 01 20 09    21  -164 10252   240    10 -9999 -9999     0
2021 01 20 12   -79  -178 10286   350    30 -9999 -9999     0
2021 01 20 18  -107  -174 10243   320    10 -9999 -9999     0
2021 01 20 21  -123  -185 10246   310    10 -9999 -9999     0
2021 01 21 00  -146  -197 10290   270    10 -9999 -9999     0
2021 01 21 03    -3  -170 10270   240    20 -9999 -9999     0
2021 01 21 06    43  -173 10235   250    10 -9999 -9999     0
2021 01 21 09    47  -176 10241   280    20 -9999 -9999     0
2021 01 21 12   -51  -182 10299   320    10 -9999 -9999     0
2021 01 21 18   -67  -172 10263   300    30 -9999 -9999     0
2021 01 21 21  -144  -197 10277     0 -9999 -9999 -9999     0
2021 01 22 00  -152  -198 10306   340    10 -9999 -9999     0
2021 01 22 03   -26  -153 10274   280    10 -9999 -9999     0
2021 01 22 06    35  -162 10223   230    20 -9999 -9999     0
2021 01 22 09    29  -167 10233   130    10 -9999 -9999     0
2021 01 22 12   -80  -176 10272   340    10 -9999 -9999     0
2021 01 22 18   -97  -168 10231   310    10 -9999 -9999     0
2021 01 22 21  -131  -178 10228     0 -9999 -9999 -9999     0
2021 01 23 00  -148  -184 10270   300    10 -9999 -9999     0
2021 01 23 03   -11  -150 10248     0 -9999 -9999 -9999     0
2021 01 23 06    40  -138 10210   100    10 -9999 -9999     0
2021 01 23 09    39  -139 10219   180    10 -9999 -9999     0
2021 01 23 12   -79  -156 10276    60    10 -9999 -9999     0
2021 01 23 18  -127  -162 10259   330    10 -9999 -9999     0
2021 01 23 21  -130  -159 10253   310    10 -9999 -9999     0
2021 01 24 00  -136  -165 10308   310    10 -9999 -9999     0
2021 01 24 03   -19  -131 10292   280    10 -9999 -9999     0
2021 01 24 06    37  -131 10255   180    10 -9999 -9999     0
2021 01 24 09     6  -128 10265   170    10 -9999 -9999     0
2021 01 24 12   -60  -138 10302   350    10 -9999 -9999     0
2021 01 24 18   -69  -124 10267   110    10 -9999 -9999     0
2021 01 24 21   -56  -115 10255   130    30 -9999 -9999     0
2021 01 25 00   -52  -111 10286   150    10 -9999 -9999     0
2021 01 25 03   -24   -55 10302   280    30 -9999 -9999 -9999
2021 01 25 06    13   -77 10265   240    10 -9999 -9999     2
2021 01 25 09     2   -90 10268   280    30 -9999 -9999     2
2021 01 25 12   -87  -120 10302    30    10 -9999 -9999     0
2021 01 25 18  -126  -166 10306   280    10 -9999 -9999     0
2021 01 25 21  -169  -197 10309     0 -9999 -9999 -9999     0
2021 01 26 00  -181  -208 10350   350    10 -9999 -9999     0
2021 01 26 03   -23  -175 10322   270    40 -9999 -9999     0
2021 01 26 06     9  -184 10280   290    80 -9999 -9999     0
2021 01 26 09    -8  -175 10292   280    50 -9999 -9999     0
2021 01 26 12   -66  -186 10321   330    20 -9999 -9999     0
2021 01 26 18  -139  -194 10278     0 -9999 -9999 -9999     0
2021 01 26 21  -140  -181 10268   260    10 -9999 -9999     0
2021 01 27 00  -136  -176 10277   120    20 -9999 -9999     0
2021 01 27 03     0  -130 10248   210    20 -9999 -9999     0
2021 01 27 06    10  -168 10217   280   100 -9999 -9999     0
2021 01 27 09   -20  -190 10241   290    90 -9999 -9999     0
2021 01 27 12   -72  -156 10304   300    40 -9999 -9999     0
2021 01 27 18  -107  -229 10298   310    60 -9999 -9999     0
2021 01 27 21  -137  -244 10319   300    70 -9999 -9999     0
2021 01 28 00  -155  -258 10357   330    30 -9999 -9999     0
2021 01 28 03   -97  -240 10363   290    40 -9999 -9999     0
2021 01 28 06   -64  -257 10333   290    70 -9999 -9999     0
2021 01 28 09   -48  -249 10312   280    50 -9999 -9999     0
2021 01 28 12   -59  -237 10317   240    50 -9999 -9999     0
2021 01 28 18  -154  -224 10302     0 -9999 -9999 -9999     0
2021 01 28 21  -181  -224 10288     0 -9999 -9999 -9999     0
2021 01 29 00  -187  -225 10290     0 -9999 -9999 -9999     0
2021 01 29 03   -18  -163 10262   260    60 -9999 -9999     0
2021 01 29 06    33  -154 10223   280    60 -9999 -9999     0
2021 01 29 09    19  -165 10244   290    70 -9999 -9999     0
2021 01 29 12    -5  -164 10269   260    40 -9999 -9999     0
2021 01 29 18   -25  -152 10239   250    30 -9999 -9999     0
2021 01 29 21   -48  -157 10249   250    30 -9999 -9999     0
2021 01 30 00  -120  -171 10283    80    10 -9999 -9999     0
2021 01 30 03    -2  -161 10253   260    60 -9999 -9999     0
2021 01 30 06    42  -162 10220   250    50 -9999 -9999     0
2021 01 30 09    38  -171 10222   270    50 -9999 -9999     0
2021 01 30 12     7  -157 10255   250    30 -9999 -9999     0
2021 01 30 18  -129  -183 10245    40    10 -9999 -9999     0
2021 01 30 21   -55  -164 10211   240    20 -9999 -9999     0
2021 01 31 00   -75  -171 10218   200    10 -9999 -9999     0
2021 01 31 03    25  -160 10204   260    60 -9999 -9999     0
2021 01 31 06    51  -166 10173   280    70 -9999 -9999     0
2021 01 31 09    46  -177 10155   280    50 -9999 -9999     0
2021 01 31 12    15  -169 10195   270    70 -9999 -9999     0
2021 01 31 18   -68  -135 10222   280    10 -9999 -9999     0
2021 01 31 21   -73  -175 10225   290    30 -9999 -9999     0
2021 02 01 00  -104  -181 10265   330    30 -9999 -9999     0
2021 02 01 03   -66  -209 10281   320    40 -9999 -9999     0
2021 02 01 06   -41  -262 10278   300    70 -9999 -9999     0
2021 02 01 09   -76  -267 10318   320    70 -9999 -9999     0
2021 02 01 12  -115  -290 10369   310    40 -9999 -9999     0
2021 02 01 18  -171  -286 10361   320    20 -9999 -9999     0
2021 02 01 21  -170  -280 10356   300    30 -9999 -9999     0
2021 02 02 00  -225  -283 10391    90    10 -9999 -9999     0
2021 02 02 03   -75  -256 10350   260    80 -9999 -9999     0
2021 02 02 06   -28  -252 10307   250    70 -9999 -9999     0
2021 02 02 09   -24  -255 10293   270    40 -9999 -9999     0
2021 02 02 12   -57  -246 10317   280    20 -9999 -9999     0
2021 02 02 18  -150  -245 10264   290    10 -9999 -9999     0
2021 02 02 21  -155  -236 10258   270    10 -9999 -9999     0
2021 02 03 00  -138  -229 10298   300    20 -9999 -9999     0
2021 02 03 03   -17  -206 10315   310    40 -9999 -9999     0
2021 02 03 06     3  -226 10310   310    50 -9999 -9999     0
2021 02 03 09   -12  -225 10330   300    60 -9999 -9999     0
2021 02 03 12   -75  -233 10356   330    20 -9999 -9999     0
2021 02 03 18  -181  -247 10347     0 -9999 -9999 -9999     0
2021 02 03 21  -180  -235 10335     0 -9999 -9999 -9999     0
2021 02 04 00  -185  -225 10352   320    10 -9999 -9999     0
2021 02 04 03     1  -197 10322   260    40 -9999 -9999     0
2021 02 04 06    61  -212 10266   248    60 -9999 -9999 -9999
2021 02 04 09    57  -225 10247   260    60 -9999 -9999     0
2021 02 04 12     4  -200 10273   280    20 -9999 -9999     0
2021 02 04 18  -106  -208 10226   250    20 -9999 -9999     0
2021 02 04 21    -6  -164 10189   250    40 -9999 -9999     0
2021 02 05 00   -61  -156 10215   170    10 -9999 -9999     0
2021 02 05 03    44  -125 10197   260    60 -9999 -9999     0
2021 02 05 06    72  -131 10161   280    80 -9999 -9999     0
2021 02 05 09    68  -129 10140   300    70 -9999 -9999     0
2021 02 05 12    29  -122 10171   290    40 -9999 -9999     0
2021 02 05 18   -67  -142 10172   330    10 -9999 -9999     0
2021 02 05 21   -89  -147 10174   280    20 -9999 -9999     0
2021 02 06 00  -114  -148 10204   280    10 -9999 -9999     0
2021 02 06 03    43  -140 10179   260    30 -9999 -9999     0
2021 02 06 06    88  -173 10161   280    70 -9999 -9999     0
2021 02 06 09    70  -151 10189   310    60 -9999 -9999     0
2021 02 06 12     7  -114 10243   340    60 -9999 -9999     0
2021 02 06 18   -50  -116 10264   320    40 -9999 -9999     0
2021 02 06 21   -85  -126 10290   310    40 -9999 -9999     0
2021 02 07 00  -108  -142 10331   280    20 -9999 -9999     0
2021 02 07 03   -35  -146 10343   320    40 -9999 -9999     0
2021 02 07 06    -1  -216 10330   340    50 -9999 -9999     0
2021 02 07 09    -5  -213 10334   360    30 -9999 -9999     0
2021 02 07 12  -103  -210 10380   330    10 -9999 -9999     0
2021 02 07 18  -166  -213 10379    10    10 -9999 -9999     0
2021 02 07 21  -163  -212 10375     0 -9999 -9999 -9999     0
2021 02 08 00  -169  -206 10409   330    10 -9999 -9999     0
2021 02 08 03   -30  -178 10370   260    20 -9999 -9999     0
2021 02 08 06    11  -167 10348   290    10 -9999 -9999     0
2021 02 08 09    18  -177 10329     0 -9999 -9999 -9999     0
2021 02 08 12   -86  -187 10363     0 -9999 -9999 -9999     0
2021 02 08 18  -124  -186 10309   320    10 -9999 -9999     0
2021 02 08 21  -139  -189 10297   280    10 -9999 -9999     0
2021 02 09 00  -152  -189 10324   350    20 -9999 -9999     0
2021 02 09 03   -12  -162 10292   270    10 -9999 -9999     0
2021 02 09 06    58  -154 10246   200    20 -9999 -9999     0
2021 02 09 12   -63  -168 10298   360    10 -9999 -9999     0
2021 02 09 18  -118  -172 10264   260    10 -9999 -9999     0
2021 02 09 21  -143  -184 10270     0 -9999 -9999 -9999     0
2021 02 10 00  -131  -168 10315   320    10 -9999 -9999     0
2021 02 10 03    28  -144 10287   270    10 -9999 -9999     0
2021 02 10 06    92  -146 10247   210    20 -9999 -9999     0
2021 02 10 09   104  -169 10225   130    10 -9999 -9999     0
2021 02 11 00   -80  -152 10235   270    20 -9999 -9999     0
2021 02 13 12   -35  -155 10234   340    20 -9999 -9999     0
2021 02 13 18   -90  -146 10182   280    10 -9999 -9999     0
2021 02 13 21   -22  -120 10160   280    40 -9999 -9999     0
2021 02 14 00   -56  -111 10207   320    20 -9999 -9999     0
2021 02 14 03    32   -79 10201   330    70 -9999 -9999     0
2021 02 14 06    19  -100 10213   350    70 -9999 -9999     0
2021 02 14 09   -27  -147 10237   350    60 -9999 -9999     0
2021 02 14 12   -74  -168 10293    10    50 -9999 -9999     0
2021 02 14 18  -122  -196 10309   260    20 -9999 -9999     0
2021 02 14 21  -132  -199 10309   180    10 -9999 -9999     0
2021 02 15 00  -103  -216 10301   220    40 -9999 -9999     0
2021 02 15 03   -32  -196 10259   260    70 -9999 -9999     0
2021 02 15 06    24  -189 10205   270    80 -9999 -9999     0
2021 02 15 09    41  -181 10180   280    70 -9999 -9999     0
2021 02 15 12    15  -174 10194   310    30 -9999 -9999     0
2021 02 15 18   -56  -186 10225   340    40 -9999 -9999     0
2021 02 15 21  -106  -225 10255   340    60 -9999 -9999     0
2021 02 16 00  -110  -235 10286   340    60 -9999 -9999     0
2021 02 16 03   -68  -231 10296   330    40 -9999 -9999     0
2021 02 16 06   -29  -260 10272   310    80 -9999 -9999     0
2021 02 16 09   -39  -220 10298   330    70 -9999 -9999     0
2021 02 16 12   -84  -202 10331   330    30 -9999 -9999     0
2021 02 16 18  -116  -195 10330   260    20 -9999 -9999     0
2021 02 16 21  -131  -194 10342   290    40 -9999 -9999     0
2021 02 17 00  -126  -194 10371   280    40 -9999 -9999     0
2021 02 17 03   -46  -204 10357   290    40 -9999 -9999     0
2021 02 17 06     7  -181 10328   330    30 -9999 -9999     0
2021 02 17 09    18  -177 10323   330    30 -9999 -9999     0
2021 02 17 12   -27  -164 10344   260    20 -9999 -9999     0
2021 02 17 18  -116  -170 10335   300    10 -9999 -9999     0
2021 02 17 21  -124  -164 10327   300    20 -9999 -9999     0
2021 02 18 00  -133  -163 10340     0 -9999 -9999 -9999     0
2021 02 18 03    23  -139 10307   250    20 -9999 -9999     0
2021 02 18 06   109  -147 10246   270    40 -9999 -9999     0
2021 02 18 09   104  -160 10239   280    50 -9999 -9999     0
2021 02 18 12    20  -165 10261   290    20 -9999 -9999     0
2021 02 18 18  -101  -174 10211   330    10 -9999 -9999     0
2021 02 18 21   -26  -140 10167   200    40 -9999 -9999     0
2021 02 19 00   -83  -155 10202   110    10 -9999 -9999     0
2021 02 19 03    90  -163 10171   250    70 -9999 -9999     0
2021 02 19 06   116  -159 10156   260    70 -9999 -9999     0
2021 02 19 09   118  -140 10133   300    50 -9999 -9999     0
2021 02 20 18    52  -201 10051   119    23 -9999 -9999 -9999
2021 02 20 21    62  -193 10055   290    24 -9999 -9999 -9999
2021 02 21 00   -10  -169 10110   310     9 -9999 -9999 -9999
2021 02 21 03   125  -153 10095   251    19 -9999 -9999 -9999
2021 02 21 09   152  -120 10090   297    49 -9999 -9999 -9999
2021 02 21 12    97  -115 10147   321    35 -9999 -9999 -9999
2021 02 21 18     5   -70 10194   307    42 -9999 -9999 -9999
2021 02 21 21   -21   -66 10227   330    60 -9999 -9999     0
2021 02 22 00   -27   -79 10270   339    32 -9999 -9999 -9999
2021 02 22 03    39  -105 10268   330    40 -9999 -9999     0
2021 02 22 06    66  -148 10250   260    20 -9999 -9999     0
2021 02 22 09    76  -133 10238    10    20 -9999 -9999     0
2021 02 22 12    18  -139 10260    70    30 -9999 -9999     0
2021 02 22 18   -23  -138 10247   180    10 -9999 -9999     0
2021 02 22 21   -27  -141 10244   100    20 -9999 -9999     0
2021 02 23 00   -27  -130 10258    80    20 -9999 -9999     0
2021 02 23 03    24   -95 10250   100    40 -9999 -9999     0
2021 02 23 06    40   -90 10227   100    30 -9999 -9999     0
2021 02 23 09    41   -89 10214   100    40 -9999 -9999     0
2021 02 23 12     6   -84 10232    90    30 -9999 -9999     0
2021 02 23 18   -55   -91 10238    70    10 -9999 -9999     0
2021 02 23 21   -94  -113 10240   120    10 -9999 -9999     0
2021 02 24 00  -102  -115 10264   130    10 -9999 -9999     0
2021 02 24 03     6   -79 10243   120    10 -9999 -9999     0
2021 02 24 06    60   -67 10202    82    12 -9999 -9999 -9999
2021 02 24 09    64   -72 10208    80    20 -9999 -9999     0
2021 02 24 12    -9   -81 10240   140    30 -9999 -9999     0
2021 02 24 18   -70  -102 10240     0 -9999 -9999 -9999     0
2021 02 24 21   -82  -104 10249   330    20 -9999 -9999     0
2021 02 25 00   -87  -106 10282   350    10 -9999 -9999     0
2021 02 25 03    44   -87 10274   280    10 -9999 -9999     0
2021 02 25 06    93  -131 10241   130    20 -9999 -9999     0
2021 02 25 09    91  -140 10242   120    20 -9999 -9999     0
2021 02 25 12   -26  -160 10290   350    10 -9999 -9999     0
2021 02 25 18  -106  -165 10268   350    10 -9999 -9999     0
2021 02 25 21  -101  -166 10262   290    10 -9999 -9999     0
2021 02 26 00   -85  -147 10295   280    10 -9999 -9999     0
2021 02 26 03    69  -139 10259   120    30 -9999 -9999     0
2021 02 26 06    98  -156 10238   200    30 -9999 -9999     0
2021 02 26 09    99  -148 10220   180    30 -9999 -9999     0
2021 02 26 12    25  -142 10249   150    50 -9999 -9999     0
2021 02 26 18   -24  -151 10216   120    30 -9999 -9999     0
2021 02 26 21   -82  -159 10216   130    20 -9999 -9999     0
2021 02 27 00   -68  -129 10230     0 -9999 -9999 -9999     0
2021 02 27 03    61  -102 10207   160    30 -9999 -9999     0
2021 02 27 06    91   -48 10178   210    70 -9999 -9999     0
2021 02 27 09    82   -46 10185   200    50 -9999 -9999     0
2021 02 27 12    59   -54 10203   180    30 -9999 -9999     0
2021 02 27 18     4    -7 10207   110    10 -9999 -9999    10
2021 02 27 21     1    -3 10192     0 -9999 -9999 -9999    50
2021 02 28 00    -1    -8 10205   270    10 -9999 -9999    40
2021 02 28 03     3   -26 10245   300    10 -9999 -9999    10
2021 02 28 06    14   -27 10231    60    40 -9999 -9999     9
2021 02 28 09    13   -34 10232    40    10 -9999 -9999     0
2021 02 28 12   -15   -59 10278   320    60 -9999 -9999     0
2021 02 28 18   -34   -81 10301   320    50 -9999 -9999    10
2021 02 28 21   -42   -94 10302   300    40 -9999 -9999     2
2021 03 01 00   -66  -106 10325   290    40 -9999 -9999     0
2021 03 01 03   -10   -76 10315   220    30 -9999 -9999     0
2021 03 01 06    26  -103 10275   270    50 -9999 -9999     0
2021 03 01 09    30  -113 10263   280    50 -9999 -9999     0
2021 03 01 12     3  -120 10286   280    20 -9999 -9999     0
2021 03 01 18   -46   -72 10283   240    20 -9999 -9999     0
2021 03 01 21   -81   -96 10279   330    10 -9999 -9999     0
2021 03 02 00   -74   -88 10290   150    10 -9999 -9999     0
2021 03 02 03    37   -55 10266   210    30 -9999 -9999     0
2021 03 02 06    86   -84 10226   250    70 -9999 -9999     0
2021 03 02 09    81   -76 10214   200    50 -9999 -9999     0
2021 03 02 12    44   -74 10232   240    30 -9999 -9999     0
2021 03 02 18    39   -78 10193   250    40 -9999 -9999     0
2021 03 02 21   -19   -74 10190   100    20 -9999 -9999     0
2021 03 03 00   -21   -56 10206   140    10 -9999 -9999     0
2021 03 03 03    80   -51 10180   260    30 -9999 -9999     0
2021 03 03 06   119   -86 10139   260    50 -9999 -9999     0
2021 03 03 09   117  -112 10141   280    50 -9999 -9999     0
2021 03 03 12    34   -89 10177   260    10 -9999 -9999     0
2021 03 03 18   -45   -69 10170    50    10 -9999 -9999     0
2021 03 03 21   -54   -74 10166    80    10 -9999 -9999     0
2021 03 04 00   -28   -53 10193   320    20 -9999 -9999     0
2021 03 04 03    93   -58 10183   200    10 -9999 -9999     0
2021 03 04 06   140  -122 10151   260    40 -9999 -9999     0
2021 03 04 09   141   -99 10147   240    30 -9999 -9999     0
2021 03 04 12    40   -97 10182     0 -9999 -9999 -9999     0
2021 03 04 18   -31   -78 10171   290    10 -9999 -9999     0
2021 03 04 21   -44   -85 10170   300    10 -9999 -9999     0
2021 03 05 00    10   -73 10211   270    30 -9999 -9999     0
2021 03 05 03    64   -47 10241   300    50 -9999 -9999     0
2021 03 05 06    82   -56 10233   330    60 -9999 -9999     0
2021 03 05 09    54   -71 10261   340    50 -9999 -9999     0
2021 03 05 12    15  -113 10287   330    40 -9999 -9999     0
2021 03 05 18   -24  -136 10308   320    10 -9999 -9999     0
2021 03 05 21   -35  -135 10317   290    20 -9999 -9999     0
2021 03 06 00   -38  -135 10342   320    20 -9999 -9999     0
2021 03 06 03    -6   -95 10346    90    20 -9999 -9999     0
2021 03 06 06    33   -67 10311   100    30 -9999 -9999     0
2021 03 06 09    34   -41 10300   120    50 -9999 -9999     0
2021 03 06 12   -21   -46 10326    80    10 -9999 -9999     0
2021 03 06 18   -78   -93 10318    10    10 -9999 -9999     0
2021 03 06 21   -98  -114 10309    20    10 -9999 -9999     0
2021 03 07 00   -73   -82 10326     0 -9999 -9999 -9999     0
2021 03 07 03    20   -43 10311   110    20 -9999 -9999     0
2021 03 07 06    70   -60 10269   150    20 -9999 -9999     0
2021 03 07 09    89   -86 10252    90    20 -9999 -9999     0
2021 03 07 12     5   -68 10276    90    20 -9999 -9999     0
2021 03 07 18   -54   -83 10259     0 -9999 -9999 -9999     0
2021 03 08 00   -21   -41 10268     0 -9999 -9999 -9999     0
2021 03 08 03    70   -41 10255   190    10 -9999 -9999     0
2021 03 08 06   119   -27 10220   210    30 -9999 -9999     0
2021 03 08 09   125   -65 10199   200    40 -9999 -9999     0
2021 03 08 12    42   -58 10235     0 -9999 -9999 -9999     0
2021 03 08 18     5   -29 10229     0 -9999 -9999 -9999     0
2021 03 08 21   -24   -38 10238   330    10 -9999 -9999     0
2021 03 09 00   -22   -30 10279   320    10 -9999 -9999     0
2021 03 09 03    90    -9 10263   210    10 -9999 -9999     0
2021 03 09 06   130   -21 10234   150    10 -9999 -9999     0
2021 03 09 09   135   -46 10230   170    20 -9999 -9999     0
2021 03 09 12    53   -48 10260   100    20 -9999 -9999     0
2021 03 09 18   -13   -45 10245   330    10 -9999 -9999     0
2021 03 09 21   -18   -40 10243     0 -9999 -9999 -9999     0
2021 03 10 00    -2   -26 10271   310    10 -9999 -9999     0
2021 03 10 03   116   -19 10244   240    20 -9999 -9999     0
2021 03 10 06   138   -30 10220   210    10 -9999 -9999     0
2021 03 10 09   140   -42 10210   180    10 -9999 -9999     0
2021 03 10 12    52   -36 10233   130    10 -9999 -9999     0
2021 03 10 18     3   -34 10220     0 -9999 -9999 -9999     0
2021 03 10 21   -19   -41 10220   285     8 -9999 -9999 -9999
2021 03 11 00   -14   -37 10253   320    10 -9999 -9999     0
2021 03 11 03   104    -4 10234   230    30 -9999 -9999     0
2021 03 11 06   147     2 10196   190    30 -9999 -9999     0
2021 03 11 09   142   -14 10187   240    10 -9999 -9999     0
2021 03 11 12    51   -27 10221    80    10 -9999 -9999     0
2021 03 11 18    46    23 10206   120    10 -9999 -9999     2
2021 03 11 21    47    29 10201   320    10 -9999 -9999     2
2021 03 12 00    45    35 10229   180    10 -9999 -9999 -9999
2021 03 12 03    56    28 10235   320    20 -9999 -9999     3
2021 03 12 06   110    28 10216   330    50 -9999 -9999     3
2021 03 12 09   125    -8 10205   357    15 -9999 -9999 -9999
2021 03 12 12    42     9 10247     0 -9999 -9999 -9999     0
2021 03 12 18   -28   -35 10250   330    10 -9999 -9999     0
2021 03 12 21   -48   -58 10249     0 -9999 -9999 -9999     0
2021 03 13 00   -31   -35 10275     0 -9999 -9999 -9999     0
2021 03 13 03    61    10 10256   180    20 -9999 -9999     0
2021 03 13 06   120    16 10212   110    20 -9999 -9999     0
2021 03 13 09   131   -41 10184   110    30 -9999 -9999     0
2021 03 13 12    74   -10 10184    80    30 -9999 -9999     0
2021 03 13 18    -1   -35 10152   150    10 -9999 -9999     0
2021 03 13 21    -6   -31 10132     0 -9999 -9999 -9999     0
2021 03 14 00    36    -4 10135   130    30 -9999 -9999     0
2021 03 14 03    97     8 10122   150    30 -9999 -9999     0
2021 03 14 06   114    16 10099   210    40 -9999 -9999     0
2021 03 14 09   120    25 10076   200    20 -9999 -9999     0
2021 03 14 12    90    28 10092   240    30 -9999 -9999     0
2021 03 14 18    54    44 10103   300    20 -9999 -9999     0
2021 03 14 21    37  -172 10127   330    90 -9999 -9999     0
2021 03 15 00   -25  -242 10197   330   100 -9999 -9999     0
2021 03 15 03    10  -228 10227   330   100 -9999 -9999     0
2021 03 15 06    35  -215 10223   350    60 -9999 -9999     0
2021 03 15 09    37  -231 10230   360    50 -9999 -9999     0
2021 03 15 12    -5  -191 10274    10    20 -9999 -9999     0
2021 03 15 18   -80  -152 10288   320    20 -9999 -9999     0
2021 03 15 21  -107  -149 10288    10    20 -9999 -9999     0
2021 03 16 00   -63  -141 10287     0 -9999 -9999 -9999     0
2021 03 16 03    23  -210 10269    90    20 -9999 -9999     0
2021 03 16 06    50  -203 10236     0 -9999 -9999 -9999     0
2021 03 16 09    55  -170 10223     0 -9999 -9999 -9999     0
2021 03 16 12    34  -117 10230     0 -9999 -9999 -9999     0
2021 03 16 18     5  -106 10216     0 -9999 -9999 -9999     0
2021 03 16 21    -3   -90 10212   170    10 -9999 -9999     0
2021 03 17 00    28   -80 10218   300    10 -9999 -9999     0
2021 03 17 03    55   -55 10208   290    20 -9999 -9999     0
2021 03 17 06    36   -12 10215    50    10 -9999 -9999     7
2021 03 17 09    29     6 10213    90    20 -9999 -9999    20
2021 03 17 12    31    -4 10209    70    50 -9999 -9999    20
2021 03 17 18     0    -5 10230   123    37 -9999 -9999    26
2021 03 17 21    -3    -7 10219   120    30 -9999 -9999    40
2021 03 18 00    -3    -9 10238   110    20 -9999 -9999    10
2021 03 18 03     7    -3 10239   130    20 -9999 -9999    30
2021 03 18 06    26     0 10226   110    30 -9999 -9999    30
2021 03 18 09    31     3 10225   110    20 -9999 -9999     0
2021 03 18 12    21     0 10237    90    19 -9999 -9999 -9999
2021 03 18 18   -19   -26 10238   350    10 -9999 -9999     0
2021 03 18 21    -2    -6 10233   120    10 -9999 -9999     0
2021 03 19 00     8     4 10220     0 -9999 -9999 -9999     0
2021 03 19 03    33     5 10200   100    30 -9999 -9999     0
2021 03 19 06    10     0 10208   270    10 -9999 -9999    40
2021 03 19 09     3    -3 10199   290    10 -9999 -9999    90
2021 03 19 12     7     3 10217   270    10 -9999 -9999    70
2021 03 19 18    -9   -41 10240     0 -9999 -9999 -9999     5
2021 03 19 21   -11   -44 10241   240    10 -9999 -9999     0
2021 03 20 00     3   -68 10253   310    10 -9999 -9999     0
2021 03 20 03    18  -104 10250   320    70 -9999 -9999     0
2021 03 20 06    24   -92 10244   310    80 -9999 -9999     0
2021 03 20 09    13  -115 10260   310    70 -9999 -9999     0
2021 03 20 12   -18  -106 10294   330    60 -9999 -9999     0
2021 03 20 18   -47  -121 10321   310    30 -9999 -9999     0
2021 03 20 21   -49  -153 10319   310    40 -9999 -9999     0
2021 03 21 00   -39  -149 10339   250    30 -9999 -9999     0
2021 03 21 03     0  -130 10333   290    60 -9999 -9999     0
2021 03 21 06    27  -127 10313   290    60 -9999 -9999     0
2021 03 21 09    42  -131 10292   290    50 -9999 -9999     0
2021 03 21 12    24  -130 10295   270    40 -9999 -9999     0
2021 03 21 18    -7  -121 10291   298    12 -9999 -9999 -9999
2021 03 21 21   -66  -100 10297     0 -9999 -9999 -9999     0
2021 03 22 00    -4   -98 10294   210    20 -9999 -9999     0
2021 03 22 03    69  -128 10275   240    50 -9999 -9999     0
2021 03 22 06    98  -121 10238   270    60 -9999 -9999     0
2021 03 22 09   108  -113 10227   260    50 -9999 -9999     0
2021 03 22 12    68   -87 10219   220    20 -9999 -9999     0
2021 03 22 18    -8   -76 10201    70    10 -9999 -9999     0
2021 03 22 21   -54   -75 10190     0 -9999 -9999 -9999     0
2021 03 23 00     7   -43 10182   330    10 -9999 -9999     0
2021 03 23 03   123   -62 10152   250    40 -9999 -9999     0
2021 03 23 06   166   -58 10122   230    40 -9999 -9999     0
2021 03 23 09   171   -97 10120   290    50 -9999 -9999     0
2021 03 23 12    75   -66 10139   330    10 -9999 -9999     0
2021 03 23 18    47  -106 10143   320    30 -9999 -9999     0
2021 03 23 21    15   -97 10168   280    10 -9999 -9999     0
2021 03 24 00    41   -83 10220   290    20 -9999 -9999     0
2021 03 24 03   112   -97 10216   200    10 -9999 -9999     0
2021 03 24 06   144  -119 10191   110    10 -9999 -9999     0
2021 03 24 09   153  -150 10182   300    10 -9999 -9999     0
2021 03 24 12    23   -73 10214   350    20 -9999 -9999     0
2021 03 24 18   -29   -76 10210   310    10 -9999 -9999     0
2021 03 24 21   -44   -83 10207   360    10 -9999 -9999     0
2021 03 25 00    14   -55 10235   280    10 -9999 -9999     0
2021 03 25 03   131   -70 10206   160    10 -9999 -9999     0
2021 03 25 06   184   -63 10165   200    40 -9999 -9999     0
2021 03 25 09   188  -102 10141   220    40 -9999 -9999     0
2021 03 25 12   111   -30 10151   110    10 -9999 -9999     0
2021 03 25 18    98    33 10140   240    30 -9999 -9999 -9999
2021 03 25 21    63    43 10127    10    10 -9999 -9999     3
2021 03 26 00    67    56 10148   340    10 -9999 -9999     3
2021 03 26 03    94    50 10146   210    10 -9999 -9999     4
2021 03 26 06   116    53 10120   250    20 -9999 -9999     4
2021 03 26 09   129    56 10108   190    30 -9999 -9999     0
2021 03 26 12    65    42 10129    60    10 -9999 -9999     0
2021 03 26 18     0    -6 10135     0 -9999 -9999 -9999     0
2021 03 26 21    -7   -11 10113   300    10 -9999 -9999     0
2021 03 27 00    20    16 10132     0 -9999 -9999 -9999     0
2021 03 27 03   129    22 10105   210    30 -9999 -9999     0
2021 03 27 06   186   -48 10056   230    50 -9999 -9999     0
2021 03 27 09   195  -117 10034   260    60 -9999 -9999     0
2021 03 27 12   163   -88 10033   240    40 -9999 -9999     0
2021 03 27 18    86  -151 10050   340    40 -9999 -9999     0
2021 03 27 21    49  -125 10076   340    20 -9999 -9999     0
2021 03 28 00    40  -112 10106   310    30 -9999 -9999     0
2021 03 28 03    71  -138 10123   300    70 -9999 -9999     0
2021 03 28 06   100  -172 10108   300    70 -9999 -9999     0
2021 03 28 09   106  -158 10103   300    40 -9999 -9999     0
2021 03 28 12    63  -144 10137   320    30 -9999 -9999     0
2021 03 28 18    12  -115 10155   300    20 -9999 -9999     0
2021 03 28 21   -18   -90 10138    70    10 -9999 -9999     0
2021 03 29 00    20   -93 10145   360    10 -9999 -9999     0
2021 03 29 03    91  -133 10133   280    10 -9999 -9999     0
2021 03 29 06   112  -137 10113   270    20 -9999 -9999     0
2021 03 29 09   128  -132 10098   250    30 -9999 -9999     0
2021 03 29 12    48   -58 10122   110    10 -9999 -9999     0
2021 03 29 18   -15   -70 10134     0 -9999 -9999 -9999     0
2021 03 29 21   -26   -68 10122   320    10 -9999 -9999     0
2021 03 30 00    22   -39 10142   280    10 -9999 -9999     0
2021 03 30 03   111   -67 10124   270    10 -9999 -9999     0
2021 03 30 06   168   -18 10092   180    30 -9999 -9999     0
2021 03 30 09   180    -8 10077   190    20 -9999 -9999     0
2021 03 30 12    95     4 10110   360    20 -9999 -9999     0
2021 03 30 18    54   -34 10121   150    10 -9999 -9999     0
2021 03 30 21    20   -68 10127   330    20 -9999 -9999     0
2021 03 31 00    88   -58 10146   360    10 -9999 -9999     0
2021 03 31 03   159   -64 10131    60    70 -9999 -9999     0
2021 03 31 06   184   -87 10113    90    60 -9999 -9999     0
2021 03 31 09   172   -97 10103    60    70 -9999 -9999     0
2021 03 31 12   136   -83 10120    80    50 -9999 -9999     0
2021 03 31 18    87   -29 10125   100    20 -9999 -9999     0
2021 03 31 21    87   -20 10135   120    30 -9999 -9999     0
2021 04 01 00   101   -13 10151   120    30 -9999 -9999     0
2021 04 01 03   112    -3 10156   120    40 -9999 -9999 -9999
2021 04 01 06    83    25 10176   130    50 -9999 -9999     3
2021 04 01 09    61    26 10180   180    30 -9999 -9999     3
2021 04 01 12    51    30 10188   180    10 -9999 -9999     3
2021 04 01 18    39    21 10207   270    10 -9999 -9999     0
2021 04 01 21    41    26 10212     0 -9999 -9999 -9999 -9999
2021 04 02 00    56    24 10221   230    10 -9999 -9999     0
2021 04 02 03    95    30 10219   260    10 -9999 -9999     0
2021 04 02 06   121    33 10200    60    20 -9999 -9999 -9999
2021 04 02 09   126   -69 10198   360    60 -9999 -9999     2
2021 04 02 12    82   -56 10232   340    60 -9999 -9999     2
2021 04 02 18    34   -36 10260   330    50 -9999 -9999     0
2021 04 02 21    18   -60 10265   340    30 -9999 -9999     0
2021 04 03 00    22   -61 10307   240    10 -9999 -9999     0
2021 04 03 03    79   -99 10291   110    30 -9999 -9999     0
2021 04 03 06   100  -126 10266   180    30 -9999 -9999     0
2021 04 03 09   110  -146 10261    90    20 -9999 -9999     0
2021 04 03 12    35  -142 10289   320    10 -9999 -9999     0
2021 04 03 18   -31  -106 10304    30    10 -9999 -9999     0
2021 04 03 21   -40  -119 10297   360    20 -9999 -9999     0
2021 04 04 00    16  -126 10319   330    10 -9999 -9999     0
2021 04 04 03    95  -185 10296   100    20 -9999 -9999     0
2021 04 04 06   127  -208 10266   190    30 -9999 -9999     0
2021 04 04 09   138  -141 10240   180    20 -9999 -9999     0
2021 04 04 12    45   -96 10255   100    10 -9999 -9999     0
2021 04 04 18     3   -74 10244   350    10 -9999 -9999     0
2021 04 04 21    10   -57 10224   290    10 -9999 -9999     0
2021 04 05 00    53   -25 10235   330    10 -9999 -9999     0
2021 04 05 03   115   -38 10218   190    10 -9999 -9999     0
2021 04 05 06   115   -30 10191   170    30 -9999 -9999     0
2021 04 05 09    81     1 10201   140    20 -9999 -9999 -9999
2021 04 05 12    49    29 10226     0 -9999 -9999 -9999     9
2021 04 05 18    27    15 10234   280    10 -9999 -9999     0
2021 04 05 21    28     9 10242   290    40 -9999 -9999     0
2021 04 06 00    36    18 10270   300    30 -9999 -9999     0
2021 04 06 03    60    21 10282   310    20 -9999 -9999     0
2021 04 06 06   113    15 10245   310    20 -9999 -9999     0
2021 04 06 09   148   -67 10225   330    20 -9999 -9999     0
2021 04 06 12    67   -19 10261   350    10 -9999 -9999     0
2021 04 06 18    41   -17 10256   290    20 -9999 -9999     0
2021 04 06 21    26   -31 10250   270    30 -9999 -9999     0
2021 04 07 00    62   -17 10277   130    10 -9999 -9999     0
2021 04 07 03   129   -77 10262   260    20 -9999 -9999     0
2021 04 07 06   159  -135 10228   190    20 -9999 -9999     0
2021 04 07 09   164  -103 10206   120    30 -9999 -9999     0
2021 04 07 12    87   -83 10224    10    20 -9999 -9999     0
2021 04 07 18    11   -69 10224   270    20 -9999 -9999     0
2021 04 07 21   -11   -57 10229   300    10 -9999 -9999     0
2021 04 08 00    50   -46 10241   280    10 -9999 -9999     0
2021 04 08 06   183   -79 10193   200    30 -9999 -9999     0
2021 04 08 09   178   -92 10181   250    50 -9999 -9999     0
2021 04 08 12   140   -68 10184   240    30 -9999 -9999     0
2021 04 08 18    27   -16 10200   360    10 -9999 -9999     0
2021 04 08 21    -4   -25 10213   270    10 -9999 -9999     0
2021 04 09 00    72     0 10216   290    10 -9999 -9999     0
2021 04 09 03   154    12 10202   300    20 -9999 -9999     0
2021 04 09 06   159    -3 10204   320    80 -9999 -9999     0
2021 04 09 09   165   -21 10198   240    20 -9999 -9999     0
2021 04 09 12   106    27 10217   170    20 -9999 -9999     0
2021 04 09 18    25     9 10230   340    10 -9999 -9999     0
2021 04 09 21    27     9 10227     0 -9999 -9999 -9999     0
2021 04 10 00    65    33 10239     0 -9999 -9999 -9999     0
2021 04 10 03   141    30 10225   190    30 -9999 -9999     0
2021 04 10 06   171    -1 10197   180    40 -9999 -9999     0
2021 04 10 09   173    -9 10182   220    30 -9999 -9999     0
2021 04 10 12   122     3 10201   140    20 -9999 -9999     0
2021 04 10 18    88    19 10196    60    20 -9999 -9999     0
2021 04 10 21    81    17 10196   280    10 -9999 -9999     0
2021 04 11 00    85    45 10218   120    20 -9999 -9999 -9999
2021 04 11 03    91    71 10227    90    20 -9999 -9999    10
2021 04 11 06   113    72 10202   130    30 -9999 -9999    10
2021 04 11 09   112    49 10186   170    30 -9999 -9999     0
2021 04 11 12    95    45 10190    80    20 -9999 -9999     0
2021 04 11 18    70    43 10176   350    10 -9999 -9999     0
2021 04 11 21    65    43 10164   160    10 -9999 -9999     0
2021 04 12 00    59    18 10186   320   100 -9999 -9999 -9999
2021 04 12 03    43    -5 10217   340    90 -9999 -9999     3
2021 04 12 06    72   -36 10229   340    80 -9999 -9999     3
2021 04 12 09    56   -66 10233   350    60 -9999 -9999     0
2021 04 12 12    18   -83 10266   350    50 -9999 -9999     0
2021 04 12 18   -51   -85 10292   310    10 -9999 -9999     0
2021 04 12 21   -50  -104 10295   320    20 -9999 -9999     0
2021 04 13 00    -3  -105 10287   310    20 -9999 -9999     0
2021 04 13 03    42  -194 10274   330    30 -9999 -9999     0
2021 04 13 06    81  -187 10254   310    50 -9999 -9999     0
2021 04 13 09    85  -167 10236   290    50 -9999 -9999     0
2021 04 13 12    59  -142 10240   270    40 -9999 -9999     0
2021 04 13 18   -31  -109 10239    80    10 -9999 -9999     0
2021 04 13 21   -55  -108 10235    60    10 -9999 -9999     0
2021 04 14 00    32   -97 10227   250    10 -9999 -9999     0
2021 04 14 03   129  -140 10191   250    50 -9999 -9999     0
2021 04 14 06   161  -144 10158   230    40 -9999 -9999     0
2021 04 14 09   167  -119 10130   220    40 -9999 -9999     0
2021 04 14 12   129  -102 10117   220    30 -9999 -9999     0
2021 04 14 18    21   -72 10100     0 -9999 -9999 -9999     0
2021 04 14 21    -5   -63 10089   360    20 -9999 -9999     0
2021 04 15 00    74   -29 10078   350    10 -9999 -9999     0
2021 04 15 03   156  -118 10046   260   110 -9999 -9999     0
2021 04 15 06    82   -60 10115   300   160 -9999 -9999     0
2021 04 15 09    72  -131 10152   300    90 -9999 -9999     0
2021 04 15 12    52  -148 10161   310    70 -9999 -9999     0
2021 04 15 18    30  -122 10158   289    18 -9999 -9999 -9999
2021 04 15 21   -11  -110 10158   250    10 -9999 -9999     0
2021 04 16 00    29   -84 10169   340    70 -9999 -9999     0
2021 04 16 03    70  -122 10182   320    70 -9999 -9999     0
2021 04 16 06    90  -148 10193   310    80 -9999 -9999     0
2021 04 16 09    75  -175 10214   340    80 -9999 -9999     0
2021 04 16 12    47  -158 10232   340    50 -9999 -9999     0
2021 04 16 18   -21   -72 10261    10    20 -9999 -9999     0
2021 04 16 21   -67   -91 10283   350    10 -9999 -9999     0
2021 04 17 00     9   -81 10291   210    10 -9999 -9999     0
2021 04 17 03    96  -143 10270   310    50 -9999 -9999     0
2021 04 17 06   135  -126 10240   320    60 -9999 -9999     0
2021 04 17 09   146  -126 10224   300    40 -9999 -9999     0
2021 04 17 12   110  -105 10223   270    10 -9999 -9999     0
2021 04 17 18   -19   -78 10225   330    10 -9999 -9999     0
2021 04 17 21   -42   -94 10228   280    10 -9999 -9999     0
2021 04 18 00    52   -76 10210   260    10 -9999 -9999     0
2021 04 18 03   151  -113 10195   220    30 -9999 -9999     0
2021 04 18 06   187  -135 10156   240    30 -9999 -9999     0
2021 04 18 09   200  -138 10129   170    20 -9999 -9999     0
2021 04 18 12   108   -74 10142   350    10 -9999 -9999     0
2021 04 18 18    33   -69 10132   320    20 -9999 -9999     0
2021 04 18 21     4   -67 10137   320    10 -9999 -9999     0
2021 04 19 00   108   -61 10150   280    20 -9999 -9999     0
2021 04 19 03   194   -48 10137   220    10 -9999 -9999     0
2021 04 19 06   229   -60 10115   130    20 -9999 -9999     0
2021 04 19 09   228   -92 10107   180    10 -9999 -9999     0
2021 04 19 12   164   -31 10107     0 -9999 -9999 -9999     0
2021 04 19 18   108    -3 10110    90    20 -9999 -9999     0
2021 04 19 21    96    10 10112     0 -9999 -9999 -9999 -9999
2021 04 20 00   137    17 10133     0 -9999 -9999 -9999     0
2021 04 20 03   217    -9 10117   160    30 -9999 -9999     0
2021 04 20 06   255    -5 10090   110    30 -9999 -9999     0
2021 04 20 09   224    14 10095   150    70 -9999 -9999     0
2021 04 20 12   161     6 10126   140    40 -9999 -9999     0
2021 04 20 18    68   -19 10137    50    10 -9999 -9999     0
2021 04 20 21    55   -10 10140     0 -9999 -9999 -9999     0
