2021 01 01 00  -138  -195 10359   220    60 -9999 -9999     0
2021 01 01 03   -77  -168 10363   230    50 -9999 -9999     0
2021 01 01 06   -12  -151 10314   210    60 -9999 -9999     0
2021 01 01 09    -4  -151 10314   220    40 -9999 -9999     0
2021 01 01 12   -65  -150 10341   220    30 -9999 -9999     0
2021 01 01 18  -140  -193 10328   210    10 -9999 -9999     0
2021 01 01 21  -167  -209 10336     0 -9999 -9999 -9999     0
2021 01 02 00  -178  -216 10362     0 -9999 -9999 -9999     0
2021 01 02 03  -105  -185 10380   220    20 -9999 -9999     0
2021 01 02 06   -47  -169 10361    80    20 -9999 -9999     0
2021 01 02 09   -35  -175 10379   120    10 -9999 -9999     0
2021 01 02 12   -85  -180 10405   180    10 -9999 -9999     0
2021 01 02 18  -134  -189 10381    60    10 -9999 -9999     0
2021 01 02 21  -168  -224 10369    90    10 -9999 -9999     0
2021 01 03 00  -179  -229 10379   140    10 -9999 -9999     0
2021 01 03 03  -119  -200 10382   270    10 -9999 -9999     0
2021 01 03 06   -65  -188 10347   360    10 -9999 -9999     0
2021 01 03 09   -39  -182 10364    10    10 -9999 -9999     0
2021 01 03 12   -78  -185 10407   340    20 -9999 -9999     0
2021 01 03 18  -144  -179 10404   180    10 -9999 -9999     0
2021 01 03 21  -171  -200 10403    30    10 -9999 -9999     0
2021 01 04 00  -188  -217 10428   230    10 -9999 -9999     0
2021 01 04 03  -127  -179 10441   290    10 -9999 -9999     0
2021 01 04 06   -77  -199 10419    10    30 -9999 -9999     0
2021 01 04 09   -77  -219 10433   310    50 -9999 -9999     0
2021 01 04 12  -126  -209 10472   150    20 -9999 -9999     0
2021 01 04 18  -165  -228 10460   240    30 -9999 -9999     0
2021 01 04 21  -187  -247 10467   220    30 -9999 -9999     0
2021 01 05 00  -195  -248 10486   230    50 -9999 -9999     0
2021 01 05 03  -122  -217 10467   240    60 -9999 -9999     0
2021 01 05 06   -80  -255 10423   250    70 -9999 -9999     0
2021 01 05 09   -74  -320 10424   310    80 -9999 -9999     0
2021 01 05 12  -114  -289 10455   300    70 -9999 -9999     0
2021 01 05 18  -174  -295 10452   310    30 -9999 -9999     0
2021 01 05 21  -194  -270 10473   360    50 -9999 -9999     0
2021 01 06 00  -226  -333 10528    70    20 -9999 -9999     0
2021 01 06 03  -195  -379 10547    10    70 -9999 -9999     0
2021 01 06 06  -175  -373 10525    30    40 -9999 -9999     0
2021 01 06 09  -163  -363 10527   360    20 -9999 -9999     0
2021 01 06 12  -198  -361 10554   300    20 -9999 -9999     0
2021 01 06 18  -240  -352 10533   200    30 -9999 -9999     0
2021 01 06 21  -242  -348 10522   200    30 -9999 -9999     0
2021 01 07 00  -250  -342 10540   210    40 -9999 -9999     0
2021 01 07 03  -186  -323 10535   220    40 -9999 -9999     0
2021 01 07 06  -120  -310 10495   210    50 -9999 -9999     0
2021 01 07 09  -111  -314 10490   200    40 -9999 -9999     0
2021 01 07 12  -161  -320 10516   250    30 -9999 -9999     0
2021 01 07 18  -212  -307 10493   200    20 -9999 -9999     0
2021 01 07 21  -229  -323 10490   210    30 -9999 -9999     0
2021 01 08 00  -234  -330 10502   190    30 -9999 -9999     0
2021 01 08 03  -163  -302 10495   220    40 -9999 -9999     0
2021 01 08 06   -82  -310 10440   200    40 -9999 -9999     0
2021 01 08 09   -74  -304 10438   200    30 -9999 -9999     0
2021 01 08 12  -139  -306 10466   110    20 -9999 -9999     0
2021 01 08 18  -189  -306 10437   200    20 -9999 -9999     0
2021 01 08 21  -208  -296 10436   213    18 -9999 -9999 -9999
2021 01 09 00  -213  -299 10456   210    20 -9999 -9999     0
2021 01 09 03  -159  -282 10469   210    30 -9999 -9999     0
2021 01 09 06   -68  -245 10415   210    30 -9999 -9999     0
2021 01 09 09   -66  -238 10423   190    20 -9999 -9999     0
2021 01 09 12  -114  -229 10456   230    30 -9999 -9999     0
2021 01 09 18  -130  -256 10410   220    30 -9999 -9999     0
2021 01 09 21  -132  -261 10406   220    30 -9999 -9999     0
2021 01 10 00  -127  -247 10428   210    40 -9999 -9999     0
2021 01 10 03   -89  -249 10446   260    40 -9999 -9999     0
2021 01 10 06   -69  -224 10430   280    90 -9999 -9999     0
2021 01 10 09   -66  -217 10422   250    90 -9999 -9999     0
2021 01 10 12   -84  -215 10438   260    70 -9999 -9999     0
2021 01 10 18  -107  -201 10432   250    50 -9999 -9999     0
2021 01 10 21  -109  -191 10413   240    70 -9999 -9999     0
2021 01 11 00  -141  -206 10417   230    50 -9999 -9999     0
2021 01 11 03   -85  -197 10391   220    80 -9999 -9999     0
2021 01 11 06   -19  -219 10336   240    90 -9999 -9999     0
2021 01 11 09   -10  -223 10309   240    80 -9999 -9999     0
2021 01 11 12   -38  -235 10314   240    50 -9999 -9999     0
2021 01 11 18   -54  -238 10243   230    60 -9999 -9999     0
2021 01 11 21   -71  -229 10216   220    60 -9999 -9999     0
2021 01 12 00   -83  -240 10203   210    50 -9999 -9999     0
2021 01 12 03   -18  -243 10193   230    60 -9999 -9999     0
2021 01 12 06    50  -253 10149   250    90 -9999 -9999     0
2021 01 12 09    58  -247 10151   270    80 -9999 -9999     0
2021 01 12 12    29  -237 10181   260    80 -9999 -9999     0
2021 01 12 18   -25  -213 10186   220    70 -9999 -9999     0
2021 01 12 21   -33  -231 10179   220    60 -9999 -9999     0
2021 01 13 00   -54  -238 10187   230    80 -9999 -9999     0
2021 01 13 03   -15  -241 10200   220    70 -9999 -9999     0
2021 01 13 06    51  -252 10155   240    80 -9999 -9999     0
2021 01 13 09    62  -232 10142   220    50 -9999 -9999     0
2021 01 13 12   -15  -216 10157   230    40 -9999 -9999     0
2021 01 13 18   -30  -260 10096   220    40 -9999 -9999     0
2021 01 13 21    13  -282 10093   290    50 -9999 -9999     0
2021 01 14 00    20  -126 10159   280    50 -9999 -9999     0
2021 01 14 03     5  -159 10209   270    60 -9999 -9999     0
2021 01 14 06    31  -177 10202   290   100 -9999 -9999     0
2021 01 14 09    31  -146 10199   250    60 -9999 -9999     0
2021 01 14 12   -18  -142 10246   250    40 -9999 -9999     0
2021 01 14 18   -57  -187 10272   290    20 -9999 -9999     0
2021 01 14 21   -71  -178 10279   230    30 -9999 -9999     0
2021 01 15 00   -63  -196 10313   280    60 -9999 -9999     0
2021 01 15 03   -57  -198 10339   300    60 -9999 -9999     0
2021 01 15 06   -41  -208 10330   280    50 -9999 -9999     0
2021 01 15 09   -36  -203 10336   330    20 -9999 -9999     0
2021 01 15 12   -87  -202 10368   270    10 -9999 -9999     0
2021 01 15 18  -131  -218 10402   190    20 -9999 -9999     0
2021 01 15 21  -151  -230 10417   290    10 -9999 -9999     0
2021 01 16 00  -135  -222 10445   290    40 -9999 -9999     0
2021 01 16 03   -87  -193 10478   180    10 -9999 -9999     0
2021 01 16 06   -55  -200 10463   310    80 -9999 -9999     0
2021 01 16 09   -51  -226 10477   300    60 -9999 -9999     0
2021 01 16 12  -100  -219 10501   250    30 -9999 -9999     0
2021 01 16 18  -120  -229 10442   220    60 -9999 -9999     0
2021 01 16 21  -128  -213 10406   220    80 -9999 -9999     0
2021 01 17 00  -127  -210 10393   210    50 -9999 -9999     0
2021 01 17 03   -80  -205 10373   220    70 -9999 -9999     0
2021 01 17 06   -12  -225 10313   240    80 -9999 -9999     0
2021 01 17 09    23  -252 10293   290    40 -9999 -9999     0
2021 01 17 12   -46  -236 10317   240    40 -9999 -9999     0
2021 01 17 18   -97  -240 10289   210    30 -9999 -9999     0
2021 01 17 21  -112  -233 10268   210    30 -9999 -9999     0
2021 01 18 00  -105  -224 10272   210    50 -9999 -9999     0
2021 01 18 03   -52  -209 10258   220    30 -9999 -9999     0
2021 01 18 06    47  -223 10195   230    50 -9999 -9999     0
2021 01 18 09    63  -220 10176   250    20 -9999 -9999     0
2021 01 18 12   -22  -222 10202    80    20 -9999 -9999     0
2021 01 18 18  -100  -199 10185    20    30 -9999 -9999     0
2021 01 18 21  -126  -202 10191   210    20 -9999 -9999     0
2021 01 19 00  -155  -236 10232   170    20 -9999 -9999     0
2021 01 19 03   -91  -211 10248   210    20 -9999 -9999     0
2021 01 19 06     5  -193 10210   190    30 -9999 -9999     0
2021 01 19 09    33  -175 10207   230    50 -9999 -9999     0
2021 01 19 12   -44  -183 10257   220    10 -9999 -9999     0
2021 01 19 18  -110  -209 10252   210    30 -9999 -9999     0
2021 01 19 21  -125  -217 10252   200    30 -9999 -9999     0
2021 01 20 00  -129  -214 10278   210    30 -9999 -9999     0
2021 01 20 03   -55  -179 10273   210    40 -9999 -9999     0
2021 01 20 06    24  -177 10236   200    40 -9999 -9999     0
2021 01 20 09    41  -175 10229   220    20 -9999 -9999     0
2021 01 20 12   -18  -188 10261   200    30 -9999 -9999     0
2021 01 20 18   -95  -198 10260   230    30 -9999 -9999     0
2021 01 20 21  -112  -205 10260   230    40 -9999 -9999     0
2021 01 21 00  -105  -204 10298   220    50 -9999 -9999     0
2021 01 21 03   -38  -185 10315   220    40 -9999 -9999     0
2021 01 21 06    45  -192 10276   220    60 -9999 -9999     0
2021 01 21 09    49  -188 10274   230    60 -9999 -9999     0
2021 01 21 12   -20  -194 10297   330    10 -9999 -9999     0
2021 01 21 18   -96  -207 10260   250    20 -9999 -9999     0
2021 01 21 21  -118  -206 10244   260    20 -9999 -9999     0
2021 01 22 00  -142  -219 10261   280    20 -9999 -9999     0
2021 01 22 03   -74  -206 10249    30    20 -9999 -9999     0
2021 01 22 06    11  -163 10199    60    30 -9999 -9999     0
2021 01 22 09    34  -169 10188    40    30 -9999 -9999     0
2021 01 22 12   -23  -171 10223    10    30 -9999 -9999     0
2021 01 22 18   -94  -191 10197   340    10 -9999 -9999     0
2021 01 22 21  -116  -193 10194   160    20 -9999 -9999     0
2021 01 23 00  -148  -210 10226     0 -9999 -9999 -9999     0
2021 01 23 03   -54  -152 10228    40    30 -9999 -9999     0
2021 01 23 06     5  -155 10201    50    30 -9999 -9999     0
2021 01 23 09    35  -157 10204    30    20 -9999 -9999     0
2021 01 23 12   -24  -161 10248    50    20 -9999 -9999     0
2021 01 23 18   -82  -170 10224    20    30 -9999 -9999     0
2021 01 23 21   -83  -162 10213    20    40 -9999 -9999     0
2021 01 24 00   -96  -159 10251    20    30 -9999 -9999     0
2021 01 24 03   -60  -145 10275    20    20 -9999 -9999     0
2021 01 24 06    -4  -136 10255    90    30 -9999 -9999     0
2021 01 24 09    19  -143 10267   310    20 -9999 -9999     0
2021 01 24 12   -15  -140 10327   290    70 -9999 -9999     0
2021 01 24 18   -43  -101 10340   240    50 -9999 -9999     0
2021 01 24 21   -78  -125 10338   200    30 -9999 -9999     0
2021 01 25 00   -99  -149 10355   210    30 -9999 -9999     0
2021 01 25 03   -40  -139 10344   230    70 -9999 -9999     0
2021 01 25 06    16  -158 10310   240    60 -9999 -9999     0
2021 01 25 09    20  -175 10305   290    30 -9999 -9999     0
2021 01 25 12   -43  -175 10340   240    10 -9999 -9999     0
2021 01 25 18   -91  -167 10330   210    30 -9999 -9999     0
2021 01 25 21  -119  -189 10329   200    20 -9999 -9999     0
2021 01 26 00  -132  -188 10350   180    10 -9999 -9999     0
2021 01 26 03   -60  -163 10344   160    10 -9999 -9999     0
2021 01 26 06   -14  -156 10305   100    20 -9999 -9999     0
2021 01 26 09     5  -155 10287   170    20 -9999 -9999     0
2021 01 26 12   -43  -168 10306   230    10 -9999 -9999     0
2021 01 26 18   -79  -170 10276   200    20 -9999 -9999     0
2021 01 26 21   -99  -181 10276   210    10 -9999 -9999     0
2021 01 27 00   -72  -201 10319   300    60 -9999 -9999     0
2021 01 27 03   -33  -166 10333   250    40 -9999 -9999     0
2021 01 27 06   -14  -184 10328   300   130 -9999 -9999     0
2021 01 27 09   -34  -211 10360   290   100 -9999 -9999     0
2021 01 27 12   -76  -222 10390   260    20 -9999 -9999     0
2021 01 27 18  -122  -205 10385   250    30 -9999 -9999     0
2021 01 27 21  -141  -200 10383   210    20 -9999 -9999     0
2021 01 28 00  -131  -187 10394   210    30 -9999 -9999     0
2021 01 28 03   -66  -168 10386   220    60 -9999 -9999     0
2021 01 28 06    13  -161 10338   230    70 -9999 -9999     0
2021 01 28 09    18  -166 10319   240    70 -9999 -9999     0
2021 01 28 12   -42  -167 10333   230    40 -9999 -9999     0
2021 01 28 18   -88  -183 10302   210    30 -9999 -9999     0
2021 01 28 21  -100  -185 10295   210    30 -9999 -9999     0
2021 01 29 00  -115  -194 10325   220    30 -9999 -9999     0
2021 01 29 03   -32  -165 10328   210    50 -9999 -9999     0
2021 01 29 06    38  -154 10292   290   100 -9999 -9999     0
2021 01 29 09    32  -154 10294   300    80 -9999 -9999     0
2021 01 29 12   -25  -159 10326   270    30 -9999 -9999     0
2021 01 29 18   -73  -169 10304   220    40 -9999 -9999     0
2021 01 29 21   -82  -170 10294   200    40 -9999 -9999     0
2021 01 30 00  -100  -178 10324   210    50 -9999 -9999     0
2021 01 30 03   -39  -168 10319   200    50 -9999 -9999     0
2021 01 30 06    46  -153 10270   260    60 -9999 -9999     0
2021 01 30 09    54  -170 10254   270    70 -9999 -9999     0
2021 01 30 12    -8  -189 10281   250    30 -9999 -9999     0
2021 01 30 18   -72  -204 10253   220    50 -9999 -9999     0
2021 01 30 21   -79  -197 10247   200    40 -9999 -9999     0
2021 01 31 00   -91  -202 10273   210    60 -9999 -9999     0
2021 01 31 03   -16  -182 10271   230    90 -9999 -9999     0
2021 01 31 06    44  -166 10228   260    90 -9999 -9999     0
2021 01 31 09    47  -176 10230   290    80 -9999 -9999     0
2021 01 31 12   -11  -182 10270   280    40 -9999 -9999     0
2021 01 31 18   -76  -192 10267   220    20 -9999 -9999     0
2021 01 31 21   -94  -194 10281    20    30 -9999 -9999     0
2021 02 01 00  -118  -204 10327   360    20 -9999 -9999     0
2021 02 01 03   -60  -197 10349    50    40 -9999 -9999     0
2021 02 01 06   -38  -219 10353    50    30 -9999 -9999     0
2021 02 01 09   -34  -243 10355    90    30 -9999 -9999     0
2021 02 01 12   -82  -262 10382    90    10 -9999 -9999     0
2021 02 01 18  -156  -259 10373   250    20 -9999 -9999     0
2021 02 01 21  -162  -247 10364   190    20 -9999 -9999     0
2021 02 02 00  -171  -267 10372   180    20 -9999 -9999     0
2021 02 02 03   -92  -236 10358   200    30 -9999 -9999     0
2021 02 02 06    26  -222 10291   220    50 -9999 -9999     0
2021 02 02 09    47  -198 10266   240    40 -9999 -9999     0
2021 02 02 12   -22  -183 10288   200    20 -9999 -9999     0
2021 02 02 18   -39  -197 10282   240    60 -9999 -9999     0
2021 02 02 21   -51  -212 10304   230    30 -9999 -9999     0
2021 02 03 00  -119  -225 10359   210    30 -9999 -9999     0
2021 02 03 03   -48  -201 10360   230    20 -9999 -9999     0
2021 02 03 06    18  -207 10324   190    30 -9999 -9999     0
2021 02 03 09    38  -221 10307   180    30 -9999 -9999     0
2021 02 03 12   -17  -223 10346   220    20 -9999 -9999     0
2021 02 03 18   -96  -222 10327   210    30 -9999 -9999     0
2021 02 03 21  -110  -228 10310   210    30 -9999 -9999     0
2021 02 04 00  -102  -221 10333   210    40 -9999 -9999     0
2021 02 04 03   -16  -200 10325   200    40 -9999 -9999     0
2021 02 04 06    72  -185 10276   228    72 -9999 -9999 -9999
2021 02 04 09    79  -188 10267   290    60 -9999 -9999     0
2021 02 04 12    17  -149 10299   270    20 -9999 -9999     0
2021 02 04 18   -27  -144 10257   230    50 -9999 -9999     0
2021 02 04 21   -22  -146 10238   230    60 -9999 -9999     0
2021 02 05 00   -53  -146 10247   220    50 -9999 -9999     0
2021 02 05 03    26  -137 10242   230    70 -9999 -9999     0
2021 02 05 06    89  -156 10196   260   100 -9999 -9999     0
2021 02 05 09   101  -171 10179   280    90 -9999 -9999     0
2021 02 05 12    32  -176 10213   260    40 -9999 -9999     0
2021 02 05 18   -35  -168 10186   210    40 -9999 -9999     0
2021 02 05 21   -48  -169 10196   240    40 -9999 -9999     0
2021 02 06 00   -56  -186 10228   230    40 -9999 -9999     0
2021 02 06 03    27  -169 10241   220    60 -9999 -9999     0
2021 02 06 06    91  -162 10212   260    50 -9999 -9999     0
2021 02 06 09    88  -181 10221   320    60 -9999 -9999     0
2021 02 06 12    22  -173 10263    10    20 -9999 -9999     0
2021 02 06 18   -55  -156 10282   360    40 -9999 -9999     0
2021 02 06 21   -73  -144 10285    10    50 -9999 -9999     0
2021 02 07 00  -112  -161 10334   290    10 -9999 -9999     0
2021 02 07 03   -30  -112 10344    30    40 -9999 -9999     0
2021 02 07 06    40  -120 10307    40    40 -9999 -9999     0
2021 02 07 09    53  -136 10304    50    40 -9999 -9999     0
2021 02 07 12    11  -141 10332    30    40 -9999 -9999     0
2021 02 07 18   -31  -148 10302    20    30 -9999 -9999     0
2021 02 07 21   -46  -153 10298    10    20 -9999 -9999     0
2021 02 08 00   -70  -159 10320   360    30 -9999 -9999     0
2021 02 08 03   -29  -149 10329    10    20 -9999 -9999     0
2021 02 08 06    34  -138 10291    30    10 -9999 -9999     0
2021 02 08 09    59  -142 10278   240    10 -9999 -9999     0
2021 02 08 12    -5  -144 10302   140    30 -9999 -9999     0
2021 02 08 18   -67  -167 10285   200    20 -9999 -9999     0
2021 02 08 21   -81  -177 10267   190    20 -9999 -9999     0
2021 02 09 00   -93  -180 10283   180    20 -9999 -9999     0
2021 02 09 03   -39  -165 10286   210    20 -9999 -9999     0
2021 02 09 06    63  -156 10246    90    20 -9999 -9999     0
2021 02 09 12    19  -176 10257   100    30 -9999 -9999     0
2021 02 09 18   -77  -187 10232   250    10 -9999 -9999     0
2021 02 09 21   -78  -155 10212   340    30 -9999 -9999     0
2021 02 10 00   -97  -149 10229   360    30 -9999 -9999     0
2021 02 10 03    -7  -129 10212    40    40 -9999 -9999     0
2021 02 10 06    80  -142 10174    30    50 -9999 -9999     0
2021 02 10 09   116  -126 10138    20    40 -9999 -9999     0
2021 02 11 00   -19  -143 10236   220    30 -9999 -9999     0
2021 02 13 12    57  -138 10210   360    50 -9999 -9999     0
2021 02 13 18   -29  -149 10200   190    10 -9999 -9999     0
2021 02 13 21   -56  -154 10197   170    10 -9999 -9999     0
2021 02 14 00   -69  -156 10237    10    10 -9999 -9999     0
2021 02 14 03    -5  -113 10273    20    50 -9999 -9999     0
2021 02 14 06    19  -113 10287   350    40 -9999 -9999     0
2021 02 14 09    28  -153 10302   330    50 -9999 -9999     0
2021 02 14 12   -28  -192 10345    10    10 -9999 -9999     0
2021 02 14 18   -86  -187 10336   210    30 -9999 -9999     0
2021 02 14 21  -103  -192 10317   190    30 -9999 -9999     0
2021 02 15 00  -102  -186 10321   200    30 -9999 -9999     0
2021 02 15 03     8  -148 10293   210    50 -9999 -9999     0
2021 02 15 06    57  -175 10252   240    90 -9999 -9999     0
2021 02 15 09    88  -191 10229   300    80 -9999 -9999     0
2021 02 15 12    33  -181 10258   250    50 -9999 -9999     0
2021 02 15 18   -41  -184 10264   180    20 -9999 -9999     0
2021 02 15 21   -58  -158 10275   360    30 -9999 -9999     0
2021 02 16 00   -79  -160 10313   360    20 -9999 -9999     0
2021 02 16 03   -17  -162 10326    40    40 -9999 -9999     0
2021 02 16 06    21  -169 10313   300    20 -9999 -9999     0
2021 02 16 09    51  -160 10297   200    30 -9999 -9999     0
2021 02 16 12    15  -150 10320   200    20 -9999 -9999     0
2021 02 16 18   -54  -175 10324   200    20 -9999 -9999     0
2021 02 16 21   -82  -183 10321   220    20 -9999 -9999     0
2021 02 17 00   -85  -180 10338   210    30 -9999 -9999     0
2021 02 17 03    14  -156 10333   210    40 -9999 -9999     0
2021 02 17 06   103  -160 10295   220    40 -9999 -9999     0
2021 02 17 09   114  -170 10292   330    50 -9999 -9999     0
2021 02 17 12    45  -171 10318   170    20 -9999 -9999     0
2021 02 17 18   -37  -180 10295   210    20 -9999 -9999     0
2021 02 17 21   -54  -191 10288   210    30 -9999 -9999     0
2021 02 18 00   -63  -193 10310   210    50 -9999 -9999     0
2021 02 18 03    47  -183 10296   220    50 -9999 -9999     0
2021 02 18 06   124  -135 10259   250    80 -9999 -9999     0
2021 02 18 09   135  -154 10245   270    70 -9999 -9999     0
2021 02 18 12    44  -139 10273   280    20 -9999 -9999     0
2021 02 18 18   -17  -170 10240   210    40 -9999 -9999     0
2021 02 18 21   -35  -182 10232   200    40 -9999 -9999     0
2021 02 19 00   -30  -181 10255   200    50 -9999 -9999     0
2021 02 19 03    53  -171 10250   210    70 -9999 -9999     0
2021 02 19 06   130  -158 10210   250    80 -9999 -9999     0
2021 02 19 09   145  -156 10190   240    80 -9999 -9999     0
2021 02 20 18    62  -202 10119   215    35 -9999 -9999 -9999
2021 02 20 21    21  -198 10122   222    38 -9999 -9999 -9999
2021 02 21 00     7  -186 10165   213    22 -9999 -9999 -9999
2021 02 21 03   107  -148 10157   227    56 -9999 -9999 -9999
2021 02 21 09   166  -110 10155   306    61 -9999 -9999 -9999
2021 02 21 12    97  -109 10190    36    17 -9999 -9999 -9999
2021 02 21 18    10  -121 10213   203    19 -9999 -9999 -9999
2021 02 21 21   -27  -133 10217   160    10 -9999 -9999     0
2021 02 22 00   -32  -138 10257   360     2 -9999 -9999 -9999
2021 02 22 03    27   -83 10260    40    40 -9999 -9999     0
2021 02 22 06    76   -80 10230    30    40 -9999 -9999     0
2021 02 22 09   113   -91 10208    50    20 -9999 -9999     0
2021 02 22 12    58  -100 10236    70    20 -9999 -9999     0
2021 02 22 18    21   -95 10213   350    30 -9999 -9999     0
2021 02 22 21   -10  -120 10193   360    30 -9999 -9999     0
2021 02 23 00   -30   -99 10216    40    40 -9999 -9999     0
2021 02 23 03    73   -96 10197    40    90 -9999 -9999     0
2021 02 23 06   118  -118 10163    50    80 -9999 -9999     0
2021 02 23 09   114  -121 10157    50    70 -9999 -9999     0
2021 02 23 12    77  -111 10192    20    50 -9999 -9999     0
2021 02 23 18    14  -124 10174    20    30 -9999 -9999     0
2021 02 23 21   -10  -135 10162    10    40 -9999 -9999     0
2021 02 24 00   -10  -126 10172    20    50 -9999 -9999     0
2021 02 24 03    74  -104 10166    50    70 -9999 -9999     0
2021 02 24 06   130   -95 10142    54    62 -9999 -9999 -9999
2021 02 24 09   128   -96 10151    40    70 -9999 -9999     0
2021 02 24 12    90  -100 10194    20    50 -9999 -9999     0
2021 02 24 18    39  -148 10201    20    20 -9999 -9999     0
2021 02 24 21     7  -107 10204    20    20 -9999 -9999     0
2021 02 25 00   -22  -115 10223    30    30 -9999 -9999     0
2021 02 25 03    75   -94 10213    60    50 -9999 -9999     0
2021 02 25 06   139   -93 10172    50    60 -9999 -9999     0
2021 02 25 09   143  -112 10159    90    70 -9999 -9999     0
2021 02 25 12    96   -55 10176   110    50 -9999 -9999     0
2021 02 25 18     0   -82 10138   340    20 -9999 -9999     0
2021 02 25 21    16   -69 10103    10    30 -9999 -9999     0
2021 02 26 00   -15   -94 10113   240    10 -9999 -9999     0
2021 02 26 03    88    -5 10104   340    20 -9999 -9999     0
2021 02 26 06   122   -17 10085   320    40 -9999 -9999     0
2021 02 26 09   135   -20 10062   140    60 -9999 -9999     0
2021 02 26 12    85   -16 10089   130    50 -9999 -9999     0
2021 02 26 18     7   -38 10081    30    10 -9999 -9999     0
2021 02 26 21    -2   -34 10082   340    30 -9999 -9999     0
2021 02 27 00     2   -25 10129   350    30 -9999 -9999     0
2021 02 27 03    32   -88 10158   330    50 -9999 -9999     0
2021 02 27 06    12   -53 10188   340    50 -9999 -9999 -9999
2021 02 27 09    10   -27 10214   320    30 -9999 -9999     1
2021 02 27 12     4   -88 10245   310    50 -9999 -9999     1
2021 02 27 18   -22  -125 10256    50    30 -9999 -9999     0
2021 02 27 21   -62  -173 10253    50    20 -9999 -9999     0
2021 02 28 00   -62  -206 10279   350    10 -9999 -9999     0
2021 02 28 03   -29  -185 10297     0 -9999 -9999 -9999     0
2021 02 28 06    -4   -81 10288    40    30 -9999 -9999     0
2021 02 28 09     2   -82 10328   210    20 -9999 -9999     0
2021 02 28 12    -4  -232 10349   270    30 -9999 -9999     0
2021 02 28 18   -47  -175 10366   220    40 -9999 -9999     0
2021 02 28 21   -55  -108 10357   200    30 -9999 -9999     0
2021 03 01 00   -60  -100 10359   220    40 -9999 -9999     0
2021 03 01 03     9   -67 10339   230    80 -9999 -9999     0
2021 03 01 06    67  -110 10295   240    70 -9999 -9999     0
2021 03 01 09    88  -164 10268   270    40 -9999 -9999     0
2021 03 01 12    32  -140 10286   200    10 -9999 -9999     0
2021 03 01 18   -24  -145 10258   220    30 -9999 -9999     0
2021 03 01 21   -64  -149 10249   250    10 -9999 -9999     0
2021 03 02 00   -63  -132 10269   210    20 -9999 -9999     0
2021 03 02 03    67   -84 10245   220    60 -9999 -9999     0
2021 03 02 06   125  -143 10208   300    60 -9999 -9999     0
2021 03 02 09   130  -148 10206   280    60 -9999 -9999     0
2021 03 02 12    59  -126 10232   230    30 -9999 -9999     0
2021 03 02 18    -4  -147 10206   190    40 -9999 -9999     0
2021 03 02 21    -3  -150 10190   200    40 -9999 -9999     0
2021 03 03 00   -37  -147 10212   220    40 -9999 -9999     0
2021 03 03 03    71  -138 10195   220    60 -9999 -9999     0
2021 03 03 06   131  -147 10157   240    60 -9999 -9999     0
2021 03 03 09   145  -180 10141   260    70 -9999 -9999     0
2021 03 03 12    94  -159 10176   300    40 -9999 -9999     0
2021 03 03 18     2  -171 10168   190    30 -9999 -9999     0
2021 03 03 21   -23  -164 10159   210    30 -9999 -9999     0
2021 03 04 00   -27  -171 10178   210    20 -9999 -9999     0
2021 03 04 03    83  -161 10167   200    20 -9999 -9999     0
2021 03 04 06   150  -164 10133   210    40 -9999 -9999     0
2021 03 04 09   165  -195 10131   270    70 -9999 -9999     0
2021 03 04 12   105  -199 10168   310    40 -9999 -9999     0
2021 03 04 18    50  -107 10182   270    10 -9999 -9999     0
2021 03 04 21     3  -130 10194   200    20 -9999 -9999     0
2021 03 05 00   -17  -135 10234     0 -9999 -9999 -9999     0
2021 03 05 03    71  -144 10238    20    30 -9999 -9999     0
2021 03 05 06    99  -126 10233    40    20 -9999 -9999     0
2021 03 05 09   106  -187 10246   350    20 -9999 -9999     0
2021 03 05 12    68  -152 10288   360    30 -9999 -9999     0
2021 03 05 18   -11   -97 10310    20    40 -9999 -9999     0
2021 03 05 21   -33  -135 10313    20    30 -9999 -9999     0
2021 03 06 00   -48  -149 10335    20    30 -9999 -9999     0
2021 03 06 03    22  -140 10331    30    40 -9999 -9999     0
2021 03 06 06    76  -128 10294    60    30 -9999 -9999     0
2021 03 06 09    98  -134 10269    20    20 -9999 -9999     0
2021 03 06 12    52  -148 10287    80    30 -9999 -9999     0
2021 03 06 18   -29  -162 10254    10    40 -9999 -9999     0
2021 03 06 21   -35  -161 10227    20    40 -9999 -9999     0
2021 03 07 00   -33  -150 10242    10    40 -9999 -9999     0
2021 03 07 03    49  -130 10226    50    70 -9999 -9999     0
2021 03 07 06   111   -77 10189    30    70 -9999 -9999     0
2021 03 07 09   124   -66 10174    30    60 -9999 -9999     0
2021 03 07 12    83   -78 10204    50    60 -9999 -9999     0
2021 03 07 18     5  -103 10194    10    20 -9999 -9999     0
2021 03 08 00   -40  -119 10215   160    10 -9999 -9999     0
2021 03 08 03    68   -83 10212    20    30 -9999 -9999     0
2021 03 08 06   138   -64 10189    10    30 -9999 -9999     0
2021 03 08 09   156  -109 10181    90    20 -9999 -9999     0
2021 03 08 12    98  -127 10211    90    20 -9999 -9999     0
2021 03 08 18    14  -147 10201    20    40 -9999 -9999     0
2021 03 08 21    -6  -108 10199   360    30 -9999 -9999     0
2021 03 09 00   -15   -94 10228    10    30 -9999 -9999     0
2021 03 09 03    95   -64 10222    40    40 -9999 -9999     0
2021 03 09 06   162   -89 10190    50    50 -9999 -9999     0
2021 03 09 09   172  -115 10174    60    60 -9999 -9999     0
2021 03 09 12   128  -102 10204    20    40 -9999 -9999     0
2021 03 09 18    63   -70 10183   360    20 -9999 -9999     0
2021 03 09 21    65   -79 10177    10    20 -9999 -9999     0
2021 03 10 00    15   -81 10206   210    10 -9999 -9999     0
2021 03 10 03   109   -60 10203    30    10 -9999 -9999     0
2021 03 10 06   164   -66 10170    70    20 -9999 -9999     0
2021 03 10 09   182  -107 10149   350    20 -9999 -9999     0
2021 03 10 12   123  -113 10184   120    10 -9999 -9999     0
2021 03 10 18    40   -94 10175   230    20 -9999 -9999     0
2021 03 10 21     7  -116 10170   183     8 -9999 -9999 -9999
2021 03 11 00    -4  -120 10194     0 -9999 -9999 -9999     0
2021 03 11 03    91  -104 10188    40    10 -9999 -9999     0
2021 03 11 06   163   -54 10150    30    20 -9999 -9999     0
2021 03 11 09   186   -62 10136    30    20 -9999 -9999     0
2021 03 11 12   136   -66 10162    30    20 -9999 -9999     0
2021 03 11 18    59   -32 10177    20    10 -9999 -9999     0
2021 03 11 21    25   -45 10185   190    20 -9999 -9999     0
2021 03 12 00     4   -58 10221   290    10 -9999 -9999     0
2021 03 12 03    93     2 10232    40    40 -9999 -9999     0
2021 03 12 06   143    -9 10214    40    30 -9999 -9999     0
2021 03 12 09   166   -85 10203    89    37 -9999 -9999 -9999
2021 03 12 12   111   -92 10222   100    30 -9999 -9999     0
2021 03 12 18    22  -124 10184    20    30 -9999 -9999     0
2021 03 12 21    -9  -103 10170   350    10 -9999 -9999     0
2021 03 13 00     5   -80 10171    20    30 -9999 -9999     0
2021 03 13 03   117   -62 10139    50    60 -9999 -9999     0
2021 03 13 06   197   -60 10082    50    90 -9999 -9999     0
2021 03 13 09   200   -30 10059    40    70 -9999 -9999     0
2021 03 13 12   139    -9 10078    10    50 -9999 -9999     0
2021 03 13 18    92   -24 10065   190    30 -9999 -9999     0
2021 03 13 21    68   -37 10058   210    50 -9999 -9999     0
2021 03 14 00    68   -62 10088   220    40 -9999 -9999     0
2021 03 14 03   131   -93 10085   210    40 -9999 -9999     0
2021 03 14 06   203  -123 10037   220    60 -9999 -9999     0
2021 03 14 09   227  -132 10016   220    50 -9999 -9999     0
2021 03 14 12   164  -121 10037   220    30 -9999 -9999     0
2021 03 14 18    85  -104 10108    60   120 -9999 -9999     0
2021 03 14 21    22  -210 10149    50   100 -9999 -9999     0
2021 03 15 00   -10  -206 10206    50   100 -9999 -9999     0
2021 03 15 03    -5  -233 10228    50   100 -9999 -9999     0
2021 03 15 06    27  -239 10206    60   110 -9999 -9999     0
2021 03 15 09    49  -231 10189    50   120 -9999 -9999     0
2021 03 15 12    22  -185 10207    40   100 -9999 -9999     0
2021 03 15 18    16  -196 10216    40    50 -9999 -9999     0
2021 03 15 21     5  -173 10209    10    30 -9999 -9999     0
2021 03 16 00     3  -195 10232    20    20 -9999 -9999     0
2021 03 16 03    27  -180 10231    50    10 -9999 -9999     0
2021 03 16 06    52  -201 10206   150    10 -9999 -9999     0
2021 03 16 09    70  -215 10184    80    20 -9999 -9999     0
2021 03 16 12    53  -193 10205    70    30 -9999 -9999     0
2021 03 16 18    34  -187 10185    40    60 -9999 -9999     0
2021 03 16 21    34  -181 10162    50    70 -9999 -9999     0
2021 03 17 00    17  -153 10183    20    50 -9999 -9999     0
2021 03 17 03    40  -153 10192    30    50 -9999 -9999     0
2021 03 17 06    57  -138 10178    70    30 -9999 -9999     0
2021 03 17 09    62  -124 10173    80    10 -9999 -9999     0
2021 03 17 12    50  -111 10193   260    10 -9999 -9999     0
2021 03 17 18    23  -135 10188   150    10 -9999 -9999     0
2021 03 17 21    19  -147 10183   200    20 -9999 -9999     0
2021 03 18 00    15  -134 10194    80    10 -9999 -9999     0
2021 03 18 03    51  -149 10200   110    10 -9999 -9999     0
2021 03 18 06    97  -165 10176    80    20 -9999 -9999     0
2021 03 18 09   105  -159 10160    40    30 -9999 -9999     0
2021 03 18 12    87  -107 10177    67    14 -9999 -9999 -9999
2021 03 18 18    63   -96 10186    10    20 -9999 -9999     0
2021 03 18 21    56   -83 10188   220    20 -9999 -9999     0
2021 03 19 00    48   -53 10240   310   100 -9999 -9999     0
2021 03 19 03    45  -143 10268   310    90 -9999 -9999     0
2021 03 19 06    64  -138 10256   300    90 -9999 -9999     0
2021 03 19 09    72  -281 10247   320   100 -9999 -9999     0
2021 03 19 12    44  -285 10289   300    60 -9999 -9999     0
2021 03 19 18   -31  -235 10300   240    30 -9999 -9999     0
2021 03 19 21   -52  -222 10298   210    30 -9999 -9999     0
2021 03 20 00   -55  -220 10317   210    30 -9999 -9999     0
2021 03 20 03    39  -220 10315   320    60 -9999 -9999     0
2021 03 20 06    52  -179 10318   310   100 -9999 -9999     0
2021 03 20 09    47  -223 10339   340    60 -9999 -9999     0
2021 03 20 12     8  -202 10374    30    30 -9999 -9999     0
2021 03 20 18   -58  -195 10378   200    30 -9999 -9999     0
2021 03 20 21   -81  -215 10373   200    30 -9999 -9999     0
2021 03 21 00   -85  -212 10393   200    30 -9999 -9999     0
2021 03 21 03    32  -202 10376   240    50 -9999 -9999     0
2021 03 21 06    64  -220 10343   280    30 -9999 -9999     0
2021 03 21 09    79  -231 10326   250    40 -9999 -9999     0
2021 03 21 12    44  -226 10336   190    30 -9999 -9999     0
2021 03 21 18   -33  -243 10311   190    30 -9999 -9999     0
2021 03 21 21   -48  -249 10295   200    40 -9999 -9999     0
2021 03 22 00   -46  -231 10304   200    30 -9999 -9999     0
2021 03 22 03    70  -205 10280   200    20 -9999 -9999     0
2021 03 22 06   144  -228 10234   220    40 -9999 -9999     0
2021 03 22 09   171  -229 10200   220    40 -9999 -9999     0
2021 03 22 12   110  -207 10202   160    20 -9999 -9999     0
2021 03 22 18     5  -211 10165    20    20 -9999 -9999     0
2021 03 22 21    -3  -139 10137   160    30 -9999 -9999     0
2021 03 23 00   -13  -151 10167   190    20 -9999 -9999     0
2021 03 23 03   126  -111 10151   210    50 -9999 -9999     0
2021 03 23 06   193  -192 10128    70    20 -9999 -9999     0
2021 03 23 09   197  -267 10121    20    40 -9999 -9999     0
2021 03 23 12   138  -253 10154    10    40 -9999 -9999     0
2021 03 23 18    75  -201 10155    20    40 -9999 -9999     0
2021 03 23 21    61  -165 10159    10    30 -9999 -9999     0
2021 03 24 00    41  -152 10196    20    40 -9999 -9999     0
2021 03 24 03   141  -149 10183    50    50 -9999 -9999     0
2021 03 24 06   191  -193 10141    90    60 -9999 -9999     0
2021 03 24 09   196  -211 10115   100    70 -9999 -9999     0
2021 03 24 12   151  -163 10135    80    40 -9999 -9999     0
2021 03 24 18    64  -132 10115    10    40 -9999 -9999     0
2021 03 24 21    48  -113 10105    30    30 -9999 -9999     0
2021 03 25 00    47  -102 10128    10    30 -9999 -9999     0
2021 03 25 03   124   -87 10123    50    30 -9999 -9999     0
2021 03 25 06   178   -76 10099   330    20 -9999 -9999     0
2021 03 25 09   198   -59 10082   250    20 -9999 -9999     0
2021 03 25 12   158  -135 10123   340    60 -9999 -9999     0
2021 03 25 18   118   -81 10140   300    30 -9999 -9999     0
2021 03 25 21    99   -92 10132   260    60 -9999 -9999     0
2021 03 26 00    59   -80 10168   210    40 -9999 -9999     0
2021 03 26 03   141  -159 10158   320    40 -9999 -9999     0
2021 03 26 06   179  -184 10120   250    40 -9999 -9999     0
2021 03 26 09   193  -213 10098   300    40 -9999 -9999     0
2021 03 26 12   140  -172 10120   200    20 -9999 -9999     0
2021 03 26 18    54  -177 10108   220    30 -9999 -9999     0
2021 03 26 21    33  -175 10087   210    40 -9999 -9999     0
2021 03 27 00    63  -170 10099   220    60 -9999 -9999     0
2021 03 27 03   156  -159 10092   230    70 -9999 -9999     0
2021 03 27 06   215  -127 10058   280    80 -9999 -9999     0
2021 03 27 09   210  -118 10055   300    90 -9999 -9999     0
2021 03 27 12   166   -85 10084   340    40 -9999 -9999     0
2021 03 27 18    89  -211 10111   350    40 -9999 -9999     0
2021 03 27 21    69  -145 10112    50    40 -9999 -9999     0
2021 03 28 00    49  -130 10138    20    40 -9999 -9999     0
2021 03 28 03    84  -139 10146    60    70 -9999 -9999     0
2021 03 28 06   123  -173 10120    60    60 -9999 -9999     0
2021 03 28 09   122  -174 10107    30    60 -9999 -9999     0
2021 03 28 12   103  -179 10124    40    50 -9999 -9999     0
2021 03 28 18    64   -27 10111    40    30 -9999 -9999     0
2021 03 28 21    35   -40 10102    10    10 -9999 -9999     0
2021 03 29 00    35   -33 10110   340    30 -9999 -9999     0
2021 03 29 03   117  -118 10088    20    30 -9999 -9999     0
2021 03 29 06   164  -153 10058    90    20 -9999 -9999     0
2021 03 29 09   180  -108 10029    90    50 -9999 -9999     0
2021 03 29 12   146  -102 10041    40    40 -9999 -9999     0
2021 03 29 18   100   -72 10048    50    40 -9999 -9999     0
2021 03 29 21    50   -85 10060   320    20 -9999 -9999     0
2021 03 30 00    62   -71 10082   340    20 -9999 -9999     0
2021 03 30 03   111   -63 10093    50    20 -9999 -9999     0
2021 03 30 06   155   -74 10078    20    20 -9999 -9999     0
2021 03 30 09   167   -92 10071    40    60 -9999 -9999     0
2021 03 30 12   151   -83 10097    80    40 -9999 -9999     0
2021 03 30 18    87    41 10119   100    70 -9999 -9999     8
2021 03 30 21    66    38 10117    50    60 -9999 -9999    60
2021 03 31 00    43    33 10140    50    80 -9999 -9999   110
2021 03 31 03    32    25 10159    30    70 -9999 -9999   140
2021 03 31 06    44    34 10154    30    80 -9999 -9999   110
2021 03 31 09    53    35 10151    40    50 -9999 -9999    30
2021 03 31 12    53    33 10169    60    30 -9999 -9999     1
2021 03 31 18    44    35 10175   230    30 -9999 -9999     0
2021 03 31 21    40    31 10176   240    40 -9999 -9999     0
2021 04 01 00    45    33 10193   230    30 -9999 -9999     0
2021 04 01 03   108    38 10190   260    20 -9999 -9999     0
2021 04 01 06   136     3 10160   350    40 -9999 -9999     0
2021 04 01 09   148   -22 10147   360    30 -9999 -9999     0
2021 04 01 12   128    -5 10161   360    20 -9999 -9999     0
2021 04 01 18   103     6 10180   290    50 -9999 -9999     0
2021 04 01 21    78    10 10185   170    10 -9999 -9999     0
2021 04 02 00    76     3 10217   360    20 -9999 -9999     0
2021 04 02 03   101    32 10227    70    40 -9999 -9999     0
2021 04 02 06   131    26 10210    90    30 -9999 -9999     0
2021 04 02 09   102    41 10222   150    40 -9999 -9999    20
2021 04 02 12   102    30 10237   120    40 -9999 -9999    20
2021 04 02 18    69    -6 10252    50    70 -9999 -9999     0
2021 04 02 21    47   -15 10264    50    80 -9999 -9999     0
2021 04 03 00    39   -25 10282    60    60 -9999 -9999     0
2021 04 03 03    85   -16 10278    60    80 -9999 -9999     0
2021 04 03 06   128   -57 10242    70    80 -9999 -9999     0
2021 04 03 09   140   -93 10218    90    70 -9999 -9999     0
2021 04 03 12   118   -56 10236   100    30 -9999 -9999     0
2021 04 03 18    66   -36 10225    50    40 -9999 -9999     0
2021 04 03 21    59   -43 10216    50    60 -9999 -9999     0
2021 04 04 00    61   -38 10233    40    60 -9999 -9999     0
2021 04 04 03   113   -32 10221    50    70 -9999 -9999     0
2021 04 04 06   163   -27 10180   100    70 -9999 -9999     0
2021 04 04 09   152     2 10164   120    60 -9999 -9999     0
2021 04 04 12   125    32 10172   100    60 -9999 -9999     0
2021 04 04 18   102    50 10148   290    20 -9999 -9999     0
2021 04 04 21    81    57 10135   110    10 -9999 -9999     0
2021 04 05 00    88    59 10144    40    30 -9999 -9999     0
2021 04 05 03   135    41 10129    40    50 -9999 -9999     0
2021 04 05 06   152    34 10120    60    50 -9999 -9999     0
2021 04 05 09   149    40 10127    50    80 -9999 -9999     0
2021 04 05 12    96    38 10168    50    80 -9999 -9999     0
2021 04 05 18    74    31 10210   360    20 -9999 -9999     0
2021 04 05 21    66    34 10214    20    50 -9999 -9999     0
2021 04 06 00    67    53 10253    10    20 -9999 -9999     1
2021 04 06 03   109    37 10265    30    20 -9999 -9999     1
2021 04 06 06   134    17 10252    20    20 -9999 -9999     0
2021 04 06 09   143     2 10237    60    40 -9999 -9999     0
2021 04 06 12   127     1 10254    90    40 -9999 -9999     0
2021 04 06 18    64    15 10259    10    20 -9999 -9999     0
2021 04 06 21    42    24 10251    30    30 -9999 -9999     0
2021 04 07 00    56    24 10263    10    20 -9999 -9999     0
2021 04 07 03   140   -12 10250    70    50 -9999 -9999     0
2021 04 07 06   173   -96 10215   100    70 -9999 -9999     0
2021 04 07 09   174   -87 10189    80    60 -9999 -9999     0
2021 04 07 12   141   -37 10196   100    20 -9999 -9999     0
2021 04 07 18    90   -42 10176    60    40 -9999 -9999     0
2021 04 07 21    85   -37 10168    30    20 -9999 -9999     0
2021 04 08 00    77   -35 10188   360    30 -9999 -9999     0
2021 04 08 03   157   -43 10182    60    50 -9999 -9999     0
2021 04 08 06   176   -38 10165   210    50 -9999 -9999     0
2021 04 08 09   185   -55 10145   250    20 -9999 -9999     0
2021 04 08 12   164    13 10160    80    50 -9999 -9999     0
2021 04 08 18    96   -12 10169    10    30 -9999 -9999     0
2021 04 08 21    74    -8 10171    10    30 -9999 -9999     0
2021 04 09 00    84    30 10188    10    40 -9999 -9999     0
2021 04 09 06   196    11 10154   100    60 -9999 -9999     0
2021 04 09 09   190   -15 10137    90    50 -9999 -9999     0
2021 04 09 12   166    -1 10145    70    30 -9999 -9999     0
2021 04 09 18   108    40 10143   340    40 -9999 -9999     0
2021 04 09 21    82    31 10156   280    20 -9999 -9999     0
2021 04 10 00    93    39 10168   340    10 -9999 -9999     0
2021 04 10 03   146    57 10170    50    10 -9999 -9999     0
2021 04 10 06   165    49 10158   240    30 -9999 -9999     0
2021 04 10 09   171    34 10152   210    30 -9999 -9999     0
2021 04 10 12   152    34 10160   220    30 -9999 -9999     0
2021 04 10 18   102    35 10167   210    30 -9999 -9999     0
2021 04 10 21    86    46 10161   190    30 -9999 -9999     0
2021 04 11 00    92    52 10172   220    30 -9999 -9999     0
2021 04 11 03   163    53 10158   220    50 -9999 -9999     0
2021 04 11 06   205     4 10127   190    40 -9999 -9999     0
2021 04 11 09   209   -43 10114   220    30 -9999 -9999     0
2021 04 11 12   140    43 10167   330   110 -9999 -9999 -9999
2021 04 11 18    85    39 10200    40    40 -9999 -9999     2
2021 04 11 21    70    25 10206    70    60 -9999 -9999     2
2021 04 12 00    65    -2 10252    50    60 -9999 -9999     0
2021 04 12 03    71   -49 10278    50    80 -9999 -9999     0
2021 04 12 06    99   -64 10258    40    60 -9999 -9999     0
2021 04 12 09   105   -68 10248    70    60 -9999 -9999     0
2021 04 12 12    82   -71 10264    60    50 -9999 -9999     0
2021 04 12 18    45  -171 10288    40    60 -9999 -9999     0
2021 04 12 21    39  -183 10280    40    30 -9999 -9999     0
2021 04 13 00    37  -166 10290    20    20 -9999 -9999     0
2021 04 13 03    79  -157 10295   220    30 -9999 -9999     0
2021 04 13 06   124  -173 10257   310    50 -9999 -9999     1
2021 04 13 09   134  -176 10229   300    70 -9999 -9999     1
2021 04 13 12   109  -165 10235   290    30 -9999 -9999     0
2021 04 13 18    53   -93 10222   200    30 -9999 -9999     0
2021 04 13 21    35   -70 10199   230    20 -9999 -9999     0
2021 04 14 00    64   -13 10189   240    40 -9999 -9999     0
2021 04 14 03   134   -57 10163   220    40 -9999 -9999     0
2021 04 14 06   164   -87 10120   230    40 -9999 -9999     0
2021 04 14 09   188   -75 10085   250    40 -9999 -9999     2
2021 04 14 12   162  -132 10090   300    50 -9999 -9999     2
2021 04 14 18   130  -168 10095   296    59 -9999 -9999 -9999
2021 04 14 21   113  -144 10103   290   100 -9999 -9999     0
2021 04 15 00    63  -193 10174   300   160 -9999 -9999     0
2021 04 15 03    74  -113 10227   320   100 -9999 -9999     0
2021 04 15 06   107  -141 10204   300    50 -9999 -9999     0
2021 04 15 09   125  -161 10178   290    50 -9999 -9999     1
2021 04 15 12   102  -179 10180   269    39 -9999 -9999 -9999
2021 04 15 18    53  -131 10172   200    30 -9999 -9999     0
2021 04 15 21    47  -190 10189   330    20 -9999 -9999     0
2021 04 16 00    48  -151 10240   350    30 -9999 -9999     0
2021 04 16 03    89  -117 10269   360    40 -9999 -9999     0
2021 04 16 06   115  -160 10265   320    60 -9999 -9999     0
2021 04 16 09   125  -161 10250   330    50 -9999 -9999     0
2021 04 16 12    95  -159 10263    50    50 -9999 -9999     0
2021 04 16 18    13   -96 10274   260    30 -9999 -9999     0
2021 04 16 21    -4  -114 10267    40    30 -9999 -9999     0
2021 04 17 00    20  -108 10279   320    10 -9999 -9999     0
2021 04 17 03   115  -127 10255    50    40 -9999 -9999     0
2021 04 17 06   170  -161 10214    60    30 -9999 -9999     0
2021 04 17 09   186  -218 10184   130    20 -9999 -9999     0
2021 04 17 12   147  -155 10184    40    20 -9999 -9999     0
2021 04 17 18    43  -117 10172   320    10 -9999 -9999     0
2021 04 17 21    32  -136 10154    20    10 -9999 -9999     0
2021 04 18 00    56  -110 10167   340    10 -9999 -9999     0
2021 04 18 03   156  -101 10156    40    20 -9999 -9999     0
2021 04 18 06   200  -125 10130   240    30 -9999 -9999     0
2021 04 18 09   211  -144 10104    70    20 -9999 -9999     2
2021 04 18 12   181   -98 10114   135    19 -9999 -9999 -9999
2021 04 18 18   119   -65 10106    40    10 -9999 -9999     0
2021 04 18 21   109   -78 10103   190    30 -9999 -9999     0
2021 04 19 00   105   -77 10121   210    30 -9999 -9999     0
2021 04 19 03   161   -89 10120   210    30 -9999 -9999     0
2021 04 19 06   224   -84 10102   250    20 -9999 -9999     0
2021 04 19 09   224   -74 10089   180    20 -9999 -9999     0
2021 04 19 12   198   -52 10102   230    30 -9999 -9999     0
2021 04 19 18   163   -32 10089   230    30 -9999 -9999     0
2021 04 19 21   119   -31 10096   200    30 -9999 -9999     0
2021 04 20 00   121   -25 10114   210    20 -9999 -9999     0
2021 04 20 03   209   -36 10092    30    20 -9999 -9999     0
2021 04 20 06   250   -53 10055    60    40 -9999 -9999     0
2021 04 20 09   253   -15 10041   120    30 -9999 -9999     0
2021 04 20 12   222    18 10058   130    60 -9999 -9999     0
2021 04 20 18   180    27 10059   250    20 -9999 -9999     0
2021 04 20 21   168    35 10049   220    10 -9999 -9999     0
