2021 01 01 00   -91  -167 10297   260    50 -9999 -9999     0
2021 01 01 03   -42  -161 10294   290    50 -9999 -9999     0
2021 01 01 06    -6  -182 10267   250    60 -9999 -9999     0
2021 01 01 09   -20  -185 10281   250    40 -9999 -9999     0
2021 01 01 12   -45  -167 10299   250    30 -9999 -9999     0
2021 01 01 15   -84  -167 10302   260    10 -9999 -9999     0
2021 01 01 18   -92  -180 10297   260    20 -9999 -9999     0
2021 01 01 21  -115  -168 10319   100    20 -9999 -9999     0
2021 01 02 00  -123  -185 10340   130    10 -9999 -9999     0
2021 01 02 03   -90  -193 10369    80    20 -9999 -9999     0
2021 01 02 06   -60  -197 10351    80    20 -9999 -9999     0
2021 01 02 09   -68  -187 10368   110    20 -9999 -9999     0
2021 01 02 12  -101  -185 10391   110    20 -9999 -9999     0
2021 01 02 15  -110  -204 10387    90    20 -9999 -9999     0
2021 01 02 18  -146  -205 10377   320    10 -9999 -9999     0
2021 01 02 21  -169  -204 10373   110    10 -9999 -9999     0
2021 01 03 00  -152  -193 10377    90    20 -9999 -9999     0
2021 01 03 03  -100  -178 10363    10    20 -9999 -9999     0
2021 01 03 06   -58  -182 10339   280    20 -9999 -9999     0
2021 01 03 09   -56  -180 10355   330    10 -9999 -9999     0
2021 01 03 12  -117  -171 10389   130    10 -9999 -9999     0
2021 01 03 15  -124  -180 10385   290    20 -9999 -9999     0
2021 01 03 18  -139  -172 10385   120    20 -9999 -9999     0
2021 01 03 21  -160  -191 10396   110    20 -9999 -9999     0
2021 01 04 00  -172  -209 10428   110    20 -9999 -9999     0
2021 01 04 03  -132  -210 10440   120    20 -9999 -9999     0
2021 01 04 06  -112  -198 10420   210    10 -9999 -9999     0
2021 01 04 09  -107  -198 10428   190    10 -9999 -9999     0
2021 01 04 12  -147  -198 10453   130    10 -9999 -9999     0
2021 01 04 15  -156  -216 10444   310    20 -9999 -9999     0
2021 01 04 18  -172  -222 10445   210    20 -9999 -9999     0
2021 01 04 21  -182  -233 10442   190    10 -9999 -9999     0
2021 01 05 00  -173  -238 10450   250    30 -9999 -9999     0
2021 01 05 03  -131  -239 10433   250    50 -9999 -9999     0
2021 01 05 06   -95  -263 10398   260    50 -9999 -9999     0
2021 01 05 09  -105  -277 10403   270    50 -9999 -9999     0
2021 01 05 12  -137  -272 10428   240    30 -9999 -9999     0
2021 01 05 15  -154  -262 10437   360    40 -9999 -9999     0
2021 01 05 18  -185  -308 10454    20    60 -9999 -9999     0
2021 01 05 21  -203  -341 10477    30    30 -9999 -9999     0
2021 01 06 00  -224  -343 10517    40    30 -9999 -9999     0
2021 01 06 03  -202  -360 10527    10    50 -9999 -9999     0
2021 01 06 06  -184  -359 10511   330    40 -9999 -9999     0
2021 01 06 09  -180  -350 10514   290    10 -9999 -9999     0
2021 01 06 12  -217  -320 10532   210    10 -9999 -9999     0
2021 01 06 15  -226  -328 10523   200    10 -9999 -9999     0
2021 01 06 18  -222  -332 10503   190    10 -9999 -9999     0
2021 01 06 21  -215  -335 10490   260    20 -9999 -9999     0
2021 01 07 00  -217  -334 10503   250    30 -9999 -9999     0
2021 01 07 03  -165  -316 10500   250    40 -9999 -9999     0
2021 01 07 06  -116  -282 10461   300    40 -9999 -9999     0
2021 01 07 09  -119  -289 10462   250    30 -9999 -9999     0
2021 01 07 12  -158  -287 10479   270    10 -9999 -9999     0
2021 01 07 15  -186  -291 10472   200    10 -9999 -9999     0
2021 01 07 18  -195  -287 10458   230    10 -9999 -9999     0
2021 01 07 21  -201  -300 10449   260    20 -9999 -9999     0
2021 01 08 00  -199  -290 10464   220    20 -9999 -9999     0
2021 01 08 03  -144  -289 10459   250    40 -9999 -9999     0
2021 01 08 06   -84  -269 10412   220    30 -9999 -9999     0
2021 01 08 09   -77  -253 10408   250    20 -9999 -9999     0
2021 01 08 12  -143  -258 10437   330    10 -9999 -9999     0
2021 01 08 15  -176  -237 10433     0 -9999 -9999 -9999     0
2021 01 08 18  -197  -257 10421   190    10 -9999 -9999     0
2021 01 08 21  -197  -259 10416     0 -9999 -9999 -9999     0
2021 01 09 00  -190  -273 10440   280    20 -9999 -9999     0
2021 01 09 03  -111  -242 10441   230    20 -9999 -9999     0
2021 01 09 06   -58  -218 10404   190    20 -9999 -9999     0
2021 01 09 09   -60  -224 10402   230    20 -9999 -9999     0
2021 01 09 12  -130  -230 10431   240    10 -9999 -9999     0
2021 01 09 15  -145  -231 10417   240    10 -9999 -9999     0
2021 01 09 18  -157  -227 10397   150    10 -9999 -9999     0
2021 01 09 21  -132  -231 10382   240    20 -9999 -9999     0
2021 01 10 00  -132  -240 10399   210    10 -9999 -9999     0
2021 01 10 03   -86  -251 10403   270    30 -9999 -9999     0
2021 01 10 06   -79  -214 10395   290    40 -9999 -9999     0
2021 01 10 09   -81  -212 10381   250    80 -9999 -9999     0
2021 01 10 12   -94  -186 10399   270    40 -9999 -9999     0
2021 01 10 15  -108  -199 10391   280    40 -9999 -9999     0
2021 01 10 18  -116  -193 10384   250    30 -9999 -9999     0
2021 01 10 21  -124  -205 10377   250    40 -9999 -9999     0
2021 01 11 00  -129  -196 10373   240    40 -9999 -9999     0
2021 01 11 03   -86  -189 10355   250    80 -9999 -9999     0
2021 01 11 06   -50  -192 10305   250    60 -9999 -9999     0
2021 01 11 09   -33  -201 10265   250    70 -9999 -9999     0
2021 01 11 12   -38  -214 10256   260    50 -9999 -9999     0
2021 01 11 15   -48  -209 10235   200    30 -9999 -9999     0
2021 01 11 18   -37  -209 10192   230    40 -9999 -9999     0
2021 01 11 21   -45  -211 10159   250    50 -9999 -9999     0
2021 01 12 00   -60  -229 10148   250    60 -9999 -9999     0
2021 01 12 03   -14  -227 10133   250    80 -9999 -9999     0
2021 01 12 06    20  -227 10092   260    90 -9999 -9999     0
2021 01 12 09    19  -213 10105   260    70 -9999 -9999     0
2021 01 12 12     1  -228 10140   260    50 -9999 -9999     0
2021 01 12 15    -6  -208 10147   250    40 -9999 -9999     0
2021 01 12 18    -2  -199 10140   250    40 -9999 -9999     0
2021 01 12 21   -16  -206 10140   260    50 -9999 -9999     0
2021 01 13 00   -47  -227 10154   250    50 -9999 -9999     0
2021 01 13 03   -14  -233 10157   250    60 -9999 -9999     0
2021 01 13 06    30  -237 10123   250    80 -9999 -9999     0
2021 01 13 09    40  -220 10118   240    40 -9999 -9999     0
2021 01 13 12    10  -228 10132   250    30 -9999 -9999     0
2021 01 13 15   -10  -200 10122   220    20 -9999 -9999     0
2021 01 13 18   -28  -227 10088   240    20 -9999 -9999     0
2021 01 13 21   -25  -242 10079   310    30 -9999 -9999     0
2021 01 14 00    13  -161 10103   290    50 -9999 -9999     0
2021 01 14 03     9  -143 10148   270    60 -9999 -9999     0
2021 01 14 06    22  -191 10152   250    70 -9999 -9999     0
2021 01 14 09     6  -204 10180   290    70 -9999 -9999     0
2021 01 14 12   -33  -173 10227   310    30 -9999 -9999     0
2021 01 14 15   -54  -185 10251   240    20 -9999 -9999     0
2021 01 14 18   -61  -188 10254   250    40 -9999 -9999     0
2021 01 14 21   -87  -193 10267   260    20 -9999 -9999     0
2021 01 15 00   -83  -192 10302    70    20 -9999 -9999     0
2021 01 15 03   -65  -147 10325   130    20 -9999 -9999     0
2021 01 15 06   -51  -152 10315   160    20 -9999 -9999     0
2021 01 15 09   -41  -166 10322   260    10 -9999 -9999     0
2021 01 15 12   -83  -189 10351   270    30 -9999 -9999     0
2021 01 15 15  -109  -141 10375    90    20 -9999 -9999 -9999
2021 01 15 18  -123  -146 10387   120    10 -9999 -9999 -9999
2021 01 15 21  -152  -173 10402     0 -9999 -9999 -9999     0
2021 01 16 00  -167  -188 10435   230    10 -9999 -9999     0
2021 01 16 03  -102  -157 10455   220    10 -9999 -9999     0
2021 01 16 06   -68  -194 10437   310    40 -9999 -9999     0
2021 01 16 09   -72  -218 10453   300    50 -9999 -9999     0
2021 01 16 12  -104  -233 10474   250    20 -9999 -9999     0
2021 01 16 15  -107  -220 10443   250    50 -9999 -9999     0
2021 01 16 18  -103  -222 10393   250    50 -9999 -9999     0
2021 01 16 21  -112  -233 10366   250    50 -9999 -9999     0
2021 01 17 00  -122  -222 10347   240    60 -9999 -9999     0
2021 01 17 03   -75  -210 10326   250    70 -9999 -9999     0
2021 01 17 06   -30  -217 10278   250    60 -9999 -9999     0
2021 01 17 09   -15  -241 10270   260    50 -9999 -9999     0
2021 01 17 12   -64  -237 10291   270    10 -9999 -9999     0
2021 01 17 15   -70  -233 10282   260    30 -9999 -9999     0
2021 01 17 18   -97  -217 10270   260    20 -9999 -9999     0
2021 01 17 21  -106  -225 10258   190    10 -9999 -9999     0
2021 01 18 00  -118  -242 10267   300    10 -9999 -9999     0
2021 01 18 03   -56  -230 10252   240    30 -9999 -9999     0
2021 01 18 06    -1  -204 10207   250    20 -9999 -9999     0
2021 01 18 09    31  -177 10185   230    10 -9999 -9999     0
2021 01 18 12   -33  -173 10213    30    30 -9999 -9999     0
2021 01 18 15   -82  -180 10208    50    10 -9999 -9999     0
2021 01 18 18  -103  -176 10191   120    10 -9999 -9999     0
2021 01 18 21  -138  -184 10189    50    10 -9999 -9999     0
2021 01 19 00  -156  -202 10221   290    10 -9999 -9999     0
2021 01 19 03   -76  -175 10227   190    10 -9999 -9999     0
2021 01 19 06   -11  -177 10201   250    30 -9999 -9999     0
2021 01 19 09     7  -186 10206    40    10 -9999 -9999     0
2021 01 19 12   -58  -146 10247   180    10 -9999 -9999     0
2021 01 19 15   -92  -162 10235     0 -9999 -9999 -9999     0
2021 01 19 18  -112  -174 10228     0 -9999 -9999 -9999     0
2021 01 19 21  -124  -190 10234     0 -9999 -9999 -9999     0
2021 01 20 00  -124  -184 10260   230    10 -9999 -9999     0
2021 01 20 03   -54  -181 10268   250    20 -9999 -9999     0
2021 01 20 06     3  -179 10236   280    30 -9999 -9999     0
2021 01 20 09     6  -167 10238   360    20 -9999 -9999     0
2021 01 20 12   -51  -108 10264    80    10 -9999 -9999     0
2021 01 20 15   -99  -158 10260   280    10 -9999 -9999     0
2021 01 20 18  -124  -162 10249   160    10 -9999 -9999     0
2021 01 20 21  -122  -149 10249     0 -9999 -9999 -9999     0
2021 01 21 00  -109  -193 10278   330    10 -9999 -9999     0
2021 01 21 03   -47  -172 10295   310    20 -9999 -9999     0
2021 01 21 06    34  -181 10264   250    40 -9999 -9999     0
2021 01 21 09    40  -176 10262   259    32 -9999 -9999 -9999
2021 01 21 12   -33  -180 10285   250    20 -9999 -9999     0
2021 01 21 15   -78  -140 10281     0 -9999 -9999 -9999     0
2021 01 21 18  -100  -161 10256   300    10 -9999 -9999     0
2021 01 21 21  -121  -155 10245   180    10 -9999 -9999     0
2021 01 22 00  -132  -162 10266     0 -9999 -9999 -9999     0
2021 01 22 03   -41  -166 10251    90    10 -9999 -9999     0
2021 01 22 06    14  -151 10206    70    30 -9999 -9999     0
2021 01 22 09    32  -165 10194    40    30 -9999 -9999     0
2021 01 22 12    -3  -139 10214    60    20 -9999 -9999     0
2021 01 22 15   -33  -138 10191    60    20 -9999 -9999     0
2021 01 22 18   -65  -147 10179    80    20 -9999 -9999     0
2021 01 22 21   -65  -154 10169    90    20 -9999 -9999     0
2021 01 23 00   -78  -150 10197    60    20 -9999 -9999     0
2021 01 23 03   -27  -144 10207   230    10 -9999 -9999     0
2021 01 23 06    10  -138 10191    70    20 -9999 -9999     0
2021 01 23 09    25  -129 10193    70    20 -9999 -9999     0
2021 01 23 12   -24  -139 10235    60    10 -9999 -9999     0
2021 01 23 15   -75  -129 10244     0 -9999 -9999 -9999     0
2021 01 23 18   -97  -131 10242     0 -9999 -9999 -9999     0
2021 01 23 21   -96  -139 10230    90    20 -9999 -9999     0
2021 01 24 00   -60  -123 10246    70    20 -9999 -9999     0
2021 01 24 03   -37  -119 10271    70    10 -9999 -9999     0
2021 01 24 06     6  -105 10242   100    20 -9999 -9999     0
2021 01 24 09     9  -103 10246   230    20 -9999 -9999     0
2021 01 24 12   -21  -122 10275   220    10 -9999 -9999     0
2021 01 24 15   -19  -137 10285   250    40 -9999 -9999     0
2021 01 24 18   -35  -106 10290   250    60 -9999 -9999 -9999
2021 01 24 21   -47  -140 10297   250    40 -9999 -9999     0
2021 01 25 00   -73  -157 10317   250    30 -9999 -9999     0
2021 01 25 03   -35  -155 10312   250    60 -9999 -9999     0
2021 01 25 06    -4  -201 10292   250    70 -9999 -9999     0
2021 01 25 09    -1  -193 10290   290    40 -9999 -9999     0
2021 01 25 12   -49  -194 10319   300    20 -9999 -9999     0
2021 01 25 15   -53  -174 10321   280    20 -9999 -9999     0
2021 01 25 18   -82  -173 10316   260    10 -9999 -9999     0
2021 01 25 21  -107  -180 10310   280    10 -9999 -9999     0
2021 01 26 00  -106  -181 10332   250    20 -9999 -9999     0
2021 01 26 03   -46  -150 10321   250    40 -9999 -9999     0
2021 01 26 06   -11  -153 10287   270    30 -9999 -9999     0
2021 01 26 09   -11  -173 10277   260    40 -9999 -9999     0
2021 01 26 12   -72  -169 10299   240    10 -9999 -9999     0
2021 01 26 15   -93  -141 10282   180    10 -9999 -9999     0
2021 01 26 18  -101  -154 10259   170    10 -9999 -9999     0
2021 01 26 21  -113  -175 10258     0 -9999 -9999 -9999     0
2021 01 27 00   -78  -179 10282   270    30 -9999 -9999     0
2021 01 27 03   -47  -165 10297   270    50 -9999 -9999     0
2021 01 27 06   -49  -187 10306   290    60 -9999 -9999     0
2021 01 27 09   -58  -236 10330   300    70 -9999 -9999     0
2021 01 27 12   -82  -223 10354   280    30 -9999 -9999     0
2021 01 27 15  -101  -244 10361   270    20 -9999 -9999     0
2021 01 27 18  -124  -216 10366   120    20 -9999 -9999     0
2021 01 27 21  -133  -235 10356   250    10 -9999 -9999     0
2021 01 28 00  -127  -222 10365   240    20 -9999 -9999     0
2021 01 28 03   -61  -188 10358   260    50 -9999 -9999     0
2021 01 28 06   -17  -183 10322   250    60 -9999 -9999     0
2021 01 28 09    -1  -183 10299   250    50 -9999 -9999     0
2021 01 28 12   -37  -169 10308   250    30 -9999 -9999     0
2021 01 28 15   -63  -160 10292   230    20 -9999 -9999     0
2021 01 28 18   -79  -165 10273   250    20 -9999 -9999     0
2021 01 28 21   -86  -158 10259   210    20 -9999 -9999     0
2021 01 29 00   -72  -166 10270   250    30 -9999 -9999     0
2021 01 29 03   -15  -150 10276   250    60 -9999 -9999     0
2021 01 29 06    17  -153 10257   280    50 -9999 -9999     0
2021 01 29 09    24  -166 10257   270    40 -9999 -9999     0
2021 01 29 12   -23  -168 10276   250    60 -9999 -9999     0
2021 01 29 15   -48  -169 10283   280    20 -9999 -9999     0
2021 01 29 18   -62  -157 10266   220    20 -9999 -9999     0
2021 01 29 21   -57  -152 10253   250    40 -9999 -9999     0
2021 01 30 00   -74  -156 10275   220    30 -9999 -9999     0
2021 01 30 03   -16  -141 10265   250    80 -9999 -9999     0
2021 01 30 06    25  -137 10239   250    60 -9999 -9999     0
2021 01 30 09    25  -142 10231   250    60 -9999 -9999     0
2021 01 30 12    -7  -153 10247   250    30 -9999 -9999     0
2021 01 30 15   -21  -162 10231   250    40 -9999 -9999     0
2021 01 30 18   -30  -160 10212   240    50 -9999 -9999     0
2021 01 30 21   -52  -170 10199   240    40 -9999 -9999     0
2021 01 31 00   -49  -174 10206   240    50 -9999 -9999     0
2021 01 31 03    -3  -162 10201   250    70 -9999 -9999     0
2021 01 31 06    24  -161 10186   270    60 -9999 -9999     0
2021 01 31 09    22  -168 10201   290    40 -9999 -9999     0
2021 01 31 12   -13  -171 10239   280    30 -9999 -9999     0
2021 01 31 15   -36  -183 10254    30    30 -9999 -9999     0
2021 01 31 18   -68  -173 10270    60    20 -9999 -9999     0
2021 01 31 21   -81  -209 10282    50    20 -9999 -9999     0
2021 02 01 00   -98  -224 10316    30    30 -9999 -9999     0
2021 02 01 03   -92  -200 10356    40    40 -9999 -9999     0
2021 02 01 06   -71  -243 10355    10    40 -9999 -9999     0
2021 02 01 09   -62  -250 10360    10    20 -9999 -9999     0
2021 02 01 12  -101  -240 10382    90    20 -9999 -9999     0
2021 02 01 15  -131  -211 10384   130    10 -9999 -9999     0
2021 02 01 18  -154  -233 10370   130    10 -9999 -9999     0
2021 02 01 21  -177  -230 10363   120    10 -9999 -9999     0
2021 02 02 00  -181  -216 10370   140    10 -9999 -9999     0
2021 02 02 03   -92  -232 10350   260    30 -9999 -9999     0
2021 02 02 06   -32  -219 10302   300    30 -9999 -9999     0
2021 02 02 09    16  -215 10271   250    30 -9999 -9999     0
2021 02 02 12   -54  -195 10285   120    20 -9999 -9999     0
2021 02 02 15   -91  -165 10267   120    10 -9999 -9999     0
2021 02 02 18  -118  -186 10279   170    10 -9999 -9999     0
2021 02 02 21  -131  -190 10302     0 -9999 -9999 -9999     0
2021 02 03 00  -130  -201 10350     0 -9999 -9999 -9999     0
2021 02 03 03   -38  -192 10354    90    20 -9999 -9999     0
2021 02 03 06     4  -206 10339   180    10 -9999 -9999     0
2021 02 03 09    14  -197 10330   200    20 -9999 -9999     0
2021 02 03 12   -49  -156 10353   190    10 -9999 -9999     0
2021 02 03 15   -77  -143 10329   210    10 -9999 -9999     0
2021 02 03 18   -82  -186 10306   210    10 -9999 -9999     0
2021 02 03 21  -110  -194 10297   210    10 -9999 -9999     0
2021 02 04 00  -122  -205 10319   290    10 -9999 -9999     0
2021 02 04 03    -4  -180 10296   230    40 -9999 -9999     0
2021 02 04 06    57  -182 10251   260    50 -9999 -9999     0
2021 02 04 09    61  -171 10239   260    40 -9999 -9999     0
2021 02 04 12    13  -161 10269   250    40 -9999 -9999     0
2021 02 04 15    -4  -140 10240   250    50 -9999 -9999     0
2021 02 04 18    -5  -128 10213   250    50 -9999 -9999     0
2021 02 04 21    -8  -130 10191   240    50 -9999 -9999     0
2021 02 05 00   -25  -131 10201   230    40 -9999 -9999     0
2021 02 05 03    34  -138 10184   250    80 -9999 -9999     0
2021 02 05 06    65  -131 10162   260    60 -9999 -9999     0
2021 02 05 09    70  -144 10156   300    30 -9999 -9999     0
2021 02 05 12    17  -149 10180   250    10 -9999 -9999     0
2021 02 05 15   -22  -143 10181   210    10 -9999 -9999     0
2021 02 05 18   -19  -153 10162   250    20 -9999 -9999     0
2021 02 05 21   -43  -153 10162   240    20 -9999 -9999     0
2021 02 06 00   -38  -151 10187   240    20 -9999 -9999     0
2021 02 06 03    31  -146 10204   250    50 -9999 -9999     0
2021 02 06 06    73  -142 10192   300    40 -9999 -9999     0
2021 02 06 09    68  -146 10216   300    30 -9999 -9999     0
2021 02 06 12     7  -127 10261    50    30 -9999 -9999     0
2021 02 06 15   -18  -106 10276    80    30 -9999 -9999     0
2021 02 06 18   -58  -108 10290   100    10 -9999 -9999     0
2021 02 06 21   -96  -124 10304   160    10 -9999 -9999     0
2021 02 07 00  -107  -126 10336   140    10 -9999 -9999     0
2021 02 07 03   -27  -103 10344   110    20 -9999 -9999     0
2021 02 07 06    16  -145 10329   140    20 -9999 -9999     0
2021 02 07 09    18  -135 10332    70    20 -9999 -9999     0
2021 02 07 12   -12  -134 10348    70    20 -9999 -9999     0
2021 02 07 15   -17  -148 10330    70    20 -9999 -9999     0
2021 02 07 18   -41  -120 10327    90    10 -9999 -9999     0
2021 02 07 21   -40  -153 10314    40    20 -9999 -9999     0
2021 02 08 00   -43  -139 10319    70    30 -9999 -9999     0
2021 02 08 03    -9  -125 10316    60    20 -9999 -9999     0
2021 02 08 06    41  -132 10283    90    10 -9999 -9999     0
2021 02 08 09    53  -117 10268   210    20 -9999 -9999     0
2021 02 08 12   -19  -134 10296   310    20 -9999 -9999     0
2021 02 08 15   -62  -135 10295   240    10 -9999 -9999     0
2021 02 08 18   -74  -106 10276   180    10 -9999 -9999     0
2021 02 08 21   -92  -117 10264   170    10 -9999 -9999     0
2021 02 09 00  -104  -123 10287   140    10 -9999 -9999     0
2021 02 09 03   -12  -116 10277   180    10 -9999 -9999     0
2021 02 09 06    51  -110 10247   230    20 -9999 -9999     0
2021 02 09 12    -5  -104 10269   100    20 -9999 -9999     0
2021 02 09 15   -13  -117 10251   100    10 -9999 -9999     0
2021 02 09 18   -54  -139 10233   110    10 -9999 -9999     0
2021 02 09 21   -51  -149 10219    90    20 -9999 -9999     0
2021 02 10 00   -62  -129 10235    90    20 -9999 -9999     0
2021 02 10 03     6  -142 10214    60    30 -9999 -9999     0
2021 02 10 06    81  -135 10172    20    30 -9999 -9999     0
2021 02 10 09    92  -109 10146    20    20 -9999 -9999     0
2021 02 11 00    -1  -112 10178   250    40 -9999 -9999     0
2021 02 13 12    40  -129 10198   330    30 -9999 -9999     0
2021 02 13 15    10  -117 10186   320    30 -9999 -9999     0
2021 02 13 18   -16  -109 10188   330    20 -9999 -9999     0
2021 02 13 21   -20  -115 10187    20    50 -9999 -9999     0
2021 02 14 00   -35  -108 10231    30    40 -9999 -9999     0
2021 02 14 03   -29  -137 10273    30    30 -9999 -9999     0
2021 02 14 06   -20  -173 10283    60    50 -9999 -9999     0
2021 02 14 09   -21  -182 10297    60    30 -9999 -9999     0
2021 02 14 12   -54  -160 10329   130    20 -9999 -9999     0
2021 02 14 15   -89  -159 10340   180    10 -9999 -9999     0
2021 02 14 18  -104  -165 10322   120    10 -9999 -9999     0
2021 02 14 21   -79  -178 10292   230    20 -9999 -9999     0
2021 02 15 00   -69  -179 10279   240    50 -9999 -9999     0
2021 02 15 03     6  -167 10261   250    70 -9999 -9999     0
2021 02 15 06    57  -175 10217   260    60 -9999 -9999     0
2021 02 15 09    75  -175 10193   260    40 -9999 -9999     0
2021 02 15 12    29  -162 10222   290    20 -9999 -9999     0
2021 02 15 15    -7  -139 10254    80    30 -9999 -9999     0
2021 02 15 18   -43  -150 10271    90    20 -9999 -9999     0
2021 02 15 21   -67  -161 10284   110    20 -9999 -9999     0
2021 02 16 00   -96  -139 10319     0 -9999 -9999 -9999     0
2021 02 16 03   -36  -175 10322   160    20 -9999 -9999     0
2021 02 16 06     6  -172 10301   240    20 -9999 -9999     0
2021 02 16 09    45  -148 10290   280    20 -9999 -9999     0
2021 02 16 12   -23  -123 10321   130    10 -9999 -9999     0
2021 02 16 15   -37  -147 10318   280    10 -9999 -9999     0
2021 02 16 18   -68  -123 10314   170    10 -9999 -9999     0
2021 02 16 21   -82  -150 10305   280    10 -9999 -9999     0
2021 02 17 00   -99  -150 10335   240    10 -9999 -9999     0
2021 02 17 03    16  -129 10320   250    30 -9999 -9999     0
2021 02 17 06    74  -141 10295   250    30 -9999 -9999     0
2021 02 17 09    98  -148 10285   270    30 -9999 -9999     0
2021 02 17 12    -3  -117 10320   240    10 -9999 -9999     0
2021 02 17 15   -40  -142 10304   250    10 -9999 -9999     0
2021 02 17 18   -43  -129 10285   280    10 -9999 -9999     0
2021 02 17 21   -43  -129 10269   200    10 -9999 -9999     0
2021 02 18 00   -64  -159 10300   280    10 -9999 -9999     0
2021 02 18 03    48  -157 10282   250    30 -9999 -9999     0
2021 02 18 06   117  -141 10240   250    50 -9999 -9999     0
2021 02 18 09   127  -160 10219   270    40 -9999 -9999     0
2021 02 18 12    52  -142 10244   260    20 -9999 -9999     0
2021 02 18 15    29  -138 10218   250    40 -9999 -9999     0
2021 02 18 18    -6  -108 10197   200    20 -9999 -9999     0
2021 02 18 21     5  -151 10175   250    60 -9999 -9999     0
2021 02 19 00     4  -152 10195   250    40 -9999 -9999     0
2021 02 19 03    60  -141 10199   250    60 -9999 -9999     0
2021 02 19 06   109  -147 10177   250    60 -9999 -9999     0
2021 02 19 09   132  -146 10147   250    60 -9999 -9999     0
2021 02 20 15   105  -169 10080   264    29 -9999 -9999 -9999
2021 02 20 18    67  -124 10078   234    19 -9999 -9999 -9999
2021 02 20 21    30  -118 10090   202    15 -9999 -9999 -9999
2021 02 21 00    35  -137 10121   253    28 -9999 -9999 -9999
2021 02 21 03   110  -117 10127   253    48 -9999 -9999 -9999
2021 02 21 09   140   -93 10144   268    30 -9999 -9999 -9999
2021 02 21 12    82   -92 10176   289    16 -9999 -9999 -9999
2021 02 21 15    25   -82 10187   140    10 -9999 -9999     0
2021 02 21 18    12   -88 10203    87    10 -9999 -9999 -9999
2021 02 21 21     7   -73 10216   100    30 -9999 -9999     0
2021 02 22 00     6   -72 10252    58    37 -9999 -9999 -9999
2021 02 22 03    38   -68 10260    80    30 -9999 -9999     0
2021 02 22 06    84   -69 10223   330    20 -9999 -9999     0
2021 02 22 09    95   -68 10206   190    10 -9999 -9999     0
2021 02 22 12    35   -82 10239   330    10 -9999 -9999     0
2021 02 22 15     6   -56 10236   130    10 -9999 -9999     0
2021 02 22 18   -13   -57 10220   120    10 -9999 -9999     0
2021 02 22 21   -11   -59 10201   100    20 -9999 -9999     0
2021 02 23 00    -9   -61 10227   120    20 -9999 -9999     0
2021 02 23 03    57  -101 10221    50    20 -9999 -9999     0
2021 02 23 06    78  -105 10194   100    20 -9999 -9999     0
2021 02 23 09    80   -94 10178   110    20 -9999 -9999     0
2021 02 23 12    45   -96 10200   360    20 -9999 -9999     0
2021 02 23 15   -11   -92 10202     0 -9999 -9999 -9999     0
2021 02 23 18   -12   -96 10191   110    20 -9999 -9999     0
2021 02 23 21   -33   -93 10181    90    20 -9999 -9999     0
2021 02 24 00   -13   -89 10194    70    20 -9999 -9999     0
2021 02 24 03    64   -87 10196    70    30 -9999 -9999     0
2021 02 24 06   100   -86 10168    80    30 -9999 -9999     0
2021 02 24 09   100   -91 10174    70    30 -9999 -9999     0
2021 02 24 12    64   -91 10198   280    10 -9999 -9999     0
2021 02 24 15    75  -103 10197    30    20 -9999 -9999     0
2021 02 24 18    27   -75 10211   130    10 -9999 -9999     0
2021 02 24 21     4   -62 10214   120    10 -9999 -9999     0
2021 02 25 00   -39   -97 10240    70    20 -9999 -9999     0
2021 02 25 03    72  -137 10218    80    20 -9999 -9999     0
2021 02 25 06   112  -116 10202   100    30 -9999 -9999     0
2021 02 25 09   107  -120 10191    70    40 -9999 -9999     0
2021 02 25 12    68  -114 10209    80    30 -9999 -9999     0
2021 02 25 15    35  -113 10186   110    20 -9999 -9999     0
2021 02 25 18    16  -119 10174   100    20 -9999 -9999     0
2021 02 25 21    10   -57 10156   110    30 -9999 -9999     0
2021 02 26 00    25   -18 10153   150    20 -9999 -9999     0
2021 02 26 03    58   -16 10152   170    40 -9999 -9999     0
2021 02 26 06   106   -24 10110   170    50 -9999 -9999     0
2021 02 26 09   105    -6 10096   180    70 -9999 -9999     0
2021 02 26 12    67   -12 10117   170    30 -9999 -9999     0
2021 02 26 15    45   -19 10126   170    40 -9999 -9999     0
2021 02 26 18    27   -20 10106   170    30 -9999 -9999     0
2021 02 26 21    12   -24 10102   140    30 -9999 -9999     0
2021 02 27 00     9   -22 10119   150    30 -9999 -9999     0
2021 02 27 03    25   -24 10134   150    20 -9999 -9999     0
2021 02 27 06    50   -15 10135   340    50 -9999 -9999     0
2021 02 27 09    17   -21 10171    10    40 -9999 -9999 -9999
2021 02 27 12     0   -10 10217    10    30 -9999 -9999     9
2021 02 27 15   -18   -26 10241     0 -9999 -9999 -9999     9
2021 02 27 18    -9   -44 10233    30    20 -9999 -9999     0
2021 02 27 21   -21   -58 10239    60    30 -9999 -9999     0
2021 02 28 00   -42   -73 10272    60    30 -9999 -9999     0
2021 02 28 03   -26   -85 10279    60    20 -9999 -9999     0
2021 02 28 06   -22   -85 10273   350    30 -9999 -9999     0
2021 02 28 09   -15   -91 10307   280    10 -9999 -9999    10
2021 02 28 12   -26   -59 10329   240    10 -9999 -9999     0
2021 02 28 15   -37   -97 10336   240    20 -9999 -9999     0
2021 02 28 18   -55  -133 10336   240    10 -9999 -9999     0
2021 02 28 21   -50  -148 10339   244    23 -9999 -9999 -9999
2021 03 01 00   -76  -132 10347   220    20 -9999 -9999     0
2021 03 01 03   -13   -92 10331   230    40 -9999 -9999     0
2021 03 01 06    41   -59 10287   230    50 -9999 -9999     0
2021 03 01 09    64  -122 10259   270    30 -9999 -9999     0
2021 03 01 12    -3  -111 10288   300    10 -9999 -9999     0
2021 03 01 15   -36   -96 10278   340    10 -9999 -9999     0
2021 03 01 18   -43   -95 10256   230    10 -9999 -9999     0
2021 03 01 21   -50   -89 10234   120    10 -9999 -9999     0
2021 03 02 00   -33  -102 10252   340    20 -9999 -9999     0
2021 03 02 03    56   -76 10237   240    40 -9999 -9999     0
2021 03 02 06   106  -114 10194   250    70 -9999 -9999     0
2021 03 02 09   108  -119 10185   250    60 -9999 -9999     0
2021 03 02 12    62  -101 10201   250    40 -9999 -9999     0
2021 03 02 15    46  -103 10193   240    20 -9999 -9999     0
2021 03 02 18     6   -94 10185   230    10 -9999 -9999     0
2021 03 02 21    -3   -97 10171   210    20 -9999 -9999     0
2021 03 03 00    -2  -107 10183   240    20 -9999 -9999     0
2021 03 03 03    68  -119 10168   240    50 -9999 -9999     0
2021 03 03 06   122  -121 10140   240    50 -9999 -9999     0
2021 03 03 09   138  -151 10119   280    40 -9999 -9999     0
2021 03 03 12    81  -123 10149   270    20 -9999 -9999     0
2021 03 03 15    26  -110 10155   350    10 -9999 -9999     0
2021 03 03 18    -1   -83 10149   200    10 -9999 -9999     0
2021 03 03 21     6  -111 10135   230    30 -9999 -9999     0
2021 03 04 00    -7  -106 10167   220    10 -9999 -9999     0
2021 03 04 03    80   -99 10158   230    20 -9999 -9999     0
2021 03 04 06   147  -117 10129   220    40 -9999 -9999     0
2021 03 04 09   155  -138 10112   220    30 -9999 -9999     0
2021 03 04 12    83  -140 10150   320    10 -9999 -9999     0
2021 03 04 15    27  -116 10168   290    10 -9999 -9999     0
2021 03 04 18     4   -81 10171   110    10 -9999 -9999     0
2021 03 04 21    33   -87 10177    60    40 -9999 -9999     0
2021 03 05 00    12   -57 10232    50    20 -9999 -9999     0
2021 03 05 03    38   -51 10259    60    30 -9999 -9999     0
2021 03 05 06    51   -56 10259    50    40 -9999 -9999     0
2021 03 05 09    56   -63 10258   100    30 -9999 -9999     0
2021 03 05 12    30   -72 10295    90    20 -9999 -9999     0
2021 03 05 15     1  -116 10314    60    40 -9999 -9999     0
2021 03 05 18   -18  -146 10325    70    30 -9999 -9999     0
2021 03 05 21   -33  -147 10323    80    30 -9999 -9999     0
2021 03 06 00   -53  -106 10345   110    10 -9999 -9999     0
2021 03 06 03     3  -127 10346   150    20 -9999 -9999     0
2021 03 06 06    51  -133 10305   150    20 -9999 -9999     0
2021 03 06 09    60  -141 10285   180    20 -9999 -9999     0
2021 03 06 12    13  -128 10307    90    20 -9999 -9999     0
2021 03 06 15    -8  -118 10295   100    10 -9999 -9999     0
2021 03 06 18   -21  -127 10270   100    20 -9999 -9999     0
2021 03 06 21   -30  -130 10250    80    20 -9999 -9999     0
2021 03 07 00   -22  -112 10265   100    10 -9999 -9999     0
2021 03 07 03    28   -95 10257    70    40 -9999 -9999     0
2021 03 07 06    81   -80 10212    50    30 -9999 -9999     0
2021 03 07 09    88   -87 10194    40    30 -9999 -9999     0
2021 03 07 12    67   -77 10207    44    23 -9999 -9999 -9999
2021 03 07 15    61   -78 10193    70    20 -9999 -9999     0
2021 03 07 18    23   -60 10186    50    10 -9999 -9999     0
2021 03 07 21   -20   -71 10191   310    10 -9999 -9999     0
2021 03 08 00   -21   -56 10207   140    10 -9999 -9999     0
2021 03 08 03    78   -25 10198   290    10 -9999 -9999     0
2021 03 08 06   128    -1 10184   160    10 -9999 -9999     0
2021 03 08 09   143   -65 10181   140    20 -9999 -9999     0
2021 03 08 12    78   -34 10213    80    10 -9999 -9999     0
2021 03 08 15    48   -28 10210    90    20 -9999 -9999     0
2021 03 08 18    32   -43 10200   110    20 -9999 -9999     0
2021 03 08 21   -15   -45 10209    70    10 -9999 -9999     0
2021 03 09 00     4   -30 10234   110    20 -9999 -9999     0
2021 03 09 03    89     4 10232   130    20 -9999 -9999     0
2021 03 09 06   137   -11 10204   160    10 -9999 -9999     0
2021 03 09 09   141   -73 10198   130    10 -9999 -9999     0
2021 03 09 12    98   -38 10209    80    20 -9999 -9999     0
2021 03 09 15    82   -39 10204    30    20 -9999 -9999     0
2021 03 09 18    39   -25 10190    90    10 -9999 -9999     0
2021 03 09 21    19   -28 10188    80    10 -9999 -9999     0
2021 03 10 00    -8   -24 10211   130    10 -9999 -9999     0
2021 03 10 03    89   -21 10199   190    10 -9999 -9999     0
2021 03 10 06   149   -30 10175   200    10 -9999 -9999     0
2021 03 10 09   172   -88 10160   280    20 -9999 -9999     0
2021 03 10 12    87   -41 10195     0 -9999 -9999 -9999     0
2021 03 10 15    49   -57 10191   320    20 -9999 -9999     0
2021 03 10 18    22   -50 10176   100    10 -9999 -9999     0
2021 03 10 21    23   -47 10165   100    20 -9999 -9999     0
2021 03 11 00    -4   -38 10204   280    10 -9999 -9999     0
2021 03 11 03    89   -10 10195    80    30 -9999 -9999     0
2021 03 11 06   138    -3 10168   110    20 -9999 -9999     0
2021 03 11 09   158    -8 10144    60    20 -9999 -9999     0
2021 03 11 12   122    15 10168    60    30 -9999 -9999     0
2021 03 11 15   108    11 10162    50    20 -9999 -9999     0
2021 03 11 18    81    15 10170    70    40 -9999 -9999     0
2021 03 11 21    64    17 10180    60    20 -9999 -9999     0
2021 03 12 00    57    20 10212    80    20 -9999 -9999     0
2021 03 12 03   100    28 10218    60    30 -9999 -9999     0
2021 03 12 06   143     2 10202    50    20 -9999 -9999     0
2021 03 12 09   153    -5 10196   160    30 -9999 -9999     0
2021 03 12 12    86   -36 10220   100    10 -9999 -9999     0
2021 03 12 15    67   -44 10214   110    10 -9999 -9999     0
2021 03 12 18    38   -62 10197   120    20 -9999 -9999     0
2021 03 12 21    28   -80 10180    80    20 -9999 -9999     0
2021 03 13 00    35   -47 10190    80    30 -9999 -9999     0
2021 03 13 03    91   -28 10169    70    40 -9999 -9999     0
2021 03 13 06   161   -10 10119    60    50 -9999 -9999     0
2021 03 13 09   176     7 10071    70    60 -9999 -9999     0
2021 03 13 12   135    -9 10069    70    40 -9999 -9999     0
2021 03 13 15   116     4 10060    80    20 -9999 -9999     0
2021 03 13 18    89     1 10042    30    30 -9999 -9999     0
2021 03 13 21    45     1 10046   330    10 -9999 -9999     0
2021 03 14 00    41    -7 10073   200    10 -9999 -9999     0
2021 03 14 03   117   -18 10065   260    20 -9999 -9999     0
2021 03 14 06   192   -99 10019   250    60 -9999 -9999     0
2021 03 14 09   205   -88 10009   230    50 -9999 -9999     0
2021 03 14 12   149   -92 10035   260    10 -9999 -9999     0
2021 03 14 15    87   -93 10093    40    70 -9999 -9999     0
2021 03 14 18    12  -212 10158    52    53 -9999 -9999 -9999
2021 03 14 21   -28  -211 10188    40    60 -9999 -9999     0
2021 03 15 00   -49  -224 10245    60    50 -9999 -9999     0
2021 03 15 03   -25  -224 10263    70    70 -9999 -9999     0
2021 03 15 06    20  -186 10253    90    30 -9999 -9999     0
2021 03 15 09    32  -176 10241    70    40 -9999 -9999     0
2021 03 15 12    29  -191 10248    60    30 -9999 -9999     0
2021 03 15 15    17  -153 10252    50    30 -9999 -9999     0
2021 03 15 18    -4  -171 10237    70    30 -9999 -9999     0
2021 03 15 21    -9  -163 10220    30    40 -9999 -9999     0
2021 03 16 00     2  -153 10224    90    30 -9999 -9999     0
2021 03 16 03    30  -178 10219   100    30 -9999 -9999     0
2021 03 16 06    57  -155 10200   110    20 -9999 -9999     0
2021 03 16 09    67  -166 10189    70    20 -9999 -9999     0
2021 03 16 12    19  -138 10221    50    10 -9999 -9999     0
2021 03 16 15   -15  -127 10222     0 -9999 -9999 -9999     0
2021 03 16 18    26  -141 10203    30    20 -9999 -9999     0
2021 03 16 21     7  -145 10188    80    30 -9999 -9999     0
2021 03 17 00     3  -137 10207    70    20 -9999 -9999     0
2021 03 17 03    44  -160 10208    50    30 -9999 -9999     0
2021 03 17 06    72  -143 10174    70    30 -9999 -9999     0
2021 03 17 09    70  -122 10167    90    20 -9999 -9999     0
2021 03 17 12    46   -88 10185   230    10 -9999 -9999     0
2021 03 17 15    25   -88 10187   250    10 -9999 -9999     0
2021 03 17 18    18   -47 10180   300    10 -9999 -9999     0
2021 03 17 21    10   -37 10180    90    10 -9999 -9999     0
2021 03 18 00    15   -38 10198   130    10 -9999 -9999     0
2021 03 18 03    58   -55 10199   160    10 -9999 -9999     0
2021 03 18 06    89   -86 10182   170    20 -9999 -9999     0
2021 03 18 09    99   -69 10170   170    10 -9999 -9999     0
2021 03 18 12    60   -63 10188     0 -9999 -9999 -9999     0
2021 03 18 15    69   -36 10194    60    20 -9999 -9999     0
2021 03 18 18    58    31 10186    70    20 -9999 -9999     0
2021 03 18 21    53    35 10177    30    10 -9999 -9999     0
2021 03 19 00    42    21 10206   310    10 -9999 -9999     0
2021 03 19 03    48   -35 10225   310    40 -9999 -9999     3
2021 03 19 06    55   -70 10220   310    50 -9999 -9999     3
2021 03 19 09    57  -197 10220   300    40 -9999 -9999     0
2021 03 19 12    30  -151 10256   270    10 -9999 -9999     0
2021 03 19 15     9  -156 10275   270    20 -9999 -9999     0
2021 03 19 18   -18  -163 10277   300    10 -9999 -9999     0
2021 03 19 21   -49  -147 10282   270    10 -9999 -9999     0
2021 03 20 00   -19  -112 10301    30    30 -9999 -9999     0
2021 03 20 03     7  -181 10314    30    40 -9999 -9999     0
2021 03 20 06    25  -188 10311    20    50 -9999 -9999     0
2021 03 20 09    23  -203 10331    20    60 -9999 -9999     0
2021 03 20 12     0  -203 10354    10    20 -9999 -9999     0
2021 03 20 15   -48  -163 10366     0 -9999 -9999 -9999     0
2021 03 20 18   -61  -126 10365   340    10 -9999 -9999     0
2021 03 20 21   -78  -110 10364   210    10 -9999 -9999     0
2021 03 21 00   -54  -144 10366   240    20 -9999 -9999     0
2021 03 21 03    31  -171 10357   250    40 -9999 -9999     0
2021 03 21 06    67  -174 10323   250    40 -9999 -9999     0
2021 03 21 09    76  -210 10306   250    40 -9999 -9999     0
2021 03 21 12    27  -193 10313   250    20 -9999 -9999     0
2021 03 21 15    -5  -168 10301   230    20 -9999 -9999     0
2021 03 21 18   -18  -175 10289   230    20 -9999 -9999     0
2021 03 21 21   -31  -167 10278   210    20 -9999 -9999     0
2021 03 22 00   -17  -166 10283   230    20 -9999 -9999     0
2021 03 22 03    76  -200 10266   240    50 -9999 -9999     0
2021 03 22 06   122  -198 10229   230    40 -9999 -9999     0
2021 03 22 09   150  -206 10193   250    30 -9999 -9999     0
2021 03 22 12    63  -104 10200   170    10 -9999 -9999     0
2021 03 22 15    24  -143 10185   130    10 -9999 -9999     0
2021 03 22 18   -17  -148 10168   110    10 -9999 -9999     0
2021 03 22 21    -6   -97 10137   130    10 -9999 -9999     0
2021 03 23 00    -6   -90 10166   100    10 -9999 -9999     0
2021 03 23 03    96  -105 10155   250    30 -9999 -9999     0
2021 03 23 06   160  -106 10131   300    30 -9999 -9999     0
2021 03 23 09   183  -165 10118    30    20 -9999 -9999     0
2021 03 23 12   137  -186 10150    40    40 -9999 -9999     0
2021 03 23 15   115  -160 10155    50    30 -9999 -9999     0
2021 03 23 18    96  -150 10157    50    20 -9999 -9999     0
2021 03 23 21    30  -113 10176     0 -9999 -9999 -9999     0
2021 03 24 00    14  -104 10204     0 -9999 -9999 -9999     0
2021 03 24 03   129  -116 10193   110    20 -9999 -9999     0
2021 03 24 06   162  -132 10165   200    20 -9999 -9999     0
2021 03 24 09   176  -132 10146    80    20 -9999 -9999     0
2021 03 24 12   139  -123 10164    70    30 -9999 -9999     0
2021 03 24 15    93   -74 10150    90    30 -9999 -9999     0
2021 03 24 18    48   -80 10143    60    10 -9999 -9999     0
2021 03 24 21    20   -81 10137   360    10 -9999 -9999     0
2021 03 25 00    59  -103 10138    70    30 -9999 -9999     0
2021 03 25 03   129   -56 10124    60    30 -9999 -9999     0
2021 03 25 06   191   -44 10089    10    30 -9999 -9999     0
2021 03 25 09   180   -40 10088   320    30 -9999 -9999     0
2021 03 25 12   147   -18 10101   290    20 -9999 -9999     0
2021 03 25 15   131   -65 10115   270    10 -9999 -9999     0
2021 03 25 18   105  -122 10108   300    40 -9999 -9999     0
2021 03 25 21    74   -82 10115   220    10 -9999 -9999     0
2021 03 26 00    52   -61 10148   170    10 -9999 -9999     0
2021 03 26 03   136  -117 10139   250    30 -9999 -9999     0
2021 03 26 06   173  -134 10108   290    30 -9999 -9999     0
2021 03 26 09   186  -163 10090   290    30 -9999 -9999     0
2021 03 26 12   109  -125 10114   200    10 -9999 -9999     0
2021 03 26 15    53   -82 10110   190    10 -9999 -9999     0
2021 03 26 18    52  -123 10087   250    20 -9999 -9999     0
2021 03 26 21    57  -123 10062   230    30 -9999 -9999     0
2021 03 27 00    81  -148 10071   240    40 -9999 -9999     0
2021 03 27 03   160  -134 10064   230    50 -9999 -9999     0
2021 03 27 06   207   -87 10033   290    60 -9999 -9999     0
2021 03 27 09   191   -81 10032   300    70 -9999 -9999     0
2021 03 27 12   120  -213 10083    10    60 -9999 -9999     0
2021 03 27 15    89  -156 10106    20    50 -9999 -9999     0
2021 03 27 18    63  -118 10115    60    20 -9999 -9999     0
2021 03 27 21    32  -108 10124    50    30 -9999 -9999     0
2021 03 28 00    15   -89 10164    90    20 -9999 -9999     0
2021 03 28 03    70   -98 10167    90    30 -9999 -9999     0
2021 03 28 06    99  -103 10147   170    30 -9999 -9999     0
2021 03 28 09    96  -129 10133   130    20 -9999 -9999     0
2021 03 28 12    75  -113 10143   110    10 -9999 -9999     0
2021 03 28 15    64   -83 10138   110    10 -9999 -9999     0
2021 03 28 18    67   -77 10122    80    20 -9999 -9999     0
2021 03 28 21    54   -96 10101    60    10 -9999 -9999     0
2021 03 29 00    48   -67 10120    80    10 -9999 -9999     0
2021 03 29 03   118   -56 10103   170    20 -9999 -9999     0
2021 03 29 06   147   -62 10073   210    20 -9999 -9999     0
2021 03 29 09   150   -60 10045   110    30 -9999 -9999     0
2021 03 29 12   120   -42 10059    70    30 -9999 -9999     0
2021 03 29 15    97   -46 10069    80    20 -9999 -9999     0
2021 03 29 18    69   -58 10068    50    10 -9999 -9999     0
2021 03 29 21    63   -51 10060    70    20 -9999 -9999     0
2021 03 30 00    67   -47 10080    50    20 -9999 -9999     0
2021 03 30 03   110   -39 10089   320    10 -9999 -9999     0
2021 03 30 06   153   -51 10080    40    20 -9999 -9999     0
2021 03 30 09   162   -44 10072    50    30 -9999 -9999     0
2021 03 30 12   148   -56 10102    50    20 -9999 -9999     0
2021 03 30 15   131   -70 10112    60    30 -9999 -9999     0
2021 03 30 18   121   -84 10104    60    30 -9999 -9999     0
2021 03 30 21   119   -65 10099    50    40 -9999 -9999     0
2021 03 31 00    94   -35 10126    60    40 -9999 -9999     0
2021 03 31 03    65    35 10146    80    20 -9999 -9999     8
2021 03 31 06    49    32 10137    10    50 -9999 -9999    90
2021 03 31 09    46    31 10130    30    40 -9999 -9999   130
2021 03 31 12    49    39 10140   360    40 -9999 -9999    70
2021 03 31 15    46    37 10151   360    37 -9999 -9999    55
2021 03 31 18    45    39 10154   326    17 -9999 -9999    41
2021 03 31 21    43    39 10151   260    20 -9999 -9999    20
2021 04 01 00    41    34 10174   210    10 -9999 -9999     0
2021 04 01 03    90    40 10173   210    20 -9999 -9999     0
2021 04 01 06   122    21 10151   280    30 -9999 -9999     0
2021 04 01 09   136    31 10138   210    20 -9999 -9999     0
2021 04 01 12   108    49 10159   160    10 -9999 -9999     0
2021 04 01 15    85    51 10169   190    10 -9999 -9999     0
2021 04 01 18    78    23 10171   310    20 -9999 -9999     0
2021 04 01 21    81     6 10182    60    50 -9999 -9999     0
2021 04 02 00    74   -21 10220    60    30 -9999 -9999     0
2021 04 02 03   104   -37 10234    70    60 -9999 -9999     0
2021 04 02 06   117   -25 10225    90    50 -9999 -9999     0
2021 04 02 09   127   -24 10217    70    40 -9999 -9999     0
2021 04 02 12   101   -50 10244    70    40 -9999 -9999     0
2021 04 02 15    75   -56 10268    70    50 -9999 -9999     0
2021 04 02 18    51   -56 10275    60    30 -9999 -9999     0
2021 04 02 21    36   -41 10277    70    40 -9999 -9999     0
2021 04 03 00    32   -40 10302    70    40 -9999 -9999     0
2021 04 03 03    66   -31 10303    70    40 -9999 -9999     0
2021 04 03 06   100   -37 10273    80    30 -9999 -9999     0
2021 04 03 09   119   -70 10245    90    30 -9999 -9999     0
2021 04 03 12    96   -85 10258    70    20 -9999 -9999     0
2021 04 03 15    83   -87 10264    80    20 -9999 -9999     0
2021 04 03 18    62   -27 10251    60    20 -9999 -9999     0
2021 04 03 21    46   -42 10245    60    10 -9999 -9999     0
2021 04 04 00    50   -38 10259    80    20 -9999 -9999     0
2021 04 04 03   109   -56 10244   120    30 -9999 -9999     0
2021 04 04 06   153   -41 10202   110    40 -9999 -9999     0
2021 04 04 09   147   -18 10185   130    30 -9999 -9999     0
2021 04 04 12   119    34 10196   170    30 -9999 -9999     0
2021 04 04 15    87    35 10199   120    20 -9999 -9999     0
2021 04 04 18    84    46 10174   140    30 -9999 -9999 -9999
2021 04 04 21    77    50 10156   110    10 -9999 -9999 -9999
2021 04 05 00    74    33 10164   130    30 -9999 -9999     0
2021 04 05 03    74    35 10171   120    40 -9999 -9999     0
2021 04 05 06    81    28 10165   110    40 -9999 -9999     0
2021 04 05 09    90    32 10166    80    30 -9999 -9999     0
2021 04 05 12    73    32 10189    70    30 -9999 -9999     0
2021 04 05 15    60    33 10223   110    10 -9999 -9999     0
2021 04 05 18    59    32 10223    70    20 -9999 -9999     0
2021 04 05 21    59    32 10228    60    20 -9999 -9999     0
2021 04 06 00    63    35 10257    90    20 -9999 -9999     0
2021 04 06 03   102    30 10265    50    10 -9999 -9999     0
2021 04 06 06   130    14 10249   130    30 -9999 -9999     0
2021 04 06 09   145    14 10235   130    30 -9999 -9999     0
2021 04 06 12   100    16 10256     0 -9999 -9999 -9999     0
2021 04 06 15    82     4 10265   320    30 -9999 -9999     0
2021 04 06 18    38     1 10262   160    10 -9999 -9999     0
2021 04 06 21    20    11 10254   130    10 -9999 -9999     0
2021 04 07 00    52    24 10270     0 -9999 -9999 -9999     0
2021 04 07 03   138     4 10256   150    10 -9999 -9999     0
2021 04 07 06   164   -42 10234   240    10 -9999 -9999     0
2021 04 07 09   163   -81 10212   130    20 -9999 -9999     0
2021 04 07 12   119   -65 10215    70    10 -9999 -9999     0
2021 04 07 15    59   -29 10214     0 -9999 -9999 -9999     0
2021 04 07 18    32   -17 10204     0 -9999 -9999 -9999     0
2021 04 07 21    50   -38 10198    80    20 -9999 -9999     0
2021 04 08 00    93   -26 10213    90    10 -9999 -9999     0
2021 04 08 03   154   -45 10212   100    30 -9999 -9999     0
2021 04 08 06   186   -94 10188   170    20 -9999 -9999     0
2021 04 08 09   181   -81 10161   360    30 -9999 -9999     0
2021 04 08 12   152   -76 10167    70    20 -9999 -9999     0
2021 04 08 15   109    12 10175   120    20 -9999 -9999     0
2021 04 08 18    76    31 10177   100    10 -9999 -9999     0
2021 04 08 21    67    35 10181    80    20 -9999 -9999     0
2021 04 09 00    89    49 10193   110    10 -9999 -9999     0
2021 04 09 06   179     5 10174   130    20 -9999 -9999     0
2021 04 09 09   180   -29 10152    60    30 -9999 -9999     0
2021 04 09 12   155   -39 10156    70    20 -9999 -9999     0
2021 04 09 15   121    23 10159   100    20 -9999 -9999     0
2021 04 09 18    94    44 10163   130    20 -9999 -9999     0
2021 04 09 21    76    54 10160   140    10 -9999 -9999     0
2021 04 10 00    88    57 10171   110    10 -9999 -9999     0
2021 04 10 03   145    61 10170   170    10 -9999 -9999     0
2021 04 10 06   162    61 10155   260    20 -9999 -9999     0
2021 04 10 09   161    68 10146   190    20 -9999 -9999     0
2021 04 10 12   137    68 10155   320    10 -9999 -9999     0
2021 04 10 15   113    72 10163   120    20 -9999 -9999     0
2021 04 10 18    91    62 10161   150    10 -9999 -9999     0
2021 04 10 21    83    59 10163   190    20 -9999 -9999     0
2021 04 11 00    89    70 10173   180    10 -9999 -9999     0
2021 04 11 03   156    69 10162   210    30 -9999 -9999     0
2021 04 11 06   195    32 10126   200    30 -9999 -9999     0
2021 04 11 09   195   -10 10111   220    40 -9999 -9999     0
2021 04 11 12   161    14 10138   320    80 -9999 -9999     0
2021 04 11 15    92    23 10187    30    50 -9999 -9999     8
2021 04 11 18    63     2 10203    60    40 -9999 -9999     8
2021 04 11 21    34   -60 10225    20    40 -9999 -9999     0
2021 04 12 00    18   -49 10266    40    50 -9999 -9999     0
2021 04 12 03    49   -57 10286    30    50 -9999 -9999     0
2021 04 12 06    61   -75 10278    30    50 -9999 -9999     0
2021 04 12 09    65   -90 10277    40    30 -9999 -9999     0
2021 04 12 12    50  -134 10292    40    30 -9999 -9999     0
2021 04 12 15    27  -186 10303    30    30 -9999 -9999     0
2021 04 12 18     7  -181 10301    70    20 -9999 -9999     0
2021 04 12 21   -36  -120 10302   320    10 -9999 -9999     0
2021 04 13 00     3  -120 10297   260    10 -9999 -9999     0
2021 04 13 03    70  -171 10280   260    30 -9999 -9999     0
2021 04 13 06   109  -147 10248   300    50 -9999 -9999     0
2021 04 13 09   126  -151 10230   300    40 -9999 -9999     0
2021 04 13 12    90  -128 10233   250    13 -9999 -9999 -9999
2021 04 13 15    54   -96 10228   250    20 -9999 -9999     0
2021 04 13 18    33   -75 10211   230    10 -9999 -9999     0
2021 04 13 21    23   -70 10194   250    20 -9999 -9999     0
2021 04 14 00    63   -80 10186   240    30 -9999 -9999     0
2021 04 14 03   133   -30 10163   240    50 -9999 -9999     0
2021 04 14 06   159   -64 10122   210    50 -9999 -9999     0
2021 04 14 09   169   -76 10087   230    40 -9999 -9999     0
2021 04 14 12   124   -26 10080   200    20 -9999 -9999     0
2021 04 14 15    84   -41 10073   200    10 -9999 -9999     0
2021 04 14 18    99   -69 10064   230    20 -9999 -9999     0
2021 04 14 21   104  -122 10058   260    40 -9999 -9999     0
2021 04 15 00    51   -71 10135   340    60 -9999 -9999     0
2021 04 15 03    52  -105 10201   340    80 -9999 -9999     0
2021 04 15 06    83  -146 10186   300    60 -9999 -9999     0
2021 04 15 09   101  -146 10159   300    50 -9999 -9999     0
2021 04 15 12    76  -139 10172   310    20 -9999 -9999     0
2021 04 15 15    51  -119 10173   260    20 -9999 -9999     0
2021 04 15 18    36  -124 10167   300    20 -9999 -9999     0
2021 04 15 21    32   -55 10176   360    30 -9999 -9999     0
2021 04 16 00    46   -85 10227   350    40 -9999 -9999     0
2021 04 16 03    72  -101 10255   350    40 -9999 -9999     0
2021 04 16 06    95  -136 10250   350    50 -9999 -9999     0
2021 04 16 09    98  -134 10248   350    50 -9999 -9999     0
2021 04 16 12    73  -148 10264    10    30 -9999 -9999     0
2021 04 16 15    26  -113 10275   130    10 -9999 -9999     0
2021 04 16 18   -11   -79 10275   160    10 -9999 -9999     0
2021 04 16 21   -24   -69 10275   290    10 -9999 -9999     0
2021 04 17 00    33   -75 10279   210    10 -9999 -9999     0
2021 04 17 03   115  -113 10263   210    30 -9999 -9999     0
2021 04 17 06   152  -130 10233   210    20 -9999 -9999     0
2021 04 17 09   169  -149 10202   200    20 -9999 -9999     0
2021 04 17 12   115  -101 10194     0 -9999 -9999 -9999     0
2021 04 17 15    59   -80 10192    90    10 -9999 -9999     0
2021 04 17 18    46   -85 10173   110    20 -9999 -9999     0
2021 04 17 21    19   -82 10164     0 -9999 -9999 -9999     0
2021 04 18 00    67   -56 10167   120    10 -9999 -9999     0
2021 04 18 03   144   -59 10161   330    10 -9999 -9999     0
2021 04 18 06   191  -132 10129   270    30 -9999 -9999     0
2021 04 18 09   211  -105 10103   200    30 -9999 -9999     0
2021 04 18 12   143   -60 10115   130    10 -9999 -9999     0
2021 04 18 15   101   -58 10119   140    10 -9999 -9999     0
2021 04 18 18    74   -60 10113     0 -9999 -9999 -9999     0
2021 04 18 21    59   -32 10104   130    10 -9999 -9999     0
2021 04 19 00    96   -30 10124   130    10 -9999 -9999     0
2021 04 19 03   188   -28 10116   150    10 -9999 -9999     0
2021 04 19 06   228   -81 10096   200    40 -9999 -9999     0
2021 04 19 09   227   -71 10083   200    30 -9999 -9999     0
2021 04 19 12   175   -38 10098   220    20 -9999 -9999     0
2021 04 19 15   127   -24 10101   200    10 -9999 -9999     0
2021 04 19 18   103    -8 10090   150    10 -9999 -9999     0
2021 04 19 21    74     2 10095     0 -9999 -9999 -9999     0
2021 04 20 00   116    10 10115   140    20 -9999 -9999     0
2021 04 20 03   218   -43 10103   130    10 -9999 -9999     0
2021 04 20 06   241   -60 10076   220    20 -9999 -9999     0
2021 04 20 09   251   -52 10062    80    20 -9999 -9999     0
2021 04 20 12   213    -7 10067   120    20 -9999 -9999     0
2021 04 20 15   190    44 10065   100    10 -9999 -9999     0
2021 04 20 18   198    31 10053   200    40 -9999 -9999     0
2021 04 20 21   153    76 10058    20    20 -9999 -9999     0
