2021 01 01 00  -123  -185 10347   260    20 -9999 -9999     0
2021 01 01 03   -43  -159 10338   280    90 -9999 -9999     0
2021 01 01 06   -18  -160 10321   290    60 -9999 -9999     0
2021 01 01 09   -23  -168 10309   280    50 -9999 -9999     0
2021 01 01 12  -108  -183 10350   240    10 -9999 -9999     0
2021 01 01 15  -136  -188 10330   250    10 -9999 -9999     0
2021 01 01 18  -128  -189 10314   280    10 -9999 -9999     0
2021 01 01 21  -172  -209 10332   360    10 -9999 -9999     0
2021 01 02 00  -144  -201 10356    80    10 -9999 -9999     0
2021 01 02 03   -60  -180 10363    90    20 -9999 -9999     0
2021 01 02 06   -21  -178 10326   310    30 -9999 -9999     0
2021 01 02 09   -29  -193 10360   350    30 -9999 -9999     0
2021 01 02 12   -90  -196 10397   360    20 -9999 -9999     0
2021 01 02 15  -156  -222 10395     0 -9999 -9999 -9999     0
2021 01 02 18  -148  -208 10373   220    10 -9999 -9999     0
2021 01 02 21  -158  -216 10360   250    10 -9999 -9999     0
2021 01 03 00  -179  -219 10385    10    10 -9999 -9999     0
2021 01 03 03   -83  -184 10371   190    20 -9999 -9999     0
2021 01 03 06   -17  -178 10313   300    30 -9999 -9999     0
2021 01 03 09   -24  -180 10327   340    10 -9999 -9999     0
2021 01 03 12   -89  -179 10388    20    40 -9999 -9999     0
2021 01 03 15   -99  -181 10364    40    20 -9999 -9999     0
2021 01 03 18  -111  -169 10347   340    50 -9999 -9999     0
2021 01 03 21  -136  -179 10357    30    30 -9999 -9999     0
2021 01 04 00  -140  -215 10391   350    30 -9999 -9999     0
2021 01 04 03  -110  -199 10404   350    50 -9999 -9999     0
2021 01 04 06   -76  -218 10377   340    50 -9999 -9999     0
2021 01 04 09   -93  -237 10402   350    40 -9999 -9999     0
2021 01 04 12  -130  -222 10442    30    30 -9999 -9999     0
2021 01 04 15  -153  -241 10436    40    20 -9999 -9999     0
2021 01 04 18  -167  -247 10432   180    10 -9999 -9999     0
2021 01 04 21  -167  -225 10435   290    20 -9999 -9999     0
2021 01 05 00  -205  -244 10470   140    10 -9999 -9999     0
2021 01 05 03  -125  -265 10452   280    50 -9999 -9999     0
2021 01 05 06  -100  -251 10410   280    80 -9999 -9999     0
2021 01 05 09  -101  -288 10406   290    90 -9999 -9999     0
2021 01 05 12  -131  -267 10431   300    50 -9999 -9999     0
2021 01 05 15  -156  -304 10415   330    50 -9999 -9999     0
2021 01 05 18  -185  -285 10421   330    50 -9999 -9999     0
2021 01 05 21  -223  -274 10457    40    30 -9999 -9999     0
2021 01 06 00  -239  -325 10495    10    50 -9999 -9999     0
2021 01 06 03  -210  -355 10507   360    60 -9999 -9999     0
2021 01 06 06  -188  -357 10489   350    50 -9999 -9999     0
2021 01 06 09  -190  -354 10511   350    50 -9999 -9999     0
2021 01 06 12  -251  -370 10554   360    20 -9999 -9999     0
2021 01 06 15  -253  -375 10544   350    20 -9999 -9999     0
2021 01 06 18  -269  -375 10528   270    20 -9999 -9999     0
2021 01 06 21  -252  -362 10510   240    30 -9999 -9999     0
2021 01 07 00  -256  -345 10543   260    30 -9999 -9999     0
2021 01 07 03  -187  -335 10524   260    50 -9999 -9999     0
2021 01 07 06  -133  -326 10487   290    50 -9999 -9999     0
2021 01 07 09  -130  -318 10480   300    50 -9999 -9999     0
2021 01 07 12  -179  -320 10512   230    10 -9999 -9999     0
2021 01 07 15  -180  -317 10475   310    30 -9999 -9999     0
2021 01 07 18  -190  -319 10457   350    30 -9999 -9999     0
2021 01 07 21  -200  -325 10459   290    20 -9999 -9999     0
2021 01 08 00  -204  -325 10478   270    30 -9999 -9999     0
2021 01 08 03  -143  -309 10455   280    70 -9999 -9999     0
2021 01 08 06  -105  -286 10420   280    50 -9999 -9999     0
2021 01 08 09   -95  -283 10416   300    50 -9999 -9999     0
2021 01 08 12  -154  -291 10446   200    20 -9999 -9999     0
2021 01 08 15  -173  -294 10437   200    20 -9999 -9999     0
2021 01 08 18  -185  -291 10423    20    10 -9999 -9999     0
2021 01 08 21  -185  -280 10418   100    10 -9999 -9999     0
2021 01 09 00  -233  -298 10464   360    10 -9999 -9999     0
2021 01 09 03  -100  -251 10436     0 -9999 -9999 -9999     0
2021 01 09 06   -64  -241 10394   350    20 -9999 -9999     0
2021 01 09 09   -74  -250 10400   310    30 -9999 -9999     0
2021 01 09 12  -120  -244 10460   280    50 -9999 -9999     0
2021 01 09 15  -173  -259 10430   320    10 -9999 -9999     0
2021 01 09 18  -160  -252 10406   250    10 -9999 -9999     0
2021 01 09 21  -177  -256 10404   210    30 -9999 -9999     0
2021 01 10 00  -173  -250 10427   210    20 -9999 -9999     0
2021 01 10 03  -107  -229 10438   270    40 -9999 -9999     0
2021 01 10 06   -92  -225 10414   310    80 -9999 -9999     0
2021 01 10 09   -97  -226 10425   280    80 -9999 -9999     0
2021 01 10 12  -122  -233 10442   280    60 -9999 -9999     0
2021 01 10 15  -107  -209 10407   290   100 -9999 -9999     0
2021 01 10 18  -122  -162 10403   300    50 -9999 -9999 -9999
2021 01 10 21  -142  -207 10395   220    20 -9999 -9999     0
2021 01 11 00  -159  -204 10411   260    20 -9999 -9999     0
2021 01 11 03   -82  -203 10379   270    60 -9999 -9999     0
2021 01 11 06   -45  -220 10330   260    80 -9999 -9999     0
2021 01 11 09   -37  -246 10312   280    70 -9999 -9999     0
2021 01 11 12   -62  -250 10310   280    70 -9999 -9999     0
2021 01 11 15  -125  -248 10294   130    30 -9999 -9999     0
2021 01 11 18   -82  -243 10232   240    30 -9999 -9999     0
2021 01 11 21   -80  -242 10200   270    20 -9999 -9999     0
2021 01 12 00  -103  -239 10198   190    30 -9999 -9999     0
2021 01 12 03    -7  -209 10182   240    50 -9999 -9999     0
2021 01 12 06    44  -226 10122   270    90 -9999 -9999     0
2021 01 12 09    29  -247 10131   290    90 -9999 -9999     0
2021 01 12 12     9  -263 10160   290   110 -9999 -9999     0
2021 01 12 15    -9  -243 10160   290    90 -9999 -9999     0
2021 01 12 18   -20  -238 10156   280    70 -9999 -9999     0
2021 01 12 21   -38  -235 10167   140    10 -9999 -9999     0
2021 01 13 00   -73  -235 10182   210    30 -9999 -9999     0
2021 01 13 03   -23  -222 10183   190    30 -9999 -9999     0
2021 01 13 06    35  -215 10148   260    60 -9999 -9999     0
2021 01 13 09    42  -218 10148   230    30 -9999 -9999     0
2021 01 13 12   -16  -228 10181   200    20 -9999 -9999     0
2021 01 13 15   -58  -252 10171   190    20 -9999 -9999     0
2021 01 13 18   -61  -279 10137   200    20 -9999 -9999     0
2021 01 13 21   -58  -258 10102   230    30 -9999 -9999     0
2021 01 14 00   -12  -246 10122    20    30 -9999 -9999     0
2021 01 14 03     4  -156 10170   310    70 -9999 -9999     0
2021 01 14 06    17  -215 10178   310    80 -9999 -9999     0
2021 01 14 09     0  -177 10216   280    90 -9999 -9999     0
2021 01 14 12   -38  -174 10230   290    50 -9999 -9999     0
2021 01 14 15   -55  -170 10260   310    50 -9999 -9999     0
2021 01 14 18   -70  -172 10264   320    40 -9999 -9999     0
2021 01 14 21  -126  -196 10279   270    10 -9999 -9999     0
2021 01 15 00  -101  -193 10300   290    10 -9999 -9999     0
2021 01 15 03   -56  -190 10313   290    20 -9999 -9999     0
2021 01 15 06   -36  -208 10295   300    30 -9999 -9999     0
2021 01 15 09   -51  -175 10335   310    50 -9999 -9999     0
2021 01 15 12   -92  -187 10365   290    40 -9999 -9999     0
2021 01 15 15  -139  -208 10376   130    10 -9999 -9999     0
2021 01 15 18  -129  -214 10365   330    50 -9999 -9999     0
2021 01 15 21  -152  -224 10387   310    20 -9999 -9999     0
2021 01 16 00  -164  -222 10428   360    30 -9999 -9999     0
2021 01 16 03  -111  -210 10461   330    50 -9999 -9999     0
2021 01 16 06   -78  -209 10434   310    70 -9999 -9999     0
2021 01 16 09   -90  -217 10469   300    60 -9999 -9999     0
2021 01 16 12  -149  -230 10509   280    30 -9999 -9999     0
2021 01 16 15  -145  -233 10481   270    40 -9999 -9999     0
2021 01 16 18  -161  -239 10450   210    20 -9999 -9999     0
2021 01 16 21  -187  -242 10429   220    20 -9999 -9999     0
2021 01 17 00  -197  -248 10419   180    20 -9999 -9999     0
2021 01 17 03   -77  -223 10364   240    50 -9999 -9999     0
2021 01 17 06   -26  -257 10315   270    90 -9999 -9999     0
2021 01 17 09   -16  -257 10308   280    70 -9999 -9999     0
2021 01 17 12   -67  -259 10337   220    20 -9999 -9999     0
2021 01 17 15   -76  -262 10303   150    10 -9999 -9999     0
2021 01 17 18   -77  -274 10277   270    30 -9999 -9999     0
2021 01 17 21   -65  -276 10258   270    40 -9999 -9999     0
2021 01 18 00  -117  -270 10290   200    20 -9999 -9999     0
2021 01 18 03   -28  -245 10260   210    30 -9999 -9999     0
2021 01 18 06    44  -271 10199   180    40 -9999 -9999     0
2021 01 18 09    49  -254 10177   170    30 -9999 -9999     0
2021 01 18 12   -70  -252 10237     0 -9999 -9999 -9999     0
2021 01 18 15   -87  -239 10207   290    10 -9999 -9999     0
2021 01 18 18  -128  -248 10186   350    10 -9999 -9999     0
2021 01 18 21  -124  -230 10175    20    20 -9999 -9999     0
2021 01 19 00  -142  -236 10227    10    10 -9999 -9999     0
2021 01 19 03   -17  -196 10205   120    10 -9999 -9999     0
2021 01 19 06    42  -187 10181   330    20 -9999 -9999     0
2021 01 19 09    33  -209 10195   280    40 -9999 -9999     0
2021 01 19 12   -83  -228 10269     0 -9999 -9999 -9999     0
2021 01 19 15   -99  -231 10235   330    20 -9999 -9999     0
2021 01 19 18   -70  -217 10211   240    10 -9999 -9999     0
2021 01 19 21  -136  -228 10240   260    10 -9999 -9999     0
2021 01 20 00  -135  -224 10291   260    10 -9999 -9999     0
2021 01 20 03   -26  -199 10271   190    20 -9999 -9999     0
2021 01 20 06    19  -213 10226   270    50 -9999 -9999     0
2021 01 20 09    10  -207 10250   210    20 -9999 -9999     0
2021 01 20 12   -60  -220 10283   290    10 -9999 -9999     0
2021 01 20 15   -86  -217 10261     0 -9999 -9999 -9999     0
2021 01 20 18  -112  -216 10252   260    10 -9999 -9999     0
2021 01 20 21  -110  -204 10257   130    10 -9999 -9999     0
2021 01 21 00  -136  -205 10308     0 -9999 -9999 -9999     0
2021 01 21 03     1  -191 10287   270    30 -9999 -9999     0
2021 01 21 06    37  -184 10267   290    40 -9999 -9999     0
2021 01 21 09    43  -193 10270   280    50 -9999 -9999     0
2021 01 21 12     2  -196 10302   210    40 -9999 -9999     0
2021 01 21 15   -54  -185 10276   280    20 -9999 -9999     0
2021 01 21 18   -98  -195 10266   270    10 -9999 -9999     0
2021 01 21 21  -110  -194 10249   350    10 -9999 -9999     0
2021 01 22 00   -97  -192 10257     0 -9999 -9999 -9999     0
2021 01 22 03   -30  -185 10246     0 -9999 -9999 -9999     0
2021 01 22 06    54  -192 10191   160    50 -9999 -9999     0
2021 01 22 09    55  -191 10181   150    40 -9999 -9999     0
2021 01 22 12     4  -183 10206   120    30 -9999 -9999     0
2021 01 22 15   -85  -206 10213   270    10 -9999 -9999     0
2021 01 22 18  -124  -212 10190   310    10 -9999 -9999     0
2021 01 22 21  -137  -208 10186   330    10 -9999 -9999     0
2021 01 23 00  -148  -206 10216     0 -9999 -9999 -9999     0
2021 01 23 03   -11  -153 10213    90    10 -9999 -9999     0
2021 01 23 06    78  -165 10179   130    20 -9999 -9999     0
2021 01 23 09    76  -166 10192   180    20 -9999 -9999     0
2021 01 23 12   -62  -195 10268     0 -9999 -9999 -9999     0
2021 01 23 15   -88  -181 10239     0 -9999 -9999 -9999     0
2021 01 23 18   -77  -163 10203    20    10 -9999 -9999     0
2021 01 23 21   -78  -155 10201    20    20 -9999 -9999     0
2021 01 24 00   -93  -147 10265   360    10 -9999 -9999     0
2021 01 24 03   -32  -121 10268    40    10 -9999 -9999     0
2021 01 24 06     8  -107 10228    80    10 -9999 -9999     0
2021 01 24 09    15   -97 10233     0 -9999 -9999 -9999     0
2021 01 24 12    -8  -102 10278   340    40 -9999 -9999     0
2021 01 24 15   -18  -146 10285   300    60 -9999 -9999     0
2021 01 24 18   -43  -113 10295   290    50 -9999 -9999 -9999
2021 01 24 21   -66  -101 10304   280    30 -9999 -9999     6
2021 01 25 00   -77  -145 10324   290    30 -9999 -9999     6
2021 01 25 03   -34  -136 10321   290    70 -9999 -9999     0
2021 01 25 06    -2  -142 10293   290    60 -9999 -9999     0
2021 01 25 09    -8  -144 10299   300    50 -9999 -9999     0
2021 01 25 12   -70  -150 10337   320    20 -9999 -9999     0
2021 01 25 15  -111  -168 10346   160    10 -9999 -9999     0
2021 01 25 18  -125  -170 10328   250    10 -9999 -9999     0
2021 01 25 21  -116  -167 10326   350    10 -9999 -9999     0
2021 01 26 00  -149  -185 10357    20    20 -9999 -9999     0
2021 01 26 03   -47  -162 10340    80    10 -9999 -9999     0
2021 01 26 06     0  -147 10299   240    30 -9999 -9999     0
2021 01 26 09    -1  -156 10283   260    20 -9999 -9999     0
2021 01 26 12   -74  -160 10327   300    10 -9999 -9999     0
2021 01 26 15  -105  -170 10299   290    10 -9999 -9999     0
2021 01 26 18   -96  -153 10268   230    20 -9999 -9999     0
2021 01 26 21   -91  -152 10254   180    20 -9999 -9999     0
2021 01 27 00   -81  -147 10289   280    40 -9999 -9999     0
2021 01 27 03   -41  -180 10311   290   120 -9999 -9999     0
2021 01 27 06   -32  -179 10304   290   120 -9999 -9999     0
2021 01 27 09   -53  -198 10328   300   100 -9999 -9999     0
2021 01 27 12   -91  -221 10368   290    30 -9999 -9999     0
2021 01 27 15  -122  -242 10369   300    40 -9999 -9999     0
2021 01 27 18  -128  -268 10364   280    40 -9999 -9999     0
2021 01 27 21  -160  -268 10373   190    20 -9999 -9999     0
2021 01 28 00  -128  -218 10384   200    20 -9999 -9999     0
2021 01 28 03   -73  -219 10384   220    30 -9999 -9999     0
2021 01 28 06   -24  -198 10345   270    50 -9999 -9999     0
2021 01 28 09    -9  -185 10333   250    40 -9999 -9999     0
2021 01 28 12   -78  -193 10346   260    10 -9999 -9999     0
2021 01 28 15   -69  -188 10319   160    10 -9999 -9999     0
2021 01 28 18  -109  -200 10304   160    20 -9999 -9999     0
2021 01 28 21  -107  -198 10285   180    20 -9999 -9999     0
2021 01 29 00  -119  -195 10319   190    20 -9999 -9999     0
2021 01 29 03    -2  -161 10286   310    60 -9999 -9999     0
2021 01 29 06    14  -156 10279   280   130 -9999 -9999     0
2021 01 29 09     6  -167 10288   290    70 -9999 -9999     0
2021 01 29 12   -33  -173 10320   260    30 -9999 -9999     0
2021 01 29 15   -36  -159 10287   280    60 -9999 -9999     0
2021 01 29 18   -72  -166 10287   270    30 -9999 -9999     0
2021 01 29 21   -95  -169 10298   250    20 -9999 -9999     0
2021 01 30 00  -113  -175 10315   190    20 -9999 -9999     0
2021 01 30 03    -7  -165 10284   260    60 -9999 -9999     0
2021 01 30 06    17  -167 10270   270    60 -9999 -9999     0
2021 01 30 09    18  -177 10264   290    70 -9999 -9999     0
2021 01 30 12   -30  -178 10292   280    30 -9999 -9999     0
2021 01 30 15   -54  -185 10261   230    20 -9999 -9999     0
2021 01 30 18   -96  -196 10262   210    20 -9999 -9999     0
2021 01 30 21  -108  -199 10249   150    20 -9999 -9999     0
2021 01 31 00  -108  -202 10271   210    30 -9999 -9999     0
2021 01 31 03    -3  -184 10243   260    70 -9999 -9999     0
2021 01 31 06    33  -181 10220   260    70 -9999 -9999     0
2021 01 31 09    24  -195 10228   280   110 -9999 -9999     0
2021 01 31 12    -9  -185 10265   280    70 -9999 -9999     0
2021 01 31 15   -77  -193 10262   330    20 -9999 -9999     0
2021 01 31 18   -97  -197 10255   340    10 -9999 -9999     0
2021 01 31 21  -115  -201 10261    10    20 -9999 -9999     0
2021 02 01 00  -128  -200 10299    40    30 -9999 -9999     0
2021 02 01 03   -75  -233 10330    20    60 -9999 -9999     0
2021 02 01 06   -59  -242 10339   350    40 -9999 -9999     0
2021 02 01 09   -70  -252 10358    10    50 -9999 -9999     0
2021 02 01 12  -123  -256 10397   360    20 -9999 -9999     0
2021 02 01 15  -183  -266 10399   330    10 -9999 -9999     0
2021 02 01 18  -188  -266 10386   230    10 -9999 -9999     0
2021 02 01 21  -179  -263 10379   230    10 -9999 -9999     0
2021 02 02 00  -174  -263 10389   230    20 -9999 -9999     0
2021 02 02 03   -73  -240 10377   220    40 -9999 -9999     0
2021 02 02 06    -1  -237 10317   240    30 -9999 -9999     0
2021 02 02 09    17  -238 10287   210    30 -9999 -9999     0
2021 02 02 12   -75  -233 10316   290    10 -9999 -9999     0
2021 02 02 15   -88  -229 10280   210    10 -9999 -9999     0
2021 02 02 18   -66  -213 10255   280    50 -9999 -9999     0
2021 02 02 21   -72  -215 10275    30    20 -9999 -9999     0
2021 02 03 00   -99  -219 10345   350    40 -9999 -9999     0
2021 02 03 03   -25  -230 10346   330    50 -9999 -9999     0
2021 02 03 06     8  -229 10321   340    50 -9999 -9999     0
2021 02 03 09    21  -235 10310   340    10 -9999 -9999     0
2021 02 03 12   -83  -253 10370   310    10 -9999 -9999     0
2021 02 03 15  -120  -254 10355     0 -9999 -9999 -9999     0
2021 02 03 18  -141  -259 10340     0 -9999 -9999 -9999     0
2021 02 03 21  -140  -250 10324     0 -9999 -9999 -9999     0
2021 02 04 00  -122  -236 10357   210    10 -9999 -9999     0
2021 02 04 03   -20  -204 10334   200    20 -9999 -9999     0
2021 02 04 06    49  -204 10293   290    50 -9999 -9999     0
2021 02 04 09    51  -187 10282   270    40 -9999 -9999     0
2021 02 04 12   -39  -197 10320   250    20 -9999 -9999     0
2021 02 04 15   -12  -187 10277   270    40 -9999 -9999     0
2021 02 04 18   -23  -164 10244   250    30 -9999 -9999     0
2021 02 04 21   -67  -187 10247   150    20 -9999 -9999     0
2021 02 05 00   -83  -187 10270   210    20 -9999 -9999     0
2021 02 05 03    27  -149 10217   240    50 -9999 -9999     0
2021 02 05 06    66  -160 10187   280   100 -9999 -9999     0
2021 02 05 09    72  -185 10187   280    90 -9999 -9999     0
2021 02 05 12    38  -177 10211   290    70 -9999 -9999     0
2021 02 05 15    -4  -185 10195   270    50 -9999 -9999     0
2021 02 05 18   -41  -191 10190   220    10 -9999 -9999     0
2021 02 05 21   -69  -188 10187   190    20 -9999 -9999     0
2021 02 06 00   -15  -176 10193   280    60 -9999 -9999     0
2021 02 06 03    39  -176 10209   280    60 -9999 -9999     0
2021 02 06 06    74  -192 10199   290    80 -9999 -9999     0
2021 02 06 09    64  -184 10218   300    80 -9999 -9999     0
2021 02 06 12     7  -181 10245   350    60 -9999 -9999     0
2021 02 06 15   -25  -173 10261    30    30 -9999 -9999     0
2021 02 06 18   -58  -148 10261    20    60 -9999 -9999     0
2021 02 06 21   -80  -150 10282    80    20 -9999 -9999     0
2021 02 07 00  -123  -163 10333   350    20 -9999 -9999     0
2021 02 07 03     0  -136 10321    60    10 -9999 -9999     0
2021 02 07 06    43  -156 10302   160    20 -9999 -9999     0
2021 02 07 09    50  -161 10304   150    20 -9999 -9999     0
2021 02 07 12   -17  -162 10353    40    10 -9999 -9999     0
2021 02 07 15   -63  -174 10328    10    20 -9999 -9999     0
2021 02 07 18   -58  -167 10310    10    10 -9999 -9999     0
2021 02 07 21   -45  -158 10299   130    10 -9999 -9999     0
2021 02 08 00   -49  -153 10316   160    10 -9999 -9999     0
2021 02 08 03    23  -148 10314   150    30 -9999 -9999     0
2021 02 08 06    74  -147 10268   200    20 -9999 -9999     0
2021 02 08 09    70  -164 10257   280    40 -9999 -9999     0
2021 02 08 12   -29  -181 10299   310    20 -9999 -9999     0
2021 02 08 15   -58  -172 10286    10    10 -9999 -9999     0
2021 02 08 18   -83  -174 10268    40    10 -9999 -9999     0
2021 02 08 21  -111  -188 10263     0 -9999 -9999 -9999     0
2021 02 09 00  -119  -183 10300   320    10 -9999 -9999     0
2021 02 09 03    32  -149 10268   190    10 -9999 -9999     0
2021 02 09 06    72  -170 10243   270    30 -9999 -9999     0
2021 02 09 12   -33  -201 10301     0 -9999 -9999 -9999     0
2021 02 09 15   -78  -209 10267   290    10 -9999 -9999     0
2021 02 09 18  -103  -210 10253   290    10 -9999 -9999     0
2021 02 09 21  -102  -199 10243   360    20 -9999 -9999     0
2021 02 10 00  -108  -197 10275   360    20 -9999 -9999     0
2021 02 10 03    60  -130 10232   150    40 -9999 -9999     0
2021 02 10 06   128  -109 10184   160    60 -9999 -9999     0
2021 02 10 09   132   -99 10163   160    50 -9999 -9999     0
2021 02 11 00    22  -140 10183   230    10 -9999 -9999     0
2021 02 13 12    23  -152 10212   250    20 -9999 -9999     0
2021 02 13 15    22  -136 10186    30    40 -9999 -9999     0
2021 02 13 18     5  -125 10172   330    50 -9999 -9999     0
2021 02 13 21   -11  -118 10161   360    50 -9999 -9999     0
2021 02 14 00   -23  -118 10204    40    20 -9999 -9999     0
2021 02 14 03     5  -122 10222    20    50 -9999 -9999     0
2021 02 14 06    10  -111 10238   360    60 -9999 -9999     0
2021 02 14 09    -6  -142 10265   360    60 -9999 -9999     0
2021 02 14 12   -65  -162 10315   360    30 -9999 -9999     0
2021 02 14 15   -94  -202 10331    30    30 -9999 -9999     0
2021 02 14 18  -147  -217 10346   240    20 -9999 -9999     0
2021 02 14 21  -129  -209 10327   240    10 -9999 -9999     0
2021 02 15 00  -125  -199 10331   220    20 -9999 -9999     0
2021 02 15 03   -12  -170 10292   250    50 -9999 -9999     0
2021 02 15 06    28  -192 10266   280    60 -9999 -9999     0
2021 02 15 09    46  -198 10231   280   100 -9999 -9999     0
2021 02 15 12     4  -194 10260   280    50 -9999 -9999     0
2021 02 15 15    -9  -189 10243   300    40 -9999 -9999     0
2021 02 15 18   -52  -170 10257    20    50 -9999 -9999     0
2021 02 15 21   -71  -173 10267    20    50 -9999 -9999     0
2021 02 16 00   -94  -179 10306    20    40 -9999 -9999     0
2021 02 16 03   -34  -197 10310    30    40 -9999 -9999     0
2021 02 16 06    18  -188 10294   320    30 -9999 -9999     0
2021 02 16 09    37  -166 10289   270    40 -9999 -9999     0
2021 02 16 12   -18  -171 10331   330    20 -9999 -9999     0
2021 02 16 15   -67  -181 10337   310    20 -9999 -9999     0
2021 02 16 18   -88  -181 10326   220    10 -9999 -9999     0
2021 02 16 21   -68  -165 10311   260    30 -9999 -9999     0
2021 02 17 00  -111  -181 10347   170    10 -9999 -9999     0
2021 02 17 03    32  -149 10330   280    60 -9999 -9999     0
2021 02 17 06    66  -160 10310   280    30 -9999 -9999     0
2021 02 17 09    76  -174 10298   290    50 -9999 -9999     0
2021 02 17 12   -19  -184 10355   320    10 -9999 -9999     0
2021 02 17 15   -49  -180 10324     0 -9999 -9999 -9999     0
2021 02 17 18   -63  -174 10309   210    10 -9999 -9999     0
2021 02 17 21   -83  -181 10305   230    10 -9999 -9999     0
2021 02 18 00   -71  -173 10336   220    20 -9999 -9999     0
2021 02 18 03    69  -165 10298   230    40 -9999 -9999     0
2021 02 18 06    94  -186 10273   290    60 -9999 -9999     0
2021 02 18 09    98  -183 10265   280    70 -9999 -9999     0
2021 02 18 12    36  -179 10285   280    30 -9999 -9999     0
2021 02 18 15    20  -175 10239   240    20 -9999 -9999     0
2021 02 18 18     1  -176 10227   250    20 -9999 -9999     0
2021 02 18 21   -48  -186 10222   150    30 -9999 -9999     0
2021 02 19 00   -18  -175 10231   240    30 -9999 -9999     0
2021 02 19 03    75  -175 10212   270    80 -9999 -9999     0
2021 02 19 06   116  -169 10190   290    90 -9999 -9999     0
2021 02 19 09   112  -172 10193   280    90 -9999 -9999     0
2021 02 20 15    70  -251 10115   283    33 -9999 -9999 -9999
2021 02 20 18    60  -234 10089   273    36 -9999 -9999 -9999
2021 02 20 21    42  -218 10094   199    18 -9999 -9999 -9999
2021 02 21 00    12  -193 10142   154    13 -9999 -9999 -9999
2021 02 21 06   157  -136 10119   273    62 -9999 -9999 -9999
2021 02 21 12    72  -126 10189   342    35 -9999 -9999 -9999
2021 02 21 15    65  -112 10172   334    42 -9999 -9999 -9999
2021 02 21 18    16  -119 10191   185    16 -9999 -9999 -9999
2021 02 21 21   -44  -128 10217   160    10 -9999 -9999     0
2021 02 22 00   -49  -123 10258   351    15 -9999 -9999 -9999
2021 02 22 03    85  -109 10223   200    30 -9999 -9999     0
2021 02 22 06   126  -118 10190   220    60 -9999 -9999     0
2021 02 22 09   129  -116 10204   270    30 -9999 -9999     0
2021 02 22 12    56  -106 10238    30    50 -9999 -9999     0
2021 02 22 15     8  -126 10220    10    20 -9999 -9999     0
2021 02 22 18    -4  -136 10199    10    20 -9999 -9999     0
2021 02 22 21    -7  -129 10178    10    20 -9999 -9999     0
2021 02 23 00   -14  -118 10198    30    20 -9999 -9999     0
2021 02 23 03    81  -118 10185    60    40 -9999 -9999     0
2021 02 23 06   129  -140 10147    60    40 -9999 -9999     0
2021 02 23 09   122  -129 10137    60    50 -9999 -9999     0
2021 02 23 12    87  -136 10174    50    30 -9999 -9999     0
2021 02 23 15    58  -132 10167    30    30 -9999 -9999     0
2021 02 23 18    35  -137 10150    20    30 -9999 -9999     0
2021 02 23 21    15  -138 10145    20    20 -9999 -9999     0
2021 02 24 00   -14  -136 10167   360    30 -9999 -9999     0
2021 02 24 03    44   -94 10163    70    10 -9999 -9999     0
2021 02 24 06    79   -52 10144   110    30 -9999 -9999     0
2021 02 24 09    95   -52 10146   100    40 -9999 -9999     0
2021 02 24 12    37   -55 10201   200    20 -9999 -9999     0
2021 02 24 15    -1   -28 10220   280    20 -9999 -9999     0
2021 02 24 18   -12   -25 10221     0 -9999 -9999 -9999     0
2021 02 24 21   -19   -32 10208    60    10 -9999 -9999     0
2021 02 25 00   -55   -65 10246     0 -9999 -9999 -9999     0
2021 02 25 03    72  -115 10225    70    30 -9999 -9999     0
2021 02 25 06   110  -139 10195   110    30 -9999 -9999     0
2021 02 25 09   113  -136 10185   110    40 -9999 -9999     0
2021 02 25 12    58  -118 10224   170    20 -9999 -9999     0
2021 02 25 15    -3   -82 10208   190    10 -9999 -9999     0
2021 02 25 18     9   -20 10185   160    20 -9999 -9999     0
2021 02 25 21    -6   -28 10170   170    30 -9999 -9999     0
2021 02 26 00   -10   -27 10187   150    30 -9999 -9999     0
2021 02 26 03    41   -25 10188   160    60 -9999 -9999     0
2021 02 26 06    72   -48 10146   170    90 -9999 -9999     0
2021 02 26 09    57   -29 10145   170    90 -9999 -9999     0
2021 02 26 12    36   -34 10162   180    90 -9999 -9999     0
2021 02 26 15    25   -32 10162   180    70 -9999 -9999     0
2021 02 26 18    11   -32 10140   180    60 -9999 -9999     0
2021 02 26 21     7   -32 10132   190    60 -9999 -9999     0
2021 02 27 00     7   -34 10144   190    60 -9999 -9999     0
2021 02 27 03    24   -33 10150   200    40 -9999 -9999     0
2021 02 27 06    21   -32 10154   290    30 -9999 -9999     0
2021 02 27 09    15   -56 10162   290    40 -9999 -9999     0
2021 02 27 12   -26   -45 10213   320    60 -9999 -9999    20
2021 02 27 15   -22   -39 10225   310    50 -9999 -9999    20
2021 02 27 18   -25   -41 10225   360    60 -9999 -9999     3
2021 02 27 21   -31   -53 10216    10    50 -9999 -9999     0
2021 02 28 00   -39   -75 10258    20    60 -9999 -9999     0
2021 02 28 03   -34   -83 10262    30    60 -9999 -9999     0
2021 02 28 06   -37   -75 10252   360    60 -9999 -9999     0
2021 02 28 09   -43   -74 10289   350    70 -9999 -9999     0
2021 02 28 12   -45   -95 10323    30    50 -9999 -9999     0
2021 02 28 15   -44   -94 10346    30    30 -9999 -9999     0
2021 02 28 18   -49  -103 10355   160    10 -9999 -9999     0
2021 02 28 21   -58  -182 10351   280    40 -9999 -9999     0
2021 03 01 00   -80  -176 10367   250    10 -9999 -9999     0
2021 03 01 03    -9  -155 10344   290    60 -9999 -9999     0
2021 03 01 06    31  -120 10304   220    40 -9999 -9999     0
2021 03 01 09    38  -114 10287   250    50 -9999 -9999     0
2021 03 01 12   -12  -105 10314   270    30 -9999 -9999     0
2021 03 01 15   -38  -115 10302   230    10 -9999 -9999     0
2021 03 01 18   -78  -102 10286   260    20 -9999 -9999     0
2021 03 01 21   -77  -104 10271   250    10 -9999 -9999     0
2021 03 02 00   -82  -106 10298    10    10 -9999 -9999     0
2021 03 02 03    50   -81 10261   190    20 -9999 -9999     0
2021 03 02 06    96  -136 10231   250    40 -9999 -9999     0
2021 03 02 09   101  -125 10220   270    50 -9999 -9999     0
2021 03 02 12    28  -123 10250   280    30 -9999 -9999     0
2021 03 02 15     4  -113 10228   260    30 -9999 -9999     0
2021 03 02 18   -25   -94 10213   130    10 -9999 -9999     0
2021 03 02 21   -65   -92 10206   250    20 -9999 -9999     0
2021 03 03 00   -77  -104 10235     0 -9999 -9999 -9999     0
2021 03 03 03    66  -120 10195   210    40 -9999 -9999     0
2021 03 03 06   107  -157 10165   270    30 -9999 -9999     0
2021 03 03 09   117  -149 10162   250    30 -9999 -9999     0
2021 03 03 12    63  -150 10196   300    40 -9999 -9999     0
2021 03 03 15    25  -182 10172   290    30 -9999 -9999     0
2021 03 03 18     0  -177 10168   200    20 -9999 -9999     0
2021 03 03 21   -20  -169 10164   240    30 -9999 -9999     0
2021 03 04 00   -27  -141 10185    40    10 -9999 -9999     0
2021 03 04 03   106  -150 10166    90    20 -9999 -9999     0
2021 03 04 06   129  -180 10140   230    30 -9999 -9999     0
2021 03 04 09   140  -184 10132   210    30 -9999 -9999     0
2021 03 04 12    77  -151 10178   250    30 -9999 -9999     0
2021 03 04 15    35  -147 10165   260    20 -9999 -9999     0
2021 03 04 18    43  -150 10161   350    50 -9999 -9999     0
2021 03 04 21    26  -121 10166   340    50 -9999 -9999     0
2021 03 05 00    23  -131 10207   350    30 -9999 -9999     0
2021 03 05 03    77  -127 10217    30    60 -9999 -9999     0
2021 03 05 06    95  -123 10207    10    60 -9999 -9999     0
2021 03 05 09    76  -128 10229    10    40 -9999 -9999     0
2021 03 05 12    40  -101 10269    10    30 -9999 -9999     0
2021 03 05 15     4   -83 10283    10    40 -9999 -9999     0
2021 03 05 18   -17   -84 10289    20    30 -9999 -9999     0
2021 03 05 21   -35   -91 10296    30    30 -9999 -9999     0
2021 03 06 00   -45   -97 10326    60    10 -9999 -9999     0
2021 03 06 03    34   -99 10314    90    20 -9999 -9999     0
2021 03 06 06    80  -108 10281   280    30 -9999 -9999     0
2021 03 06 09    84  -127 10269   270    40 -9999 -9999     0
2021 03 06 12    15  -134 10297   300    10 -9999 -9999     0
2021 03 06 15   -13  -138 10285   360    10 -9999 -9999     0
2021 03 06 18   -38  -151 10263    20    10 -9999 -9999     0
2021 03 06 21   -47  -154 10243    40    10 -9999 -9999     0
2021 03 07 00   -39  -146 10265    10    20 -9999 -9999     0
2021 03 07 03    67   -25 10240   180    40 -9999 -9999     0
2021 03 07 06   114   -35 10200   170    60 -9999 -9999     0
2021 03 07 09   113   -18 10190   160    40 -9999 -9999     0
2021 03 07 12    72   -23 10217   150    20 -9999 -9999     0
2021 03 07 15    50   -12 10203   180    20 -9999 -9999     0
2021 03 07 18    22   -11 10185   190    20 -9999 -9999     0
2021 03 07 21   -11   -33 10185   280    10 -9999 -9999     0
2021 03 08 00   -15   -32 10209     0 -9999 -9999 -9999     0
2021 03 08 03    74    -3 10197   200    20 -9999 -9999     0
2021 03 08 06   133   -53 10171   180    20 -9999 -9999     0
2021 03 08 09   138   -94 10173   330    40 -9999 -9999     0
2021 03 08 12    61  -102 10214   340    10 -9999 -9999     0
2021 03 08 15    48  -109 10207    50    20 -9999 -9999     0
2021 03 08 18     3   -43 10204    20    20 -9999 -9999     0
2021 03 08 21   -32   -43 10210    30    20 -9999 -9999     0
2021 03 09 00   -34   -38 10254     0 -9999 -9999 -9999     0
2021 03 09 03    66   -15 10237   140    20 -9999 -9999     0
2021 03 09 06   146   -47 10202   190    40 -9999 -9999     0
2021 03 09 09   150   -84 10194   170    30 -9999 -9999     0
2021 03 09 12   106   -81 10226   150    30 -9999 -9999     0
2021 03 09 15    75   -56 10213   180    20 -9999 -9999     0
2021 03 09 18    12   -59 10208     0 -9999 -9999 -9999     0
2021 03 09 21    27   -45 10193     0 -9999 -9999 -9999     0
2021 03 10 00    19   -34 10212   270    10 -9999 -9999     0
2021 03 10 03    95   -12 10195   180    30 -9999 -9999     0
2021 03 10 06   137   -19 10184   210    20 -9999 -9999     0
2021 03 10 09   146   -32 10166   120    20 -9999 -9999     0
2021 03 10 12   105   -29 10193   140    20 -9999 -9999     0
2021 03 10 15    46   -16 10202   210    20 -9999 -9999     0
2021 03 10 18    25   -17 10201   210    20 -9999 -9999     0
2021 03 10 21    -7   -32 10199   227    16 -9999 -9999 -9999
2021 03 11 00   -13   -30 10219     0 -9999 -9999 -9999     0
2021 03 11 03   101   -22 10203   180    40 -9999 -9999     0
2021 03 11 06   157   -59 10163   180    60 -9999 -9999     0
2021 03 11 09   170   -68 10149   190    40 -9999 -9999     0
2021 03 11 12   121   -59 10175   170    20 -9999 -9999     0
2021 03 11 15    66   -45 10168   240    10 -9999 -9999     0
2021 03 11 18    44   -48 10158   240    20 -9999 -9999     0
2021 03 11 21    18   -51 10164   140    10 -9999 -9999     0
2021 03 12 00    21   -40 10203    30    20 -9999 -9999     0
2021 03 12 03   110   -24 10211    40    30 -9999 -9999     0
2021 03 12 06   150  -106 10193    70    30 -9999 -9999     0
2021 03 12 09   149  -107 10195    20    40 -9999 -9999     0
2021 03 12 12    86   -98 10234    10    30 -9999 -9999     0
2021 03 12 15    30   -96 10227   340    10 -9999 -9999     0
2021 03 12 18    46   -75 10198     0 -9999 -9999 -9999     0
2021 03 12 21   -13   -72 10194   330    10 -9999 -9999     0
2021 03 13 00    -4   -52 10206   340    10 -9999 -9999     0
2021 03 13 03   140   -20 10167   160    50 -9999 -9999     0
2021 03 13 06   187   -34 10098   170    60 -9999 -9999     0
2021 03 13 09   210   -85 10080   200    50 -9999 -9999     0
2021 03 13 12   149   -44 10089   150    20 -9999 -9999     0
2021 03 13 15   108     2 10061   180    20 -9999 -9999     0
2021 03 13 18    37   -19 10066     0 -9999 -9999 -9999     0
2021 03 13 21    42     4 10040     0 -9999 -9999 -9999     0
2021 03 14 00    47    12 10071   110    20 -9999 -9999     0
2021 03 14 03   116   -37 10077   300    30 -9999 -9999     0
2021 03 14 06   171   -81 10054   250    30 -9999 -9999     0
2021 03 14 09   187  -124 10035   250    40 -9999 -9999     0
2021 03 14 12   116  -100 10066   260    20 -9999 -9999     0
2021 03 14 15    82  -107 10070   220    10 -9999 -9999     0
2021 03 14 18    42  -123 10097    30   110 -9999 -9999     0
2021 03 14 21     0  -222 10122    20    90 -9999 -9999     0
2021 03 15 00   -36  -208 10188    30   100 -9999 -9999     0
2021 03 15 03   -17  -206 10215    30    60 -9999 -9999     0
2021 03 15 06    47  -223 10201    60    40 -9999 -9999     0
2021 03 15 09    86  -290 10178    60    60 -9999 -9999     0
2021 03 15 12    50  -195 10216    80    40 -9999 -9999     0
2021 03 15 15    23  -210 10228    70    20 -9999 -9999     0
2021 03 15 18     0  -229 10214    20    30 -9999 -9999     0
2021 03 15 21    -2  -223 10181    50    20 -9999 -9999     0
2021 03 16 00    -5  -207 10204   150    10 -9999 -9999     0
2021 03 16 03    36  -192 10202   250    20 -9999 -9999     0
2021 03 16 06    73  -193 10177   280    30 -9999 -9999     0
2021 03 16 09    75  -201 10170    10    30 -9999 -9999     0
2021 03 16 12    50  -196 10197    22    45 -9999 -9999 -9999
2021 03 16 15    31  -177 10200    30    40 -9999 -9999     0
2021 03 16 18    25  -176 10176    10    10 -9999 -9999     0
2021 03 16 21    27  -164 10157    40    20 -9999 -9999     0
2021 03 17 00    28  -139 10169    20    20 -9999 -9999     0
2021 03 17 03    56   -27 10168    90    20 -9999 -9999     0
2021 03 17 06    36    29 10164    20    30 -9999 -9999     7
2021 03 17 09    40    33 10155    40    30 -9999 -9999    20
2021 03 17 12    40    33 10174    18    42 -9999 -9999    93
2021 03 17 15    36    29 10176    40    20 -9999 -9999    90
2021 03 17 18    28    22 10182   350    30 -9999 -9999    10
2021 03 17 21    28    21 10180   350    10 -9999 -9999     0
2021 03 18 00    29    25 10187    30    30 -9999 -9999     0
2021 03 18 03    44    29 10189   110    10 -9999 -9999     0
2021 03 18 06    65    33 10171     0 -9999 -9999 -9999     0
2021 03 18 09    71    39 10165    75    18 -9999 -9999 -9999
2021 03 18 12    65    42 10180   150    20 -9999 -9999     0
2021 03 18 15    61    46 10186   140    20 -9999 -9999     0
2021 03 18 18    57    47 10181    80    20 -9999 -9999     0
2021 03 18 21    52    46 10160    90    20 -9999 -9999     1
2021 03 19 00    49    40 10177   350    10 -9999 -9999    50
2021 03 19 03    -9   -20 10225   320    90 -9999 -9999   100
2021 03 19 06     6   -46 10222   340    60 -9999 -9999    90
2021 03 19 09    21   -46 10226   320    60 -9999 -9999    30
2021 03 19 12     3  -111 10261   330    50 -9999 -9999     1
2021 03 19 15   -13  -126 10300   330    30 -9999 -9999     0
2021 03 19 18   -27  -151 10296   310    40 -9999 -9999     0
2021 03 19 21   -50  -143 10292   280    20 -9999 -9999     0
2021 03 20 00   -43  -142 10304     0 -9999 -9999 -9999     0
2021 03 20 03     9  -160 10303   320    60 -9999 -9999     0
2021 03 20 06    24  -130 10291   340    70 -9999 -9999     0
2021 03 20 09     5  -125 10321   350    70 -9999 -9999     0
2021 03 20 12   -17  -126 10350    10    40 -9999 -9999     0
2021 03 20 15   -40  -147 10359    30    20 -9999 -9999     0
2021 03 20 18   -72  -123 10366   300    10 -9999 -9999     0
2021 03 20 21   -66  -160 10366   290    30 -9999 -9999     0
2021 03 21 00   -52  -135 10380   220    30 -9999 -9999     0
2021 03 21 03    -4  -155 10379   270    50 -9999 -9999     0
2021 03 21 06    21  -159 10355   270    40 -9999 -9999     0
2021 03 21 09    39  -176 10330   270    30 -9999 -9999     0
2021 03 21 12   -13  -101 10351   250    10 -9999 -9999     0
2021 03 21 15   -15  -111 10335   250    20 -9999 -9999     0
2021 03 21 18   -49   -92 10329     0 -9999 -9999 -9999     0
2021 03 21 21   -61   -98 10317     0 -9999 -9999 -9999     0
2021 03 22 00   -39   -89 10325   170    10 -9999 -9999     0
2021 03 22 03    52  -123 10294   210    30 -9999 -9999     0
2021 03 22 06    95  -106 10265   210    40 -9999 -9999     0
2021 03 22 09   121   -96 10232   220    40 -9999 -9999     0
2021 03 22 12    57   -56 10239   240    20 -9999 -9999     0
2021 03 22 15    27   -59 10217   230    10 -9999 -9999     0
2021 03 22 18     9   -49 10193   250    10 -9999 -9999     0
2021 03 22 21   -12   -56 10169     0 -9999 -9999 -9999     0
2021 03 23 00    15   -52 10176   240    10 -9999 -9999     0
2021 03 23 03   114   -43 10160   210    20 -9999 -9999     0
2021 03 23 06   166  -129 10129   300    20 -9999 -9999     0
2021 03 23 09   177  -143 10119   270    30 -9999 -9999     0
2021 03 23 12    89   -73 10151   330    20 -9999 -9999     0
2021 03 23 15    67  -101 10144    20    30 -9999 -9999     0
2021 03 23 18    56  -129 10144    20    60 -9999 -9999     0
2021 03 23 21    46  -119 10148    30    30 -9999 -9999     0
2021 03 24 00    44  -105 10195    30    30 -9999 -9999     0
2021 03 24 03   121  -138 10190   120    50 -9999 -9999     0
2021 03 24 06   155  -148 10159   120    40 -9999 -9999     0
2021 03 24 09   164  -195 10140   120    40 -9999 -9999     0
2021 03 24 12   114  -128 10160   110    10 -9999 -9999     0
2021 03 24 15    41   -68 10162     0 -9999 -9999 -9999     0
2021 03 24 18    63   -92 10134    10    10 -9999 -9999     0
2021 03 24 21    29   -52 10134     0 -9999 -9999 -9999     0
2021 03 25 00    57   -52 10146   157     6 -9999 -9999 -9999
2021 03 25 03   123   -39 10149   170    40 -9999 -9999     0
2021 03 25 06   123   -27 10120   170    50 -9999 -9999     0
2021 03 25 09   116   -19 10120   170    20 -9999 -9999     0
2021 03 25 12    95    -1 10134   180    30 -9999 -9999 -9999
2021 03 25 15    75    22 10135   220    10 -9999 -9999     1
2021 03 25 18    53    14 10142   230    10 -9999 -9999     1
2021 03 25 21    72   -76 10131   320    40 -9999 -9999     0
2021 03 26 00    69   -83 10158   150    10 -9999 -9999     0
2021 03 26 03   111  -104 10160   310    70 -9999 -9999     0
2021 03 26 06   151  -141 10125   340    30 -9999 -9999     0
2021 03 26 09   158  -146 10101   290    40 -9999 -9999     0
2021 03 26 12   101  -107 10130   320    40 -9999 -9999     0
2021 03 26 15    20   -76 10149     0 -9999 -9999 -9999     0
2021 03 26 18     4  -104 10125     0 -9999 -9999 -9999     0
2021 03 26 21    10  -121 10109   240    20 -9999 -9999     0
2021 03 27 00    28   -88 10120   190    10 -9999 -9999     0
2021 03 27 03   142  -129 10108   250    60 -9999 -9999     0
2021 03 27 06   181  -167 10079   280    80 -9999 -9999     0
2021 03 27 09   174  -158 10065   290    70 -9999 -9999     0
2021 03 27 12   148  -124 10074   290    60 -9999 -9999     0
2021 03 27 15    87  -143 10084    10    50 -9999 -9999     0
2021 03 27 18    54  -184 10101    20    50 -9999 -9999     0
2021 03 27 21    32  -112 10109    30    40 -9999 -9999     0
2021 03 28 00    17  -101 10137    30    30 -9999 -9999     0
2021 03 28 03    69  -139 10152    30    50 -9999 -9999     0
2021 03 28 06    97  -165 10125    20    40 -9999 -9999     0
2021 03 28 09   104  -178 10115    70    30 -9999 -9999     0
2021 03 28 12    77  -158 10135    41    42 -9999 -9999 -9999
2021 03 28 15    60  -141 10140    30    20 -9999 -9999     0
2021 03 28 18    47  -118 10116    20    30 -9999 -9999     0
2021 03 28 21    37  -111 10101    20    10 -9999 -9999     0
2021 03 29 00    37  -115 10114     0 -9999 -9999 -9999     0
2021 03 29 03   119  -148 10084   170    30 -9999 -9999     0
2021 03 29 06   150  -123 10058   210    20 -9999 -9999     0
2021 03 29 09   159  -107 10039     0 -9999 -9999 -9999     0
2021 03 29 12   116   -83 10061   120    10 -9999 -9999     0
2021 03 29 15    91   -94 10061   130    20 -9999 -9999     0
2021 03 29 18    76   -93 10052   100    10 -9999 -9999     0
2021 03 29 21    39   -46 10055     0 -9999 -9999 -9999     0
2021 03 30 00    58   -18 10076     0 -9999 -9999 -9999     0
2021 03 30 03   115     3 10079   180    20 -9999 -9999     0
2021 03 30 06   165   -59 10054    50    50 -9999 -9999     0
2021 03 30 09   160  -115 10058    50    50 -9999 -9999     0
2021 03 30 12   129   -83 10085    40    70 -9999 -9999     0
2021 03 30 15    97    34 10097    70    30 -9999 -9999     1
2021 03 30 18    68    45 10080    30    80 -9999 -9999    50
2021 03 30 21    76     3 10062    50    50 -9999 -9999    50
2021 03 31 00    82   -27 10077    70    60 -9999 -9999     0
2021 03 31 03    99   -18 10086    80    60 -9999 -9999     0
2021 03 31 06    83    72 10092     0 -9999 -9999 -9999    50
2021 03 31 09    50    40 10106   230    40 -9999 -9999   120
2021 03 31 12    24    14 10129   250    60 -9999 -9999    90
2021 03 31 15    24    17 10136   240    40 -9999 -9999    20
2021 03 31 18    31    19 10145   300    40 -9999 -9999     1
2021 03 31 21    32    19 10159   290    40 -9999 -9999     0
2021 04 01 00    32    17 10185   240    20 -9999 -9999     0
2021 04 01 03    48    18 10198   260    30 -9999 -9999 -9999
2021 04 01 06    97    14 10164   360    50 -9999 -9999     0
2021 04 01 09   106   -24 10153    20    40 -9999 -9999     0
2021 04 01 12    86     8 10166    10    20 -9999 -9999     0
2021 04 01 15    55    18 10195   350    10 -9999 -9999     0
2021 04 01 18    57    14 10186   310    10 -9999 -9999     0
2021 04 01 21    47    17 10182     0 -9999 -9999 -9999     0
2021 04 02 00    72   -15 10207   360    40 -9999 -9999 -9999
2021 04 02 03    65    26 10234    40    50 -9999 -9999     1
2021 04 02 06    83    21 10218    30    50 -9999 -9999     2
2021 04 02 09    77    24 10219    40    40 -9999 -9999     6
2021 04 02 12    62    34 10234   290    10 -9999 -9999     7
2021 04 02 15    48   -19 10264    30    30 -9999 -9999     0
2021 04 02 18    30   -27 10262    10    30 -9999 -9999     0
2021 04 02 21    13   -38 10271    20    30 -9999 -9999     0
2021 04 03 00    17   -64 10293    70    40 -9999 -9999     0
2021 04 03 03    64   -83 10285    80    50 -9999 -9999     0
2021 04 03 06   100   -96 10255    90    50 -9999 -9999     0
2021 04 03 09   109  -132 10232    80    60 -9999 -9999     0
2021 04 03 12    86   -98 10249    80    40 -9999 -9999     0
2021 04 03 15    61   -55 10263    80    30 -9999 -9999     0
2021 04 03 18    48   -56 10240   110    30 -9999 -9999     0
2021 04 03 21    30   -52 10239    90    10 -9999 -9999     0
2021 04 04 00    40   -37 10252    60    10 -9999 -9999     0
2021 04 04 03    93     0 10243   140    40 -9999 -9999     0
2021 04 04 06   107     1 10215   140    40 -9999 -9999     0
2021 04 04 09    77    28 10219   140    40 -9999 -9999     2
2021 04 04 12    72    23 10225   150    30 -9999 -9999     8
2021 04 04 15    63    26 10214   170    20 -9999 -9999     6
2021 04 04 18    59     9 10191   160    40 -9999 -9999 -9999
2021 04 04 21    41     3 10187   170    20 -9999 -9999     1
2021 04 05 00    23     8 10190   150    30 -9999 -9999     3
2021 04 05 03    33    15 10186   130    30 -9999 -9999     7
2021 04 05 06    64    36 10159   120    30 -9999 -9999     5
2021 04 05 09    97    45 10149    80    40 -9999 -9999     0
2021 04 05 12    55    33 10194    90    30 -9999 -9999     0
2021 04 05 15    40    24 10221    50    20 -9999 -9999     0
2021 04 05 18    33    18 10226    70    30 -9999 -9999     0
2021 04 05 21    30    11 10214    80    20 -9999 -9999     0
2021 04 06 00    32    12 10256    20    30 -9999 -9999     0
2021 04 06 03    78    21 10263    60    20 -9999 -9999     0
2021 04 06 06   112    12 10246   350    40 -9999 -9999     0
2021 04 06 09   112     6 10241   360    50 -9999 -9999     0
2021 04 06 12    77    -3 10267    20    40 -9999 -9999     0
2021 04 06 15    31     0 10281    10    10 -9999 -9999     0
2021 04 06 18    27    -1 10265    10    20 -9999 -9999     0
2021 04 06 21    12    -4 10262    20    20 -9999 -9999     0
2021 04 07 00    44     0 10271    20    20 -9999 -9999     0
2021 04 07 03   118   -17 10259   110    40 -9999 -9999     0
2021 04 07 06   137   -50 10231   100    30 -9999 -9999     0
2021 04 07 09   146   -63 10205    90    30 -9999 -9999     0
2021 04 07 12   115   -81 10207    80    20 -9999 -9999     0
2021 04 07 15    44   -54 10217    40    20 -9999 -9999     0
2021 04 07 18    42   -53 10203   350    20 -9999 -9999     0
2021 04 07 21    43   -72 10193    10    10 -9999 -9999     0
2021 04 08 00    77   -61 10202   120    30 -9999 -9999     0
2021 04 08 03   109   -18 10220   140    20 -9999 -9999     0
2021 04 08 06   112    17 10206   180    40 -9999 -9999 -9999
2021 04 08 09   127    14 10180   160    20 -9999 -9999     0
2021 04 08 12   100    31 10186   190    20 -9999 -9999     0
2021 04 08 15    68    38 10199   260    10 -9999 -9999     0
2021 04 08 18    33    20 10205     0 -9999 -9999 -9999     0
2021 04 08 21    42    33 10196    20    20 -9999 -9999     0
2021 04 09 00    43    39 10216    90    10 -9999 -9999     0
2021 04 09 06   142    21 10189   150    30 -9999 -9999     0
2021 04 09 09   132    27 10172   120    40 -9999 -9999     0
2021 04 09 12   107    44 10189   170    20 -9999 -9999     0
2021 04 09 15    76    52 10189   150    30 -9999 -9999     0
2021 04 09 18    56    38 10188   150    10 -9999 -9999     0
2021 04 09 21    26    17 10197     0 -9999 -9999 -9999     0
2021 04 10 00    51    38 10204     0 -9999 -9999 -9999     0
2021 04 10 03   126    30 10191   200    40 -9999 -9999     0
2021 04 10 06   154    32 10166   180    30 -9999 -9999     0
2021 04 10 09   111    68 10185   190    20 -9999 -9999     9
2021 04 10 12   101    72 10187    50    30 -9999 -9999    10
2021 04 10 15    75    66 10197    10    40 -9999 -9999    60
2021 04 10 18    70    61 10178   360    20 -9999 -9999    90
2021 04 10 21    69    60 10179    60    20 -9999 -9999    60
2021 04 11 00    78    63 10187   210    10 -9999 -9999    20
2021 04 11 03   121    72 10181   160    10 -9999 -9999     0
2021 04 11 06   153    47 10149    80    10 -9999 -9999     0
2021 04 11 09   156    24 10133    70    30 -9999 -9999     0
2021 04 11 12   122    56 10155   210    10 -9999 -9999     0
2021 04 11 15    95    62 10163   190    10 -9999 -9999     0
2021 04 11 18    67    42 10170    20    80 -9999 -9999     6
2021 04 11 21    35    15 10194    20    70 -9999 -9999     6
2021 04 12 00    25    -9 10233   360    60 -9999 -9999     0
2021 04 12 03    45   -35 10250    20    90 -9999 -9999     0
2021 04 12 06    75   -62 10244    30    80 -9999 -9999     0
2021 04 12 09    78   -56 10246    20    60 -9999 -9999     0
2021 04 12 12    36   -64 10275    30    60 -9999 -9999     0
2021 04 12 15    10   -63 10291    30    50 -9999 -9999     0
2021 04 12 18    -3   -61 10282    40    30 -9999 -9999     0
2021 04 12 21    -5  -134 10280    30    40 -9999 -9999     0
2021 04 13 00     4  -133 10293     0 -9999 -9999 -9999     0
2021 04 13 03    51  -133 10291   330    30 -9999 -9999     0
2021 04 13 06    77  -101 10265   300    50 -9999 -9999     0
2021 04 13 09    90  -180 10243   330    50 -9999 -9999     0
2021 04 13 12    53  -113 10262   280    20 -9999 -9999     0
2021 04 13 15    18   -94 10265   220    10 -9999 -9999     0
2021 04 13 18     3   -34 10251   180    10 -9999 -9999     0
2021 04 13 21    -7   -24 10230   190    10 -9999 -9999     0
2021 04 14 00    21    -5 10229   210    20 -9999 -9999     0
2021 04 14 03    96   -55 10198   210    60 -9999 -9999     0
2021 04 14 06   130  -101 10151   200    60 -9999 -9999     0
2021 04 14 09   145   -82 10115   220    50 -9999 -9999     0
2021 04 14 12   108   -19 10115   270    20 -9999 -9999     0
2021 04 14 15    72   -15 10112   270    30 -9999 -9999     0
2021 04 14 18    52     2 10101   240    30 -9999 -9999     0
2021 04 14 21    71   -85 10095   270    40 -9999 -9999     0
2021 04 15 00    86  -137 10119   280   100 -9999 -9999     0
2021 04 15 03    54  -192 10192   290   110 -9999 -9999     0
2021 04 15 06    71  -144 10196   310   100 -9999 -9999     0
2021 04 15 09    81  -135 10179   300    80 -9999 -9999     0
2021 04 15 12    57  -144 10177   280    40 -9999 -9999     0
2021 04 15 15    34  -163 10196   280    40 -9999 -9999     0
2021 04 15 18    11  -127 10186   230    30 -9999 -9999     0
2021 04 15 21     6  -124 10178   260    30 -9999 -9999     0
2021 04 16 00    25   -94 10215    20    10 -9999 -9999     0
2021 04 16 03    67  -115 10244   340    70 -9999 -9999     0
2021 04 16 06    86  -166 10244   310    80 -9999 -9999     0
2021 04 16 09    87  -182 10246   310    90 -9999 -9999     0
2021 04 16 12    49  -140 10268   350    30 -9999 -9999     0
2021 04 16 15     1  -104 10289    10    20 -9999 -9999     0
2021 04 16 18   -36   -94 10291     0 -9999 -9999 -9999     0
2021 04 16 21   -41  -109 10293   240    10 -9999 -9999     0
2021 04 17 00    10  -102 10300   210    20 -9999 -9999     0
2021 04 17 03    85  -138 10287   200    30 -9999 -9999     0
2021 04 17 06   124  -173 10254   240    30 -9999 -9999     0
2021 04 17 09   146  -179 10218   170    30 -9999 -9999     0
2021 04 17 12   109  -156 10215   140    30 -9999 -9999     0
2021 04 17 15    62  -139 10210     0 -9999 -9999 -9999     0
2021 04 17 18    35  -116 10196     0 -9999 -9999 -9999     0
2021 04 17 21    -5   -77 10183     0 -9999 -9999 -9999     0
2021 04 18 00    63   -88 10174    20    10 -9999 -9999     0
2021 04 18 03   144   -70 10161   180    30 -9999 -9999     0
2021 04 18 06   181   -73 10130   230    30 -9999 -9999     0
2021 04 18 09   183  -106 10122   300    40 -9999 -9999     0
2021 04 18 12   145   -48 10122   330    10 -9999 -9999     0
2021 04 18 15    97   -39 10120    20    20 -9999 -9999     0
2021 04 18 18    73   -61 10117    10    20 -9999 -9999     0
2021 04 18 21    47   -54 10116   350    20 -9999 -9999     0
2021 04 19 00   102   -38 10123    20    10 -9999 -9999     0
2021 04 19 03   189  -101 10113    30    30 -9999 -9999     0
2021 04 19 06   208  -147 10101    60    30 -9999 -9999     0
2021 04 19 09   203  -123 10097    20    50 -9999 -9999     0
2021 04 19 12   163   -88 10105   360    30 -9999 -9999     0
2021 04 19 15   136   -77 10095    30    20 -9999 -9999     0
2021 04 19 18    97   -50 10099    30    10 -9999 -9999     0
2021 04 19 21    76   -36 10102     0 -9999 -9999 -9999     0
2021 04 20 00   126   -28 10110    30    10 -9999 -9999     0
2021 04 20 03   198    17 10096   120    20 -9999 -9999     0
2021 04 20 06   207     5 10081   130    30 -9999 -9999     0
2021 04 20 09   199    14 10079     0 -9999 -9999 -9999     0
2021 04 20 12   183    22 10075    90    20 -9999 -9999     0
2021 04 20 15   157    18 10072   120    30 -9999 -9999     0
2021 04 20 18   123    40 10083   220    20 -9999 -9999     0
2021 04 20 21   109    52 10085   250    10 -9999 -9999     0
