2021 01 01 00  -137  -179 10356    39    14 -9999 -9999 -9999
2021 01 01 03   -69  -166 10352   359    15 -9999 -9999 -9999
2021 01 01 06    11  -154 10303    47    14 -9999 -9999 -9999
2021 01 01 09     7  -152 10306   348    20 -9999 -9999 -9999
2021 01 01 12   -40  -148 10331   319     7 -9999 -9999 -9999
2021 01 01 15   -84  -146 10321    79     7 -9999 -9999 -9999
2021 01 01 18  -102  -149 10302    17     7 -9999 -9999 -9999
2021 01 01 21  -114  -156 10305   353    16 -9999 -9999 -9999
2021 01 02 00  -117  -160 10336   347    15 -9999 -9999 -9999
2021 01 02 03   -52  -148 10350    30    20 -9999 -9999 -9999
2021 01 02 06   -10  -156 10327   341    23 -9999 -9999 -9999
2021 01 02 09    -4  -163 10345   306    12 -9999 -9999 -9999
2021 01 02 12   -50  -149 10381   360     2 -9999 -9999 -9999
2021 01 02 15   -60  -169 10367    97     8 -9999 -9999 -9999
2021 01 02 18   -90  -158 10363    32    10 -9999 -9999 -9999
2021 01 02 21  -122  -170 10349   206    14 -9999 -9999 -9999
2021 01 03 00  -139  -169 10358   225     4 -9999 -9999 -9999
2021 01 03 03   -57  -160 10337     9    11 -9999 -9999 -9999
2021 01 03 06   -25  -156 10306    27    24 -9999 -9999 -9999
2021 01 03 09   -12  -154 10321    31    15 -9999 -9999 -9999
2021 01 03 12   -42  -146 10363    31    23 -9999 -9999 -9999
2021 01 03 15   -60  -163 10357    89    19 -9999 -9999 -9999
2021 01 03 18   -79  -160 10359    45    15 -9999 -9999 -9999
2021 01 03 21  -105  -156 10361   143    12 -9999 -9999 -9999
2021 01 04 00  -112  -159 10387   144    12 -9999 -9999 -9999
2021 01 04 03   -85  -166 10395    81    19 -9999 -9999 -9999
2021 01 04 06   -52  -156 10376   120    14 -9999 -9999 -9999
2021 01 04 09   -52  -153 10389   338    15 -9999 -9999 -9999
2021 01 04 12   -79  -145 10420    17    10 -9999 -9999 -9999
2021 01 04 15   -95  -186 10424    94    14 -9999 -9999 -9999
2021 01 04 18  -112  -190 10425    82    11 -9999 -9999 -9999
2021 01 04 21  -117  -187 10426   100    17 -9999 -9999 -9999
2021 01 05 00  -137  -191 10451   160    12 -9999 -9999 -9999
2021 01 05 03   -95  -178 10436   184    20 -9999 -9999 -9999
2021 01 05 06   -50  -225 10388    70    15 -9999 -9999 -9999
2021 01 05 09   -49  -262 10390   318    23 -9999 -9999 -9999
2021 01 05 12   -92  -244 10413   103     4 -9999 -9999 -9999
2021 01 05 15   -74  -271 10387   304    27 -9999 -9999 -9999
2021 01 05 18  -112  -255 10392   125    25 -9999 -9999 -9999
2021 01 05 21  -150  -265 10423   180    20 -9999 -9999 -9999
2021 01 06 00  -169  -258 10473    93    27 -9999 -9999 -9999
2021 01 06 03  -167  -274 10491    94    25 -9999 -9999 -9999
2021 01 06 06  -139  -274 10465   201    17 -9999 -9999 -9999
2021 01 06 09  -135  -268 10479   106    15 -9999 -9999 -9999
2021 01 06 12  -165  -328 10513    96    25 -9999 -9999 -9999
2021 01 06 15  -189  -333 10523    97    12 -9999 -9999 -9999
2021 01 06 18  -202  -317 10511   218    11 -9999 -9999 -9999
2021 01 06 21  -220  -308 10501   203     8 -9999 -9999 -9999
2021 01 07 00  -225  -308 10520   200    13 -9999 -9999 -9999
2021 01 07 03  -162  -289 10516   222    14 -9999 -9999 -9999
2021 01 07 06  -122  -288 10477   157    10 -9999 -9999 -9999
2021 01 07 09  -115  -286 10480    29    19 -9999 -9999 -9999
2021 01 07 12  -152  -267 10501    27     6 -9999 -9999 -9999
2021 01 07 15  -167  -281 10483   200     9 -9999 -9999 -9999
2021 01 07 18  -184  -258 10470   360     2 -9999 -9999 -9999
2021 01 07 21  -193  -259 10467   221     6 -9999 -9999 -9999
2021 01 08 00  -194  -252 10483   203     6 -9999 -9999 -9999
2021 01 08 03  -120  -277 10469   138    14 -9999 -9999 -9999
2021 01 08 06   -85  -269 10427    90    20 -9999 -9999     0
2021 01 08 09   -72  -275 10416    60    10 -9999 -9999     0
2021 01 08 12  -121  -245 10442    50    10 -9999 -9999     0
2021 01 08 15  -151  -237 10429   130    10 -9999 -9999     0
2021 01 08 18  -173  -244 10423   210    10 -9999 -9999     0
2021 01 08 21  -180  -239 10422     0 -9999 -9999 -9999     0
2021 01 09 00  -185  -237 10443   215    11 -9999 -9999 -9999
2021 01 09 03  -117  -244 10449   198    21 -9999 -9999 -9999
2021 01 09 06   -80  -237 10409   154    15 -9999 -9999 -9999
2021 01 09 09   -72  -219 10413   175    11 -9999 -9999 -9999
2021 01 09 12   -95  -229 10448   208    11 -9999 -9999 -9999
2021 01 09 15  -137  -218 10434   210    10 -9999 -9999 -9999
2021 01 09 18  -135  -233 10416   190    11 -9999 -9999 -9999
2021 01 09 21  -132  -222 10394    43    14 -9999 -9999 -9999
2021 01 10 00  -122  -207 10406   294     6 -9999 -9999 -9999
2021 01 10 03   -92  -210 10437   217    17 -9999 -9999 -9999
2021 01 10 06   -57  -222 10409   121    15 -9999 -9999 -9999
2021 01 10 09   -47  -227 10413   291    48 -9999 -9999 -9999
2021 01 10 12   -62  -210 10434   171    23 -9999 -9999 -9999
2021 01 10 15   -57  -209 10416   279    24 -9999 -9999 -9999
2021 01 10 18   -57  -191 10386   318    46 -9999 -9999 -9999
2021 01 10 21   -57  -214 10368   306    35 -9999 -9999 -9999
2021 01 11 00   -89  -192 10388   105     6 -9999 -9999 -9999
2021 01 11 03   -40  -199 10369   223    34 -9999 -9999 -9999
2021 01 11 06     5  -248 10316   290    40 -9999 -9999 -9999
2021 01 11 09     6  -247 10296   209    37 -9999 -9999 -9999
2021 01 11 12   -15  -242 10293   267    14 -9999 -9999 -9999
2021 01 11 15   -19  -231 10259   129    13 -9999 -9999 -9999
2021 01 11 18    -7  -234 10207   184    37 -9999 -9999 -9999
2021 01 11 21   -10  -218 10169   245    27 -9999 -9999 -9999
2021 01 12 00    -5  -220 10159   197    20 -9999 -9999 -9999
2021 01 12 03    70  -215 10140   171    22 -9999 -9999 -9999
2021 01 12 06    75  -247 10123   228    56 -9999 -9999 -9999
2021 01 12 09    75  -248 10120   241    41 -9999 -9999 -9999
2021 01 12 12    66  -229 10141   249    44 -9999 -9999 -9999
2021 01 12 15    52  -201 10145   280    42 -9999 -9999 -9999
2021 01 12 18    25  -215 10154   225    17 -9999 -9999 -9999
2021 01 12 21   -20  -210 10161   228    16 -9999 -9999 -9999
2021 01 13 00   -45  -174 10173   347     9 -9999 -9999 -9999
2021 01 13 03    -7  -161 10172   358    26 -9999 -9999 -9999
2021 01 13 06    87  -224 10133   150    19 -9999 -9999 -9999
2021 01 13 09    77  -181 10140   315    19 -9999 -9999 -9999
2021 01 13 12    36  -252 10161   224    17 -9999 -9999 -9999
2021 01 13 15    70  -302 10137   236    35 -9999 -9999 -9999
2021 01 13 18     2  -259 10114   212    21 -9999 -9999 -9999
2021 01 13 21     2  -233 10076   200    36 -9999 -9999 -9999
2021 01 14 00     1  -202 10118    58    17 -9999 -9999 -9999
2021 01 14 03    47  -146 10146   294    71 -9999 -9999 -9999
2021 01 14 06    60  -213 10170   310    31 -9999 -9999 -9999
2021 01 14 09    42  -167 10203   290    26 -9999 -9999 -9999
2021 01 14 12    20  -151 10232   263    16 -9999 -9999 -9999
2021 01 14 15     0  -141 10247   110    10 -9999 -9999 -9999
2021 01 14 18   -27  -148 10244   187    11 -9999 -9999 -9999
2021 01 14 21   -27  -160 10248   150    19 -9999 -9999 -9999
2021 01 15 00   -37  -163 10279   211    10 -9999 -9999 -9999
2021 01 15 03   -17  -192 10297   121    13 -9999 -9999 -9999
2021 01 15 06    -2  -154 10288   115    12 -9999 -9999 -9999
2021 01 15 09   -10  -129 10304   109    18 -9999 -9999 -9999
2021 01 15 12   -35  -135 10339    82    17 -9999 -9999 -9999
2021 01 15 15   -55  -151 10354   205    16 -9999 -9999 -9999
2021 01 15 18   -60  -143 10348   236    16 -9999 -9999 -9999
2021 01 15 21   -69  -174 10364   106    30 -9999 -9999 -9999
2021 01 16 00   -89  -195 10398   122    14 -9999 -9999 -9999
2021 01 16 03   -62  -196 10433    91    18 -9999 -9999 -9999
2021 01 16 06   -37  -197 10420   128    20 -9999 -9999 -9999
2021 01 16 09   -27  -220 10430   213    24 -9999 -9999 -9999
2021 01 16 12   -54  -238 10472   244    17 -9999 -9999 -9999
2021 01 16 15  -102  -207 10465   162    14 -9999 -9999 -9999
2021 01 16 18   -84  -237 10425   227    18 -9999 -9999 -9999
2021 01 16 21   -92  -222 10393   217    26 -9999 -9999 -9999
2021 01 17 00   -94  -202 10363   180    17 -9999 -9999 -9999
2021 01 17 03    -2  -253 10325   239    43 -9999 -9999 -9999
2021 01 17 06    35  -243 10279    46    17 -9999 -9999 -9999
2021 01 17 09    52  -278 10263   196    16 -9999 -9999 -9999
2021 01 17 12     1  -235 10282   330    27 -9999 -9999 -9999
2021 01 17 15   -50  -211 10274   360     1 -9999 -9999 -9999
2021 01 17 18   -72  -197 10264    28    11 -9999 -9999 -9999
2021 01 17 21   -82  -204 10256    16     7 -9999 -9999 -9999
2021 01 18 00  -114  -207 10270   198     9 -9999 -9999 -9999
2021 01 18 03   -15  -205 10252   209    18 -9999 -9999 -9999
2021 01 18 06    41  -238 10197    86    13 -9999 -9999 -9999
2021 01 18 09    51  -241 10177    19    18 -9999 -9999 -9999
2021 01 18 12    -7  -203 10203    10     9 -9999 -9999 -9999
2021 01 18 15   -35  -198 10175    33     6 -9999 -9999 -9999
2021 01 18 18   -62  -192 10160   352     5 -9999 -9999 -9999
2021 01 18 21   -62  -196 10158    18    14 -9999 -9999 -9999
2021 01 19 00   -90  -183 10197   349    12 -9999 -9999 -9999
2021 01 19 03   -17  -188 10205   345    12 -9999 -9999 -9999
2021 01 19 06    31  -183 10183   128    12 -9999 -9999 -9999
2021 01 19 09    52  -201 10179    33     8 -9999 -9999 -9999
2021 01 19 12   -20  -185 10229    72     4 -9999 -9999 -9999
2021 01 19 15   -52  -156 10227   321     6 -9999 -9999 -9999
2021 01 19 18   -72  -159 10225   360     9 -9999 -9999 -9999
2021 01 19 21   -94  -170 10230   134     3 -9999 -9999 -9999
2021 01 20 00  -107  -170 10266   214     7 -9999 -9999 -9999
2021 01 20 03   -34  -154 10269    74     7 -9999 -9999 -9999
2021 01 20 06     2  -162 10237    52    19 -9999 -9999 -9999
2021 01 20 09    16  -168 10238   194    12 -9999 -9999 -9999
2021 01 20 12   -35  -164 10264   360     0 -9999 -9999 -9999
2021 01 20 15   -55  -153 10259    31     7 -9999 -9999 -9999
2021 01 20 18   -84  -163 10257   219     8 -9999 -9999 -9999
2021 01 20 21   -97  -154 10261    70    10 -9999 -9999     0
2021 01 21 00  -105  -154 10295   160    10 -9999 -9999     0
2021 01 21 03   -11  -150 10296   140    10 -9999 -9999     0
2021 01 21 06    36  -173 10274   150    20 -9999 -9999     0
2021 01 21 09    57  -175 10271   126    11 -9999 -9999 -9999
2021 01 21 12   -30  -163 10303     0 -9999 -9999 -9999     0
2021 01 21 15   -54  -160 10283   200    10 -9999 -9999     0
2021 01 21 18   -76  -153 10259   310    10 -9999 -9999     0
2021 01 21 21   -77  -168 10236    60    10 -9999 -9999     0
2021 01 22 00   -90  -162 10257   176     3 -9999 -9999 -9999
2021 01 22 03   -32  -144 10242    39    23 -9999 -9999 -9999
2021 01 22 06    37  -149 10185     1    21 -9999 -9999 -9999
2021 01 22 09    55  -157 10168   343    22 -9999 -9999 -9999
2021 01 22 12   -15  -141 10201   336    12 -9999 -9999 -9999
2021 01 22 15   -50  -136 10198   210     9 -9999 -9999 -9999
2021 01 22 18   -75  -154 10176   173     7 -9999 -9999 -9999
2021 01 22 21   -92  -159 10171   192     7 -9999 -9999 -9999
2021 01 23 03   -17  -156 10208    81    13 -9999 -9999 -9999
2021 01 23 06    51  -160 10180    10    15 -9999 -9999 -9999
2021 01 23 09    67  -166 10176    13    19 -9999 -9999 -9999
2021 01 23 12     5  -148 10216     1     4 -9999 -9999 -9999
2021 01 23 15   -22  -143 10215    16    10 -9999 -9999 -9999
2021 01 23 18   -12  -144 10188     3    16 -9999 -9999 -9999
2021 01 23 21   -29  -146 10185     7    15 -9999 -9999 -9999
2021 01 24 00   -39  -141 10220   360    16 -9999 -9999 -9999
2021 01 24 03   -19  -128 10244   156     5 -9999 -9999 -9999
2021 01 24 06     1  -113 10217   125     8 -9999 -9999 -9999
2021 01 24 09    10  -112 10233   335     9 -9999 -9999 -9999
2021 01 24 12     5  -104 10284   165    16 -9999 -9999 -9999
2021 01 24 15    10   -70 10294   140    30 -9999 -9999     0
2021 01 24 18   -10   -54 10308   100    10 -9999 -9999     0
2021 01 24 21   -30   -60 10310   150    10 -9999 -9999     0
2021 01 25 00   -60   -81 10332   214     5 -9999 -9999 -9999
2021 01 25 03   -12   -78 10323    14    11 -9999 -9999 -9999
2021 01 25 06    27   -74 10283    88    11 -9999 -9999 -9999
2021 01 25 09    32  -123 10280   345    18 -9999 -9999 -9999
2021 01 25 12   -15   -94 10318   308     8 -9999 -9999 -9999
2021 01 25 15   -29  -119 10320   116    12 -9999 -9999 -9999
2021 01 25 18   -40  -118 10303   336    12 -9999 -9999 -9999
2021 01 25 21   -70  -122 10306    30     8 -9999 -9999 -9999
2021 01 26 00   -79  -122 10323    17    12 -9999 -9999 -9999
2021 01 26 03   -35  -125 10320   350    12 -9999 -9999 -9999
2021 01 26 06     5  -128 10276   307    16 -9999 -9999 -9999
2021 01 26 09    12  -125 10268   333    20 -9999 -9999 -9999
2021 01 26 12   -25  -129 10291   345     9 -9999 -9999 -9999
2021 01 26 15   -62  -132 10290   199     8 -9999 -9999 -9999
2021 01 26 18   -47  -141 10266   220    18 -9999 -9999 -9999
2021 01 26 21   -40  -145 10246   200    14 -9999 -9999 -9999
2021 01 27 00     0  -177 10272   322    34 -9999 -9999 -9999
2021 01 27 03     5  -173 10313   324    36 -9999 -9999 -9999
2021 01 27 06    12  -187 10313   304    47 -9999 -9999 -9999
2021 01 27 09    -2  -194 10322   294    44 -9999 -9999 -9999
2021 01 27 12   -29  -189 10344    11    15 -9999 -9999 -9999
2021 01 27 15   -27  -206 10337   303    48 -9999 -9999 -9999
2021 01 27 18   -65  -179 10344    94    22 -9999 -9999 -9999
2021 01 27 21   -87  -200 10353   245    14 -9999 -9999 -9999
2021 01 28 00  -115  -196 10368   151     7 -9999 -9999 -9999
2021 01 28 03   -55  -185 10360     9    15 -9999 -9999 -9999
2021 01 28 06     5  -173 10323     5    16 -9999 -9999 -9999
2021 01 28 09    40  -183 10296    92    11 -9999 -9999 -9999
2021 01 28 12   -17  -174 10325    14    11 -9999 -9999 -9999
2021 01 28 15   -60  -157 10319    30     8 -9999 -9999 -9999
2021 01 28 18   -80  -151 10295   142     4 -9999 -9999 -9999
2021 01 28 21   -85  -152 10278   157    10 -9999 -9999 -9999
2021 01 29 00   -94  -151 10301    17    10 -9999 -9999 -9999
2021 01 29 03     0  -156 10297   139    12 -9999 -9999 -9999
2021 01 29 06    61  -179 10269   319    47 -9999 -9999 -9999
2021 01 29 09    57  -181 10270   302    31 -9999 -9999 -9999
2021 01 29 12     7  -165 10305   217    15 -9999 -9999 -9999
2021 01 29 15   -27  -151 10291    78    15 -9999 -9999 -9999
2021 01 29 18   -47  -146 10285   339    12 -9999 -9999 -9999
2021 01 29 21   -72  -143 10284   360     2 -9999 -9999 -9999
2021 01 30 00   -87  -149 10307   215    12 -9999 -9999 -9999
2021 01 30 03    -7  -150 10297   119    10 -9999 -9999 -9999
2021 01 30 06    57  -168 10258   313    30 -9999 -9999 -9999
2021 01 30 09    71  -195 10249   119    11 -9999 -9999 -9999
2021 01 30 12     2  -180 10281   165     7 -9999 -9999 -9999
2021 01 30 15    17  -183 10252   178    18 -9999 -9999 -9999
2021 01 30 18   -42  -181 10248   197     5 -9999 -9999 -9999
2021 01 30 21   -45  -183 10232   192    12 -9999 -9999 -9999
2021 01 31 00    -2  -184 10238   220    24 -9999 -9999 -9999
2021 01 31 03    40  -189 10233   263    23 -9999 -9999 -9999
2021 01 31 06    75  -202 10211   302    31 -9999 -9999 -9999
2021 01 31 09    71  -195 10217   274    30 -9999 -9999 -9999
2021 01 31 12    35  -194 10239   290    21 -9999 -9999 -9999
2021 01 31 15   -10  -176 10243   165     7 -9999 -9999 -9999
2021 01 31 18   -24  -189 10231   170    13 -9999 -9999 -9999
2021 01 31 21   -32  -188 10225   139     9 -9999 -9999 -9999
2021 02 01 00   -60  -158 10267    31    19 -9999 -9999 -9999
2021 02 01 03   -25  -178 10311    58    29 -9999 -9999 -9999
2021 02 01 06     1  -191 10303   107    21 -9999 -9999 -9999
2021 02 01 09     6  -198 10307    70    20 -9999 -9999     0
2021 02 01 12   -32  -230 10347    89    29 -9999 -9999 -9999
2021 02 01 15   -70  -217 10358    26    13 -9999 -9999 -9999
2021 02 01 18   -95  -218 10352    21    13 -9999 -9999 -9999
2021 02 01 21  -105  -208 10337   341    13 -9999 -9999 -9999
2021 02 02 00  -130  -211 10356   158     7 -9999 -9999 -9999
2021 02 02 03   -57  -218 10342   197    13 -9999 -9999 -9999
2021 02 02 06    -7  -210 10295   359    20 -9999 -9999 -9999
2021 02 02 09    11  -200 10267   360    20 -9999 -9999     0
2021 02 02 12   -32  -184 10288    13    10 -9999 -9999 -9999
2021 02 02 15   -74  -178 10278   163    13 -9999 -9999 -9999
2021 02 02 18   -44  -179 10263   258    19 -9999 -9999 -9999
2021 02 02 21    45  -216 10241   305    76 -9999 -9999 -9999
2021 02 03 00   -17  -196 10309   122    21 -9999 -9999 -9999
2021 02 03 03     2  -201 10342   122    22 -9999 -9999 -9999
2021 02 03 06    41  -202 10314   142    21 -9999 -9999 -9999
2021 02 03 09    60  -196 10276   171    13 -9999 -9999 -9999
2021 02 03 12     5  -188 10315    24    13 -9999 -9999 -9999
2021 02 03 15   -37  -167 10322    34     9 -9999 -9999 -9999
2021 02 03 18   -52  -170 10310   215     8 -9999 -9999 -9999
2021 02 03 21   -64  -169 10297   221     7 -9999 -9999 -9999
2021 02 04 00   -57  -167 10314     1     8 -9999 -9999 -9999
2021 02 04 03   -15  -158 10318   360     8 -9999 -9999 -9999
2021 02 04 06    50  -168 10277   191    15 -9999 -9999 -9999
2021 02 04 09    72  -177 10259   210    10 -9999 -9999 -9999
2021 02 04 12    20  -147 10283    62     7 -9999 -9999 -9999
2021 02 04 15     5  -156 10281   360     2 -9999 -9999 -9999
2021 02 04 18    -9  -138 10260   175    14 -9999 -9999 -9999
2021 02 04 21   -15  -130 10247   234    15 -9999 -9999 -9999
2021 02 05 00   -15  -143 10245   287     5 -9999 -9999 -9999
2021 02 05 03    75  -154 10214   207    48 -9999 -9999 -9999
2021 02 05 06   105  -177 10183   261    44 -9999 -9999 -9999
2021 02 05 09   115  -180 10174   307    30 -9999 -9999 -9999
2021 02 05 12    36  -156 10207   213    13 -9999 -9999 -9999
2021 02 05 15    12  -157 10194   230    16 -9999 -9999 -9999
2021 02 05 18    12  -161 10178   213    20 -9999 -9999 -9999
2021 02 05 21    61  -186 10155   229    23 -9999 -9999 -9999
2021 02 06 00    -7  -170 10201   181    14 -9999 -9999 -9999
2021 02 06 03    66  -167 10208   126    14 -9999 -9999 -9999
2021 02 06 06   112  -171 10181    62    17 -9999 -9999 -9999
2021 02 06 09   117  -178 10169   316    22 -9999 -9999 -9999
2021 02 06 12    55  -152 10232    31     8 -9999 -9999 -9999
2021 02 06 15     5  -144 10253   133    17 -9999 -9999 -9999
2021 02 06 18   -22  -141 10255   302    10 -9999 -9999 -9999
2021 02 06 21   -25  -139 10260     1    14 -9999 -9999 -9999
2021 02 07 00   -50  -139 10304    21     9 -9999 -9999 -9999
2021 02 07 03     5  -125 10318    21    25 -9999 -9999 -9999
2021 02 07 06    52  -131 10289   344    26 -9999 -9999 -9999
2021 02 07 09    67  -135 10281   345    26 -9999 -9999 -9999
2021 02 07 12    22  -132 10310    23    11 -9999 -9999 -9999
2021 02 07 15     1  -129 10308    31    10 -9999 -9999 -9999
2021 02 07 18   -17  -127 10293   356    14 -9999 -9999 -9999
2021 02 07 21   -25  -123 10284    22    16 -9999 -9999 -9999
2021 02 08 00   -42  -124 10305   346     9 -9999 -9999 -9999
2021 02 08 03    21  -121 10302   154    19 -9999 -9999 -9999
2021 02 08 06    70  -134 10267   109    20 -9999 -9999 -9999
2021 02 08 09    91  -127 10247    50    17 -9999 -9999 -9999
2021 02 08 12    31  -124 10279    12     7 -9999 -9999 -9999
2021 02 08 15    -2  -120 10277   351    13 -9999 -9999 -9999
2021 02 08 18   -32  -125 10268   349    12 -9999 -9999 -9999
2021 02 08 21   -57  -123 10251    23    12 -9999 -9999 -9999
2021 02 09 00   -74  -125 10276   154     9 -9999 -9999 -9999
2021 02 09 03    27  -116 10266   172    10 -9999 -9999 -9999
2021 02 09 06    80  -137 10231    18    16 -9999 -9999 -9999
2021 02 09 12    22  -127 10261   336     9 -9999 -9999 -9999
2021 02 09 15   -12  -128 10250     4     7 -9999 -9999 -9999
2021 02 09 18   -39  -130 10231    33     4 -9999 -9999 -9999
2021 02 09 21   -50  -142 10213    51     7 -9999 -9999 -9999
2021 02 10 00   -54  -137 10229    33    16 -9999 -9999 -9999
2021 02 10 03    15  -131 10218    35    17 -9999 -9999 -9999
2021 02 10 06    95  -118 10167   358    19 -9999 -9999 -9999
2021 02 10 09   127   -90 10138    26    19 -9999 -9999 -9999
2021 02 11 00     0   -73 10202   229     8 -9999 -9999 -9999
2021 02 13 12    85  -109 10188   114    17 -9999 -9999 -9999
2021 02 13 15    45  -113 10181   202    11 -9999 -9999 -9999
2021 02 13 18    32  -115 10170    60    19 -9999 -9999 -9999
2021 02 13 21   -22  -110 10175   230    10 -9999 -9999     0
2021 02 14 00   -27  -110 10205   196     3 -9999 -9999 -9999
2021 02 14 03    50  -111 10213   173    24 -9999 -9999 -9999
2021 02 14 06    80   -99 10214    93    30 -9999 -9999 -9999
2021 02 14 09    50  -112 10253    85    39 -9999 -9999 -9999
2021 02 14 12    15  -134 10296    77    38 -9999 -9999 -9999
2021 02 14 15   -25  -140 10307   196    12 -9999 -9999 -9999
2021 02 14 18   -35  -179 10305   140    13 -9999 -9999 -9999
2021 02 14 21   -62  -158 10302   353    14 -9999 -9999 -9999
2021 02 15 00   -72  -150 10301   354    12 -9999 -9999 -9999
2021 02 15 03    -9  -180 10286    10    19 -9999 -9999 -9999
2021 02 15 06    42  -167 10238    67    22 -9999 -9999 -9999
2021 02 15 09    80  -180 10216   203    20 -9999 -9999 -9999
2021 02 15 12    22  -167 10249    41    15 -9999 -9999 -9999
2021 02 15 15    11  -158 10249   259    12 -9999 -9999 -9999
2021 02 15 18   -22  -143 10256    18    13 -9999 -9999 -9999
2021 02 15 21   -47  -138 10254   318     3 -9999 -9999 -9999
2021 02 16 00   -49  -140 10297   341    35 -9999 -9999 -9999
2021 02 16 03   -12  -151 10316    43    30 -9999 -9999 -9999
2021 02 16 06    27  -153 10297    94    16 -9999 -9999 -9999
2021 02 16 09    60  -148 10287     5    16 -9999 -9999 -9999
2021 02 16 12    17  -131 10314   359    13 -9999 -9999 -9999
2021 02 16 15   -25  -124 10324   360     1 -9999 -9999 -9999
2021 02 16 18   -49  -125 10318   151     7 -9999 -9999 -9999
2021 02 16 21   -62  -119 10309   332     7 -9999 -9999 -9999
2021 02 17 00   -70  -108 10333   202     6 -9999 -9999 -9999
2021 02 17 03    20  -131 10333   191    12 -9999 -9999 -9999
2021 02 17 06    65  -138 10308   174    10 -9999 -9999 -9999
2021 02 17 09    95  -137 10295    21    18 -9999 -9999 -9999
2021 02 17 12    32  -127 10325    29     7 -9999 -9999 -9999
2021 02 17 15   -17  -121 10323   221     4 -9999 -9999 -9999
2021 02 17 18   -35  -122 10307   273     7 -9999 -9999 -9999
2021 02 17 21   -20  -147 10287   234    14 -9999 -9999 -9999
2021 02 18 00   -40  -134 10314   201     8 -9999 -9999 -9999
2021 02 18 03    50  -139 10307   168    13 -9999 -9999 -9999
2021 02 18 06   137  -173 10256   294    19 -9999 -9999 -9999
2021 02 18 09   141  -171 10239   317    16 -9999 -9999 -9999
2021 02 18 12    56  -162 10271   200     7 -9999 -9999 -9999
2021 02 18 15     0  -147 10262   239    10 -9999 -9999 -9999
2021 02 18 18    -7  -154 10233   229     9 -9999 -9999 -9999
2021 02 18 21    -5  -160 10214   211    11 -9999 -9999 -9999
2021 02 19 00   -22  -144 10242   210    10 -9999 -9999 -9999
2021 02 19 03   105  -159 10229   176    13 -9999 -9999 -9999
2021 02 19 06   157  -171 10192   261    13 -9999 -9999 -9999
2021 02 19 09   160  -183 10179   267    15 -9999 -9999 -9999
2021 02 20 15   102  -213 10115   263    13 -9999 -9999 -9999
2021 02 20 18   156  -186 10078   307    44 -9999 -9999 -9999
2021 02 20 21   126  -182 10083   320    16 -9999 -9999 -9999
2021 02 21 00    66  -154 10122   240    11 -9999 -9999 -9999
2021 02 21 09   191  -120 10106   310    34 -9999 -9999 -9999
2021 02 21 12   150  -115 10152   296    33 -9999 -9999 -9999
2021 02 21 15    90  -101 10172   128    17 -9999 -9999 -9999
2021 02 21 18    30   -99 10188    59     6 -9999 -9999 -9999
2021 02 21 21    22   -93 10196   282     8 -9999 -9999 -9999
2021 02 22 00     1   -81 10227    48     9 -9999 -9999 -9999
2021 02 22 03   101   -85 10229    26    19 -9999 -9999 -9999
2021 02 22 06   145   -88 10195   228    19 -9999 -9999 -9999
2021 02 22 09   155  -103 10171   228    18 -9999 -9999 -9999
2021 02 22 12   100   -86 10200    18    14 -9999 -9999 -9999
2021 02 22 15    65   -61 10205   348    30 -9999 -9999 -9999
2021 02 22 18    47   -87 10190   354    19 -9999 -9999 -9999
2021 02 22 21    20   -93 10170    30     5 -9999 -9999 -9999
2021 02 23 00     7   -87 10185    44     9 -9999 -9999 -9999
2021 02 23 03    81   -89 10173    11    29 -9999 -9999 -9999
2021 02 23 06   122  -114 10143    23    31 -9999 -9999 -9999
2021 02 23 09   130  -101 10128    14    37 -9999 -9999 -9999
2021 02 23 12   107   -95 10159    14    22 -9999 -9999 -9999
2021 02 23 15    95  -106 10165    25    29 -9999 -9999 -9999
2021 02 23 18    67   -91 10149    23    22 -9999 -9999 -9999
2021 02 23 21    47   -97 10138    13    14 -9999 -9999 -9999
2021 02 24 00    37   -96 10143    22    22 -9999 -9999 -9999
2021 02 24 03    55  -100 10153    39    25 -9999 -9999 -9999
2021 02 24 06    81   -76 10137    38    21 -9999 -9999 -9999
2021 02 24 09    96   -63 10143    71    12 -9999 -9999 -9999
2021 02 24 12    60   -63 10181   212    10 -9999 -9999 -9999
2021 02 24 15    55   -42 10206   200    12 -9999 -9999 -9999
2021 02 24 18    35   -11 10213    25    13 -9999 -9999 -9999
2021 02 24 21     6   -30 10211   360     0 -9999 -9999 -9999
2021 02 25 00     2   -21 10226   350    13 -9999 -9999 -9999
2021 02 25 03    61    10 10225     5    16 -9999 -9999 -9999
2021 02 25 06   106     6 10192    20    16 -9999 -9999 -9999
2021 02 25 09   117   -14 10179    26    14 -9999 -9999 -9999
2021 02 25 12    91   -55 10192   113    16 -9999 -9999 -9999
2021 02 25 15    70   -33 10185   148     9 -9999 -9999 -9999
2021 02 25 18    70   -10 10165   160    21 -9999 -9999 -9999
2021 02 25 21    61     2 10143   181    17 -9999 -9999 -9999
2021 02 26 00    50    -6 10151   158    23 -9999 -9999 -9999
2021 02 26 03    80   -10 10148   165    35 -9999 -9999 -9999
2021 02 26 06    90   -10 10112   155    37 -9999 -9999 -9999
2021 02 26 09    77    -9 10108    11    20 -9999 -9999 -9999
2021 02 26 12    56   -20 10132   192    23 -9999 -9999 -9999
2021 02 26 15    17   -26 10149   193    16 -9999 -9999 -9999
2021 02 26 18    11   -23 10132   231    18 -9999 -9999 -9999
2021 02 26 21   -17   -27 10124   230     8 -9999 -9999 -9999
2021 02 27 00   -10   -27 10141   166    13 -9999 -9999 -9999
2021 02 27 03    26   -27 10158   193    10 -9999 -9999 -9999
2021 02 27 06    36   -26 10157     3    11 -9999 -9999 -9999
2021 02 27 09    32   -49 10187   106    12 -9999 -9999 -9999
2021 02 27 12    15   -42 10228   164    22 -9999 -9999 -9999
2021 02 27 15     7   -30 10242   225    14 -9999 -9999 -9999
2021 02 27 18     0   -23 10232   226    10 -9999 -9999 -9999
2021 02 27 21     0   -32 10215    99    19 -9999 -9999 -9999
2021 02 28 00    -2   -42 10247    54    15 -9999 -9999 -9999
2021 02 28 03     7   -40 10258   344    22 -9999 -9999 -9999
2021 02 28 06    16   -53 10262    50    10 -9999 -9999 -9999
2021 02 28 09     0   -17 10289    30     8 -9999 -9999    13
2021 02 28 12    -2   -17 10320   207    11 -9999 -9999    13
2021 02 28 15   -12   -45 10344   199    12 -9999 -9999 -9999
2021 02 28 18   -17   -65 10339   180    12 -9999 -9999 -9999
2021 02 28 21   -35   -78 10345   251    10 -9999 -9999 -9999
2021 03 01 00   -50   -86 10357   204    14 -9999 -9999 -9999
2021 03 01 03     6   -60 10345   163    13 -9999 -9999 -9999
2021 03 01 06    61   -65 10294   199    36 -9999 -9999 -9999
2021 03 01 09    87  -113 10269   195    26 -9999 -9999 -9999
2021 03 01 12    37  -103 10290   199    13 -9999 -9999 -9999
2021 03 01 15     1   -81 10288   319     6 -9999 -9999 -9999
2021 03 01 18   -12   -62 10259   223    11 -9999 -9999 -9999
2021 03 01 21   -32   -57 10244   231    10 -9999 -9999 -9999
2021 03 02 00   -35   -53 10267   356    13 -9999 -9999 -9999
2021 03 02 03    40   -52 10262   228    16 -9999 -9999 -9999
2021 03 02 06   100   -63 10220   184     9 -9999 -9999 -9999
2021 03 02 09   121   -41 10203   172    15 -9999 -9999 -9999
2021 03 02 12    62   -58 10232   271     6 -9999 -9999 -9999
2021 03 02 15    12   -64 10232   249    12 -9999 -9999 -9999
2021 03 02 18    22   -90 10207   146    11 -9999 -9999 -9999
2021 03 02 21     0   -75 10192   210     9 -9999 -9999 -9999
2021 03 03 00    -7   -78 10210   161     8 -9999 -9999 -9999
2021 03 03 03    85  -104 10195   161    24 -9999 -9999 -9999
2021 03 03 06   146  -135 10144   228    26 -9999 -9999 -9999
2021 03 03 09   155  -173 10134   341    35 -9999 -9999 -9999
2021 03 03 12   115  -180 10166   297    22 -9999 -9999 -9999
2021 03 03 15    35   -77 10175   181    12 -9999 -9999 -9999
2021 03 03 18    22  -106 10161   246    12 -9999 -9999 -9999
2021 03 03 21   -12  -111 10160   206    15 -9999 -9999 -9999
2021 03 04 00   -14  -105 10173   199    13 -9999 -9999 -9999
2021 03 04 03    91   -99 10175   115    13 -9999 -9999 -9999
2021 03 04 06   145  -146 10135   225    12 -9999 -9999 -9999
2021 03 04 09   166  -119 10128   229    14 -9999 -9999 -9999
2021 03 04 12    97   -88 10167   222    15 -9999 -9999 -9999
2021 03 04 15    50   -78 10171    11     7 -9999 -9999 -9999
2021 03 04 18    66  -111 10164    97    20 -9999 -9999 -9999
2021 03 04 21    10   -97 10177   203    11 -9999 -9999 -9999
2021 03 05 00     6   -84 10213   289    12 -9999 -9999 -9999
2021 03 05 03    92  -103 10227   113    11 -9999 -9999 -9999
2021 03 05 06   120  -103 10203    55    15 -9999 -9999 -9999
2021 03 05 09   121  -122 10222    43    34 -9999 -9999 -9999
2021 03 05 12    90  -116 10260    70    33 -9999 -9999 -9999
2021 03 05 15    62   -92 10271    93     9 -9999 -9999 -9999
2021 03 05 18    37   -76 10277   336    23 -9999 -9999 -9999
2021 03 05 21    15   -64 10283   356    19 -9999 -9999 -9999
2021 03 06 00     2   -65 10307    17    18 -9999 -9999 -9999
2021 03 06 03    51   -58 10304   350    22 -9999 -9999 -9999
2021 03 06 06    96   -71 10267   356    14 -9999 -9999 -9999
2021 03 06 09   110   -68 10246     1    22 -9999 -9999 -9999
2021 03 06 12    71   -66 10264    25    10 -9999 -9999 -9999
2021 03 06 15    47   -64 10257     2    13 -9999 -9999 -9999
2021 03 06 18    26   -58 10238    38    12 -9999 -9999 -9999
2021 03 06 21    11   -92 10213    27    21 -9999 -9999 -9999
2021 03 07 00    -4   -88 10233    10     9 -9999 -9999 -9999
2021 03 07 03    61   -82 10220    21    14 -9999 -9999 -9999
2021 03 07 06   120   -46 10176    12    22 -9999 -9999 -9999
2021 03 07 09   127   -31 10159    24    21 -9999 -9999 -9999
2021 03 07 12    91   -19 10189   125     9 -9999 -9999 -9999
2021 03 07 15    56    -5 10193   203    13 -9999 -9999 -9999
2021 03 07 18    72    -4 10168   205    15 -9999 -9999 -9999
2021 03 07 21    42    -3 10161   226     9 -9999 -9999 -9999
2021 03 08 00    30     1 10194   333     9 -9999 -9999 -9999
2021 03 08 03   102     1 10198    89    10 -9999 -9999 -9999
2021 03 08 06   157   -59 10160    42    20 -9999 -9999 -9999
2021 03 08 09   157   -85 10156    38    24 -9999 -9999 -9999
2021 03 08 12   107   -70 10188    31    12 -9999 -9999 -9999
2021 03 08 15    71   -56 10196   333    10 -9999 -9999 -9999
2021 03 08 18    50   -72 10195   314    12 -9999 -9999 -9999
2021 03 08 21    30   -81 10194    94     6 -9999 -9999 -9999
2021 03 09 00    10   -57 10227   219     7 -9999 -9999 -9999
2021 03 09 03   105   -16 10223   178    11 -9999 -9999 -9999
2021 03 09 06   150   -30 10185     1    19 -9999 -9999 -9999
2021 03 09 09   172   -30 10161     8    16 -9999 -9999 -9999
2021 03 09 12   126   -24 10193    29    14 -9999 -9999 -9999
2021 03 09 15   107   -23 10191   232    22 -9999 -9999 -9999
2021 03 09 18    82   -24 10184   202    21 -9999 -9999 -9999
2021 03 09 21    65   -19 10171   203    17 -9999 -9999 -9999
2021 03 10 00    65   -10 10190    42     6 -9999 -9999 -9999
2021 03 10 03   105   -13 10194   247    11 -9999 -9999 -9999
2021 03 10 06   150   -15 10166   130    12 -9999 -9999 -9999
2021 03 10 09   170   -43 10152    45    16 -9999 -9999 -9999
2021 03 10 12   117   -18 10175   160     8 -9999 -9999 -9999
2021 03 10 15    95     4 10194   240    30 -9999 -9999     0
2021 03 10 18    60     1 10182   200    20 -9999 -9999     0
2021 03 10 21    52    -2 10174   200    17 -9999 -9999 -9999
2021 03 11 00    40    -1 10199   226    12 -9999 -9999 -9999
2021 03 11 03   117    -7 10187   144    22 -9999 -9999 -9999
2021 03 11 06   167    -9 10149   214    11 -9999 -9999 -9999
2021 03 11 09   200   -36 10122   214    21 -9999 -9999 -9999
2021 03 11 12   135   -17 10148   263     8 -9999 -9999 -9999
2021 03 11 15   115     2 10153   179    17 -9999 -9999 -9999
2021 03 11 18    75     0 10158   344    10 -9999 -9999 -9999
2021 03 11 21    50    14 10159    47     5 -9999 -9999 -9999
2021 03 12 00    32     4 10203    90     3 -9999 -9999 -9999
2021 03 12 03   130   -13 10205    39    24 -9999 -9999 -9999
2021 03 12 06   157   -66 10193     7    24 -9999 -9999 -9999
2021 03 12 09   168   -76 10187   340    10 -9999 -9999     0
2021 03 12 12   116   -54 10218   313     8 -9999 -9999 -9999
2021 03 12 15    72   -34 10209    57     8 -9999 -9999 -9999
2021 03 12 18    51   -20 10191   332    13 -9999 -9999 -9999
2021 03 12 21    36   -32 10165     4    12 -9999 -9999 -9999
2021 03 13 00    32   -22 10174   356    12 -9999 -9999 -9999
2021 03 13 03   115   -50 10156    27    20 -9999 -9999 -9999
2021 03 13 06   190   -52 10091   327    13 -9999 -9999 -9999
2021 03 13 09   217   -52 10047    25    14 -9999 -9999 -9999
2021 03 13 12   161   -29 10056    81     4 -9999 -9999 -9999
2021 03 13 15   112   -16 10055   360     2 -9999 -9999 -9999
2021 03 13 18    97     6 10038    37    11 -9999 -9999 -9999
2021 03 13 21    75    25 10036   190    11 -9999 -9999 -9999
2021 03 14 00    80     4 10075   118     5 -9999 -9999 -9999
2021 03 14 03   125    -1 10090   228    13 -9999 -9999 -9999
2021 03 14 06   175   -58 10055   168    32 -9999 -9999 -9999
2021 03 14 09   221  -137 10017   171    27 -9999 -9999 -9999
2021 03 14 12   145  -110 10050   215     6 -9999 -9999 -9999
2021 03 14 15   106   -21 10065    44     9 -9999 -9999 -9999
2021 03 14 18    95   -15 10069    26    15 -9999 -9999 -9999
2021 03 14 21    52  -148 10120    46    49 -9999 -9999 -9999
2021 03 15 00    25  -195 10183    30    40 -9999 -9999 -9999
2021 03 15 03    16  -202 10222    41    25 -9999 -9999 -9999
2021 03 15 06    42  -168 10194    30    43 -9999 -9999 -9999
2021 03 15 09    55  -177 10184    16    47 -9999 -9999 -9999
2021 03 15 12    56  -169 10194   356    31 -9999 -9999 -9999
2021 03 15 15    62  -193 10204    16    35 -9999 -9999 -9999
2021 03 15 18    50  -155 10202    23    26 -9999 -9999 -9999
2021 03 15 21    36  -161 10191    25    21 -9999 -9999 -9999
2021 03 16 00    32  -145 10200   331    11 -9999 -9999 -9999
2021 03 16 03    55  -152 10199   352    16 -9999 -9999 -9999
2021 03 16 06    80  -164 10174    33    12 -9999 -9999 -9999
2021 03 16 09    85  -160 10163    31    29 -9999 -9999 -9999
2021 03 16 12    70  -122 10182    29    21 -9999 -9999 -9999
2021 03 16 15    57  -132 10195    16    24 -9999 -9999 -9999
2021 03 16 18    50  -161 10175    30    23 -9999 -9999 -9999
2021 03 16 21    51  -143 10154    17    26 -9999 -9999 -9999
2021 03 17 00    55  -135 10159    37    27 -9999 -9999 -9999
2021 03 17 03    50  -112 10174    15    23 -9999 -9999 -9999
2021 03 17 06    55   -85 10169    47    10 -9999 -9999 -9999
2021 03 17 09    40     6 10169   183     8 -9999 -9999     6
2021 03 17 12    35     9 10189   327     8 -9999 -9999     9
2021 03 17 15    40    13 10197   349     8 -9999 -9999     3
2021 03 17 18    30     6 10192   228    14 -9999 -9999 -9999
2021 03 17 21    30     9 10185    26    19 -9999 -9999 -9999
2021 03 18 00    27     7 10202   334    19 -9999 -9999 -9999
2021 03 18 03    61     6 10197   203     5 -9999 -9999 -9999
2021 03 18 06    72     9 10175    25    15 -9999 -9999 -9999
2021 03 18 09    77    14 10163    10    23 -9999 -9999 -9999
2021 03 18 15    70    18 10190   338    13 -9999 -9999 -9999
2021 03 18 18    67    14 10183   333     9 -9999 -9999 -9999
2021 03 18 21    60    20 10172   316     8 -9999 -9999     2
2021 03 19 00    45    -8 10210   346    39 -9999 -9999    12
2021 03 19 03    16     3 10248   108    26 -9999 -9999    20
2021 03 19 06    35    -3 10245   154    20 -9999 -9999    11
2021 03 19 09    60   -16 10233   209    25 -9999 -9999     1
2021 03 19 12    45   -10 10267   110    19 -9999 -9999 -9999
2021 03 19 15    32  -115 10294   172     7 -9999 -9999 -9999
2021 03 19 18    16  -137 10287   129    15 -9999 -9999 -9999
2021 03 19 21   -15  -108 10284   193    10 -9999 -9999 -9999
2021 03 20 00   -17  -106 10306   187    14 -9999 -9999 -9999
2021 03 20 03    42  -156 10297   171    25 -9999 -9999 -9999
2021 03 20 06    75  -168 10275    28    25 -9999 -9999 -9999
2021 03 20 09    67  -173 10297   306    56 -9999 -9999 -9999
2021 03 20 12    32  -140 10339    24    21 -9999 -9999 -9999
2021 03 20 15     7  -176 10353    39    18 -9999 -9999 -9999
2021 03 20 18   -25  -137 10361   261     6 -9999 -9999 -9999
2021 03 20 21   -44  -112 10356   102     5 -9999 -9999 -9999
2021 03 21 00   -40  -113 10377   360     2 -9999 -9999 -9999
2021 03 21 03    27  -175 10370   205    26 -9999 -9999 -9999
2021 03 21 06    51  -180 10341   119    18 -9999 -9999 -9999
2021 03 21 09    70  -165 10323   114    19 -9999 -9999 -9999
2021 03 21 12    40  -154 10334   209    11 -9999 -9999 -9999
2021 03 21 15   -12  -134 10331   207     6 -9999 -9999 -9999
2021 03 21 18    -5  -115 10310   215    13 -9999 -9999 -9999
2021 03 21 21   -27   -76 10301   205     9 -9999 -9999 -9999
2021 03 22 00   -30   -68 10312   360     1 -9999 -9999 -9999
2021 03 22 03    60  -108 10291   189    21 -9999 -9999 -9999
2021 03 22 06   120   -96 10245    95    17 -9999 -9999 -9999
2021 03 22 09   147   -87 10212    25    21 -9999 -9999 -9999
2021 03 22 12    92   -58 10220    28    10 -9999 -9999 -9999
2021 03 22 15    47   -50 10202   292     7 -9999 -9999 -9999
2021 03 22 18    11   -45 10182     8     5 -9999 -9999 -9999
2021 03 22 21     0   -51 10154   186     3 -9999 -9999 -9999
2021 03 23 00    12   -45 10167   235     5 -9999 -9999 -9999
2021 03 23 03   120   -55 10158   344    10 -9999 -9999 -9999
2021 03 23 06   167   -70 10133    75    17 -9999 -9999 -9999
2021 03 23 09   185   -70 10116   337    23 -9999 -9999 -9999
2021 03 23 12   127   -68 10139   317     7 -9999 -9999 -9999
2021 03 23 15   100   -63 10135    31    13 -9999 -9999 -9999
2021 03 23 18   116  -159 10139    56    31 -9999 -9999 -9999
2021 03 23 21    72  -114 10157    26    12 -9999 -9999 -9999
2021 03 24 00    75   -99 10197   350    15 -9999 -9999 -9999
2021 03 24 03   137  -133 10190    31    21 -9999 -9999 -9999
2021 03 24 06   167  -138 10144   306    23 -9999 -9999 -9999
2021 03 24 09   180  -129 10124   338    31 -9999 -9999 -9999
2021 03 24 12   135   -98 10137    35    17 -9999 -9999 -9999
2021 03 24 15    90   -90 10138   334    13 -9999 -9999 -9999
2021 03 24 18    75   -73 10117    25    13 -9999 -9999 -9999
2021 03 24 21    72   -58 10108    11    16 -9999 -9999 -9999
2021 03 25 00    77   -47 10128    16    12 -9999 -9999 -9999
2021 03 25 03   142   -40 10121    54    11 -9999 -9999 -9999
2021 03 25 06   165    -7 10096   238    25 -9999 -9999 -9999
2021 03 25 09   170   -38 10087   175     9 -9999 -9999 -9999
2021 03 25 12   155    -3 10110   238    12 -9999 -9999 -9999
2021 03 25 15   145   -43 10127   342    19 -9999 -9999 -9999
2021 03 25 18   131   -87 10128   325    24 -9999 -9999 -9999
2021 03 25 21   102   -70 10130   240    10 -9999 -9999 -9999
2021 03 26 00    97   -57 10153   238    20 -9999 -9999 -9999
2021 03 26 03   162  -113 10135   280    19 -9999 -9999 -9999
2021 03 26 06   181  -140 10105    26    26 -9999 -9999 -9999
2021 03 26 09   186  -136 10095    47    28 -9999 -9999 -9999
2021 03 26 12   136  -103 10115   141    11 -9999 -9999 -9999
2021 03 26 15    77   -44 10122   170    10 -9999 -9999 -9999
2021 03 26 18    40   -40 10118   200     8 -9999 -9999 -9999
2021 03 26 21    25  -107 10104   257     9 -9999 -9999 -9999
2021 03 27 00    61  -106 10108   165    24 -9999 -9999 -9999
2021 03 27 03   187  -148 10086   233    39 -9999 -9999 -9999
2021 03 27 06   222  -152 10061    49    14 -9999 -9999 -9999
2021 03 27 09   225  -151 10052   316    44 -9999 -9999 -9999
2021 03 27 12   180  -108 10068    19    11 -9999 -9999 -9999
2021 03 27 15   156  -101 10062   331    14 -9999 -9999 -9999
2021 03 27 18   121  -115 10076    69    32 -9999 -9999 -9999
2021 03 27 21    87  -173 10095    75    24 -9999 -9999 -9999
2021 03 28 00    75  -146 10131    62    17 -9999 -9999 -9999
2021 03 28 03    92  -138 10137    32    27 -9999 -9999 -9999
2021 03 28 06   122  -145 10108    10    20 -9999 -9999 -9999
2021 03 28 09   130  -140 10092   357    20 -9999 -9999 -9999
2021 03 28 12   117  -118 10107    14    19 -9999 -9999 -9999
2021 03 28 15   106  -114 10120   347    14 -9999 -9999 -9999
2021 03 28 18    77   -76 10105    23    10 -9999 -9999 -9999
2021 03 28 21    60   -99 10090    32    12 -9999 -9999 -9999
2021 03 29 00    57   -79 10103   357    13 -9999 -9999 -9999
2021 03 29 03   112  -108 10081    12    21 -9999 -9999 -9999
2021 03 29 06   172  -115 10046   296    18 -9999 -9999 -9999
2021 03 29 09   181   -98 10025    30    26 -9999 -9999 -9999
2021 03 29 12   147   -67 10036   339    19 -9999 -9999 -9999
2021 03 29 15   121   -54 10049   347    16 -9999 -9999 -9999
2021 03 29 18   105   -44 10033    36     7 -9999 -9999 -9999
2021 03 29 21    85   -30 10036    23     9 -9999 -9999 -9999
2021 03 30 00    96   -55 10062   341    15 -9999 -9999 -9999
2021 03 30 03   122   -28 10072    38    19 -9999 -9999 -9999
2021 03 30 06   156   -24 10054    33    24 -9999 -9999 -9999
2021 03 30 09   167   -69 10047    41    23 -9999 -9999 -9999
2021 03 30 12   152   -31 10072    41    54 -9999 -9999 -9999
2021 03 30 15   121    11 10100    59    39 -9999 -9999 -9999
2021 03 30 18    80    57 10102   360    43 -9999 -9999    11
2021 03 30 21    61    46 10084    11    30 -9999 -9999    92
2021 03 31 00    56    38 10104   338    41 -9999 -9999   149
2021 03 31 03    50    26 10125   357    35 -9999 -9999    84
2021 03 31 06    52    35 10129    45    12 -9999 -9999    46
2021 03 31 09    51    34 10133    85    13 -9999 -9999    61
2021 03 31 12    46    25 10153    67    16 -9999 -9999    38
2021 03 31 15    40    25 10171   218     6 -9999 -9999     7
2021 03 31 18    36    26 10172   202    10 -9999 -9999 -9999
2021 03 31 21    37    29 10174   203     9 -9999 -9999 -9999
2021 04 01 00    47    35 10190   299     3 -9999 -9999 -9999
2021 04 01 03    95    50 10197   231    24 -9999 -9999 -9999
2021 04 01 06   136    -8 10158   164    18 -9999 -9999 -9999
2021 04 01 09   121     5 10159   222     9 -9999 -9999 -9999
2021 04 01 12   110    22 10165    80    12 -9999 -9999 -9999
2021 04 01 15    87    46 10182   279    10 -9999 -9999 -9999
2021 04 01 18    96     2 10182    38    22 -9999 -9999 -9999
2021 04 01 21    95   -10 10185   332    25 -9999 -9999 -9999
2021 04 02 00    90     9 10212   213    16 -9999 -9999 -9999
2021 04 02 03   122   -28 10216   350    23 -9999 -9999 -9999
2021 04 02 06   122   -27 10208    18    23 -9999 -9999 -9999
2021 04 02 09   125    -1 10199    15    22 -9999 -9999 -9999
2021 04 02 12    92    36 10230    44    29 -9999 -9999 -9999
2021 04 02 15    72    43 10253   176     9 -9999 -9999     8
2021 04 02 18    76    36 10245   350    15 -9999 -9999    10
2021 04 02 21    66    36 10245   140    11 -9999 -9999     2
2021 04 03 00    52    16 10278    18    23 -9999 -9999 -9999
2021 04 03 03    90    -6 10277    25    29 -9999 -9999 -9999
2021 04 03 06   115   -34 10240     1    40 -9999 -9999 -9999
2021 04 03 09   125   -56 10213   358    35 -9999 -9999 -9999
2021 04 03 12   107   -48 10234   348    16 -9999 -9999 -9999
2021 04 03 15    80   -29 10245   329    10 -9999 -9999 -9999
2021 04 03 18    62   -24 10228   346    16 -9999 -9999 -9999
2021 04 03 21    50    -6 10220    99     5 -9999 -9999 -9999
2021 04 04 00    61    -4 10238   338     6 -9999 -9999 -9999
2021 04 04 03    95     3 10234   346    18 -9999 -9999     2
2021 04 04 06   105    18 10210   337    15 -9999 -9999     2
2021 04 04 09   105    28 10196   349    24 -9999 -9999 -9999
2021 04 04 12    97    29 10202     6    10 -9999 -9999 -9999
2021 04 04 15    95    32 10203   182    19 -9999 -9999 -9999
2021 04 04 18    87    33 10181   222    10 -9999 -9999 -9999
2021 04 04 21    82    33 10153   185    13 -9999 -9999 -9999
2021 04 05 00    82    35 10155   166    10 -9999 -9999 -9999
2021 04 05 03   122    34 10143    83    13 -9999 -9999 -9999
2021 04 05 06   152    34 10116   320    20 -9999 -9999 -9999
2021 04 05 09   161    42 10106    27    27 -9999 -9999 -9999
2021 04 05 12   141    49 10136    24    26 -9999 -9999 -9999
2021 04 05 15   125    51 10169    70    11 -9999 -9999 -9999
2021 04 05 18    90    62 10187    37    40 -9999 -9999 -9999
2021 04 05 21    85    53 10191     2    17 -9999 -9999 -9999
2021 04 06 00    70    43 10229    13    23 -9999 -9999 -9999
2021 04 06 03   102    40 10248   339    21 -9999 -9999 -9999
2021 04 06 06   130    39 10236    31    22 -9999 -9999 -9999
2021 04 06 09   127    40 10228    33    39 -9999 -9999 -9999
2021 04 06 12   122    37 10249    77    23 -9999 -9999 -9999
2021 04 06 15   107     5 10261    74    24 -9999 -9999 -9999
2021 04 06 18    80    19 10253   342    14 -9999 -9999 -9999
2021 04 06 21    50    23 10253    44    10 -9999 -9999 -9999
2021 04 07 00    72    25 10259   338    17 -9999 -9999 -9999
2021 04 07 03   125     8 10252    31    21 -9999 -9999 -9999
2021 04 07 06   152    -1 10218   336    24 -9999 -9999 -9999
2021 04 07 09   166    -6 10190    33    21 -9999 -9999 -9999
2021 04 07 12   137     1 10192    18    20 -9999 -9999 -9999
2021 04 07 15   102    18 10199   350    15 -9999 -9999 -9999
2021 04 07 18   105     2 10181   352    15 -9999 -9999 -9999
2021 04 07 21   101    17 10170     9    16 -9999 -9999 -9999
2021 04 08 00    85    19 10187    14    22 -9999 -9999 -9999
2021 04 08 03   117   -21 10206    24    22 -9999 -9999 -9999
2021 04 08 06   126    41 10185   355    41 -9999 -9999 -9999
2021 04 08 09   151    39 10153    73    18 -9999 -9999 -9999
2021 04 08 12   130    53 10174    19    17 -9999 -9999 -9999
2021 04 08 15   115    54 10183    11     9 -9999 -9999 -9999
2021 04 08 18   112    52 10175    23    14 -9999 -9999 -9999
2021 04 08 21   100    59 10171    49    14 -9999 -9999 -9999
2021 04 09 00    87    57 10194    19    21 -9999 -9999 -9999
2021 04 09 03   125    61 10190   357    29 -9999 -9999 -9999
2021 04 09 06   172    53 10159    43    21 -9999 -9999 -9999
2021 04 09 09   182    37 10136   175    13 -9999 -9999 -9999
2021 04 09 12   152    57 10156   183    21 -9999 -9999 -9999
2021 04 09 15   125    58 10176   183    30 -9999 -9999 -9999
2021 04 09 18    97    48 10167   211    15 -9999 -9999 -9999
2021 04 09 21    91    41 10164   210    13 -9999 -9999 -9999
2021 04 10 00    91    43 10178   224    15 -9999 -9999 -9999
2021 04 10 03   147    55 10174   275    17 -9999 -9999 -9999
2021 04 10 06   170    53 10154    24    32 -9999 -9999 -9999
2021 04 10 09   161    45 10146    81    34 -9999 -9999 -9999
2021 04 10 12   141    41 10169    77    20 -9999 -9999 -9999
2021 04 10 15   126    60 10181   103     5 -9999 -9999     1
2021 04 10 18   115    53 10170     9     8 -9999 -9999     1
2021 04 10 21   105    76 10167    48    18 -9999 -9999 -9999
2021 04 11 00   105    67 10181    35    15 -9999 -9999 -9999
2021 04 11 03   152    60 10170   166    16 -9999 -9999 -9999
2021 04 11 06   185    15 10134   105    25 -9999 -9999 -9999
2021 04 11 09   190     6 10119    97    11 -9999 -9999 -9999
2021 04 11 12   172    17 10138   338    14 -9999 -9999 -9999
2021 04 11 15   151    16 10154   239    28 -9999 -9999 -9999
2021 04 11 18   112    36 10166    77    13 -9999 -9999     1
2021 04 11 21   105    28 10180    80    20 -9999 -9999     1
2021 04 12 00    87    33 10214    61    22 -9999 -9999 -9999
2021 04 12 03    90     4 10237    39    19 -9999 -9999 -9999
2021 04 12 06   105   -20 10234    43    23 -9999 -9999 -9999
2021 04 12 09   117   -24 10216    11    22 -9999 -9999 -9999
2021 04 12 12   102   -18 10234    29    25 -9999 -9999 -9999
2021 04 12 15    71   -46 10268    21    25 -9999 -9999 -9999
2021 04 12 18    46   -49 10274    29    29 -9999 -9999 -9999
2021 04 12 21    31   -39 10278    16    22 -9999 -9999 -9999
2021 04 13 00    12   -14 10297    12     7 -9999 -9999 -9999
2021 04 13 03    47    -9 10296   170    23 -9999 -9999     1
2021 04 13 06    95   -12 10266   157    27 -9999 -9999     1
2021 04 13 09   107   -10 10244   149    21 -9999 -9999 -9999
2021 04 13 12    82    -5 10260   178    21 -9999 -9999 -9999
2021 04 13 15    66     9 10269   232    21 -9999 -9999 -9999
2021 04 13 18    46    13 10239   214    16 -9999 -9999 -9999
2021 04 13 21    35     1 10217   217    16 -9999 -9999 -9999
2021 04 14 00    41     4 10218   215    18 -9999 -9999 -9999
2021 04 14 03   112   -33 10184   160    32 -9999 -9999 -9999
2021 04 14 06   150   -11 10134   216    30 -9999 -9999 -9999
2021 04 14 09   176     3 10095   207    44 -9999 -9999 -9999
2021 04 14 12   156   -33 10101   254    12 -9999 -9999 -9999
2021 04 14 15   117   -72 10112   281     9 -9999 -9999 -9999
2021 04 14 18   127  -102 10105   306    18 -9999 -9999 -9999
2021 04 14 21   107   -95 10111   157    14 -9999 -9999 -9999
2021 04 15 00   125  -153 10140   290    43 -9999 -9999 -9999
2021 04 15 03    92  -198 10208   306    42 -9999 -9999 -9999
2021 04 15 06   116  -190 10189   301    43 -9999 -9999 -9999
2021 04 15 09   135  -202 10164   340    41 -9999 -9999 -9999
2021 04 15 12   100  -172 10169   226    12 -9999 -9999 -9999
2021 04 15 15    71  -156 10185   293    10 -9999 -9999 -9999
2021 04 15 18    27   -95 10181   222    12 -9999 -9999 -9999
2021 04 15 21    35  -103 10176   202    18 -9999 -9999 -9999
2021 04 16 00   110  -173 10196    17    25 -9999 -9999 -9999
2021 04 16 03   130  -116 10225    62    42 -9999 -9999 -9999
2021 04 16 06   136  -125 10236    85    36 -9999 -9999 -9999
2021 04 16 09   141  -113 10228   123    30 -9999 -9999 -9999
2021 04 16 12   110  -146 10232    78    28 -9999 -9999 -9999
2021 04 16 15    76  -128 10254    83    18 -9999 -9999 -9999
2021 04 16 18    25   -89 10270   196     5 -9999 -9999 -9999
2021 04 16 21    17   -68 10268   351    11 -9999 -9999 -9999
2021 04 17 00    52   -79 10277    34    16 -9999 -9999 -9999
2021 04 17 03   107  -127 10265    37    17 -9999 -9999 -9999
2021 04 17 06   145  -118 10226   233    12 -9999 -9999 -9999
2021 04 17 09   172  -124 10186   360    27 -9999 -9999 -9999
2021 04 17 12   137   -35 10189   206    12 -9999 -9999 -9999
2021 04 17 15   105   -33 10189   232    10 -9999 -9999 -9999
2021 04 17 18    62   -24 10176   166     3 -9999 -9999 -9999
2021 04 17 21    47   -11 10158   335     8 -9999 -9999 -9999
2021 04 18 00    80    12 10162    25     9 -9999 -9999 -9999
2021 04 18 03   152   -32 10155   346    17 -9999 -9999 -9999
2021 04 18 06   201   -42 10121    25    10 -9999 -9999 -9999
2021 04 18 09   215   -54 10094    16    19 -9999 -9999 -9999
2021 04 18 12   177   -37 10106    26    12 -9999 -9999 -9999
2021 04 18 15   150   -29 10110    13     8 -9999 -9999 -9999
2021 04 18 18   107     5 10110   320     6 -9999 -9999 -9999
2021 04 18 21    96    20 10101   360     2 -9999 -9999 -9999
2021 04 19 00   125     8 10116    15    11 -9999 -9999 -9999
2021 04 19 03   170   -21 10117    17    23 -9999 -9999 -9999
2021 04 19 06   201   -82 10105     9    22 -9999 -9999 -9999
2021 04 19 09   201   -82 10090    20    22 -9999 -9999 -9999
2021 04 19 12   160    -3 10110   317     8 -9999 -9999 -9999
2021 04 19 15   127   -12 10113    50     6 -9999 -9999 -9999
2021 04 19 18    95    -1 10105    74     5 -9999 -9999 -9999
2021 04 19 21    82     9 10105   360     2 -9999 -9999 -9999
2021 04 20 00   121     5 10115   261     4 -9999 -9999 -9999
2021 04 20 03   200   -12 10101    48    17 -9999 -9999 -9999
2021 04 20 06   217     9 10080   208     9 -9999 -9999 -9999
2021 04 20 09   220    31 10070    53    22 -9999 -9999 -9999
2021 04 20 12   196    37 10073    12    11 -9999 -9999 -9999
2021 04 20 15   171    38 10076   223     8 -9999 -9999 -9999
2021 04 20 18   157    62 10074   185    14 -9999 -9999 -9999
