2021 01 01 00   -44  -183 10261   120    10 -9999 -9999     0
2021 01 01 03    43  -179 10256    40    20 -9999 -9999     0
2021 01 01 06    55  -170 10229    60    30 -9999 -9999     0
2021 01 01 09    34  -181 10241   140    40 -9999 -9999     0
2021 01 01 12     6  -172 10264   110    30 -9999 -9999     0
2021 01 01 18   -33  -156 10280   340    30 -9999 -9999     0
2021 01 01 21   -41  -151 10285   360    30 -9999 -9999     0
2021 01 02 00   -53  -159 10302   330    30 -9999 -9999     0
2021 01 02 03   -19  -147 10317   350    30 -9999 -9999     0
2021 01 02 06    11  -150 10291   360    20 -9999 -9999     0
2021 01 02 09     5  -128 10302   310    10 -9999 -9999     0
2021 01 02 12    -9  -100 10329    40    40 -9999 -9999     0
2021 01 02 18   -43   -97 10355   360    20 -9999 -9999     0
2021 01 02 21   -47  -107 10358   340    20 -9999 -9999     0
2021 01 03 00   -65  -111 10365   310    20 -9999 -9999     0
2021 01 03 03   -20  -110 10363   330    20 -9999 -9999     0
2021 01 03 06    12  -167 10321   140    30 -9999 -9999     0
2021 01 03 09    -1  -160 10319   140    10 -9999 -9999     0
2021 01 03 12   -29  -149 10333   330    20 -9999 -9999     0
2021 01 03 18   -50  -133 10314   360    20 -9999 -9999     0
2021 01 03 21   -60  -136 10316    10    20 -9999 -9999     0
2021 01 04 00   -65  -130 10331   360    10 -9999 -9999     0
2021 01 04 03   -20  -129 10350   360    20 -9999 -9999     0
2021 01 04 06     8  -129 10322    10    10 -9999 -9999     0
2021 01 04 09     4  -133 10329   270    10 -9999 -9999     0
2021 01 04 12   -32  -121 10355   230    10 -9999 -9999     0
2021 01 04 18   -40  -186 10376   140    30 -9999 -9999     0
2021 01 04 21   -63  -189 10388     0 -9999 -9999 -9999     0
2021 01 05 00   -94  -166 10404   260    10 -9999 -9999     0
2021 01 05 03   -33  -210 10391   160    40 -9999 -9999     0
2021 01 05 06   -12  -197 10347   170    40 -9999 -9999     0
2021 01 05 09   -24  -198 10341   160    40 -9999 -9999     0
2021 01 05 12   -47  -185 10344   140    30 -9999 -9999     0
2021 01 05 18   -85  -151 10306   140    10 -9999 -9999     0
2021 01 05 21   -84  -158 10306   330    30 -9999 -9999     0
2021 01 06 00   -62  -226 10344    20    30 -9999 -9999     0
2021 01 06 03   -46  -307 10357   300    70 -9999 -9999     0
2021 01 06 06   -44  -338 10344   310    70 -9999 -9999     0
2021 01 06 09   -83  -319 10368    30    50 -9999 -9999     0
2021 01 06 12  -112  -335 10409    20    40 -9999 -9999     0
2021 01 06 18  -132  -320 10426    40    20 -9999 -9999     0
2021 01 06 21  -147  -268 10410   170    10 -9999 -9999     0
2021 01 07 00  -120  -315 10406   260    50 -9999 -9999     0
2021 01 07 03   -81  -309 10388   290    50 -9999 -9999     0
2021 01 07 06   -35  -298 10348   330    40 -9999 -9999     0
2021 01 07 09   -40  -293 10354   300    60 -9999 -9999     0
2021 01 07 12   -87  -243 10363   150    10 -9999 -9999     0
2021 01 07 18   -71  -263 10341   300    20 -9999 -9999     0
2021 01 07 21   -81  -251 10333   280    30 -9999 -9999     0
2021 01 08 00   -66  -248 10334   290    40 -9999 -9999     0
2021 01 08 03   -27  -244 10327   270    50 -9999 -9999     0
2021 01 08 06    10  -235 10288   330    30 -9999 -9999     0
2021 01 08 09    -3  -224 10287   160    20 -9999 -9999     0
2021 01 08 12   -46  -208 10307   250    10 -9999 -9999     0
2021 01 08 18   -35  -217 10297   320    20 -9999 -9999     0
2021 01 08 21   -44  -202 10304    20    10 -9999 -9999     0
2021 01 09 00   -45  -211 10315   260    30 -9999 -9999     0
2021 01 09 03     0  -209 10325   290    40 -9999 -9999     0
2021 01 09 06    35  -200 10283   320    40 -9999 -9999     0
2021 01 09 09    24  -195 10278    70    10 -9999 -9999     0
2021 01 09 12   -15  -190 10295     0 -9999 -9999 -9999     0
2021 01 09 18   -46  -177 10305   270    20 -9999 -9999     0
2021 01 09 21   -35  -186 10313   310    20 -9999 -9999     0
2021 01 10 00   -40  -176 10327   360    20 -9999 -9999     0
2021 01 10 03    14  -197 10339   310    50 -9999 -9999     0
2021 01 10 06    37  -198 10309   320    30 -9999 -9999     0
2021 01 10 09    25  -194 10309   230    10 -9999 -9999     0
2021 01 10 12    -3  -175 10318   160    20 -9999 -9999     0
2021 01 10 18     8  -196 10314   280    40 -9999 -9999     0
2021 01 10 21    -7  -198 10301   300    40 -9999 -9999     0
2021 01 11 00   -18  -192 10301   290    40 -9999 -9999     0
2021 01 11 03     4  -212 10304   300    70 -9999 -9999     0
2021 01 11 06    33  -201 10259   290    50 -9999 -9999     0
2021 01 11 09    30  -204 10241   150    20 -9999 -9999     0
2021 01 11 12    18  -188 10239   260    10 -9999 -9999     0
2021 01 11 18    35  -180 10177   260    50 -9999 -9999     0
2021 01 11 21    33  -194 10149   280    50 -9999 -9999     0
2021 01 12 00    39  -204 10136   250    50 -9999 -9999     0
2021 01 12 03    74  -202 10127   260    70 -9999 -9999     0
2021 01 12 06   108  -196 10085   230    50 -9999 -9999     0
2021 01 12 09    84  -184 10078   160    40 -9999 -9999     0
2021 01 12 12    62  -185 10072   160    30 -9999 -9999     0
2021 01 12 18     3  -157 10082   260    20 -9999 -9999     0
2021 01 12 21    -7  -139 10094   360    20 -9999 -9999     0
2021 01 13 00     2  -142 10121    30    20 -9999 -9999     0
2021 01 13 03   102  -180 10143   300    20 -9999 -9999     0
2021 01 13 06   128  -181 10124   290    40 -9999 -9999     0
2021 01 13 09    97  -157 10143   140    30 -9999 -9999     0
2021 01 13 12    65  -149 10163   120    20 -9999 -9999     0
2021 01 13 18    13  -132 10173   350    20 -9999 -9999     0
2021 01 13 21     0  -123 10161   350    30 -9999 -9999     0
2021 01 14 00   -14  -124 10165   340    30 -9999 -9999     0
2021 01 14 03     4   -76 10160   360    30 -9999 -9999     0
2021 01 14 06    30   -67 10122    50    20 -9999 -9999     0
2021 01 14 09    26   -60 10127     0 -9999 -9999 -9999     0
2021 01 14 12     8   -59 10156   320    10 -9999 -9999     0
2021 01 14 18   -17   -63 10188   210    20 -9999 -9999     0
2021 01 14 21   -28   -64 10191   150    30 -9999 -9999     0
2021 01 15 00    46  -142 10207   320    50 -9999 -9999     0
2021 01 15 03    67  -166 10244   290    40 -9999 -9999     0
2021 01 15 06    83  -177 10234   330    40 -9999 -9999     0
2021 01 15 09    36   -78 10265   160    30 -9999 -9999     0
2021 01 15 12    10   -88 10294   150    20 -9999 -9999     0
2021 01 15 18   -26  -113 10324   180    10 -9999 -9999     0
2021 01 15 21   -40  -115 10332   330    30 -9999 -9999     0
2021 01 16 00   -48   -96 10351   350    30 -9999 -9999     0
2021 01 16 03   -21   -95 10364   340    20 -9999 -9999     0
2021 01 16 06    10  -105 10334    50    20 -9999 -9999     0
2021 01 16 09     6   -97 10343   200    20 -9999 -9999     0
2021 01 16 12   -26   -79 10363   150    10 -9999 -9999     0
2021 01 16 18    -3  -200 10363   270    60 -9999 -9999     0
2021 01 16 21   -13  -214 10342   260    40 -9999 -9999     0
2021 01 17 00    -6  -208 10321   270    70 -9999 -9999     0
2021 01 17 03    32  -210 10292   270    80 -9999 -9999     0
2021 01 17 06    56  -207 10236   260    60 -9999 -9999     0
2021 01 17 09    63  -210 10208   240    40 -9999 -9999     0
2021 01 17 12    16  -190 10217   170    10 -9999 -9999     0
2021 01 17 18    43  -201 10199   260    40 -9999 -9999     0
2021 01 17 21   -31  -186 10204   310    10 -9999 -9999     0
2021 01 18 00   -38  -160 10220   340    30 -9999 -9999     0
2021 01 18 03    49  -156 10233    90    10 -9999 -9999     0
2021 01 18 06   104  -188 10212   160    20 -9999 -9999     0
2021 01 18 09    90  -180 10219    90    30 -9999 -9999     0
2021 01 18 12    31  -166 10254   330    30 -9999 -9999     0
2021 01 18 18   -27  -119 10295    30    30 -9999 -9999     0
2021 01 18 21   -42   -85 10299    10    20 -9999 -9999     0
2021 01 19 00   -50   -81 10303   340    30 -9999 -9999     0
2021 01 19 03   -37   -80 10305   340    20 -9999 -9999     0
2021 01 19 06   -21   -90 10272   330    20 -9999 -9999     0
2021 01 19 09   -25   -90 10265    30    10 -9999 -9999     0
2021 01 19 12   -45   -91 10277   240    10 -9999 -9999     0
2021 01 19 18   -54   -91 10264   330    20 -9999 -9999     0
2021 01 19 21   -72   -93 10253   170    10 -9999 -9999     0
2021 01 20 00   -70   -94 10258   350    20 -9999 -9999     0
2021 01 20 03   -24   -83 10257   130    20 -9999 -9999     0
2021 01 20 06     2   -85 10225   170    20 -9999 -9999     0
2021 01 20 09     5   -87 10231   180    10 -9999 -9999     0
2021 01 20 12   -23   -86 10241   290    10 -9999 -9999     0
2021 01 20 18   -34   -83 10235   250    10 -9999 -9999     0
2021 01 20 21   -41   -84 10222   340    20 -9999 -9999     0
2021 01 21 00   -54   -85 10231   280    10 -9999 -9999     0
2021 01 21 03    10   -75 10231   150    20 -9999 -9999     0
2021 01 21 06    49   -72 10197   150    30 -9999 -9999     0
2021 01 21 09    46   -72 10204   130    20 -9999 -9999     0
2021 01 21 12    -4   -74 10225   310    10 -9999 -9999     0
2021 01 21 18   -22   -73 10235   340    20 -9999 -9999     0
2021 01 21 21   -37   -77 10239   360    10 -9999 -9999     0
2021 01 22 00   -35   -78 10258   350    20 -9999 -9999     0
2021 01 22 03    21   -75 10270   340    30 -9999 -9999     0
2021 01 22 06    53   -89 10242   360    20 -9999 -9999     0
2021 01 22 09    47   -91 10239   350    10 -9999 -9999     0
2021 01 22 12    20   -76 10251   320    20 -9999 -9999     0
2021 01 22 18    -8   -74 10250     0 -9999 -9999 -9999     0
2021 01 22 21   -19   -74 10238   340    20 -9999 -9999     0
2021 01 23 00   -38   -76 10246   330    20 -9999 -9999     0
2021 01 23 03     3   -72 10252   350    10 -9999 -9999     0
2021 01 23 06    45   -58 10225   150    20 -9999 -9999     0
2021 01 23 09    36   -56 10227   160    10 -9999 -9999     0
2021 01 23 12     3   -59 10245   340    10 -9999 -9999     0
2021 01 23 18   -14   -60 10250   360    20 -9999 -9999     0
2021 01 23 21   -19   -61 10249    30    20 -9999 -9999     0
2021 01 24 00   -13   -61 10268   340    10 -9999 -9999     0
2021 01 24 03    13   -58 10277   360    20 -9999 -9999     0
2021 01 24 06    36   -56 10253    20    20 -9999 -9999     0
2021 01 24 09    26   -65 10257   330    20 -9999 -9999     0
2021 01 24 12    14   -66 10274   340    20 -9999 -9999     0
2021 01 24 18     5   -47 10283   280    10 -9999 -9999     0
2021 01 24 21    -4   -11 10272   330    10 -9999 -9999    10
2021 01 25 00     4    -9 10274    10    10 -9999 -9999    10
2021 01 25 03    14    -1 10269   140    20 -9999 -9999     0
2021 01 25 06    30    -3 10235   160    10 -9999 -9999     0
2021 01 25 09    33   -14 10237   180    20 -9999 -9999     0
2021 01 25 12    11    -7 10256   330    30 -9999 -9999     0
2021 01 25 18   -23   -28 10259   140    10 -9999 -9999     0
2021 01 25 21   -37   -42 10254   250    10 -9999 -9999     0
2021 01 26 00   -59   -67 10274    80    10 -9999 -9999     0
2021 01 26 03    75   -56 10271    90    30 -9999 -9999     0
2021 01 26 06   124  -144 10230   210    20 -9999 -9999     0
2021 01 26 09    91   -94 10230   160    40 -9999 -9999     0
2021 01 26 12    53   -72 10243   150    30 -9999 -9999     0
2021 01 26 18    12   -91 10241   340    30 -9999 -9999     0
2021 01 26 21     5   -51 10234    10    30 -9999 -9999     0
2021 01 27 00    -6   -60 10239   330    30 -9999 -9999     0
2021 01 27 03    30   -47 10235   350    20 -9999 -9999     0
2021 01 27 06    66   -51 10181   150    30 -9999 -9999     0
2021 01 27 09    59   -54 10167   180    20 -9999 -9999     0
2021 01 27 12    64   -87 10199    30    20 -9999 -9999     0
2021 01 27 18    30  -204 10265   300    60 -9999 -9999     0
2021 01 27 21    14  -259 10272   300    90 -9999 -9999     0
2021 01 28 00     1  -269 10300   300    70 -9999 -9999     0
2021 01 28 03    28  -270 10314   250    30 -9999 -9999     0
2021 01 28 06    65  -255 10282   290    40 -9999 -9999     0
2021 01 28 09    66  -254 10271   350    10 -9999 -9999     0
2021 01 28 12    -1  -229 10290   160    20 -9999 -9999     0
2021 01 28 18   -55  -216 10270   360    20 -9999 -9999     0
2021 01 28 21   -61  -221 10248   340    20 -9999 -9999     0
2021 01 29 00   -71  -187 10247   310    10 -9999 -9999     0
2021 01 29 03     9  -195 10236   250    10 -9999 -9999     0
2021 01 29 06    61  -171 10196   150    40 -9999 -9999     0
2021 01 29 09    80  -163 10181   130    10 -9999 -9999     0
2021 01 29 12    15  -169 10210   340    30 -9999 -9999     0
2021 01 29 18   -22  -134 10216   140    10 -9999 -9999     0
2021 01 29 21   -33  -130 10222    50    10 -9999 -9999     0
2021 01 30 00    72  -149 10228   270    60 -9999 -9999     0
2021 01 30 03   105  -151 10234   260    90 -9999 -9999     0
2021 01 30 06   147  -155 10205   230    40 -9999 -9999     0
2021 01 30 09   128  -149 10199   130    30 -9999 -9999     0
2021 01 30 12    78  -138 10208   180    20 -9999 -9999     0
2021 01 30 18    -7   -53 10240    20    20 -9999 -9999     0
2021 01 30 21   -26   -51 10227   360    20 -9999 -9999     0
2021 01 31 00   -40   -58 10228   320    20 -9999 -9999     0
2021 01 31 03    10   -57 10212   100    10 -9999 -9999     0
2021 01 31 06    53   -54 10164   140    30 -9999 -9999     0
2021 01 31 09    58   -58 10149   140    40 -9999 -9999     0
2021 01 31 12    16   -55 10164   340    40 -9999 -9999     0
2021 01 31 18   -26   -59 10177   270    10 -9999 -9999     0
2021 01 31 21   -30   -55 10188   250    10 -9999 -9999     0
2021 02 01 00   -27   -57 10216     0 -9999 -9999 -9999     0
2021 02 01 03    62   -78 10232   110    10 -9999 -9999     0
2021 02 01 06    90  -122 10217   120    20 -9999 -9999     0
2021 02 01 09    67  -115 10242    90    50 -9999 -9999     0
2021 02 01 12    29  -126 10288    70    20 -9999 -9999     0
2021 02 01 18   -38  -160 10316   170    20 -9999 -9999     0
2021 02 01 21   -46  -153 10305   170    10 -9999 -9999     0
2021 02 02 00   -49  -158 10317   340    30 -9999 -9999     0
2021 02 02 03    12  -182 10308    40    20 -9999 -9999     0
2021 02 02 06    51  -202 10260   140    20 -9999 -9999     0
2021 02 02 09    57  -189 10246   150    30 -9999 -9999     0
2021 02 02 12    14  -170 10250   160    30 -9999 -9999     0
2021 02 02 18   -16  -154 10227    30    20 -9999 -9999     0
2021 02 02 21   -24  -165 10212   360    30 -9999 -9999     0
2021 02 03 00   -44  -114 10223   280    10 -9999 -9999     0
2021 02 03 03    39  -154 10232    40    30 -9999 -9999     0
2021 02 03 06   107  -166 10216    40    40 -9999 -9999     0
2021 02 03 09   124  -210 10234   310    40 -9999 -9999     0
2021 02 03 12    70  -196 10276    10    20 -9999 -9999     0
2021 02 03 18   -11  -161 10295   260    30 -9999 -9999     0
2021 02 03 21   -33  -127 10279   180    20 -9999 -9999     0
2021 02 04 00   -31  -154 10281   250    10 -9999 -9999     0
2021 02 04 03    97  -184 10266   250    60 -9999 -9999     0
2021 02 04 06   116  -169 10221   140    40 -9999 -9999     0
2021 02 04 09   107  -149 10205   150    40 -9999 -9999     0
2021 02 04 12    56  -119 10202   170    20 -9999 -9999     0
2021 02 04 18    92  -169 10182   260    50 -9999 -9999     0
2021 02 04 21   108  -165 10165   270    60 -9999 -9999     0
2021 02 05 00   107  -157 10169   280    30 -9999 -9999     0
2021 02 05 03   149  -133 10163   240    40 -9999 -9999     0
2021 02 05 06   178  -120 10114    70    30 -9999 -9999     0
2021 02 05 09   171  -115 10103   120    20 -9999 -9999     0
2021 02 05 12   158  -135 10117   270    50 -9999 -9999     0
2021 02 05 18   124  -127 10126   280    30 -9999 -9999     0
2021 02 05 21   111  -130 10123   296    19 -9999 -9999 -9999
2021 02 06 00    93  -113 10144    30    20 -9999 -9999     0
2021 02 06 03   165  -152 10148   270    50 -9999 -9999     0
2021 02 06 06   197  -128 10116   130    40 -9999 -9999     0
2021 02 06 09   177  -131 10116   140    30 -9999 -9999     0
2021 02 06 12   116  -112 10149   340    40 -9999 -9999     0
2021 02 06 18    70   -98 10224    49    74 -9999 -9999 -9999
2021 02 06 21     8   -61 10276   320    30 -9999 -9999     0
2021 02 07 00     4   -74 10305   330    20 -9999 -9999     0
2021 02 07 03    43   -75 10324    30    20 -9999 -9999     0
2021 02 07 06    67   -77 10304   100    20 -9999 -9999     0
2021 02 07 09    62   -81 10302   150    30 -9999 -9999     0
2021 02 07 12    29   -79 10325   180    10 -9999 -9999     0
2021 02 07 18    -7   -79 10336     0 -9999 -9999 -9999     0
2021 02 07 21   -19   -76 10328   300    10 -9999 -9999     0
2021 02 08 00   -22   -73 10337   140    10 -9999 -9999     0
2021 02 08 03    56   -73 10340   170    20 -9999 -9999     0
2021 02 08 06    85  -104 10309   140    40 -9999 -9999     0
2021 02 08 09    86   -98 10289   150    20 -9999 -9999     0
2021 02 08 12    53   -82 10299   260    10 -9999 -9999     0
2021 02 08 18     4   -88 10274   350    10 -9999 -9999     0
2021 02 08 21    -9   -79 10259     0 -9999 -9999 -9999     0
2021 02 09 00   -19   -74 10260   160    10 -9999 -9999     0
2021 02 09 03    58   -78 10250   140    20 -9999 -9999     0
2021 02 09 06    97   -75 10216   150    30 -9999 -9999     0
2021 02 09 12    49   -57 10224   290    10 -9999 -9999     0
2021 02 09 18    28   -66 10220   350    30 -9999 -9999     0
2021 02 09 21    -3   -63 10218   320    10 -9999 -9999     0
2021 02 10 00   -12   -67 10232     0 -9999 -9999 -9999     0
2021 02 10 03    95   -48 10239   140    20 -9999 -9999     0
2021 02 10 06   147   -51 10213   120    20 -9999 -9999     0
2021 02 10 09   141   -56 10205   140    40 -9999 -9999     0
2021 02 11 00     4   -48 10205   230    10 -9999 -9999     0
2021 02 13 12    75    -2 10189   330    20 -9999 -9999     0
2021 02 13 18    45     1 10172   340    20 -9999 -9999     0
2021 02 13 21    26     2 10161    40    10 -9999 -9999     0
2021 02 14 00    15    -7 10168   360    10 -9999 -9999     0
2021 02 14 03    47     3 10171   320    20 -9999 -9999     0
2021 02 14 06    54    22 10157   360    20 -9999 -9999     0
2021 02 14 09    48    18 10179    20    30 -9999 -9999     0
2021 02 14 12    36    10 10218    10    30 -9999 -9999     0
2021 02 14 18    14     2 10252   210    10 -9999 -9999     0
2021 02 14 21    15     2 10258   190    10 -9999 -9999     0
2021 02 15 00    -9   -15 10262   160    10 -9999 -9999     0
2021 02 15 03    41   -30 10238   150    50 -9999 -9999     0
2021 02 15 06    83   -32 10179   150    60 -9999 -9999     0
2021 02 15 09    78   -34 10149   160    70 -9999 -9999     0
2021 02 15 12    52   -29 10150   150    40 -9999 -9999     0
2021 02 15 18    14   -43 10185   320    30 -9999 -9999     0
2021 02 15 21     6   -48 10197   260    10 -9999 -9999     0
2021 02 16 00     2   -52 10221   220    10 -9999 -9999     0
2021 02 16 03    51   -84 10246   160    50 -9999 -9999     0
2021 02 16 06    70   -98 10229   140    40 -9999 -9999     0
2021 02 16 09    67  -110 10239   150    30 -9999 -9999     0
2021 02 16 12    25  -182 10274   140    30 -9999 -9999     0
2021 02 16 18   -25  -198 10300   160    20 -9999 -9999     0
2021 02 16 21   -37  -188 10295   190    20 -9999 -9999     0
2021 02 17 00   -26  -178 10317   160    20 -9999 -9999     0
2021 02 17 03    10  -183 10326   120    40 -9999 -9999     0
2021 02 17 06    36  -179 10309   120    30 -9999 -9999     0
2021 02 17 09    43  -173 10301   130    20 -9999 -9999     0
2021 02 17 12    12  -153 10309   169    15 -9999 -9999 -9999
2021 02 17 18   -15  -125 10309   350    20 -9999 -9999     0
2021 02 17 21   -37  -131 10299   250    20 -9999 -9999     0
2021 02 18 00   -29  -126 10299   330    20 -9999 -9999     0
2021 02 18 03    51  -119 10284   120    10 -9999 -9999     0
2021 02 18 06    93  -119 10239   110    30 -9999 -9999     0
2021 02 18 09   113   -85 10214   150    40 -9999 -9999     0
2021 02 18 12    74   -82 10210   330    40 -9999 -9999     0
2021 02 18 18    10   -70 10172   140    10 -9999 -9999     0
2021 02 18 21    23   -79 10145   130    20 -9999 -9999     0
2021 02 19 00   149  -133 10130   270    50 -9999 -9999     0
2021 02 19 03   196  -128 10113   260    60 -9999 -9999     0
2021 02 19 06   229  -131 10078   250    70 -9999 -9999     0
2021 02 19 09   237  -141 10067   270    20 -9999 -9999     0
2021 02 20 18   201  -152 10028   225    25 -9999 -9999 -9999
2021 02 20 21   192  -144 10024   255    31 -9999 -9999 -9999
2021 02 21 00   195  -156 10033   274    50 -9999 -9999 -9999
2021 02 21 03   220  -155 10052    51    10 -9999 -9999 -9999
2021 02 21 06   266  -161 10039   297    27 -9999 -9999 -9999
2021 02 21 12   187   -93 10070   166    12 -9999 -9999 -9999
2021 02 21 18   156   -86 10131   339    35 -9999 -9999 -9999
2021 02 21 21   101   -39 10193    40    50 -9999 -9999     0
2021 02 22 00    70   -35 10259    44    16 -9999 -9999 -9999
2021 02 22 03    93   -36 10276   260    20 -9999 -9999     0
2021 02 22 06   123   -39 10251   160    40 -9999 -9999     0
2021 02 22 09   113   -36 10241   150    40 -9999 -9999     0
2021 02 22 12    92   -37 10261   150    20 -9999 -9999     0
2021 02 22 18    55   -55 10282   150    20 -9999 -9999     0
2021 02 22 21    55   -58 10271   100    20 -9999 -9999     0
2021 02 23 00    43   -69 10285   120    20 -9999 -9999     0
2021 02 23 03    39   -69 10298    30    30 -9999 -9999     0
2021 02 23 06    52   -67 10270    40    40 -9999 -9999     0
2021 02 23 09    56   -63 10266    20    30 -9999 -9999     0
2021 02 23 12    39   -56 10282    10    30 -9999 -9999     0
2021 02 23 18    13   -54 10282    20    20 -9999 -9999     0
2021 02 23 21     0   -52 10273   320    30 -9999 -9999     0
2021 02 24 00    -5   -57 10285   360    30 -9999 -9999     0
2021 02 24 03    19   -53 10274   340    20 -9999 -9999     0
2021 02 24 06    53   -57 10241   180    10 -9999 -9999     0
2021 02 24 09    50   -54 10231   140    10 -9999 -9999     0
2021 02 24 12    40   -47 10240     0 -9999 -9999 -9999     0
2021 02 24 18    27   -38 10253   330    20 -9999 -9999     0
2021 02 24 21    26   -37 10256   330    20 -9999 -9999     0
2021 02 25 00    26   -42 10266   340    20 -9999 -9999     0
2021 02 25 03    47   -48 10275   360    30 -9999 -9999     0
2021 02 25 06    84   -47 10251    40    20 -9999 -9999     0
2021 02 25 09    87   -45 10248   170    20 -9999 -9999     0
2021 02 25 12    55   -38 10269   290    10 -9999 -9999     0
2021 02 25 18    25   -34 10270   320    10 -9999 -9999     0
2021 02 25 21     3   -38 10270   330    10 -9999 -9999     0
2021 02 26 00     5   -31 10288   340    20 -9999 -9999     0
2021 02 26 03    54   -32 10294    20    20 -9999 -9999     0
2021 02 26 06   105   -36 10263   150    20 -9999 -9999     0
2021 02 26 09    99   -27 10251   150    30 -9999 -9999     0
2021 02 26 12    73   -33 10264   140    40 -9999 -9999     0
2021 02 26 18    19   -21 10263    20    10 -9999 -9999     0
2021 02 26 21    16   -35 10249    10    20 -9999 -9999     0
2021 02 27 00    27   -24 10252     0 -9999 -9999 -9999     0
2021 02 27 03    76   -30 10252   140    20 -9999 -9999     0
2021 02 27 06   104   -10 10221   210    10 -9999 -9999     0
2021 02 27 09   126   -17 10199   130    50 -9999 -9999     0
2021 02 27 12    98     9 10222   140    30 -9999 -9999     0
2021 02 27 18    80     0 10221   336    16 -9999 -9999 -9999
2021 02 27 21    62    42 10208    30    10 -9999 -9999    10
2021 02 28 00    57    47 10221   344    15 -9999 -9999    29
2021 02 28 03    63    46 10229   340    20 -9999 -9999    30
2021 02 28 06    65    53 10213   340    20 -9999 -9999    50
2021 02 28 09    64    57 10211   320    20 -9999 -9999    60
2021 02 28 12    44    32 10247   360    50 -9999 -9999   110
2021 02 28 18     9     5 10290   340    30 -9999 -9999   100
2021 02 28 21    11     2 10298   310    10 -9999 -9999    40
2021 03 01 00    13    -2 10318   330    20 -9999 -9999    10
2021 03 01 03    20     2 10320   120    20 -9999 -9999     2
2021 03 01 06    29    -6 10299   170    30 -9999 -9999     0
2021 03 01 09    27     1 10284   170    30 -9999 -9999     0
2021 03 01 12    29     6 10293   190    20 -9999 -9999     0
2021 03 01 18    23    -1 10284   190    20 -9999 -9999     0
2021 03 01 21    16     0 10276   160    20 -9999 -9999     0
2021 03 02 00    18     0 10288   150    10 -9999 -9999     0
2021 03 02 03    32     4 10293   180    20 -9999 -9999     0
2021 03 02 06    54    17 10265   140    30 -9999 -9999     0
2021 03 02 09    67    22 10237   160    40 -9999 -9999     0
2021 03 02 12    51    19 10242   326    32 -9999 -9999 -9999
2021 03 02 18    29    16 10228   320    10 -9999 -9999     0
2021 03 02 21    21    12 10207   260    10 -9999 -9999     0
2021 03 03 00    16    13 10205   150    10 -9999 -9999     0
2021 03 03 03    81    36 10195   180    20 -9999 -9999     0
2021 03 03 06   123    50 10162   150    30 -9999 -9999     0
2021 03 03 09   131    62 10149   120    20 -9999 -9999     0
2021 03 03 12    84    52 10172    10    30 -9999 -9999     0
2021 03 03 18    56    29 10176    30    20 -9999 -9999     0
2021 03 03 21    39    26 10163   320    10 -9999 -9999     0
2021 03 04 00    28    22 10173   180    10 -9999 -9999     0
2021 03 04 03    59    50 10176   170    20 -9999 -9999     0
2021 03 04 06   134    67 10147   150    50 -9999 -9999     0
2021 03 04 09   144    75 10141   130    30 -9999 -9999     0
2021 03 04 12    97    70 10163   330    30 -9999 -9999     0
2021 03 04 18    76    56 10166    40    20 -9999 -9999     0
2021 03 04 21    66    52 10159    20    10 -9999 -9999     0
2021 03 05 00    52    46 10169    70    10 -9999 -9999     0
2021 03 05 03   105    61 10188    20    30 -9999 -9999     0
2021 03 05 06   100    58 10216    10    30 -9999 -9999     0
2021 03 05 09    42     5 10277    40    50 -9999 -9999     0
2021 03 05 12    31   -26 10325    60    30 -9999 -9999     0
2021 03 05 18     7    -3 10363   223    12 -9999 -9999     7
2021 03 05 21    10   -61 10371    90    40 -9999 -9999     7
2021 03 06 00     0   -52 10388   150    30 -9999 -9999     0
2021 03 06 03     6   -58 10392   200    20 -9999 -9999     0
2021 03 06 06    26   -73 10370   180    30 -9999 -9999     0
2021 03 06 09    19  -106 10355   170    30 -9999 -9999     0
2021 03 06 12    15   -60 10358   134    27 -9999 -9999 -9999
2021 03 06 18     7   -38 10339   150    20 -9999 -9999     0
2021 03 06 21     7   -47 10322   150    20 -9999 -9999     0
2021 03 07 00    11   -41 10326   150    30 -9999 -9999     0
2021 03 07 03    36   -69 10321   120    30 -9999 -9999     0
2021 03 07 06    62   -58 10291   120    10 -9999 -9999     0
2021 03 07 09    69   -45 10277   160    30 -9999 -9999     0
2021 03 07 12    46   -42 10290   150    20 -9999 -9999     0
2021 03 07 18     8   -29 10284   290    10 -9999 -9999     0
2021 03 07 21     4   -28 10269   330    10 -9999 -9999     0
2021 03 08 00    13   -18 10273   340    20 -9999 -9999     0
2021 03 08 03    78   -20 10273   110    10 -9999 -9999     0
2021 03 08 06   107    -1 10241   160    30 -9999 -9999     0
2021 03 08 09   105    13 10230   140    20 -9999 -9999     0
2021 03 08 12    86     8 10240   340    30 -9999 -9999     0
2021 03 08 18    56     8 10245   360    20 -9999 -9999     0
2021 03 08 21    41     8 10239    30    10 -9999 -9999     0
2021 03 09 00    39     9 10252    10    10 -9999 -9999     0
2021 03 09 03   110    10 10260    70    10 -9999 -9999     0
2021 03 09 06   145    30 10237   160    30 -9999 -9999     0
2021 03 09 09   144    50 10234   150    30 -9999 -9999     0
2021 03 09 12   112    56 10251   243     9 -9999 -9999 -9999
2021 03 09 18    69    46 10256   330    10 -9999 -9999     0
2021 03 09 21    54    42 10253   150    10 -9999 -9999     0
2021 03 10 00    48    39 10266   200    10 -9999 -9999     0
2021 03 10 03   119    53 10259   130    20 -9999 -9999     0
2021 03 10 06   136    72 10235   160    40 -9999 -9999     0
2021 03 10 09   143    59 10220   140    40 -9999 -9999     0
2021 03 10 12   117    58 10234   140    20 -9999 -9999     0
2021 03 10 18    90    63 10228   180    10 -9999 -9999     0
2021 03 10 21    88    62 10219    30    10 -9999 -9999     0
2021 03 11 00    91    62 10233     0 -9999 -9999 -9999     0
2021 03 11 03   140    66 10237   180    20 -9999 -9999     0
2021 03 11 06   170    62 10212   160    50 -9999 -9999     0
2021 03 11 09   157    67 10207   150    60 -9999 -9999     0
2021 03 11 12   119    68 10228   160    50 -9999 -9999     0
2021 03 11 18    81    62 10241   210    10 -9999 -9999     0
2021 03 11 21    66    62 10241   200    10 -9999 -9999     0
2021 03 12 00    64    61 10249   180    20 -9999 -9999     0
2021 03 12 03    75    72 10255   140    20 -9999 -9999     0
2021 03 12 06    93    77 10238     0 -9999 -9999 -9999     0
2021 03 12 09   114    77 10229   280    10 -9999 -9999     0
2021 03 12 12   113    74 10249   330    20 -9999 -9999     0
2021 03 12 18   103    75 10249   360    10 -9999 -9999     0
2021 03 12 21   102    71 10236   330    10 -9999 -9999     0
2021 03 13 00    92    66 10243   200    20 -9999 -9999     0
2021 03 13 03   109    57 10251   330    20 -9999 -9999     0
2021 03 13 06   142    63 10216   170    20 -9999 -9999     0
2021 03 13 09   143    59 10192   150    20 -9999 -9999     0
2021 03 13 12   135    66 10193   160    10 -9999 -9999     0
2021 03 13 18   113    74 10177   130    10 -9999 -9999     0
2021 03 13 21   102    74 10163   180    20 -9999 -9999     0
2021 03 14 00   102    76 10167   170    10 -9999 -9999     0
2021 03 14 03   108    77 10162   150    20 -9999 -9999     0
2021 03 14 06   120    79 10135   170    10 -9999 -9999     0
2021 03 14 09   127    82 10109   160    30 -9999 -9999     0
2021 03 14 12   120    85 10112   330    20 -9999 -9999     0
2021 03 14 18    94    77 10095   340    10 -9999 -9999     0
2021 03 14 21    89    75 10090   350    20 -9999 -9999     0
2021 03 15 00    92    75 10125   360    20 -9999 -9999     0
2021 03 15 03   148    76 10143   350    20 -9999 -9999     0
2021 03 15 06   160    67 10148    50    30 -9999 -9999     0
2021 03 15 09   156    55 10159    20    20 -9999 -9999     0
2021 03 15 12   125   -25 10198   140    10 -9999 -9999     0
2021 03 15 18    96   -33 10221   140    10 -9999 -9999     0
2021 03 15 21    82   -22 10229   180    10 -9999 -9999     0
2021 03 16 00    80  -124 10253   120    30 -9999 -9999     0
2021 03 16 03    96  -129 10252   170    30 -9999 -9999     0
2021 03 16 06   120  -147 10219   150    20 -9999 -9999     0
2021 03 16 09   118   -76 10202   160    30 -9999 -9999     0
2021 03 16 12    96   -67 10212   230    10 -9999 -9999     0
2021 03 16 18    79   -52 10215   330    20 -9999 -9999     0
2021 03 16 21    74   -29 10203    10    10 -9999 -9999     0
2021 03 17 00    80   -29 10217   320    20 -9999 -9999     0
2021 03 17 03   119   -65 10221   350    10 -9999 -9999     0
2021 03 17 06   142   -66 10204    80    30 -9999 -9999     0
2021 03 17 09   143   -60 10200   110    10 -9999 -9999     0
2021 03 17 12   126   -21 10215    51    51 -9999 -9999 -9999
2021 03 17 18    98   -35 10228   350    40 -9999 -9999     0
2021 03 17 21    48    25 10246    10    30 -9999 -9999    20
2021 03 18 00    39    19 10269    10    30 -9999 -9999    30
2021 03 18 03    46    20 10271   350    20 -9999 -9999     9
2021 03 18 06    61    12 10250   320    20 -9999 -9999     1
2021 03 18 12    64    11 10251   350    10 -9999 -9999     0
2021 03 18 18    62    19 10243   290    10 -9999 -9999     0
2021 03 18 21    58    28 10231   180    10 -9999 -9999     0
2021 03 19 00    62    27 10231     0 -9999 -9999 -9999     0
2021 03 19 03    78    10 10220   190    10 -9999 -9999     0
2021 03 19 06    75     5 10195   100    10 -9999 -9999 -9999
2021 03 19 09    44    27 10190   330    10 -9999 -9999    40
2021 03 19 12    22    12 10207   312    24 -9999 -9999   102
2021 03 19 18    12     6 10203     0 -9999 -9999 -9999     9
2021 03 19 21    10     6 10197   260    10 -9999 -9999     0
2021 03 20 00    63    29 10206   340    30 -9999 -9999     0
2021 03 20 03   125   -18 10208   290    40 -9999 -9999     0
2021 03 20 06   147   -80 10192   290    50 -9999 -9999     0
2021 03 20 09   146   -94 10204   310    50 -9999 -9999     0
2021 03 20 12   120   -96 10233   308    46 -9999 -9999 -9999
2021 03 20 18    63   -92 10270   360    20 -9999 -9999     0
2021 03 20 21    60  -136 10285   290    50 -9999 -9999     0
2021 03 21 00    63  -133 10305   310    40 -9999 -9999     0
2021 03 21 03    93  -145 10301   320    60 -9999 -9999     0
2021 03 21 06   130  -115 10273   330    50 -9999 -9999     0
2021 03 21 09   132  -137 10254   300    50 -9999 -9999     0
2021 03 21 12   110  -124 10267   290    30 -9999 -9999     0
2021 03 21 18    99  -103 10260   290    20 -9999 -9999     0
2021 03 21 21   101  -107 10256   280    50 -9999 -9999     0
2021 03 22 00   112  -108 10252   264    57 -9999 -9999 -9999
2021 03 22 03   162  -113 10245   260    70 -9999 -9999     0
2021 03 22 06   200  -114 10212   265    36 -9999 -9999 -9999
2021 03 22 09   184   -71 10187   160    50 -9999 -9999     0
2021 03 22 12   137   -31 10183   160    20 -9999 -9999     0
2021 03 22 18   135   -84 10157   260    40 -9999 -9999     0
2021 03 22 21   137   -95 10139   260    40 -9999 -9999     0
2021 03 23 00   166   -71 10136   250    40 -9999 -9999     0
2021 03 23 03   194    14 10126   160    40 -9999 -9999     0
2021 03 23 06   222    -5 10095   160    60 -9999 -9999     0
2021 03 23 09   216    -4 10077   150    60 -9999 -9999     0
2021 03 23 12   171    27 10084   150    30 -9999 -9999     0
2021 03 23 18    96    46 10098   190    10 -9999 -9999     0
2021 03 23 21    89    45 10113   340    20 -9999 -9999     0
2021 03 24 00   142     1 10151   350    20 -9999 -9999     0
2021 03 24 03   185   -19 10191    60    30 -9999 -9999     0
2021 03 24 06   208   -44 10181    50    20 -9999 -9999     0
2021 03 24 09   209   -50 10173   140    30 -9999 -9999     0
2021 03 24 12   156    49 10188   150    20 -9999 -9999     0
2021 03 24 18   101    66 10205   220    10 -9999 -9999     0
2021 03 24 21    94    44 10203    20    10 -9999 -9999     0
2021 03 25 00    96    40 10210     0 -9999 -9999 -9999     0
2021 03 25 03   168    74 10202   140    30 -9999 -9999     0
2021 03 25 06   198    69 10168   150    50 -9999 -9999     0
2021 03 25 09   187    81 10150   140    40 -9999 -9999     0
2021 03 25 12   178    92 10154   110    20 -9999 -9999     0
2021 03 25 18   145    89 10146   350    10 -9999 -9999     0
2021 03 25 21   142    88 10132   340    20 -9999 -9999 -9999
2021 03 26 00   131   105 10137   270    10 -9999 -9999     1
2021 03 26 03   157   113 10137   360    10 -9999 -9999     1
2021 03 26 06   174   105 10116   330    20 -9999 -9999    -1
2021 03 26 09   165   123 10106   140    40 -9999 -9999     0
2021 03 26 12   142    96 10117   120    20 -9999 -9999     0
2021 03 26 18   125   104 10111   200    10 -9999 -9999     0
2021 03 26 21   124   105 10097   320    10 -9999 -9999     0
2021 03 27 00   130   109 10104     0 -9999 -9999 -9999     0
2021 03 27 03   168   106 10100   130    10 -9999 -9999     0
2021 03 27 06   189   115 10064   140    30 -9999 -9999     0
2021 03 27 09   183   116 10041   150    50 -9999 -9999     0
2021 03 27 12   159   115 10044   130    30 -9999 -9999     0
2021 03 27 18   113   105 10014   190    10 -9999 -9999     0
2021 03 27 21   122   109 10019    10    30 -9999 -9999     0
2021 03 28 00   135   109 10047    10    20 -9999 -9999     0
2021 03 28 03   208  -147 10063   310    70 -9999 -9999     0
2021 03 28 06   236  -161 10048   310    60 -9999 -9999     0
2021 03 28 09   229  -131 10047   340    50 -9999 -9999     0
2021 03 28 12   181   -81 10082    10    10 -9999 -9999     0
2021 03 28 18   163  -104 10114    30    10 -9999 -9999     0
2021 03 28 21   146   -81 10100   350    20 -9999 -9999     0
2021 03 29 00   139   -13 10113   130    30 -9999 -9999     0
2021 03 29 03   165    36 10113   170    70 -9999 -9999     0
2021 03 29 06   179    38 10089   150    50 -9999 -9999     0
2021 03 29 09   168    35 10076   150    50 -9999 -9999     0
2021 03 29 12   136    28 10091   170    40 -9999 -9999     0
2021 03 29 18    90    36 10114   180    10 -9999 -9999     0
2021 03 29 21    79    43 10107   180    10 -9999 -9999     0
2021 03 30 00    92    57 10131   192    12 -9999 -9999 -9999
2021 03 30 03   167    47 10124   200    20 -9999 -9999     0
2021 03 30 06   197    46 10091   148    54 -9999 -9999 -9999
2021 03 30 09   197     7 10078   150    60 -9999 -9999     0
2021 03 30 12   175    27 10095   130    20 -9999 -9999     0
2021 03 30 18   132    49 10102   350    20 -9999 -9999     0
2021 03 30 21   123    45 10096   330    10 -9999 -9999     0
2021 03 31 00   138    54 10123    10    10 -9999 -9999     0
2021 03 31 03   194    55 10129   350    20 -9999 -9999     0
2021 03 31 06   218    53 10113   200    10 -9999 -9999     0
2021 03 31 09   221    63 10102   110    20 -9999 -9999     0
2021 03 31 12   180    80 10123   240    10 -9999 -9999     0
2021 03 31 18   169    81 10129   320    20 -9999 -9999     0
2021 03 31 21   156    76 10141    10    20 -9999 -9999     0
2021 04 01 00   146    31 10169    30    20 -9999 -9999     0
2021 04 01 03   154    15 10179    30    20 -9999 -9999     0
2021 04 01 06   162    19 10165    30    30 -9999 -9999     0
2021 04 01 09   162    19 10164   340    30 -9999 -9999     0
2021 04 01 12   153     7 10170   330    20 -9999 -9999     0
2021 04 01 18   145    18 10179   360    30 -9999 -9999     0
2021 04 01 21   131    26 10183   340    10 -9999 -9999     0
2021 04 02 00   133    25 10197   320    50 -9999 -9999     0
2021 04 02 03   131    45 10206   310    40 -9999 -9999 -9999
2021 04 02 06   151    61 10190    20    20 -9999 -9999    -1
2021 04 02 09   146    51 10188   330    20 -9999 -9999     0
2021 04 02 12   125    76 10206   340    20 -9999 -9999 -9999
2021 04 02 18   114    95 10221   300    10 -9999 -9999    10
2021 04 02 21   117    91 10219   340    10 -9999 -9999     3
2021 04 03 00   127    84 10256    50    20 -9999 -9999     1
2021 04 03 03   127    54 10269    70    40 -9999 -9999     0
2021 04 03 06   148    27 10257   180    30 -9999 -9999     0
2021 04 03 09   145    48 10241   150    20 -9999 -9999     0
2021 04 03 12   110    57 10252   180    17 -9999 -9999 -9999
2021 04 03 18    74    52 10266   260    10 -9999 -9999     0
2021 04 03 21    82    49 10264     2    21 -9999 -9999 -9999
2021 04 04 00   110    45 10294   335    26 -9999 -9999 -9999
2021 04 04 03   158   -53 10292   270    10 -9999 -9999     0
2021 04 04 06   182   -39 10257   200    20 -9999 -9999     0
2021 04 04 09   181   -22 10235   170    40 -9999 -9999     0
2021 04 04 12   138    41 10246   190    20 -9999 -9999     0
2021 04 04 18    95    26 10236   170    10 -9999 -9999     0
2021 04 04 21    77    30 10224   270    10 -9999 -9999     0
2021 04 05 00    97    43 10229   190    10 -9999 -9999     0
2021 04 05 03   130    23 10226   140    20 -9999 -9999     0
2021 04 05 06   165    14 10196   160    60 -9999 -9999     0
2021 04 05 09   151    16 10192   210    40 -9999 -9999     0
2021 04 05 12   136    45 10205   360    30 -9999 -9999     0
2021 04 05 18   114    48 10206   340    20 -9999 -9999     0
2021 04 05 21    96    46 10212   340    20 -9999 -9999     0
2021 04 06 00   125    35 10235   320    20 -9999 -9999     0
2021 04 06 03   172    12 10238   350    30 -9999 -9999     0
2021 04 06 06   199     9 10219    20    20 -9999 -9999     0
2021 04 06 09   206    -7 10206    90    20 -9999 -9999     0
2021 04 06 12   158    51 10225   150    20 -9999 -9999     0
2021 04 06 18   105    63 10220     0 -9999 -9999 -9999     0
2021 04 06 21    93    60 10216     0 -9999 -9999 -9999     0
2021 04 07 00   134    72 10229   180    10 -9999 -9999     0
2021 04 07 03   218    15 10230    50    20 -9999 -9999     0
2021 04 07 06   227    -1 10208    70    50 -9999 -9999     0
2021 04 07 09   225    -9 10191   110    40 -9999 -9999     0
2021 04 07 12   179    61 10213    90    40 -9999 -9999     0
2021 04 07 18   101    -1 10245   320    20 -9999 -9999     0
2021 04 07 21    91    -8 10239   350    10 -9999 -9999     0
2021 04 08 00   106    -2 10250   330    20 -9999 -9999     0
2021 04 08 03   163     0 10243    50    20 -9999 -9999     0
2021 04 08 06   186    55 10210   160    50 -9999 -9999     0
2021 04 08 09   192    67 10188   140    50 -9999 -9999     0
2021 04 08 12   168    74 10197   160    20 -9999 -9999     0
2021 04 08 18   144    86 10193    20    10 -9999 -9999     0
2021 04 08 21   139    65 10203   350    20 -9999 -9999     0
2021 04 09 00   137    63 10222   360    30 -9999 -9999     0
2021 04 09 03   151    69 10236   340    20 -9999 -9999     0
2021 04 09 06   188    66 10215   100    30 -9999 -9999     0
2021 04 09 09   184    84 10212    10    30 -9999 -9999     0
2021 04 09 12   163    73 10228   350    20 -9999 -9999     0
2021 04 09 18   132    65 10233   330    30 -9999 -9999     0
2021 04 09 21   120    50 10240   350    20 -9999 -9999     0
2021 04 10 00   123    40 10259   360    20 -9999 -9999     0
2021 04 10 03   175    51 10249    30    20 -9999 -9999     0
2021 04 10 06   212    74 10214   150    30 -9999 -9999     0
2021 04 10 09   206     4 10199   150    80 -9999 -9999     0
2021 04 10 12   184    27 10213   160    50 -9999 -9999     0
2021 04 10 18   127    51 10218   190    10 -9999 -9999     0
2021 04 10 21   118    57 10218   180    10 -9999 -9999     0
2021 04 11 00   125    61 10226   210    10 -9999 -9999     0
2021 04 11 03   171    60 10224   150    20 -9999 -9999     0
2021 04 11 06   186    64 10202   150    30 -9999 -9999     0
2021 04 11 09   172    84 10193   130    40 -9999 -9999     0
2021 04 11 12   159    96 10191   160    10 -9999 -9999     0
2021 04 11 18   141    99 10179   200    10 -9999 -9999     0
2021 04 11 21   132   102 10161   320    10 -9999 -9999     0
2021 04 12 00   145   105 10160   180    20 -9999 -9999     0
2021 04 12 03   195   100 10145   180    30 -9999 -9999     0
2021 04 12 06   216   107 10128   180    40 -9999 -9999     0
2021 04 12 09   205    75 10142    10    50 -9999 -9999     0
2021 04 12 12   171     3 10182    20    40 -9999 -9999     0
2021 04 12 18   111   -42 10238    30    30 -9999 -9999     0
2021 04 12 21    99   -69 10255    40    20 -9999 -9999     0
2021 04 13 00   111   -92 10267    20    20 -9999 -9999     0
2021 04 13 03   139   -93 10247   150    30 -9999 -9999     0
2021 04 13 06   154   -62 10215   190    20 -9999 -9999     0
2021 04 13 09   149   -21 10195   150    50 -9999 -9999     0
2021 04 13 12   116    -9 10207   170    30 -9999 -9999     0
2021 04 13 18    61     8 10214     0 -9999 -9999 -9999     0
2021 04 13 21    66    13 10203   110    10 -9999 -9999     0
2021 04 14 00   151   -90 10202   280    50 -9999 -9999     0
2021 04 14 03   208   -96 10189   260    40 -9999 -9999     0
2021 04 14 06   221   -57 10152   170    50 -9999 -9999     0
2021 04 14 09   205   -54 10124   160    70 -9999 -9999     0
2021 04 14 12   165   -25 10124   170    50 -9999 -9999     0
2021 04 14 18   112    25 10105   140    10 -9999 -9999     0
2021 04 14 21    92    32 10087   160    10 -9999 -9999     0
2021 04 15 00   131    35 10083   160    20 -9999 -9999     0
2021 04 15 03   205    61 10066   150    40 -9999 -9999     0
2021 04 15 06   274   -56 10014   240   100 -9999 -9999     0
2021 04 15 09   219  -138 10066   300   120 -9999 -9999     0
2021 04 15 12   189  -161 10107   300    80 -9999 -9999     0
2021 04 15 18   151  -141 10152   280    30 -9999 -9999     0
2021 04 15 21   146  -135 10137   290    60 -9999 -9999     0
2021 04 16 00   142   -61 10142   120    10 -9999 -9999     0
2021 04 16 03   216   -90 10123   270    40 -9999 -9999     0
2021 04 16 06   212  -104 10126   310    80 -9999 -9999     0
2021 04 16 09   194  -143 10149   310    90 -9999 -9999     0
2021 04 16 12   154  -139 10191   350    30 -9999 -9999     0
2021 04 16 18   122  -107 10222   310    40 -9999 -9999     0
2021 04 16 21   112  -116 10240   300    40 -9999 -9999     0
2021 04 17 00   127  -117 10254   290    70 -9999 -9999     0
2021 04 17 03   165  -130 10250   250    30 -9999 -9999     0
2021 04 17 06   202   -91 10208   250    20 -9999 -9999     0
2021 04 17 09   191   -31 10191   180    60 -9999 -9999     0
2021 04 17 12   149   -34 10199   160    40 -9999 -9999     0
2021 04 17 18    89    -7 10195   130    20 -9999 -9999     0
2021 04 17 21    72     0 10189   320    10 -9999 -9999     0
2021 04 18 00   125     9 10193   180    10 -9999 -9999     0
2021 04 18 03   212   -13 10178   130    30 -9999 -9999     0
2021 04 18 06   243    46 10139   140    50 -9999 -9999     0
2021 04 18 09   230    54 10113   160    60 -9999 -9999     0
2021 04 18 12   191    52 10119   160    60 -9999 -9999     0
2021 04 18 18   149    65 10119    30    20 -9999 -9999     0
2021 04 18 21   114    65 10117   170    10 -9999 -9999     0
2021 04 19 00   152    65 10127   160    10 -9999 -9999     0
2021 04 19 03   234    83 10118   140    30 -9999 -9999     0
2021 04 19 06   266    66 10100   160    60 -9999 -9999     0
2021 04 19 09   257   107 10088   140    50 -9999 -9999     0
2021 04 19 12   223   117 10104   140    40 -9999 -9999     0
2021 04 19 18   162   109 10121   170    20 -9999 -9999     0
2021 04 19 21   150   104 10122   220    10 -9999 -9999     0
2021 04 20 00   165   108 10146   210    10 -9999 -9999     0
2021 04 20 03   230   101 10157   180    40 -9999 -9999     0
2021 04 20 06   236    96 10149   140    90 -9999 -9999     0
2021 04 20 09   200    99 10158   150    60 -9999 -9999     0
2021 04 20 12   158   101 10176   140    40 -9999 -9999     0
2021 04 20 18   139   107 10174   330    10 -9999 -9999     0
2021 04 20 21   145   109 10166   340    10 -9999 -9999     0
