2021 01 01 00  -116  -188 10363   270    20 -9999 -9999     0
2021 01 01 03   -56  -177 10358   240    20 -9999 -9999     0
2021 01 01 06    17  -162 10310   290    30 -9999 -9999     0
2021 01 01 09    20  -170 10304   310    20 -9999 -9999     0
2021 01 01 12   -51  -152 10337     0 -9999 -9999 -9999     0
2021 01 01 18  -102  -165 10299   120    10 -9999 -9999     0
2021 01 01 21  -108  -181 10297   230    10 -9999 -9999     0
2021 01 02 00  -134  -170 10332     0 -9999 -9999 -9999     0
2021 01 02 03   -74  -160 10351   210    10 -9999 -9999     0
2021 01 02 06   -10  -149 10324   300    20 -9999 -9999     0
2021 01 02 09    -5  -148 10343    60    10 -9999 -9999     0
2021 01 02 12   -19  -164 10383   300    20 -9999 -9999     0
2021 01 02 18   -83  -164 10364   230    10 -9999 -9999     0
2021 01 02 21  -115  -149 10347    10    10 -9999 -9999     0
2021 01 03 00  -127  -154 10346   150    10 -9999 -9999     0
2021 01 03 03   -51  -152 10325    80    10 -9999 -9999     0
2021 01 03 06    12  -153 10287   290    30 -9999 -9999     0
2021 01 03 09    23  -172 10304   310    20 -9999 -9999     0
2021 01 03 12   -24  -172 10363   300    20 -9999 -9999     0
2021 01 03 18   -86  -169 10343   210    20 -9999 -9999     0
2021 01 03 21  -103  -166 10351   240    10 -9999 -9999     0
2021 01 04 00  -114  -168 10374   280    10 -9999 -9999     0
2021 01 04 03   -77  -152 10389    60    20 -9999 -9999     0
2021 01 04 06   -40  -153 10367   300    20 -9999 -9999     0
2021 01 04 09   -33  -159 10382   320    40 -9999 -9999     0
2021 01 04 12   -68  -173 10426   340    40 -9999 -9999     0
2021 01 04 18  -111  -173 10428   250    10 -9999 -9999     0
2021 01 04 21  -124  -169 10438   270    20 -9999 -9999     0
2021 01 05 00  -125  -187 10460   310    30 -9999 -9999     0
2021 01 05 03   -93  -190 10458   290    20 -9999 -9999     0
2021 01 05 06   -58  -182 10412   280    20 -9999 -9999     0
2021 01 05 09   -47  -196 10404   310    30 -9999 -9999     0
2021 01 05 12   -72  -197 10422   280    10 -9999 -9999     0
2021 01 05 18  -118  -195 10413   260    20 -9999 -9999     0
2021 01 05 21  -138  -232 10428   260    10 -9999 -9999     0
2021 01 06 00  -154  -252 10460   260    20 -9999 -9999     0
2021 01 06 03  -127  -263 10473   290    30 -9999 -9999     0
2021 01 06 06  -101  -273 10444   320    40 -9999 -9999     0
2021 01 06 09  -113  -279 10465   330    50 -9999 -9999     0
2021 01 06 12  -143  -285 10502   330    40 -9999 -9999     0
2021 01 06 18  -184  -301 10496   210    10 -9999 -9999     0
2021 01 06 21  -196  -290 10489   220    10 -9999 -9999     0
2021 01 07 00  -203  -292 10510   240    20 -9999 -9999     0
2021 01 07 03  -158  -287 10512   220    30 -9999 -9999     0
2021 01 07 06  -100  -287 10467   310    20 -9999 -9999     0
2021 01 07 09   -95  -307 10470   320    30 -9999 -9999     0
2021 01 07 12  -123  -297 10495   240    10 -9999 -9999     0
2021 01 07 18  -166  -268 10473   230    20 -9999 -9999     0
2021 01 07 21  -178  -276 10474   220    20 -9999 -9999     0
2021 01 08 00  -191  -288 10488   240    20 -9999 -9999     0
2021 01 08 03  -122  -270 10474   220    20 -9999 -9999     0
2021 01 08 06   -72  -269 10416   330    20 -9999 -9999     0
2021 01 08 09   -58  -276 10400   150    10 -9999 -9999     0
2021 01 08 12   -93  -262 10435   240    10 -9999 -9999     0
2021 01 08 18  -145  -254 10416   230    20 -9999 -9999     0
2021 01 08 21  -162  -272 10406   229    15 -9999 -9999 -9999
2021 01 09 00  -170  -269 10428   250    20 -9999 -9999     0
2021 01 09 03  -134  -263 10445   190    10 -9999 -9999     0
2021 01 09 06   -86  -270 10404   240    20 -9999 -9999     0
2021 01 09 09   -77  -248 10410   250    10 -9999 -9999     0
2021 01 09 12   -83  -249 10447   280    20 -9999 -9999     0
2021 01 09 18  -125  -251 10438   230    10 -9999 -9999     0
2021 01 09 21  -136  -255 10422   240    10 -9999 -9999     0
2021 01 10 00  -125  -233 10429   250    20 -9999 -9999     0
2021 01 10 03   -84  -196 10457   300    30 -9999 -9999     0
2021 01 10 06   -48  -205 10429   310    50 -9999 -9999     0
2021 01 10 09   -52  -197 10444   310    40 -9999 -9999     0
2021 01 10 12   -56  -204 10457   280    40 -9999 -9999     0
2021 01 10 18   -67  -193 10428   280    40 -9999 -9999     0
2021 01 10 21   -72  -194 10420   280    40 -9999 -9999     0
2021 01 11 00   -90  -193 10424    80    10 -9999 -9999     0
2021 01 11 03   -31  -213 10408   280    40 -9999 -9999     0
2021 01 11 06     3  -233 10357   280    40 -9999 -9999     0
2021 01 11 09    15  -269 10323   290    40 -9999 -9999     0
2021 01 11 12   -11  -252 10330   220    20 -9999 -9999     0
2021 01 11 18   -41  -227 10272   200    10 -9999 -9999     0
2021 01 11 21   -68  -223 10239   240    20 -9999 -9999     0
2021 01 12 00   -72  -218 10225   250    20 -9999 -9999     0
2021 01 12 03     4  -206 10208   280    20 -9999 -9999     0
2021 01 12 06   109  -208 10154   250    40 -9999 -9999     0
2021 01 12 09    91  -222 10170   300    30 -9999 -9999     0
2021 01 12 12    47  -233 10208   270    20 -9999 -9999     0
2021 01 12 18    -1  -237 10196   260    20 -9999 -9999     0
2021 01 12 21   -23  -222 10198   230    20 -9999 -9999     0
2021 01 13 00   -43  -219 10214   240    10 -9999 -9999     0
2021 01 13 03    22  -234 10211   250    20 -9999 -9999     0
2021 01 13 06    94  -233 10165   290    20 -9999 -9999     0
2021 01 13 09   112  -271 10153   290    20 -9999 -9999     0
2021 01 13 12    -8  -210 10200   230    10 -9999 -9999     0
2021 01 13 18    39  -204 10104   180    20 -9999 -9999     0
2021 01 13 21   -58  -143 10092     0 -9999 -9999 -9999     0
2021 01 14 00   -10  -206 10170   260    50 -9999 -9999     0
2021 01 14 03    27  -175 10203   300    40 -9999 -9999     0
2021 01 14 06    52  -132 10184   320    40 -9999 -9999     0
2021 01 14 09    39  -143 10235   330    40 -9999 -9999     0
2021 01 14 12    23  -127 10251   290    20 -9999 -9999     0
2021 01 14 18   -31  -111 10263   230    10 -9999 -9999     0
2021 01 14 21   -56  -128 10259   240    10 -9999 -9999     0
2021 01 15 00   -61  -132 10278   150    10 -9999 -9999     0
2021 01 15 03   -23  -123 10302   200    20 -9999 -9999     0
2021 01 15 06    -1  -141 10293   340    20 -9999 -9999     0
2021 01 15 09   -22  -110 10329   320    30 -9999 -9999     0
2021 01 15 12   -36  -107 10359   310    20 -9999 -9999     0
2021 01 15 18   -66  -105 10362   200    10 -9999 -9999     0
2021 01 15 21   -75  -128 10381   280    20 -9999 -9999     0
2021 01 16 00   -88  -150 10416   280    30 -9999 -9999     0
2021 01 16 03   -73  -169 10451   310    30 -9999 -9999     0
2021 01 16 06   -47  -193 10442   320    50 -9999 -9999     0
2021 01 16 09   -45  -203 10461   330    50 -9999 -9999     0
2021 01 16 12   -69  -198 10500   270    10 -9999 -9999     0
2021 01 16 18  -101  -200 10468   260    20 -9999 -9999     0
2021 01 16 21  -114  -212 10441   240    20 -9999 -9999     0
2021 01 17 00  -120  -213 10421   280    20 -9999 -9999     0
2021 01 17 03   -33  -184 10378   280    20 -9999 -9999     0
2021 01 17 06    55  -293 10308   280    50 -9999 -9999     0
2021 01 17 09    66  -269 10287   280    30 -9999 -9999     0
2021 01 17 12    -2  -199 10316   250    10 -9999 -9999     0
2021 01 17 18   -34  -226 10263   250    20 -9999 -9999     0
2021 01 17 21   -66  -199 10258   250    20 -9999 -9999     0
2021 01 18 00  -100  -187 10277    40    10 -9999 -9999     0
2021 01 18 03   -30  -190 10253   350    10 -9999 -9999     0
2021 01 18 06    73  -176 10166    20    20 -9999 -9999     0
2021 01 18 09   100  -181 10137    50    20 -9999 -9999     0
2021 01 18 12    12  -177 10178    90    30 -9999 -9999     0
2021 01 18 18   -43  -178 10155   260    10 -9999 -9999     0
2021 01 18 21   -62  -192 10152   230    20 -9999 -9999     0
2021 01 19 00   -73  -202 10206   240    10 -9999 -9999     0
2021 01 19 03   -13  -193 10217   260    30 -9999 -9999     0
2021 01 19 06    45  -192 10187   280    30 -9999 -9999     0
2021 01 19 09    60  -187 10188   310    20 -9999 -9999     0
2021 01 19 12    -4  -151 10234   240    10 -9999 -9999     0
2021 01 19 18   -54  -199 10231   230    20 -9999 -9999     0
2021 01 19 21   -74  -196 10237   250    20 -9999 -9999     0
2021 01 20 00   -84  -190 10263     0 -9999 -9999 -9999     0
2021 01 20 03   -36  -168 10263   180    10 -9999 -9999     0
2021 01 20 06    24  -156 10221     0 -9999 -9999 -9999     0
2021 01 20 09    34  -158 10218    50    20 -9999 -9999     0
2021 01 20 12    -7  -120 10250   100    10 -9999 -9999     0
2021 01 20 18   -46  -153 10254   230    20 -9999 -9999     0
2021 01 20 21   -61  -172 10266   230    20 -9999 -9999     0
2021 01 21 00   -70  -169 10306   240    20 -9999 -9999     0
2021 01 21 03    -1  -188 10308   270    30 -9999 -9999     0
2021 01 21 06    53  -201 10271   300    40 -9999 -9999     0
2021 01 21 09    68  -207 10266   300    20 -9999 -9999     0
2021 01 21 12   -23  -147 10301   150    10 -9999 -9999     0
2021 01 21 18   -64  -154 10256    30    10 -9999 -9999     0
2021 01 21 21   -78  -150 10233    60    10 -9999 -9999     0
2021 01 22 00   -89  -149 10247    20    10 -9999 -9999     0
2021 01 22 03   -12  -166 10215    60    20 -9999 -9999     0
2021 01 22 06    68  -180 10158    50    20 -9999 -9999     0
2021 01 22 09    79  -180 10152    80    20 -9999 -9999     0
2021 01 22 12     8  -156 10192    90    20 -9999 -9999     0
2021 01 22 18   -60  -157 10164     0 -9999 -9999 -9999     0
2021 01 22 21   -80  -134 10155     0 -9999 -9999 -9999     0
2021 01 23 00   -88  -138 10184    70    10 -9999 -9999     0
2021 01 23 03   -17  -148 10194   330    10 -9999 -9999     0
2021 01 23 06    55  -125 10163   310    10 -9999 -9999     0
2021 01 23 09    79  -120 10161    50    20 -9999 -9999     0
2021 01 23 12    11  -116 10212   100    10 -9999 -9999     0
2021 01 23 18   -17  -126 10186   270    10 -9999 -9999     0
2021 01 23 21   -31  -126 10179   100    10 -9999 -9999     0
2021 01 24 00   -27  -122 10213   120    10 -9999 -9999     0
2021 01 24 03   -16  -117 10249   270    30 -9999 -9999     0
2021 01 24 06    -9  -152 10247   280    40 -9999 -9999     0
2021 01 24 09   -17  -105 10275   270    60 -9999 -9999 -9999
2021 01 24 12   -26   -45 10330   290    40 -9999 -9999     2
2021 01 24 18   -34   -72 10346   270    20 -9999 -9999     0
2021 01 24 21   -43   -79 10352   290    30 -9999 -9999     0
2021 01 25 00   -60   -94 10362   160    20 -9999 -9999     0
2021 01 25 03   -17   -93 10349   240    20 -9999 -9999     0
2021 01 25 06    29  -118 10302   250    20 -9999 -9999     0
2021 01 25 09    32  -131 10289   210    20 -9999 -9999     0
2021 01 25 12   -24  -112 10325     0 -9999 -9999 -9999     0
2021 01 25 18   -48  -118 10319   230    20 -9999 -9999     0
2021 01 25 21   -48  -106 10302   280    10 -9999 -9999     0
2021 01 26 00   -65  -116 10327   210    10 -9999 -9999     0
2021 01 26 03   -27  -112 10321   200    10 -9999 -9999     0
2021 01 26 06    22  -117 10271   330    10 -9999 -9999     0
2021 01 26 09    27  -123 10254    30    10 -9999 -9999     0
2021 01 26 12   -15  -103 10288   170    10 -9999 -9999     0
2021 01 26 18   -58  -129 10279   240    20 -9999 -9999     0
2021 01 26 21   -68  -125 10282   290    20 -9999 -9999     0
2021 01 27 00   -77  -141 10321   230    20 -9999 -9999     0
2021 01 27 03    -7  -161 10339   280    50 -9999 -9999     0
2021 01 27 06    16  -168 10334   310    50 -9999 -9999     0
2021 01 27 09     9  -151 10346   320    50 -9999 -9999     0
2021 01 27 12   -21  -145 10385   320    30 -9999 -9999     0
2021 01 27 18   -72  -149 10371   200    10 -9999 -9999     0
2021 01 27 21   -87  -166 10368   240    10 -9999 -9999     0
2021 01 28 00  -102  -163 10383   250    10 -9999 -9999     0
2021 01 28 03   -30  -153 10371   230    10 -9999 -9999     0
2021 01 28 06    25  -155 10326   300    20 -9999 -9999     0
2021 01 28 09    46  -164 10303   220    20 -9999 -9999     0
2021 01 28 12    -1  -164 10326   210    20 -9999 -9999     0
2021 01 28 18   -58  -148 10302   230    20 -9999 -9999     0
2021 01 28 21   -79  -147 10289   240    20 -9999 -9999     0
2021 01 29 00   -85  -149 10311   250    20 -9999 -9999     0
2021 01 29 03   -22  -159 10328   250    30 -9999 -9999     0
2021 01 29 06    50  -167 10294   310    40 -9999 -9999     0
2021 01 29 09    47  -170 10296   320    40 -9999 -9999     0
2021 01 29 12    16  -163 10322   270    20 -9999 -9999     0
2021 01 29 18   -47  -169 10308   250    20 -9999 -9999     0
2021 01 29 21   -62  -167 10310   250    20 -9999 -9999     0
2021 01 30 00   -71  -160 10325   240    30 -9999 -9999     0
2021 01 30 03    -5  -156 10320   240    20 -9999 -9999     0
2021 01 30 06    55  -170 10277   250    30 -9999 -9999     0
2021 01 30 09    60  -187 10269   280    20 -9999 -9999     0
2021 01 30 12   -17  -126 10300   240    10 -9999 -9999     0
2021 01 30 18   -52  -167 10277   260    20 -9999 -9999     0
2021 01 30 21   -65  -162 10273   250    20 -9999 -9999     0
2021 01 31 00   -81  -167 10308   250    20 -9999 -9999     0
2021 01 31 03   -10  -176 10298   250    20 -9999 -9999     0
2021 01 31 06    60  -204 10250   300    60 -9999 -9999     0
2021 01 31 09    64  -220 10245   290    40 -9999 -9999     0
2021 01 31 12    18  -200 10282   240    10 -9999 -9999     0
2021 01 31 18   -17  -212 10258   260    20 -9999 -9999     0
2021 01 31 21   -56  -201 10253   280    10 -9999 -9999     0
2021 02 01 00   -69  -185 10289   250    20 -9999 -9999     0
2021 02 01 03    -7  -193 10306   260    30 -9999 -9999     0
2021 02 01 06    40  -182 10279   330    40 -9999 -9999     0
2021 02 01 09    36  -179 10296   340    40 -9999 -9999     0
2021 02 01 12    -3  -189 10328   360    20 -9999 -9999     0
2021 02 01 18   -70  -186 10328    60    10 -9999 -9999     0
2021 02 01 21  -102  -184 10325     0 -9999 -9999 -9999     0
2021 02 02 00  -115  -173 10343   200    10 -9999 -9999     0
2021 02 02 03   -29  -177 10321   130    10 -9999 -9999     0
2021 02 02 06    48  -175 10263   340    10 -9999 -9999     0
2021 02 02 09    83  -177 10236    40    10 -9999 -9999     0
2021 02 02 12   -13  -109 10282   220    10 -9999 -9999     0
2021 02 02 18   -38  -181 10282   220    20 -9999 -9999     0
2021 02 02 21   -47  -213 10291   270    10 -9999 -9999     0
2021 02 03 00   -30  -212 10331   310    10 -9999 -9999     0
2021 02 03 03     6  -224 10336   260    30 -9999 -9999     0
2021 02 03 06    46  -198 10315   330    20 -9999 -9999     0
2021 02 03 09    63  -210 10296   320    10 -9999 -9999     0
2021 02 03 12   -15  -164 10326    80    10 -9999 -9999     0
2021 02 03 18   -28  -184 10307   230    10 -9999 -9999     0
2021 02 03 21   -30  -170 10290   170    10 -9999 -9999     0
2021 02 04 00   -28  -180 10316   190    10 -9999 -9999     0
2021 02 04 03    26  -181 10310   270    20 -9999 -9999     0
2021 02 04 06    80  -188 10269   270    20 -9999 -9999     0
2021 02 04 09    82  -186 10262   320    40 -9999 -9999     0
2021 02 04 12    32  -154 10293   240    10 -9999 -9999     0
2021 02 04 18    -2  -135 10282   240    10 -9999 -9999     0
2021 02 04 21   -32  -110 10272     0 -9999 -9999 -9999     0
2021 02 05 00   -31  -148 10275   260    10 -9999 -9999     0
2021 02 05 03    65  -155 10251   230    30 -9999 -9999     0
2021 02 05 06   112  -182 10206   260    50 -9999 -9999     0
2021 02 05 09   120  -187 10199   280    30 -9999 -9999     0
2021 02 05 12    42   -99 10230   230    10 -9999 -9999     0
2021 02 05 18    -7  -188 10201   250    20 -9999 -9999     0
2021 02 05 21   -21  -182 10200   240    20 -9999 -9999     0
2021 02 06 00   -30  -185 10238   240    20 -9999 -9999     0
2021 02 06 03    13  -181 10251   240    20 -9999 -9999     0
2021 02 06 06    96  -175 10213   260    30 -9999 -9999     0
2021 02 06 09   101  -180 10213   280    20 -9999 -9999     0
2021 02 06 12    11   -90 10259   250    10 -9999 -9999     0
2021 02 06 18   -12  -174 10254   240    20 -9999 -9999     0
2021 02 06 21   -32  -168 10259   220    10 -9999 -9999     0
2021 02 07 00   -67  -149 10313     0 -9999 -9999 -9999     0
2021 02 07 03     9  -139 10311    60    20 -9999 -9999     0
2021 02 07 06    67  -135 10267    90    20 -9999 -9999     0
2021 02 07 09    84  -139 10260    40    40 -9999 -9999     0
2021 02 07 12    24  -119 10302    80    10 -9999 -9999     0
2021 02 07 18   -13  -129 10282    90    20 -9999 -9999     0
2021 02 07 21   -29  -126 10279   240    10 -9999 -9999     0
2021 02 08 00   -44  -148 10313   250    20 -9999 -9999     0
2021 02 08 03    23  -139 10306   190    20 -9999 -9999     0
2021 02 08 06    91  -162 10261   250    20 -9999 -9999     0
2021 02 08 09   118  -177 10246   220    10 -9999 -9999     0
2021 02 08 12    21   -98 10284   100    10 -9999 -9999     0
2021 02 08 18   -17  -145 10258   240    10 -9999 -9999     0
2021 02 08 21   -47  -138 10241    40    10 -9999 -9999     0
2021 02 09 00   -65  -120 10275   210    10 -9999 -9999     0
2021 02 09 03    27  -140 10252    50    10 -9999 -9999     0
2021 02 09 06    93  -131 10211    50    20 -9999 -9999     0
2021 02 09 12    53  -127 10239    80    20 -9999 -9999     0
2021 02 09 18   -15  -130 10215   150    10 -9999 -9999     0
2021 02 09 21   -36  -130 10195    80    10 -9999 -9999     0
2021 02 10 00   -42  -124 10205    70    10 -9999 -9999     0
2021 02 10 03    51   -98 10181    60    30 -9999 -9999     0
2021 02 10 06   148   -73 10126    50    30 -9999 -9999     0
2021 02 10 09   158   -78 10104    60    20 -9999 -9999     0
2021 02 11 00    48  -163 10214   270    30 -9999 -9999     0
2021 02 13 12    88   -58 10182    80    10 -9999 -9999     0
2021 02 13 18    14   -66 10167   230    10 -9999 -9999     0
2021 02 13 21    13  -105 10148   240    10 -9999 -9999     0
2021 02 14 00   -22   -85 10196   210    10 -9999 -9999     0
2021 02 14 03    44   -97 10222   270    20 -9999 -9999     0
2021 02 14 06    95  -106 10215   340    50 -9999 -9999     0
2021 02 14 09    81   -98 10243   340    60 -9999 -9999     0
2021 02 14 12    44  -105 10294   350    30 -9999 -9999     0
2021 02 14 18     8  -110 10287   250    10 -9999 -9999     0
2021 02 14 21   -25   -96 10282   220    10 -9999 -9999     0
2021 02 15 00   -40  -122 10290   220    10 -9999 -9999     0
2021 02 15 03    25  -114 10278   240    20 -9999 -9999     0
2021 02 15 06    82  -102 10227   260    30 -9999 -9999     0
2021 02 15 09    90  -163 10223   300    40 -9999 -9999     0
2021 02 15 12    54  -158 10252   290    20 -9999 -9999     0
2021 02 15 18   -10  -135 10262   230    20 -9999 -9999     0
2021 02 15 21   -18  -152 10261   230    20 -9999 -9999     0
2021 02 16 00   -28  -158 10286   230    20 -9999 -9999     0
2021 02 16 03    44  -166 10293   250    20 -9999 -9999     0
2021 02 16 06   100  -181 10263   330    30 -9999 -9999     0
2021 02 16 09   108  -175 10259   320    30 -9999 -9999     0
2021 02 16 12    55  -130 10293    30    10 -9999 -9999     0
2021 02 16 18   -22  -163 10299   230    10 -9999 -9999     0
2021 02 16 21   -32  -172 10296   230    30 -9999 -9999     0
2021 02 17 00   -45  -170 10327   250    20 -9999 -9999     0
2021 02 17 03    40  -164 10331   240    20 -9999 -9999     0
2021 02 17 06    97  -157 10298   230    20 -9999 -9999     0
2021 02 17 09   114  -170 10285   260    10 -9999 -9999     0
2021 02 17 12    37   -86 10320     0 -9999 -9999 -9999     0
2021 02 17 18    -2  -157 10296   230    10 -9999 -9999     0
2021 02 17 21   -21  -124 10290   110    10 -9999 -9999     0
2021 02 18 00   -12  -147 10317   260    10 -9999 -9999     0
2021 02 18 03    67  -130 10300   190    20 -9999 -9999     0
2021 02 18 06   120  -138 10266   310    20 -9999 -9999     0
2021 02 18 09   137  -125 10252   280    30 -9999 -9999     0
2021 02 18 12    53   -75 10277   240    10 -9999 -9999     0
2021 02 18 18    10  -131 10257   200    10 -9999 -9999     0
2021 02 18 21     2  -162 10247   230    20 -9999 -9999     0
2021 02 19 00   -17  -152 10276   230    20 -9999 -9999     0
2021 02 19 03    72  -162 10263   260    30 -9999 -9999     0
2021 02 19 06   142  -196 10221   280    60 -9999 -9999     0
2021 02 19 09   153  -188 10202   310    40 -9999 -9999     0
2021 02 20 18    55  -177 10136   241    15 -9999 -9999 -9999
2021 02 20 21    30  -103 10135   230    11 -9999 -9999 -9999
2021 02 21 00    30  -185 10177   234    28 -9999 -9999 -9999
2021 02 21 18    47  -110 10184   257    15 -9999 -9999 -9999
2021 02 21 21    34  -113 10190   220    20 -9999 -9999     0
2021 02 22 00    12  -112 10239   190    20 -9999 -9999     0
2021 02 22 03    77  -106 10238   230    20 -9999 -9999     0
2021 02 22 06   129   -95 10192    60    20 -9999 -9999     0
2021 02 22 09   154   -95 10159    50    20 -9999 -9999     0
2021 02 22 12    86   -53 10186   120    10 -9999 -9999     0
2021 02 22 18    51   -77 10170   110    20 -9999 -9999     0
2021 02 22 21    26   -68 10161     0 -9999 -9999 -9999     0
2021 02 23 00     8   -90 10182   100    20 -9999 -9999     0
2021 02 23 03    72   -92 10166    60    30 -9999 -9999     0
2021 02 23 06   132   -93 10121    40    40 -9999 -9999     0
2021 02 23 09   136   -83 10105    20    50 -9999 -9999     0
2021 02 23 12   112  -109 10146    30    30 -9999 -9999     0
2021 02 23 18    89   -96 10132   120    20 -9999 -9999     0
2021 02 23 21    72   -88 10121   100    10 -9999 -9999     0
2021 02 24 00    57   -65 10132   110    20 -9999 -9999     1
2021 02 24 03    54     2 10139    40    20 -9999 -9999     4
2021 02 24 06    55   -21 10136   151    11 -9999 -9999    11
2021 02 24 09    68   -14 10145   360    10 -9999 -9999     8
2021 02 24 12    63    14 10179   280    20 -9999 -9999     0
2021 02 24 18    45    12 10210   190    10 -9999 -9999     0
2021 02 24 21    45   -11 10202   270    20 -9999 -9999     0
2021 02 25 00    22     7 10217     0 -9999 -9999 -9999     0
2021 02 25 03    59    12 10211    60    20 -9999 -9999     0
2021 02 25 06   115    12 10172    70    30 -9999 -9999     0
2021 02 25 09   109    -3 10161   170    30 -9999 -9999     0
2021 02 25 12    85   -13 10179   170    40 -9999 -9999     0
2021 02 25 18    60    -5 10146   160    50 -9999 -9999     0
2021 02 25 21    49    -9 10125   150    60 -9999 -9999     0
2021 02 26 00    46   -14 10125   150    60 -9999 -9999     0
2021 02 26 03    67   -16 10116   136    38 -9999 -9999 -9999
2021 02 26 06   107   -10 10071   160    80 -9999 -9999     0
2021 02 26 09   100   -14 10074   170    70 -9999 -9999     0
2021 02 26 12    53   -21 10108   160    50 -9999 -9999     0
2021 02 26 18    34   -25 10096   150    50 -9999 -9999     0
2021 02 26 21    35   -27 10085   150    40 -9999 -9999     0
2021 02 27 00    15   -32 10146   240    30 -9999 -9999     0
2021 02 27 03    31  -124 10175   270    50 -9999 -9999     0
2021 02 27 06    35  -147 10177   300    50 -9999 -9999     0
2021 02 27 09    32  -123 10193   300    40 -9999 -9999     0
2021 02 27 12    13   -72 10240   290    40 -9999 -9999     0
2021 02 27 18   -15   -74 10239   240    20 -9999 -9999     0
2021 02 27 21   -12   -86 10213   270    10 -9999 -9999     0
2021 02 28 00    -8   -78 10245   290    10 -9999 -9999     0
2021 02 28 03   -13   -57 10259   270    20 -9999 -9999     1
2021 02 28 06   -19   -30 10277   270    40 -9999 -9999    30
2021 02 28 09   -28   -47 10311   260    20 -9999 -9999    50
2021 02 28 12   -29   -60 10340   270    20 -9999 -9999    20
2021 02 28 18   -44   -65 10380   240    10 -9999 -9999     5
2021 02 28 21   -67   -81 10383   220    10 -9999 -9999     4
2021 03 01 00   -78   -94 10391     0 -9999 -9999 -9999     0
2021 03 01 03    -3   -78 10369   180    20 -9999 -9999     0
2021 03 01 06    45   -38 10325   260    20 -9999 -9999     0
2021 03 01 09    72   -80 10298   270    20 -9999 -9999     0
2021 03 01 12    26   -39 10308    60    10 -9999 -9999     0
2021 03 01 18   -20   -34 10269   330    10 -9999 -9999     0
2021 03 01 21    22   -66 10234   170    20 -9999 -9999     0
2021 03 02 00   -10   -54 10257   110    10 -9999 -9999     0
2021 03 02 03    52   -55 10262   230    30 -9999 -9999     0
2021 03 02 06    86   -46 10232   270    30 -9999 -9999     0
2021 03 02 09   103   -57 10206   250    20 -9999 -9999     0
2021 03 02 12    69   -48 10237   220    10 -9999 -9999     0
2021 03 02 18    26   -70 10226   250    20 -9999 -9999     0
2021 03 02 21     0   -68 10211   250    20 -9999 -9999     0
2021 03 03 00   -18   -60 10221   120    10 -9999 -9999     0
2021 03 03 03    69   -48 10198    40    10 -9999 -9999     0
2021 03 03 06   133   -68 10153   120    20 -9999 -9999     0
2021 03 03 09   149   -72 10145   300    30 -9999 -9999     0
2021 03 03 12    83   -48 10183     0 -9999 -9999 -9999     0
2021 03 03 18    14   -84 10171   250    10 -9999 -9999     0
2021 03 03 21   -15   -59 10160    80    10 -9999 -9999     0
2021 03 04 00   -18   -50 10179    70    10 -9999 -9999     0
2021 03 04 03    67   -59 10174    40    10 -9999 -9999     0
2021 03 04 06   132  -121 10133    20    20 -9999 -9999     0
2021 03 04 09   146   -52 10131   320    20 -9999 -9999     0
2021 03 04 12   116   -33 10168   280    20 -9999 -9999     0
2021 03 04 18    41   -46 10173   240    20 -9999 -9999     0
2021 03 04 21    17   -84 10178   200    20 -9999 -9999     0
2021 03 05 00    11   -92 10210   240    20 -9999 -9999     0
2021 03 05 03    70   -94 10232   270    20 -9999 -9999     0
2021 03 05 06   116   -94 10208    50    20 -9999 -9999     0
2021 03 05 09   125   -92 10213   320    10 -9999 -9999     0
2021 03 05 12   107  -113 10247   350    20 -9999 -9999     0
2021 03 05 18    36   -67 10274   180    10 -9999 -9999     0
2021 03 05 21    12   -64 10270     0 -9999 -9999 -9999     0
2021 03 06 00    12   -66 10286    90    10 -9999 -9999     0
2021 03 06 03    67   -56 10288    90    30 -9999 -9999     0
2021 03 06 06   121   -79 10243    50    20 -9999 -9999     0
2021 03 06 09   131   -70 10225   100    20 -9999 -9999     0
2021 03 06 12    87   -45 10244    60    20 -9999 -9999     0
2021 03 06 18    28   -46 10214   100    10 -9999 -9999     0
2021 03 06 21     9   -47 10192   100    20 -9999 -9999     0
2021 03 07 00    -1   -51 10210    80    10 -9999 -9999     0
2021 03 07 03    89   -10 10192    80    20 -9999 -9999     0
2021 03 07 06   154   -30 10147   160    40 -9999 -9999     0
2021 03 07 09   165   -36 10129   140    30 -9999 -9999     0
2021 03 07 12   124    -8 10165   120    10 -9999 -9999     0
2021 03 07 18    81    -1 10155   190    40 -9999 -9999 -9999
2021 03 07 21    67    -1 10145   220    10 -9999 -9999 -9999
2021 03 08 00    29     1 10181     0 -9999 -9999 -9999     0
2021 03 08 03   105     5 10181    80    10 -9999 -9999     0
2021 03 08 06   149   -25 10152    30    30 -9999 -9999     0
2021 03 08 09   167   -34 10136    40    30 -9999 -9999     0
2021 03 08 12   119   -20 10176    40    20 -9999 -9999     0
2021 03 08 18    92    -4 10172   160    20 -9999 -9999     0
2021 03 08 21    40    -2 10178    40    10 -9999 -9999     0
2021 03 09 00    25   -28 10212    70    10 -9999 -9999     0
2021 03 09 03   106     9 10207    70    10 -9999 -9999     0
2021 03 09 06   175   -44 10149   130    20 -9999 -9999     0
2021 03 09 09   196   -61 10130    50    30 -9999 -9999     0
2021 03 09 12   152   -37 10166   170    30 -9999 -9999     0
2021 03 09 18    78    -7 10180   180    20 -9999 -9999     0
2021 03 09 21    70    -7 10167   210    10 -9999 -9999     0
2021 03 10 00    69    -6 10185   200    20 -9999 -9999     0
2021 03 10 03   111   -13 10190   220    20 -9999 -9999     0
2021 03 10 06   162   -33 10160   260    10 -9999 -9999     0
2021 03 10 09   169   -38 10146    20    20 -9999 -9999     0
2021 03 10 12   135     5 10170   180    40 -9999 -9999     0
2021 03 10 18    80     5 10176   160    30 -9999 -9999     0
2021 03 10 21    77     5 10157   158    31 -9999 -9999 -9999
2021 03 11 00    46    11 10182   210    10 -9999 -9999     0
2021 03 11 03   126    10 10174   110    20 -9999 -9999     0
2021 03 11 06   194     4 10122    20    20 -9999 -9999     0
2021 03 11 09   219   -42 10099    20    20 -9999 -9999     0
2021 03 11 12   148    13 10147    60    10 -9999 -9999     0
2021 03 11 18    71    10 10149   130    10 -9999 -9999     0
2021 03 11 21    45     6 10149   130    10 -9999 -9999     0
2021 03 12 00    46    15 10190   160    10 -9999 -9999     0
2021 03 12 03   104     2 10207   360    10 -9999 -9999     0
2021 03 12 06   165   -31 10186    40    20 -9999 -9999     0
2021 03 12 09   180   -60 10179    60    20 -9999 -9999     0
2021 03 12 12   112     0 10212   110    10 -9999 -9999     0
2021 03 12 18    47   -24 10186    60    10 -9999 -9999     0
2021 03 12 21    35   -29 10153   350    10 -9999 -9999     0
2021 03 13 00    74   -18 10143    40    20 -9999 -9999     0
2021 03 13 03   172   -15 10117   150    40 -9999 -9999     0
2021 03 13 06   252   -62 10051   170    60 -9999 -9999     0
2021 03 13 09   278  -131 10013   230    30 -9999 -9999     0
2021 03 13 12   187   -12 10028    82    11 -9999 -9999 -9999
2021 03 13 18   141  -106 10042   260    40 -9999 -9999     0
2021 03 13 21   126  -104 10035   270    20 -9999 -9999     0
2021 03 14 00   115   -84 10079   170    10 -9999 -9999     0
2021 03 14 03   142  -105 10082   270    20 -9999 -9999     0
2021 03 14 06   189  -122 10048   270    40 -9999 -9999     0
2021 03 14 09   220  -138 10014   190    10 -9999 -9999     0
2021 03 14 12   139   -53 10044   140    10 -9999 -9999     0
2021 03 14 18    77   -26 10064    70    10 -9999 -9999     0
2021 03 14 21    72   -65 10074    60    20 -9999 -9999     0
2021 03 15 00    52  -110 10147    60    30 -9999 -9999     0
2021 03 15 03    60  -159 10182    60    30 -9999 -9999     0
2021 03 15 06    74  -141 10153    40    50 -9999 -9999     0
2021 03 15 09    67  -153 10132    50    60 -9999 -9999     0
2021 03 15 12    58  -161 10151    50    50 -9999 -9999     0
2021 03 15 18    50  -203 10195   290    30 -9999 -9999     0
2021 03 15 21    42  -180 10190   260    20 -9999 -9999     0
2021 03 16 00    39  -164 10203   230    20 -9999 -9999     0
2021 03 16 03    61  -158 10200   261    22 -9999 -9999 -9999
2021 03 16 06    91  -188 10169   310    20 -9999 -9999     0
2021 03 16 09    99  -192 10150   290    10 -9999 -9999     0
2021 03 16 12    79  -164 10164    40    20 -9999 -9999     0
2021 03 16 18    58  -137 10148    50    30 -9999 -9999     0
2021 03 16 21    53  -122 10129    70    20 -9999 -9999     0
2021 03 17 00    52  -127 10142    70    10 -9999 -9999     0
2021 03 17 03    68   -59 10168   290    30 -9999 -9999     0
2021 03 17 06    40   -10 10179   300    30 -9999 -9999     0
2021 03 17 09    69   -39 10156   330    10 -9999 -9999     0
2021 03 17 12    71   -63 10177   280    20 -9999 -9999     0
2021 03 17 18    58   -49 10188   210    10 -9999 -9999     0
2021 03 17 21    44   -20 10166   110    10 -9999 -9999     0
2021 03 18 00    47   -20 10172    30    10 -9999 -9999     0
2021 03 18 03    64   -27 10179    50    20 -9999 -9999     0
2021 03 18 06    90   -56 10159    50    20 -9999 -9999     0
2021 03 18 09   101     4 10143    50    20 -9999 -9999     0
2021 03 18 12    84    11 10160    50    30 -9999 -9999     0
2021 03 18 18    69    18 10179   190    10 -9999 -9999     0
2021 03 18 21    63    16 10186   270    20 -9999 -9999     0
2021 03 19 00    39   -38 10247   320    80 -9999 -9999     0
2021 03 19 03    15    -6 10281   280    30 -9999 -9999    30
2021 03 19 06    42   -36 10263   320    50 -9999 -9999    30
2021 03 19 09    77   -97 10240   320    50 -9999 -9999     0
2021 03 19 12    60   -94 10273   320    30 -9999 -9999     0
2021 03 19 18    26  -175 10292   300    10 -9999 -9999     0
2021 03 19 21    -4   -74 10283   240    10 -9999 -9999     0
2021 03 20 00    -9   -64 10301   250    10 -9999 -9999     0
2021 03 20 03    44  -155 10297   250    20 -9999 -9999     0
2021 03 20 06    80  -130 10278   320    50 -9999 -9999     0
2021 03 20 09    77  -145 10292   340    60 -9999 -9999     0
2021 03 20 12    54  -152 10329   340    40 -9999 -9999     0
2021 03 20 18   -18  -119 10351    80    10 -9999 -9999     0
2021 03 20 21   -32  -121 10349   100    10 -9999 -9999     0
2021 03 21 00   -36  -116 10369     0 -9999 -9999 -9999     0
2021 03 21 03    41  -137 10353    80    10 -9999 -9999     0
2021 03 21 06    79  -143 10322    90    10 -9999 -9999     0
2021 03 21 09    92  -146 10303   200    10 -9999 -9999     0
2021 03 21 12    50  -120 10325    60    10 -9999 -9999     0
2021 03 21 18   -17   -91 10307     0 -9999 -9999 -9999     0
2021 03 21 21   -22   -77 10289    90    10 -9999 -9999     0
2021 03 22 00   -21   -80 10303    90    10 -9999 -9999     0
2021 03 22 03    75   -66 10282    60    20 -9999 -9999     0
2021 03 22 06   168   -84 10219   170    30 -9999 -9999     0
2021 03 22 09   195  -156 10188   210    10 -9999 -9999     0
2021 03 22 12   119   -31 10204     0 -9999 -9999 -9999     0
2021 03 22 18   106   -81 10138   180    20 -9999 -9999     0
2021 03 22 21    42   -45 10127    80    10 -9999 -9999     0
2021 03 23 00    55   -49 10141    80    10 -9999 -9999     0
2021 03 23 03   141   -51 10136   250    40 -9999 -9999     0
2021 03 23 06   181  -153 10106   270    40 -9999 -9999     0
2021 03 23 09   202  -151 10103   300    30 -9999 -9999     0
2021 03 23 12   146   -88 10126   270    10 -9999 -9999     0
2021 03 23 18    88  -112 10133   250    10 -9999 -9999     0
2021 03 23 21    51   -80 10146   190    10 -9999 -9999     0
2021 03 24 00    51   -58 10181     0 -9999 -9999 -9999     0
2021 03 24 03   134  -112 10178    70    20 -9999 -9999     0
2021 03 24 06   187  -124 10131    70    30 -9999 -9999     0
2021 03 24 09   206  -121 10103    80    30 -9999 -9999     0
2021 03 24 12   151   -83 10123    40    20 -9999 -9999     0
2021 03 24 18    99   -24 10092   120    10 -9999 -9999     0
2021 03 24 21    60   -36 10089   230    10 -9999 -9999     0
2021 03 25 00    84   -23 10110    30    10 -9999 -9999     0
2021 03 25 03   159    -3 10107   170    40 -9999 -9999     0
2021 03 25 06   163  -132 10096   260    40 -9999 -9999     0
2021 03 25 09   181   -59 10091   300    40 -9999 -9999     0
2021 03 25 12   157   -32 10122   300    30 -9999 -9999     0
2021 03 25 18   127  -103 10141   310    20 -9999 -9999     0
2021 03 25 21   108   -23 10144   280    40 -9999 -9999     0
2021 03 26 00   101   -16 10165   270    20 -9999 -9999     0
2021 03 26 03   144   -48 10164   300    40 -9999 -9999     0
2021 03 26 06   178  -100 10118   300    40 -9999 -9999     0
2021 03 26 09   183  -116 10099   330    50 -9999 -9999     0
2021 03 26 12   150  -114 10119   330    20 -9999 -9999     0
2021 03 26 18    46   -88 10122   270    10 -9999 -9999     0
2021 03 26 21    16   -77 10121   140    10 -9999 -9999     0
2021 03 27 00    35   -76 10129   360    10 -9999 -9999     0
2021 03 27 03   148   -93 10116   220    20 -9999 -9999     0
2021 03 27 06   210  -131 10080   300    20 -9999 -9999     0
2021 03 27 09   223  -152 10067   220    30 -9999 -9999     0
2021 03 27 12   168   -92 10085   330    10 -9999 -9999     0
2021 03 27 18   115   -95 10079   250    20 -9999 -9999     0
2021 03 27 21    83   -66 10081    50    10 -9999 -9999     0
2021 03 28 00    80   -99 10111    40    20 -9999 -9999     0
2021 03 28 03   115  -127 10119    50    30 -9999 -9999     0
2021 03 28 06   144  -137 10085    40    40 -9999 -9999     0
2021 03 28 09   147  -144 10070    40    40 -9999 -9999     0
2021 03 28 12   122  -121 10096    32    23 -9999 -9999 -9999
2021 03 28 18    69   -71 10092    80    10 -9999 -9999     0
2021 03 28 21    64   -99 10074    90    20 -9999 -9999     0
2021 03 29 00    64   -95 10094    50    20 -9999 -9999     0
2021 03 29 03   121   -90 10069    60    30 -9999 -9999     0
2021 03 29 06   192   -80 10026    70    20 -9999 -9999     0
2021 03 29 09   217   -69  9988    50    30 -9999 -9999     0
2021 03 29 12   167   -57 10013    40    40 -9999 -9999     0
2021 03 29 18   114   -60 10012   100    20 -9999 -9999     0
2021 03 29 21    92   -40 10018    90    10 -9999 -9999     0
2021 03 30 00    96   -40 10061   240    20 -9999 -9999     0
2021 03 30 03   135   -78 10063   290    30 -9999 -9999     0
2021 03 30 06   134   -91 10058   260    20 -9999 -9999     0
2021 03 30 09   132   -54 10052    10    10 -9999 -9999     0
2021 03 30 12    88    64 10086   170    10 -9999 -9999    10
2021 03 30 18    76    62 10094    30    10 -9999 -9999    70
2021 03 30 21    62    45 10098   330    20 -9999 -9999    90
2021 03 31 00    57    47 10125   260    30 -9999 -9999    90
2021 03 31 03    66    52 10138   270    30 -9999 -9999    60
2021 03 31 06    54    34 10147   270    20 -9999 -9999    20
2021 03 31 09    76    12 10141     0 -9999 -9999 -9999    20
2021 03 31 12    67    20 10159   280    20 -9999 -9999     6
2021 03 31 18    58    23 10180   310    20 -9999 -9999     0
2021 03 31 21    60    32 10168   280    20 -9999 -9999     0
2021 04 01 00    66    34 10186   270    20 -9999 -9999     0
2021 04 01 03   101    43 10195   300    40 -9999 -9999     0
2021 04 01 06   124    20 10164   340    30 -9999 -9999     0
2021 04 01 09   122    21 10149   290    30 -9999 -9999     0
2021 04 01 12    98    42 10163   290    20 -9999 -9999     0
2021 04 01 18    64    44 10192   290    20 -9999 -9999    50
2021 04 01 21    60    50 10197   270    20 -9999 -9999    70
2021 04 02 00    55    43 10229   250    10 -9999 -9999    50
2021 04 02 03    73    56 10240   220    10 -9999 -9999    40
2021 04 02 06    89    27 10228   360    20 -9999 -9999    10
2021 04 02 09    91    39 10220   300    20 -9999 -9999     5
2021 04 02 12    80    48 10236   260    20 -9999 -9999     0
2021 04 02 18    72    43 10244    90    10 -9999 -9999     0
2021 04 02 21    67    35 10245    90    10 -9999 -9999     0
2021 04 03 00    66    41 10262    80    10 -9999 -9999 -9999
2021 04 03 03   103    19 10257   120    20 -9999 -9999     1
2021 04 03 06   129   -14 10216    90    40 -9999 -9999     0
2021 04 03 09   125   -29 10195   100    30 -9999 -9999     0
2021 04 03 12   112     3 10215   150    10 -9999 -9999     0
2021 04 03 18    85    27 10209   110    20 -9999 -9999     0
2021 04 03 21    78    29 10200   100    20 -9999 -9999     0
2021 04 04 00    69    32 10220    70    10 -9999 -9999     0
2021 04 04 03   107    30 10208   170    40 -9999 -9999     0
2021 04 04 06   121    31 10182   170    50 -9999 -9999     0
2021 04 04 09   119    37 10171   170    50 -9999 -9999     0
2021 04 04 12   101    34 10190   140    40 -9999 -9999     0
2021 04 04 18    87    31 10162   150    30 -9999 -9999     0
2021 04 04 21    88    30 10142   180    20 -9999 -9999     0
2021 04 05 00    92    32 10146   180    20 -9999 -9999     0
2021 04 05 03   135    41 10130   160    30 -9999 -9999     0
2021 04 05 06   186    36 10087   120    30 -9999 -9999     0
2021 04 05 09   212    30 10062    70    20 -9999 -9999     0
2021 04 05 12   156    34 10102    40    50 -9999 -9999     0
2021 04 05 18   123    57 10161    40    10 -9999 -9999     0
2021 04 05 21    96    38 10170    90    10 -9999 -9999     0
2021 04 06 00    93    45 10214   250    20 -9999 -9999     0
2021 04 06 03   130    42 10229   340    30 -9999 -9999     0
2021 04 06 06   161    14 10210   310    30 -9999 -9999     0
2021 04 06 09   159    12 10203   360    30 -9999 -9999     0
2021 04 06 12   135    36 10232    40    30 -9999 -9999     0
2021 04 06 18    94    40 10230    60    10 -9999 -9999     0
2021 04 06 21    73    35 10229   100    10 -9999 -9999     0
2021 04 07 00    74    27 10244    80    20 -9999 -9999     0
2021 04 07 03   124    26 10238    80    30 -9999 -9999     0
2021 04 07 06   165    18 10193    90    20 -9999 -9999     0
2021 04 07 09   176     7 10165    90    20 -9999 -9999     0
2021 04 07 12   143    16 10173    60    10 -9999 -9999     0
2021 04 07 18   104    15 10161    40    10 -9999 -9999     0
2021 04 07 21    95    14 10152    80    10 -9999 -9999     0
2021 04 08 00    98    17 10170    80    20 -9999 -9999     0
2021 04 08 03   150    32 10174   170    50 -9999 -9999     0
2021 04 08 06   178    29 10144   190    40 -9999 -9999     0
2021 04 08 09   166    53 10133    90    30 -9999 -9999     0
2021 04 08 12   144    60 10149    60    10 -9999 -9999     0
2021 04 08 18   107    57 10153    90    10 -9999 -9999     0
2021 04 08 21    96    58 10157   120    10 -9999 -9999     0
2021 04 09 00   100    62 10177   100    10 -9999 -9999     0
2021 04 09 03   130    64 10174    60    20 -9999 -9999     0
2021 04 09 06   168    60 10152   130    20 -9999 -9999     0
2021 04 09 09   161    60 10140   160    30 -9999 -9999 -9999
2021 04 09 12   137    53 10150   160    20 -9999 -9999     0
2021 04 09 18   106    49 10158   180    20 -9999 -9999     0
2021 04 09 21    98    48 10162   180    20 -9999 -9999     0
2021 04 10 00    92    54 10178    50    10 -9999 -9999     0
2021 04 10 03   148    50 10171   190    20 -9999 -9999     0
2021 04 10 06   177    46 10147   230    20 -9999 -9999     0
2021 04 10 09   166    40 10140   330    30 -9999 -9999     0
2021 04 10 12   136    55 10171   260    20 -9999 -9999 -9999
2021 04 10 18   103    70 10171   230    10 -9999 -9999     1
2021 04 10 21   101    59 10165   210    20 -9999 -9999     0
2021 04 11 00   104    62 10178   190    20 -9999 -9999     0
2021 04 11 03   147    65 10169    50    20 -9999 -9999     0
2021 04 11 06   168    54 10137    30    20 -9999 -9999     0
2021 04 11 09   187    41 10117    80    20 -9999 -9999     0
2021 04 11 12   157    47 10140    30    10 -9999 -9999     0
2021 04 11 18   110    62 10177    10    20 -9999 -9999     0
2021 04 11 21    96    36 10182   270    10 -9999 -9999     0
2021 04 12 00    95    43 10203   270    20 -9999 -9999     0
2021 04 12 03   128    40 10222    50    20 -9999 -9999     0
2021 04 12 06   147    32 10201    60    20 -9999 -9999     0
2021 04 12 09   150    15 10185    30    40 -9999 -9999     0
2021 04 12 12   116    -2 10211    40    40 -9999 -9999     0
2021 04 12 18    73   -38 10234    40    40 -9999 -9999     0
2021 04 12 21    42     2 10249    50    30 -9999 -9999 -9999
2021 04 13 00     7    -2 10289    40    20 -9999 -9999    70
2021 04 13 03    24     5 10299    40    20 -9999 -9999   100
2021 04 13 06    51    10 10282   170    10 -9999 -9999    20
2021 04 13 09    93    15 10254   250    10 -9999 -9999     0
2021 04 13 12    80     9 10268   230    20 -9999 -9999     0
2021 04 13 18    56     4 10253   140    20 -9999 -9999     0
2021 04 13 21    41    -3 10221   140    10 -9999 -9999     0
2021 04 14 00    61    -4 10203   160    30 -9999 -9999     0
2021 04 14 03   108    19 10174   180    40 -9999 -9999     0
2021 04 14 06   152    34 10124   170    30 -9999 -9999     0
2021 04 14 09   178    21 10099   200    20 -9999 -9999     0
2021 04 14 12   147     2 10111   190    10 -9999 -9999     0
2021 04 14 18   135   -17 10122   270    40 -9999 -9999     0
2021 04 14 21   127   -73 10127   280    40 -9999 -9999     0
2021 04 15 00   124   -76 10170   300    40 -9999 -9999     0
2021 04 15 03   122  -154 10203   310    70 -9999 -9999     0
2021 04 15 06   127  -133 10198   330    50 -9999 -9999     0
2021 04 15 09   140  -122 10172   330    50 -9999 -9999     0
2021 04 15 12   107   -90 10175     0 -9999 -9999 -9999     0
2021 04 15 18    62   -61 10184   230    10 -9999 -9999     0
2021 04 15 21    43   -44 10186   300    10 -9999 -9999     0
2021 04 16 00    69   -39 10213   230    20 -9999 -9999     0
2021 04 16 03   135  -135 10230   320    30 -9999 -9999     0
2021 04 16 06   153  -139 10231   310    50 -9999 -9999     0
2021 04 16 09   151  -122 10229   340    60 -9999 -9999     0
2021 04 16 12   116  -106 10240   340    20 -9999 -9999     0
2021 04 16 18    44   -71 10245    50    20 -9999 -9999     0
2021 04 16 21    27   -69 10248   110    10 -9999 -9999     0
2021 04 17 00    46   -69 10261    90    20 -9999 -9999     0
2021 04 17 03   123   -77 10241    60    30 -9999 -9999     0
2021 04 17 06   172   -97 10195    90    20 -9999 -9999     0
2021 04 17 09   172   -41 10175   130    20 -9999 -9999     0
2021 04 17 12   142   -45 10181    90    10 -9999 -9999     0
2021 04 17 18    95   -34 10149    90    20 -9999 -9999     0
2021 04 17 21    60   -23 10145   110    10 -9999 -9999 -9999
2021 04 18 00    81   -25 10155    70    10 -9999 -9999     0
2021 04 18 03   160    28 10137    20    20 -9999 -9999     0
2021 04 18 06   213    44 10101   310    20 -9999 -9999     0
2021 04 18 09   229    39 10073    30    20 -9999 -9999     0
2021 04 18 12   193    35 10086    40    30 -9999 -9999     0
2021 04 18 18   124   -12 10093    80    10 -9999 -9999     0
2021 04 18 21   104     7 10091   100    10 -9999 -9999     0
2021 04 19 00   129     6 10102   160    10 -9999 -9999     0
2021 04 19 03   173   -14 10114   360    10 -9999 -9999     0
2021 04 19 06   202   -64 10088   360    40 -9999 -9999     0
2021 04 19 09   196   -77 10083    10    20 -9999 -9999     0
2021 04 19 12   166    -6 10108   190    10 -9999 -9999     0
2021 04 19 18   124    11 10099   220    10 -9999 -9999     0
2021 04 19 21   137    51 10092   190    20 -9999 -9999     0
2021 04 20 00   137    53 10105   140    10 -9999 -9999     0
2021 04 20 03   202    43 10093    10    10 -9999 -9999     0
2021 04 20 06   217    39 10068   170    30 -9999 -9999     0
2021 04 20 09   202    39 10059   180    30 -9999 -9999     0
2021 04 20 12   194    44 10068   160    30 -9999 -9999     0
2021 04 20 18   144    63 10073   150    20 -9999 -9999     0
2021 04 20 21   121    66 10072    90    10 -9999 -9999     0
