2021 01 01 00   -86  -165 10335   270    50 -9999 -9999     0
2021 01 01 03   -38  -151 10328   270    60 -9999 -9999     0
2021 01 01 06   -11  -146 10300   260    60 -9999 -9999     0
2021 01 01 09    -8  -144 10301   270    30 -9999 -9999     0
2021 01 01 12   -68  -150 10332     0 -9999 -9999 -9999     0
2021 01 01 15  -119  -159 10328   120    10 -9999 -9999     0
2021 01 01 18   -78  -167 10299   200    20 -9999 -9999     0
2021 01 01 21  -141  -185 10316   310    10 -9999 -9999     0
2021 01 02 00  -161  -192 10346   280    10 -9999 -9999     0
2021 01 02 03   -70  -157 10357   360    10 -9999 -9999     0
2021 01 02 06   -25  -146 10313    40    10 -9999 -9999     0
2021 01 02 09   -28  -142 10351    10    20 -9999 -9999     0
2021 01 02 12   -77  -139 10403   300    10 -9999 -9999     0
2021 01 02 15   -92  -142 10380   320    10 -9999 -9999     0
2021 01 02 18  -134  -170 10379   330    10 -9999 -9999     0
2021 01 02 21  -152  -179 10369    40    10 -9999 -9999     0
2021 01 03 00  -163  -187 10375    70    10 -9999 -9999     0
2021 01 03 03   -44  -140 10336   160    20 -9999 -9999     0
2021 01 03 06    19  -161 10291   130    20 -9999 -9999     0
2021 01 03 09     3  -141 10317   310    20 -9999 -9999     0
2021 01 03 12   -59  -142 10370   310    20 -9999 -9999     0
2021 01 03 15   -90  -164 10354   290    20 -9999 -9999     0
2021 01 03 18  -129  -171 10350     0 -9999 -9999 -9999     0
2021 01 03 21  -152  -189 10366   310    10 -9999 -9999     0
2021 01 04 00  -151  -184 10392   310    10 -9999 -9999     0
2021 01 04 03   -93  -173 10399    40    30 -9999 -9999     0
2021 01 04 06   -68  -162 10382    30    30 -9999 -9999     0
2021 01 04 09   -70  -159 10401    20    20 -9999 -9999     0
2021 01 04 12  -116  -160 10445   340    10 -9999 -9999     0
2021 01 04 15  -126  -200 10434   310    10 -9999 -9999     0
2021 01 04 18  -145  -204 10431   280    10 -9999 -9999     0
2021 01 04 21  -172  -206 10438    90    10 -9999 -9999     0
2021 01 05 00  -184  -216 10474   330    10 -9999 -9999     0
2021 01 05 03  -108  -179 10449   240    10 -9999 -9999     0
2021 01 05 06   -74  -193 10406   260    50 -9999 -9999     0
2021 01 05 09   -75  -207 10415   260    40 -9999 -9999     0
2021 01 05 12  -103  -219 10431   280    20 -9999 -9999     0
2021 01 05 15  -131  -225 10408   300    10 -9999 -9999     0
2021 01 05 18  -168  -233 10416     0 -9999 -9999 -9999     0
2021 01 05 21  -181  -274 10431   300    20 -9999 -9999     0
2021 01 06 00  -211  -272 10475   310    10 -9999 -9999     0
2021 01 06 03  -188  -262 10496    20    30 -9999 -9999     0
2021 01 06 06  -168  -270 10479    20    20 -9999 -9999     0
2021 01 06 09  -159  -279 10488   350    20 -9999 -9999     0
2021 01 06 12  -198  -314 10527    10    20 -9999 -9999     0
2021 01 06 15  -228  -338 10536   320    20 -9999 -9999     0
2021 01 06 18  -243  -336 10528   350    10 -9999 -9999     0
2021 01 06 21  -260  -313 10517   330    10 -9999 -9999     0
2021 01 07 00  -268  -314 10542   360    10 -9999 -9999     0
2021 01 07 03  -165  -297 10520   260    20 -9999 -9999     0
2021 01 07 06  -139  -274 10495   290    30 -9999 -9999     0
2021 01 07 09  -131  -267 10496   300    30 -9999 -9999     0
2021 01 07 12  -178  -251 10521     0 -9999 -9999 -9999     0
2021 01 07 15  -216  -282 10498   350    10 -9999 -9999     0
2021 01 07 18  -204  -273 10476   280    10 -9999 -9999     0
2021 01 07 21  -189  -291 10466   260    20 -9999 -9999     0
2021 01 08 00  -181  -295 10485   260    40 -9999 -9999     0
2021 01 08 03  -131  -278 10481   260    40 -9999 -9999     0
2021 01 08 06   -93  -266 10436   250    30 -9999 -9999     0
2021 01 08 09   -92  -240 10420   300    30 -9999 -9999     0
2021 01 08 12  -155  -231 10449   330    10 -9999 -9999     0
2021 01 08 15  -190  -248 10445   340    10 -9999 -9999     0
2021 01 08 18  -207  -257 10439   280    10 -9999 -9999     0
2021 01 08 21  -213  -265 10435   200    10 -9999 -9999     0
2021 01 09 00  -223  -268 10462   320    10 -9999 -9999     0
2021 01 09 03   -98  -234 10449   230    10 -9999 -9999     0
2021 01 09 06   -81  -238 10416   300    10 -9999 -9999     0
2021 01 09 09   -79  -214 10419   320    20 -9999 -9999     0
2021 01 09 12  -101  -211 10459   270    20 -9999 -9999     0
2021 01 09 15  -144  -230 10428   300    10 -9999 -9999     0
2021 01 09 18  -134  -241 10414   250    40 -9999 -9999     0
2021 01 09 21  -143  -252 10401   260    20 -9999 -9999     0
2021 01 10 00  -155  -247 10415    90    10 -9999 -9999     0
2021 01 10 03  -104  -209 10435   300    40 -9999 -9999     0
2021 01 10 06   -74  -224 10415   310    30 -9999 -9999     0
2021 01 10 09   -77  -199 10422   270    30 -9999 -9999     0
2021 01 10 12   -89  -206 10440   280    60 -9999 -9999     0
2021 01 10 15  -101  -185 10433   280    50 -9999 -9999     0
2021 01 10 18   -93  -171 10404   270    80 -9999 -9999     0
2021 01 10 21  -106  -179 10402   270    50 -9999 -9999     0
2021 01 11 00  -109  -193 10400   270    70 -9999 -9999     0
2021 01 11 03   -78  -193 10401   270    70 -9999 -9999     0
2021 01 11 06   -38  -201 10342   270   100 -9999 -9999     0
2021 01 11 09   -26  -209 10322   270    60 -9999 -9999     0
2021 01 11 12   -46  -217 10317   280    40 -9999 -9999     0
2021 01 11 15   -48  -223 10292   260    30 -9999 -9999     0
2021 01 11 18   -52  -222 10251   270    50 -9999 -9999     0
2021 01 11 21   -46  -231 10213   260    50 -9999 -9999     0
2021 01 12 00   -37  -240 10199   260    50 -9999 -9999     0
2021 01 12 03    22  -218 10177   260    50 -9999 -9999     0
2021 01 12 06    60  -204 10142   270    80 -9999 -9999     0
2021 01 12 09    62  -193 10139   270    50 -9999 -9999     0
2021 01 12 12    18  -207 10166   280    50 -9999 -9999     0
2021 01 12 15    -7  -209 10180   280    50 -9999 -9999     0
2021 01 12 18   -24  -207 10183   280    40 -9999 -9999     0
2021 01 12 21   -30  -228 10166   270    90 -9999 -9999     0
2021 01 13 00   -33  -237 10189   260    60 -9999 -9999     0
2021 01 13 03    12  -234 10190   270    70 -9999 -9999     0
2021 01 13 06    63  -231 10168   290    40 -9999 -9999     0
2021 01 13 09    69  -216 10156   240    40 -9999 -9999     0
2021 01 13 12    19  -213 10181   260    30 -9999 -9999     0
2021 01 13 15   -17  -212 10168    70    10 -9999 -9999     0
2021 01 13 18   -59  -196 10149   110    10 -9999 -9999     0
2021 01 13 21    16  -223 10086   170    30 -9999 -9999     0
2021 01 14 00   -13  -214 10107   240    20 -9999 -9999     0
2021 01 14 03    12  -193 10177   270    40 -9999 -9999     0
2021 01 14 06    38  -149 10189   270    50 -9999 -9999     0
2021 01 14 09    27  -193 10193   330    20 -9999 -9999     0
2021 01 14 12    -8  -137 10240   250    10 -9999 -9999     0
2021 01 14 15    -9  -131 10252   280    30 -9999 -9999     0
2021 01 14 18   -34  -126 10252   290    10 -9999 -9999     0
2021 01 14 21   -74  -153 10263    60    10 -9999 -9999     0
2021 01 15 00   -97  -140 10296   350    10 -9999 -9999     0
2021 01 15 03   -52  -158 10308   180    20 -9999 -9999     0
2021 01 15 06   -33  -169 10294    10    20 -9999 -9999     0
2021 01 15 09   -52   -78 10326    60    10 -9999 -9999 -9999
2021 01 15 12   -65   -82 10358   190    10 -9999 -9999     7
2021 01 15 15   -70  -139 10362   290    20 -9999 -9999     7
2021 01 15 18   -78  -132 10358   280    30 -9999 -9999     0
2021 01 15 21  -100  -139 10379   320    10 -9999 -9999     0
2021 01 16 00  -133  -181 10413   310    10 -9999 -9999     0
2021 01 16 03   -92  -187 10439    40    20 -9999 -9999     0
2021 01 16 06   -66  -166 10425   270    20 -9999 -9999     0
2021 01 16 09   -64  -181 10447   310    30 -9999 -9999     0
2021 01 16 12   -92  -182 10496   280    20 -9999 -9999     0
2021 01 16 15  -119  -207 10486   260    20 -9999 -9999     0
2021 01 16 18  -118  -206 10454   230    10 -9999 -9999     0
2021 01 16 21  -108  -199 10403   270    70 -9999 -9999     0
2021 01 17 00   -96  -207 10384   260    70 -9999 -9999     0
2021 01 17 03   -33  -220 10356   260    90 -9999 -9999     0
2021 01 17 06    10  -253 10304   270    90 -9999 -9999     0
2021 01 17 09    25  -272 10283   270    50 -9999 -9999     0
2021 01 17 12    -5  -256 10290   280    30 -9999 -9999     0
2021 01 17 15   -17  -236 10271   280    40 -9999 -9999     0
2021 01 17 18   -22  -227 10256   300    10 -9999 -9999     0
2021 01 17 21   -40  -221 10251   210    20 -9999 -9999     0
2021 01 18 00  -115  -208 10278     0 -9999 -9999 -9999     0
2021 01 18 03    11  -200 10235   170    20 -9999 -9999     0
2021 01 18 06    75  -222 10170    90    20 -9999 -9999     0
2021 01 18 09    85  -214 10154   140    20 -9999 -9999     0
2021 01 18 12    -7  -183 10208    90    10 -9999 -9999     0
2021 01 18 15   -64  -156 10179   320    10 -9999 -9999     0
2021 01 18 18   -82  -159 10154   290    10 -9999 -9999     0
2021 01 18 21   -76  -155 10144   270    10 -9999 -9999     0
2021 01 19 00   -71  -131 10184   250    20 -9999 -9999     0
2021 01 19 03    -7  -193 10204   250    40 -9999 -9999     0
2021 01 19 06    25  -194 10186   260    40 -9999 -9999     0
2021 01 19 09    34  -194 10192   310    30 -9999 -9999     0
2021 01 19 12   -15  -185 10230   250    20 -9999 -9999     0
2021 01 19 15   -79  -151 10235    20    10 -9999 -9999     0
2021 01 19 18   -95  -173 10230    70    10 -9999 -9999     0
2021 01 19 21   -38  -192 10214   230    30 -9999 -9999     0
2021 01 20 00   -57  -194 10250   260    20 -9999 -9999     0
2021 01 20 03    -7  -165 10266   180    10 -9999 -9999     0
2021 01 20 06    37  -191 10229   300    30 -9999 -9999     0
2021 01 20 09    33  -188 10214   240    10 -9999 -9999     0
2021 01 20 12   -14  -152 10243     0 -9999 -9999 -9999     0
2021 01 20 15   -57  -140 10248    10    10 -9999 -9999     0
2021 01 20 18   -89  -150 10246   320    10 -9999 -9999     0
2021 01 20 21   -60  -171 10240   250    10 -9999 -9999     0
2021 01 21 00   -97  -160 10289   260    10 -9999 -9999     0
2021 01 21 03    18  -182 10278   280    30 -9999 -9999     0
2021 01 21 06    41  -195 10270   290    30 -9999 -9999     0
2021 01 21 09    41  -195 10267   270    30 -9999 -9999     0
2021 01 21 12   -31  -175 10307   280    10 -9999 -9999     0
2021 01 21 15   -76  -167 10285    70    10 -9999 -9999     0
2021 01 21 18   -95  -166 10271     0 -9999 -9999 -9999     0
2021 01 21 21  -110  -168 10253   100    10 -9999 -9999     0
2021 01 22 00  -121  -175 10277   320    10 -9999 -9999     0
2021 01 22 03     0  -172 10239   160    20 -9999 -9999     0
2021 01 22 06    76  -191 10175   160    20 -9999 -9999     0
2021 01 22 09    78  -181 10167   150    20 -9999 -9999     0
2021 01 22 12     7  -171 10206   130    10 -9999 -9999     0
2021 01 22 15   -28  -151 10183   250    10 -9999 -9999     0
2021 01 22 18    -5  -144 10146   200    20 -9999 -9999     0
2021 01 22 21   -10  -132 10137   180    20 -9999 -9999     0
2021 01 23 00   -51  -127 10178   140    20 -9999 -9999     0
2021 01 23 03    24  -115 10182   180    30 -9999 -9999     0
2021 01 23 06    76   -89 10142   170    30 -9999 -9999     0
2021 01 23 09    83   -91 10142   170    20 -9999 -9999     0
2021 01 23 12   -12   -96 10214   270    10 -9999 -9999     0
2021 01 23 15   -38  -104 10210   310    20 -9999 -9999     0
2021 01 23 18   -51   -97 10186    30    10 -9999 -9999     0
2021 01 23 21   -63  -102 10193   180    10 -9999 -9999     0
2021 01 24 00   -55   -99 10230   320    10 -9999 -9999     0
2021 01 24 03   -29   -98 10250   310    10 -9999 -9999     0
2021 01 24 06     7   -75 10223   330    10 -9999 -9999     0
2021 01 24 09     0   -92 10241   260    40 -9999 -9999     0
2021 01 24 12   -48   -68 10308   270    60 -9999 -9999     5
2021 01 24 15   -36   -64 10315   280    30 -9999 -9999    30
2021 01 24 18   -44   -65 10311   280    40 -9999 -9999    30
2021 01 24 21   -52   -84 10318   260    30 -9999 -9999     4
2021 01 25 00   -63  -107 10348   260    40 -9999 -9999     3
2021 01 25 03   -51  -110 10347   270    40 -9999 -9999     1
2021 01 25 06    -1   -93 10303   270    30 -9999 -9999     0
2021 01 25 09    12  -109 10293   260    30 -9999 -9999     0
2021 01 25 12   -26   -97 10324   260    20 -9999 -9999     0
2021 01 25 15   -67  -116 10344   320    20 -9999 -9999     0
2021 01 25 18   -86  -133 10324   360    10 -9999 -9999     0
2021 01 25 21   -78  -132 10312   230    20 -9999 -9999     0
2021 01 26 00  -121  -147 10334    20    10 -9999 -9999     0
2021 01 26 03   -22  -123 10320   260    20 -9999 -9999     0
2021 01 26 06    18  -128 10284   250    20 -9999 -9999     0
2021 01 26 09    10  -127 10271   300    10 -9999 -9999     0
2021 01 26 12   -36   -86 10314   130    10 -9999 -9999     0
2021 01 26 15   -81  -116 10293   330    10 -9999 -9999     0
2021 01 26 18   -62  -121 10264   210    20 -9999 -9999     0
2021 01 26 21   -51  -127 10251   250    40 -9999 -9999     0
2021 01 27 00   -43  -142 10276   260    30 -9999 -9999     0
2021 01 27 03    -8  -154 10317   290    40 -9999 -9999     0
2021 01 27 06    -2  -157 10305   280    70 -9999 -9999     0
2021 01 27 09   -20  -165 10325   280    70 -9999 -9999     0
2021 01 27 12   -50  -162 10357   270    40 -9999 -9999     0
2021 01 27 15   -71  -163 10357   250    20 -9999 -9999     0
2021 01 27 18   -98  -169 10358    20    10 -9999 -9999     0
2021 01 27 21  -110  -172 10367   250    10 -9999 -9999     0
2021 01 28 00  -137  -169 10385   100    20 -9999 -9999     0
2021 01 28 03   -41  -166 10368   250    50 -9999 -9999     0
2021 01 28 06    13  -152 10330   260    40 -9999 -9999     0
2021 01 28 09    20  -165 10317   270    40 -9999 -9999     0
2021 01 28 12   -29  -152 10342   240    10 -9999 -9999     0
2021 01 28 15   -89  -137 10329   280    10 -9999 -9999     0
2021 01 28 18   -98  -151 10301   130    10 -9999 -9999     0
2021 01 28 21   -53  -162 10272   270    20 -9999 -9999     0
2021 01 29 00   -62  -159 10294   260    20 -9999 -9999     0
2021 01 29 03    14  -160 10302   270    40 -9999 -9999     0
2021 01 29 06    47  -164 10277   270    60 -9999 -9999     0
2021 01 29 09    27  -159 10271   290    40 -9999 -9999     0
2021 01 29 12   -12  -154 10305   290    30 -9999 -9999     0
2021 01 29 15   -37  -153 10296   270    30 -9999 -9999     0
2021 01 29 18   -89  -157 10302     0 -9999 -9999 -9999     0
2021 01 29 21   -84  -158 10302   220    10 -9999 -9999     0
2021 01 30 00   -72  -163 10312   270    20 -9999 -9999     0
2021 01 30 03    -6  -160 10301   270    50 -9999 -9999     0
2021 01 30 06    42  -168 10275   300    40 -9999 -9999     0
2021 01 30 09    31  -177 10269   290    40 -9999 -9999     0
2021 01 30 12     6  -172 10282   260    40 -9999 -9999     0
2021 01 30 15   -24  -169 10272   260    40 -9999 -9999     0
2021 01 30 18   -39  -175 10257   250    40 -9999 -9999     0
2021 01 30 21   -72  -177 10260   140    10 -9999 -9999     0
2021 01 31 00   -54  -188 10265   260    20 -9999 -9999     0
2021 01 31 03     5  -182 10265   270    60 -9999 -9999     0
2021 01 31 06    38  -184 10231   270    60 -9999 -9999     0
2021 01 31 09    43  -201 10236   280    60 -9999 -9999     0
2021 01 31 12     1  -186 10260   260    30 -9999 -9999     0
2021 01 31 15   -26  -186 10257   250    40 -9999 -9999     0
2021 01 31 18   -34  -193 10247   270    30 -9999 -9999     0
2021 01 31 21   -41  -203 10236   260    40 -9999 -9999     0
2021 02 01 00   -57  -201 10266   300    20 -9999 -9999     0
2021 02 01 03   -16  -182 10292   360    30 -9999 -9999     0
2021 02 01 06    -5  -181 10292   360    30 -9999 -9999     0
2021 02 01 09    -9  -211 10305    10    30 -9999 -9999     0
2021 02 01 12   -67  -203 10351   350    10 -9999 -9999     0
2021 02 01 15   -91  -221 10353   100    20 -9999 -9999     0
2021 02 01 18  -125  -201 10355   360    10 -9999 -9999     0
2021 02 01 21  -154  -224 10352   340    10 -9999 -9999     0
2021 02 02 00  -165  -221 10375   340    10 -9999 -9999     0
2021 02 02 03   -45  -191 10339   110    10 -9999 -9999     0
2021 02 02 06    40  -176 10280    80    20 -9999 -9999     0
2021 02 02 09    65  -219 10261   280    30 -9999 -9999     0
2021 02 02 12    -3  -179 10294   270    30 -9999 -9999     0
2021 02 02 15   -27  -175 10263   260    20 -9999 -9999     0
2021 02 02 18   -19  -203 10240   310    20 -9999 -9999     0
2021 02 02 21   -26  -204 10253   270    50 -9999 -9999     0
2021 02 03 00   -79  -204 10324   300    10 -9999 -9999     0
2021 02 03 03    -8  -210 10333   360    30 -9999 -9999     0
2021 02 03 06    21  -211 10310   130    20 -9999 -9999     0
2021 02 03 09    27  -214 10305   110    10 -9999 -9999     0
2021 02 03 12   -40  -179 10350    30    10 -9999 -9999     0
2021 02 03 15   -86  -189 10343   340    10 -9999 -9999     0
2021 02 03 18   -88  -169 10327     0 -9999 -9999 -9999     0
2021 02 03 21   -77  -156 10311     0 -9999 -9999 -9999     0
2021 02 04 00   -70  -152 10328   360    10 -9999 -9999     0
2021 02 04 03    22  -179 10315   250    20 -9999 -9999     0
2021 02 04 06    65  -200 10279   300    30 -9999 -9999     0
2021 02 04 09    61  -194 10272   270    20 -9999 -9999     0
2021 02 04 12    11  -183 10299   270    10 -9999 -9999     0
2021 02 04 15     9  -184 10266   260    40 -9999 -9999     0
2021 02 04 18     5  -159 10258   270    30 -9999 -9999     0
2021 02 04 21    -5  -141 10249   270    40 -9999 -9999     0
2021 02 05 00   -19  -147 10253   270    60 -9999 -9999     0
2021 02 05 03    44  -149 10234   260    50 -9999 -9999     0
2021 02 05 06    84  -184 10195   280    60 -9999 -9999     0
2021 02 05 09    83  -168 10184   290    60 -9999 -9999     0
2021 02 05 12    46  -164 10212   270    50 -9999 -9999     0
2021 02 05 15    25  -160 10201   280    30 -9999 -9999     0
2021 02 05 18    15  -164 10186   260    40 -9999 -9999     0
2021 02 05 21    -3  -170 10186   230    20 -9999 -9999     0
2021 02 06 00    -3  -179 10212   240    20 -9999 -9999     0
2021 02 06 03    70  -187 10199   260    50 -9999 -9999     0
2021 02 06 06    89  -172 10191   260    50 -9999 -9999     0
2021 02 06 09    86  -183 10195   260    40 -9999 -9999     0
2021 02 06 12    41  -175 10232   280    30 -9999 -9999     0
2021 02 06 15   -11  -165 10249   260    10 -9999 -9999     0
2021 02 06 18   -61  -156 10265     0 -9999 -9999 -9999     0
2021 02 06 21   -55  -161 10266   290    10 -9999 -9999     0
2021 02 07 00   -90  -160 10310   320    10 -9999 -9999     0
2021 02 07 03    18  -157 10310   120    20 -9999 -9999     0
2021 02 07 06    57  -161 10295   110    20 -9999 -9999     0
2021 02 07 09    64  -162 10286    90    20 -9999 -9999     0
2021 02 07 12    10  -150 10329   100    20 -9999 -9999     0
2021 02 07 15   -43  -137 10313   340    10 -9999 -9999     0
2021 02 07 18   -53  -148 10298   300    10 -9999 -9999     0
2021 02 07 21   -74  -136 10294     0 -9999 -9999 -9999     0
2021 02 08 00   -78  -134 10312     0 -9999 -9999 -9999     0
2021 02 08 03    22  -124 10308   330    20 -9999 -9999     0
2021 02 08 06    90  -155 10265   260    30 -9999 -9999     0
2021 02 08 09    94  -168 10262   260    30 -9999 -9999     0
2021 02 08 12    20  -165 10296   250    10 -9999 -9999     0
2021 02 08 15   -47  -162 10286   350    10 -9999 -9999     0
2021 02 08 18   -65  -150 10262   230    10 -9999 -9999     0
2021 02 08 21   -88  -146 10254    10    10 -9999 -9999     0
2021 02 09 00  -102  -157 10286   280    10 -9999 -9999     0
2021 02 09 03    38  -130 10270   120    20 -9999 -9999     0
2021 02 09 06    83  -153 10235   140    20 -9999 -9999     0
2021 02 09 12    13  -161 10274   150    10 -9999 -9999     0
2021 02 09 15   -50  -154 10263   320    10 -9999 -9999     0
2021 02 09 18   -67  -152 10239     0 -9999 -9999 -9999     0
2021 02 09 21   -88  -154 10231     0 -9999 -9999 -9999     0
2021 02 10 00   -92  -155 10254    30    10 -9999 -9999     0
2021 02 10 03    52   -98 10225   110    10 -9999 -9999     0
2021 02 10 06   138   -94 10169   150    40 -9999 -9999     0
2021 02 10 09   144  -103 10154   160    40 -9999 -9999     0
2021 02 11 00    32  -140 10179   270    30 -9999 -9999     0
2021 02 13 12    45  -133 10207   290    10 -9999 -9999     0
2021 02 13 15    25  -118 10187     0 -9999 -9999 -9999     0
2021 02 13 18    -6  -105 10171   280    20 -9999 -9999     0
2021 02 13 21   -10  -126 10165   230    10 -9999 -9999     0
2021 02 14 00   -55  -127 10220   300    10 -9999 -9999     0
2021 02 14 03    47  -110 10205   120    20 -9999 -9999     0
2021 02 14 06    81  -113 10208   360    40 -9999 -9999     0
2021 02 14 09    52  -114 10239    10    40 -9999 -9999     0
2021 02 14 12   -13  -135 10309   350    20 -9999 -9999     0
2021 02 14 15   -41  -180 10309   340    10 -9999 -9999     0
2021 02 14 18   -70  -180 10308   310    10 -9999 -9999     0
2021 02 14 21  -109  -182 10312   310    10 -9999 -9999     0
2021 02 15 00  -120  -176 10323    20    10 -9999 -9999     0
2021 02 15 03    13  -136 10282   260    40 -9999 -9999     0
2021 02 15 06    62  -157 10238   290    40 -9999 -9999     0
2021 02 15 09    71  -195 10233   270    50 -9999 -9999     0
2021 02 15 12    25  -182 10265   270    40 -9999 -9999     0
2021 02 15 15     6  -182 10245   280    30 -9999 -9999     0
2021 02 15 18   -19  -180 10246   250    30 -9999 -9999     0
2021 02 15 21   -24  -172 10245   250    40 -9999 -9999     0
2021 02 16 00   -64  -181 10289   330    20 -9999 -9999     0
2021 02 16 03    -8  -158 10299    10    20 -9999 -9999     0
2021 02 16 06    41  -163 10281   360    20 -9999 -9999     0
2021 02 16 09    67  -160 10268    30    20 -9999 -9999     0
2021 02 16 12     0  -168 10321   300    10 -9999 -9999     0
2021 02 16 15   -43  -165 10329   310    10 -9999 -9999     0
2021 02 16 18   -80  -173 10327   310    10 -9999 -9999     0
2021 02 16 21   -95  -162 10320    20    10 -9999 -9999     0
2021 02 17 00  -105  -168 10352     0 -9999 -9999 -9999     0
2021 02 17 03    52  -159 10324   260    40 -9999 -9999     0
2021 02 17 06    85  -167 10311   310    30 -9999 -9999     0
2021 02 17 09    88  -173 10308   300    20 -9999 -9999     0
2021 02 17 12    36  -167 10341   270    20 -9999 -9999     0
2021 02 17 15   -31  -148 10321   250    10 -9999 -9999     0
2021 02 17 18   -71  -170 10315   330    10 -9999 -9999     0
2021 02 17 21   -74  -158 10307    30    10 -9999 -9999     0
2021 02 18 00   -58  -143 10324    60    10 -9999 -9999     0
2021 02 18 03    86  -137 10296   260    40 -9999 -9999     0
2021 02 18 06   114  -170 10279   290    40 -9999 -9999     0
2021 02 18 09   115  -169 10268   270    40 -9999 -9999     0
2021 02 18 12    46  -171 10290   280    10 -9999 -9999     0
2021 02 18 15     1  -176 10258   260    10 -9999 -9999     0
2021 02 18 18    17  -167 10234   250    40 -9999 -9999     0
2021 02 18 21    10  -168 10219   250    40 -9999 -9999     0
2021 02 19 00     5  -177 10243   290    30 -9999 -9999     0
2021 02 19 03    75  -175 10244   270    60 -9999 -9999     0
2021 02 19 06   127  -194 10203   290    50 -9999 -9999     0
2021 02 19 09   124  -184 10195   290    60 -9999 -9999     0
2021 02 20 15    85  -215 10104   257    17 -9999 -9999 -9999
2021 02 20 18    80  -207 10096   251    37 -9999 -9999 -9999
2021 02 20 21    55  -227 10101   269    40 -9999 -9999 -9999
2021 02 21 00    50  -231 10142   266    30 -9999 -9999 -9999
2021 02 21 06   162  -154 10128   270    34 -9999 -9999 -9999
2021 02 21 12   107  -113 10167   291    22 -9999 -9999 -9999
2021 02 21 15    50  -116 10188   278     9 -9999 -9999 -9999
2021 02 21 18    -5  -107 10197   345    10 -9999 -9999 -9999
2021 02 21 21   -15  -125 10204   213     3 -9999 -9999 -9999
2021 02 22 00   -35  -118 10250   329     4 -9999 -9999 -9999
2021 02 22 03    89  -117 10234   120    20 -9999 -9999     0
2021 02 22 06   130  -108 10211   100    30 -9999 -9999     0
2021 02 22 09   141  -121 10189   160    30 -9999 -9999     0
2021 02 22 12   109  -118 10205   140    10 -9999 -9999     0
2021 02 22 15    38  -118 10206   240    10 -9999 -9999     0
2021 02 22 18     2  -121 10188   340    20 -9999 -9999     0
2021 02 22 21    -7  -120 10171   310    10 -9999 -9999     0
2021 02 23 00   -19  -120 10182   270    20 -9999 -9999     0
2021 02 23 03    83  -111 10166   160    10 -9999 -9999     0
2021 02 23 06   140   -99 10130   340    20 -9999 -9999     0
2021 02 23 09   144  -103 10110    30    20 -9999 -9999     0
2021 02 23 12    99  -108 10153    40    20 -9999 -9999     0
2021 02 23 15    73   -96 10151   360    10 -9999 -9999     0
2021 02 23 18    61   -82 10131    10    10 -9999 -9999     0
2021 02 23 21    44   -77 10118   350    10 -9999 -9999     0
2021 02 24 00    32   -85 10140     0 -9999 -9999 -9999     0
2021 02 24 03    49   -55 10151   150    10 -9999 -9999     0
2021 02 24 06    51    34 10139    90    10 -9999 -9999    10
2021 02 24 09    49    34 10149    90    10 -9999 -9999    40
2021 02 24 12    33    23 10193    50    20 -9999 -9999    50
2021 02 24 15    31    19 10207   160    20 -9999 -9999    20
2021 02 24 18    15     6 10219   330    10 -9999 -9999     2
2021 02 24 21     3    -1 10221   310    10 -9999 -9999     0
2021 02 25 00    -1    -4 10234    90    10 -9999 -9999     0
2021 02 25 03    10     7 10242   130    20 -9999 -9999     0
2021 02 25 06    55    18 10210   100    10 -9999 -9999     0
2021 02 25 09    76   -14 10197   110    20 -9999 -9999     0
2021 02 25 12    53   -16 10209   100    20 -9999 -9999     0
2021 02 25 15    26    -8 10217    90    10 -9999 -9999     0
2021 02 25 18    23    -5 10196   120    10 -9999 -9999     0
2021 02 25 21    16   -18 10172   140    30 -9999 -9999     0
2021 02 26 00    21   -15 10179   150    30 -9999 -9999     0
2021 02 26 03    42   -18 10180   160    50 -9999 -9999     0
2021 02 26 06    55   -12 10146   150    60 -9999 -9999     0
2021 02 26 09    52   -24 10137   160    50 -9999 -9999     0
2021 02 26 12    27   -22 10156   150    40 -9999 -9999     0
2021 02 26 15    12   -24 10162   170    60 -9999 -9999     0
2021 02 26 18     4   -25 10143   150    40 -9999 -9999     0
2021 02 26 21     3   -29 10123   180    60 -9999 -9999     0
2021 02 27 00     4   -26 10140   170    30 -9999 -9999     0
2021 02 27 03    24   -19 10162   190    30 -9999 -9999     0
2021 02 27 06    29   -84 10161   250    50 -9999 -9999     0
2021 02 27 09     9  -125 10177   270    50 -9999 -9999     0
2021 02 27 12   -17   -39 10226   270    30 -9999 -9999     4
2021 02 27 15   -18   -40 10241   270    20 -9999 -9999     8
2021 02 27 18   -16   -39 10230   310    10 -9999 -9999     4
2021 02 27 21   -22   -42 10225   350    20 -9999 -9999     0
2021 02 28 00   -22   -45 10240   360    40 -9999 -9999     0
2021 02 28 03   -17   -57 10256    20    30 -9999 -9999     0
2021 02 28 06   -27   -41 10254   340    40 -9999 -9999    10
2021 02 28 09   -35   -48 10282   330    30 -9999 -9999    50
2021 02 28 12   -31   -69 10315   340    30 -9999 -9999    60
2021 02 28 15   -35   -85 10349   300    20 -9999 -9999    30
2021 02 28 18   -48   -68 10354   270    30 -9999 -9999     0
2021 02 28 21   -60   -87 10360   270    40 -9999 -9999     0
2021 03 01 00   -69  -104 10371   260    40 -9999 -9999     0
2021 03 01 03   -25   -94 10361   270    50 -9999 -9999     0
2021 03 01 06    10   -75 10328   230    40 -9999 -9999     0
2021 03 01 09    34   -60 10304   260    30 -9999 -9999     0
2021 03 01 12     6   -65 10318   220    20 -9999 -9999     0
2021 03 01 15   -30   -65 10316    90    10 -9999 -9999     0
2021 03 01 18   -58   -75 10295    90    10 -9999 -9999     0
2021 03 01 21   -77   -92 10276   310    10 -9999 -9999     0
2021 03 02 00   -72   -86 10293     0 -9999 -9999 -9999     0
2021 03 02 03    42   -56 10269   150    20 -9999 -9999     0
2021 03 02 06    88   -40 10236   150    30 -9999 -9999     0
2021 03 02 09    96   -67 10231   250    20 -9999 -9999     0
2021 03 02 12    56   -40 10251   240    20 -9999 -9999     0
2021 03 02 15    33   -46 10233   250    30 -9999 -9999     0
2021 03 02 18    24   -70 10210   260    20 -9999 -9999     0
2021 03 02 21    11   -79 10196   255    23 -9999 -9999 -9999
2021 03 03 00     1   -81 10212   220    20 -9999 -9999     0
2021 03 03 03    71   -89 10193   210    20 -9999 -9999     0
2021 03 03 06   108  -119 10163   260    30 -9999 -9999     0
2021 03 03 09   124  -106 10150   260    30 -9999 -9999     0
2021 03 03 12    78   -63 10174   260    20 -9999 -9999     0
2021 03 03 15    44  -101 10178   280    30 -9999 -9999     0
2021 03 03 18   -10   -84 10182     0 -9999 -9999 -9999     0
2021 03 03 21   -36   -77 10177   210    10 -9999 -9999     0
2021 03 04 00   -39   -68 10190   350    10 -9999 -9999     0
2021 03 04 03    83  -116 10173   100    20 -9999 -9999     0
2021 03 04 06   122  -121 10150   120    20 -9999 -9999     0
2021 03 04 09   128   -84 10147   100    20 -9999 -9999     0
2021 03 04 12    96   -47 10178   250    10 -9999 -9999     0
2021 03 04 15    28   -31 10178   280    10 -9999 -9999     0
2021 03 04 18    15   -24 10176   110    10 -9999 -9999     0
2021 03 04 21    15  -100 10175   310    10 -9999 -9999     0
2021 03 05 00     1   -93 10209   250    10 -9999 -9999     0
2021 03 05 03    78  -100 10223   360    20 -9999 -9999     0
2021 03 05 06   125  -119 10199    10    30 -9999 -9999     0
2021 03 05 09   119  -131 10204    10    30 -9999 -9999     0
2021 03 05 12    77  -116 10253    10    30 -9999 -9999     0
2021 03 05 15    46  -107 10269   240    10 -9999 -9999     0
2021 03 05 18    10   -85 10275   290    10 -9999 -9999     0
2021 03 05 21   -22   -79 10278   340    10 -9999 -9999     0
2021 03 06 00   -16   -79 10304   300    10 -9999 -9999     0
2021 03 06 03    59   -84 10295   140    20 -9999 -9999     0
2021 03 06 06    90  -105 10270   140    20 -9999 -9999     0
2021 03 06 09   101   -90 10256    90    10 -9999 -9999     0
2021 03 06 12    78   -60 10269   140    20 -9999 -9999     0
2021 03 06 15    55   -36 10253   130    20 -9999 -9999     0
2021 03 06 18   -10   -47 10248   340    10 -9999 -9999     0
2021 03 06 21    -8   -27 10221   110    10 -9999 -9999     0
2021 03 07 00    21   -10 10223   140    20 -9999 -9999     0
2021 03 07 03    73    -4 10214   170    50 -9999 -9999     0
2021 03 07 06   106   -11 10194   170    40 -9999 -9999     0
2021 03 07 09   107   -14 10181   180    40 -9999 -9999     0
2021 03 07 12    72    -5 10199   130    20 -9999 -9999     0
2021 03 07 15    55   -12 10199   160    30 -9999 -9999     0
2021 03 07 18    50    -8 10177   170    40 -9999 -9999     0
2021 03 07 21    38    -2 10171   170    30 -9999 -9999     0
2021 03 08 00    32     1 10196   170    30 -9999 -9999     0
2021 03 08 03    95     7 10193   170    20 -9999 -9999     0
2021 03 08 06   136   -12 10165    80    20 -9999 -9999     0
2021 03 08 09   136   -20 10160    60    30 -9999 -9999     0
2021 03 08 12    96   -27 10190    80    10 -9999 -9999     0
2021 03 08 15    73    14 10194   180    30 -9999 -9999     0
2021 03 08 18    41    10 10199   160    30 -9999 -9999     0
2021 03 08 21    29     0 10196   160    20 -9999 -9999     0
2021 03 09 00    23    -5 10229   170    30 -9999 -9999     0
2021 03 09 03    82     0 10224   170    30 -9999 -9999     0
2021 03 09 06   145   -29 10188   150    30 -9999 -9999     0
2021 03 09 09   157   -54 10172   170    30 -9999 -9999     0
2021 03 09 12   107   -38 10210   150    20 -9999 -9999     0
2021 03 09 15    73   -24 10211   150    30 -9999 -9999     0
2021 03 09 18    55    -1 10196   170    30 -9999 -9999     0
2021 03 09 21    48    -2 10178   180    30 -9999 -9999     0
2021 03 10 00    46     0 10202   160    30 -9999 -9999     0
2021 03 10 03    78     5 10210   170    30 -9999 -9999     0
2021 03 10 06   102    -3 10191   170    50 -9999 -9999     0
2021 03 10 09   114     2 10182   180    40 -9999 -9999     0
2021 03 10 12    77     0 10206   180    40 -9999 -9999     0
2021 03 10 15    52    -6 10220   160    30 -9999 -9999     0
2021 03 10 18    38     0 10211   180    30 -9999 -9999     0
2021 03 10 21    32     2 10195   158    24 -9999 -9999 -9999
2021 03 11 00    28    -3 10214   150    20 -9999 -9999     0
2021 03 11 03    88    -2 10210   160    40 -9999 -9999     0
2021 03 11 06   158   -22 10159   140    40 -9999 -9999     0
2021 03 11 09   174   -51 10140   170    30 -9999 -9999     0
2021 03 11 12   124   -19 10171   170    30 -9999 -9999     0
2021 03 11 15    86     6 10170   210    40 -9999 -9999     0
2021 03 11 18    64    17 10161   220    20 -9999 -9999     0
2021 03 11 21    49     3 10156   220    20 -9999 -9999     0
2021 03 12 00    13     3 10205   300    10 -9999 -9999     0
2021 03 12 03   123   -16 10200    50    20 -9999 -9999     0
2021 03 12 06   170   -61 10178    70    20 -9999 -9999     0
2021 03 12 09   170   -82 10175   360    20 -9999 -9999     0
2021 03 12 12   103   -99 10227   330    10 -9999 -9999     0
2021 03 12 15    48   -83 10221     0 -9999 -9999 -9999     0
2021 03 12 18    11   -74 10202     0 -9999 -9999 -9999     0
2021 03 12 21    -9   -71 10176    50    10 -9999 -9999     0
2021 03 13 00    17   -54 10191   110    20 -9999 -9999     0
2021 03 13 03   129     0 10164   110    20 -9999 -9999     0
2021 03 13 06   194   -28 10109   160    50 -9999 -9999     0
2021 03 13 09   209   -36 10075   180    50 -9999 -9999     0
2021 03 13 12   164    -8 10075   160    30 -9999 -9999     0
2021 03 13 15   135    21 10054   170    30 -9999 -9999     0
2021 03 13 18   111    43 10042   170    50 -9999 -9999     0
2021 03 13 21   105   -29 10029   220    40 -9999 -9999     0
2021 03 14 00   100   -59 10054   260    30 -9999 -9999     0
2021 03 14 03   131   -50 10081   260    40 -9999 -9999     0
2021 03 14 06   153   -96 10057   270    40 -9999 -9999     0
2021 03 14 09   185  -114 10030   220    30 -9999 -9999     0
2021 03 14 12   105   -92 10064   230    10 -9999 -9999     0
2021 03 14 15    45   -93 10084     0 -9999 -9999 -9999     0
2021 03 14 18    30   -78 10087   320    10 -9999 -9999     0
2021 03 14 21    50   -96 10091   350    40 -9999 -9999     0
2021 03 15 00    17  -189 10174    10    30 -9999 -9999     0
2021 03 15 03    38  -160 10205    30    30 -9999 -9999     0
2021 03 15 06    71  -163 10181    10    30 -9999 -9999     0
2021 03 15 09    98  -164 10150    70    30 -9999 -9999     0
2021 03 15 12    77  -173 10176    80    20 -9999 -9999     0
2021 03 15 15    58  -167 10180    80    30 -9999 -9999     0
2021 03 15 18    41  -163 10180    80    20 -9999 -9999     0
2021 03 15 21    15  -174 10174   330    10 -9999 -9999     0
2021 03 16 00    16  -158 10188   350    10 -9999 -9999     0
2021 03 16 03    68  -166 10187   260    30 -9999 -9999     0
2021 03 16 06   103  -160 10157   230    20 -9999 -9999     0
2021 03 16 09   111  -173 10148   230    10 -9999 -9999     0
2021 03 16 12    84  -152 10168   360    10 -9999 -9999     0
2021 03 16 15    60  -166 10176   341    18 -9999 -9999 -9999
2021 03 16 18    55  -157 10148   354    16 -9999 -9999 -9999
2021 03 16 21    54  -131 10132   340    10 -9999 -9999     0
2021 03 17 00    56  -110 10141    20    10 -9999 -9999     0
2021 03 17 03    92   -37 10137    80    10 -9999 -9999     0
2021 03 17 06    86   -30 10134   300    20 -9999 -9999     0
2021 03 17 09    32    20 10158   270    40 -9999 -9999     6
2021 03 17 12    26    10 10180   270    40 -9999 -9999    30
2021 03 17 15    28     2 10176   250    10 -9999 -9999    30
2021 03 17 18    28     9 10182   270    20 -9999 -9999     1
2021 03 17 21    29     8 10181   330    10 -9999 -9999     0
2021 03 18 00    32    12 10195    90    10 -9999 -9999     0
2021 03 18 03    52    17 10190   120    10 -9999 -9999     0
2021 03 18 06    70    31 10168    30    20 -9999 -9999     0
2021 03 18 09    75    42 10161    50    20 -9999 -9999 -9999
2021 03 18 12    73    49 10166    80    20 -9999 -9999     0
2021 03 18 15    68    51 10178   340    10 -9999 -9999     0
2021 03 18 18    61    52 10169   320    10 -9999 -9999     1
2021 03 18 21    61    55 10155   320    10 -9999 -9999    20
2021 03 19 00    13     1 10194   270    60 -9999 -9999    50
2021 03 19 03    -1    -8 10241   320    40 -9999 -9999    90
2021 03 19 06     9   -18 10242   310    40 -9999 -9999    90
2021 03 19 09    24   -52 10241   330    40 -9999 -9999    50
2021 03 19 12     8   -26 10276   300    20 -9999 -9999     4
2021 03 19 15    11   -54 10302   320    10 -9999 -9999     0
2021 03 19 18    -8  -115 10298   310    10 -9999 -9999     0
2021 03 19 21   -32  -103 10297   250    10 -9999 -9999     0
2021 03 20 00   -34  -116 10316   260    10 -9999 -9999     0
2021 03 20 03    22  -153 10301    20    30 -9999 -9999     0
2021 03 20 06    43  -135 10287   280    30 -9999 -9999     0
2021 03 20 09    51  -119 10297   310    30 -9999 -9999     0
2021 03 20 12     9  -128 10340   350    40 -9999 -9999     0
2021 03 20 15   -20  -132 10356   270    10 -9999 -9999     0
2021 03 20 18   -47  -131 10364   330    10 -9999 -9999     0
2021 03 20 21   -66  -119 10362   200    10 -9999 -9999     0
2021 03 21 00   -41  -109 10380     0 -9999 -9999 -9999     0
2021 03 21 03     8  -185 10376   360    20 -9999 -9999     0
2021 03 21 06    30  -167 10352   280    20 -9999 -9999     0
2021 03 21 09    45  -129 10339    80    20 -9999 -9999     0
2021 03 21 12    12  -126 10348   280    10 -9999 -9999     0
2021 03 21 15   -31   -76 10345   350    10 -9999 -9999     0
2021 03 21 18   -55   -73 10338    30    10 -9999 -9999     0
2021 03 21 21   -62   -80 10321   350    10 -9999 -9999     0
2021 03 22 00   -43   -57 10323     0 -9999 -9999 -9999     0
2021 03 22 03    74   -86 10293   160    30 -9999 -9999     0
2021 03 22 06   126  -111 10258   200    20 -9999 -9999     0
2021 03 22 09   142   -78 10232   220    30 -9999 -9999     0
2021 03 22 12   102   -42 10234   170    30 -9999 -9999     0
2021 03 22 15    57   -36 10208   110    10 -9999 -9999     0
2021 03 22 18    58   -74 10172   170    10 -9999 -9999     0
2021 03 22 21    42   -70 10151   170    10 -9999 -9999     0
2021 03 23 00    47   -62 10158   170    30 -9999 -9999     0
2021 03 23 03   131   -45 10149   160    20 -9999 -9999     0
2021 03 23 06   187   -84 10106   240    20 -9999 -9999     0
2021 03 23 09   192   -72 10098   260    20 -9999 -9999     0
2021 03 23 12   126   -64 10131   310    10 -9999 -9999     0
2021 03 23 15    66   -48 10136   290    10 -9999 -9999     0
2021 03 23 18    61   -94 10132   320    20 -9999 -9999     0
2021 03 23 21    49   -96 10143   280    10 -9999 -9999     0
2021 03 24 00    35   -82 10187   320    10 -9999 -9999     0
2021 03 24 03   117  -118 10185    80    30 -9999 -9999     0
2021 03 24 06   162  -132 10148   130    40 -9999 -9999     0
2021 03 24 09   174  -123 10127   100    40 -9999 -9999     0
2021 03 24 12   123   -94 10151    80    10 -9999 -9999     0
2021 03 24 15    85   -50 10141    50    10 -9999 -9999     0
2021 03 24 18    44   -36 10132   290    10 -9999 -9999     0
2021 03 24 21    37   -19 10123     0 -9999 -9999 -9999     0
2021 03 25 00    75   -17 10136   149    13 -9999 -9999 -9999
2021 03 25 03   127   -27 10129   170    50 -9999 -9999     0
2021 03 25 06   145   -20 10114   170    50 -9999 -9999     0
2021 03 25 09   136    -8 10107   180    40 -9999 -9999     0
2021 03 25 12   109    -6 10122   190    40 -9999 -9999     0
2021 03 25 15   100    -2 10129   230    20 -9999 -9999     0
2021 03 25 18   107   -75 10120   340    30 -9999 -9999     0
2021 03 25 21    89   -82 10138   330    30 -9999 -9999     0
2021 03 26 00    93   -74 10161   270    20 -9999 -9999     0
2021 03 26 03   131   -76 10153   280    20 -9999 -9999     0
2021 03 26 06   164  -103 10113   290    30 -9999 -9999     0
2021 03 26 09   165  -120 10098   320    30 -9999 -9999     0
2021 03 26 12   115  -107 10123   350    10 -9999 -9999     0
2021 03 26 15    44   -71 10143   340    10 -9999 -9999     0
2021 03 26 18    10   -57 10133     0 -9999 -9999 -9999     0
2021 03 26 21   -16   -71 10126    50    10 -9999 -9999     0
2021 03 27 00    18   -58 10133     0 -9999 -9999 -9999     0
2021 03 27 03   161  -155 10111   260    50 -9999 -9999     0
2021 03 27 06   200  -153 10082   300    40 -9999 -9999     0
2021 03 27 09   203  -150 10075   280    50 -9999 -9999     0
2021 03 27 12   161  -144 10083   250    20 -9999 -9999     0
2021 03 27 15   115   -95 10073   290    10 -9999 -9999     0
2021 03 27 18    94   -82 10079   310    20 -9999 -9999     0
2021 03 27 21    56  -150 10097    30    20 -9999 -9999     0
2021 03 28 00    51  -143 10130    70    20 -9999 -9999     0
2021 03 28 03    86  -174 10133    80    30 -9999 -9999     0
2021 03 28 06   115  -180 10100    70    30 -9999 -9999     0
2021 03 28 09   116  -179 10093    80    40 -9999 -9999     0
2021 03 28 12    95  -143 10106    80    20 -9999 -9999     0
2021 03 28 15    86  -119 10123    74     9 -9999 -9999 -9999
2021 03 28 18    45   -83 10110     0 -9999 -9999 -9999     0
2021 03 28 21    11   -87 10099     0 -9999 -9999 -9999     0
2021 03 29 00    22   -85 10114   340    10 -9999 -9999     0
2021 03 29 03   106   -86 10082   130    20 -9999 -9999     0
2021 03 29 06   170   -75 10045    70    20 -9999 -9999     0
2021 03 29 09   183   -72 10034    90    30 -9999 -9999     0
2021 03 29 12   138   -75 10051    70    10 -9999 -9999     0
2021 03 29 15   108   -48 10051   100    30 -9999 -9999     0
2021 03 29 18    70   -33 10035   360    10 -9999 -9999     0
2021 03 29 21    48   -37 10040   300    20 -9999 -9999     0
2021 03 30 00    90     9 10062   270    10 -9999 -9999     0
2021 03 30 03   136    22 10064   170    20 -9999 -9999     0
2021 03 30 06   170    33 10042   130    20 -9999 -9999     0
2021 03 30 09   160    72 10043   130    40 -9999 -9999     0
2021 03 30 12   123    95 10058    60    10 -9999 -9999     3
2021 03 30 15    99    83 10067   340    40 -9999 -9999    20
2021 03 30 18    77    53 10056    10    30 -9999 -9999    20
2021 03 30 21    79    60 10046   250    20 -9999 -9999 -9999
2021 03 31 00    79    67 10073   240    30 -9999 -9999     0
2021 03 31 03    61    43 10109   270    30 -9999 -9999     0
2021 03 31 06    53    35 10117   260    40 -9999 -9999     4
2021 03 31 09    46    25 10126   270    30 -9999 -9999    20
2021 03 31 12    36    20 10146   260    30 -9999 -9999    40
2021 03 31 15    42    19 10161   250    30 -9999 -9999    30
2021 03 31 18    36    20 10168   310    10 -9999 -9999     3
2021 03 31 21    33    17 10172   280    20 -9999 -9999     0
2021 04 01 00    38    18 10194   240    10 -9999 -9999 -9999
2021 04 01 03    75    26 10193   260    20 -9999 -9999     0
2021 04 01 06   110    -5 10168   330    40 -9999 -9999     0
2021 04 01 09   112    -3 10155    10    30 -9999 -9999     0
2021 04 01 12    83    17 10169   330    10 -9999 -9999     0
2021 04 01 15    75    28 10184   120    10 -9999 -9999     0
2021 04 01 18    53    28 10181   330    10 -9999 -9999     0
2021 04 01 21    60    32 10179   330    20 -9999 -9999 -9999
2021 04 02 00    60    26 10212   340    20 -9999 -9999 -9999
2021 04 02 03    64    39 10229    20    20 -9999 -9999    30
2021 04 02 06    84    30 10219    10    30 -9999 -9999    30
2021 04 02 09    63    45 10218    30    30 -9999 -9999    30
2021 04 02 12    46    29 10244   100    30 -9999 -9999    30
2021 04 02 15    51    39 10261    10    10 -9999 -9999    10
2021 04 02 18    36    18 10254   330    10 -9999 -9999     7
2021 04 02 21    21    12 10268   320    10 -9999 -9999     1
2021 04 03 00    38   -14 10283    60    20 -9999 -9999     1
2021 04 03 03    66   -23 10275    90    30 -9999 -9999     0
2021 04 03 06   108   -79 10240    70    40 -9999 -9999     0
2021 04 03 09   113   -96 10220    90    40 -9999 -9999     0
2021 04 03 12    79   -70 10239    60    10 -9999 -9999     0
2021 04 03 15    58   -61 10252    90    10 -9999 -9999     0
2021 04 03 18    45   -21 10233   110    20 -9999 -9999     0
2021 04 03 21    45    -1 10227   140    10 -9999 -9999     0
2021 04 04 00    54    21 10245    30    10 -9999 -9999 -9999
2021 04 04 03    82    38 10240   110    30 -9999 -9999     3
2021 04 04 06    86    34 10222   130    30 -9999 -9999     3
2021 04 04 09    90    28 10206   140    30 -9999 -9999     0
2021 04 04 12    77    30 10218   170    30 -9999 -9999     0
2021 04 04 15    66    30 10219   170    20 -9999 -9999     1
2021 04 04 18    58    13 10199   150    20 -9999 -9999     2
2021 04 04 21    52    22 10171   160    30 -9999 -9999     1
2021 04 05 00    58    26 10168   170    40 -9999 -9999     0
2021 04 05 03   101    36 10156   190    40 -9999 -9999     0
2021 04 05 06   132    36 10129   150    40 -9999 -9999     0
2021 04 05 09   147    32 10114   170    30 -9999 -9999     0
2021 04 05 12   122    39 10140   160    20 -9999 -9999     0
2021 04 05 15    77    32 10175    90    20 -9999 -9999     0
2021 04 05 18    61    44 10186   210    20 -9999 -9999    10
2021 04 05 21    52    34 10191   100    10 -9999 -9999    20
2021 04 06 00    52    39 10222    10    10 -9999 -9999    10
2021 04 06 03    94    46 10244   340    10 -9999 -9999     0
2021 04 06 06   127    36 10232    10    40 -9999 -9999     0
2021 04 06 09   136     9 10222    20    30 -9999 -9999     0
2021 04 06 12   106    19 10250   360    20 -9999 -9999     0
2021 04 06 15    76    25 10261   320    10 -9999 -9999     0
2021 04 06 18    54    11 10251    10    10 -9999 -9999     0
2021 04 06 21    22     3 10249   310    10 -9999 -9999     0
2021 04 07 00    44    14 10263   340    10 -9999 -9999     0
2021 04 07 03   107    10 10255    80    20 -9999 -9999     0
2021 04 07 06   138   -30 10219   160    20 -9999 -9999     0
2021 04 07 09   146   -42 10198   100    20 -9999 -9999     0
2021 04 07 12   123   -27 10202    90    10 -9999 -9999     0
2021 04 07 15    86    -7 10205    70    10 -9999 -9999     0
2021 04 07 18    80    -2 10187   120    10 -9999 -9999     0
2021 04 07 21    62    -3 10179   300    20 -9999 -9999     0
2021 04 08 00    74     8 10197   360    10 -9999 -9999     0
2021 04 08 03   133    31 10196   180    40 -9999 -9999     0
2021 04 08 06   160    -3 10161   170    40 -9999 -9999     0
2021 04 08 09   115    66 10169    40    40 -9999 -9999 -9999
2021 04 08 12   101    64 10188    80    20 -9999 -9999 -9999
2021 04 08 15    85    63 10184   100    20 -9999 -9999     0
2021 04 08 18    77    60 10171     0 -9999 -9999 -9999     0
2021 04 08 21    73    59 10183    60    20 -9999 -9999     0
2021 04 09 00    73    54 10200   100    20 -9999 -9999     0
2021 04 09 03    91    65 10200   100    20 -9999 -9999     0
2021 04 09 06   135    52 10178   190    20 -9999 -9999     0
2021 04 09 09   132    41 10165   170    40 -9999 -9999     0
2021 04 09 12   101    45 10186   170    30 -9999 -9999     0
2021 04 09 15    78    37 10205   160    20 -9999 -9999     0
2021 04 09 18    75    34 10181   160    20 -9999 -9999     0
2021 04 09 21    65    33 10184   110    10 -9999 -9999     0
2021 04 10 00    77    37 10197   140    20 -9999 -9999     0
2021 04 10 03   138    36 10184   180    40 -9999 -9999     0
2021 04 10 06   147    32 10164   170    30 -9999 -9999     0
2021 04 10 09   143    37 10159   170    40 -9999 -9999     0
2021 04 10 12   103    44 10182   170    30 -9999 -9999     0
2021 04 10 15    95    57 10184   160    20 -9999 -9999     0
2021 04 10 18    83    58 10175   170    20 -9999 -9999     0
2021 04 10 21    82    60 10170   170    20 -9999 -9999 -9999
2021 04 11 00    85    66 10186   170    20 -9999 -9999     4
2021 04 11 03   119    68 10179   260    20 -9999 -9999     4
2021 04 11 06   116    67 10166   160    30 -9999 -9999     0
2021 04 11 09   144    60 10140   160    20 -9999 -9999     1
2021 04 11 12   124    53 10156   150    10 -9999 -9999     1
2021 04 11 15    95    57 10175   130    10 -9999 -9999     0
2021 04 11 18   102    46 10171   310    40 -9999 -9999     0
2021 04 11 21    75    50 10180   340    40 -9999 -9999     2
2021 04 12 00    60    28 10218   350    30 -9999 -9999     2
2021 04 12 03    83    -5 10237    10    30 -9999 -9999     0
2021 04 12 06   126   -21 10208    10    40 -9999 -9999     0
2021 04 12 09   127   -31 10205    10    40 -9999 -9999     0
2021 04 12 12    89   -54 10238    10    30 -9999 -9999     0
2021 04 12 15    50   -48 10262    20    10 -9999 -9999     0
2021 04 12 18    38   -51 10251    40    20 -9999 -9999     0
2021 04 12 21    27   -52 10253    40    20 -9999 -9999     0
2021 04 13 00    -7   -17 10293    50    10 -9999 -9999    20
2021 04 13 03     6   -16 10304   140    10 -9999 -9999    40
2021 04 13 06    69   -10 10271   310    20 -9999 -9999    20
2021 04 13 09    78   -14 10248   280    30 -9999 -9999     0
2021 04 13 12    54    -4 10278   280    30 -9999 -9999     0
2021 04 13 15    31    -5 10292   270    30 -9999 -9999     0
2021 04 13 18    24    -9 10258   250    20 -9999 -9999     0
2021 04 13 21    -9   -22 10245     0 -9999 -9999 -9999     0
2021 04 14 00    35    -9 10230   190    20 -9999 -9999     0
2021 04 14 03    86   -27 10206   200    40 -9999 -9999     0
2021 04 14 06   119    -9 10153   180    30 -9999 -9999     0
2021 04 14 09   138    11 10128   170    40 -9999 -9999     0
2021 04 14 12   107    28 10131   190    30 -9999 -9999     0
2021 04 14 15    87    27 10128   183    25 -9999 -9999 -9999
2021 04 14 18    78    23 10123   140    20 -9999 -9999     0
2021 04 14 21    94   -69 10112   280    50 -9999 -9999     0
2021 04 15 00   101   -85 10144   260    40 -9999 -9999     0
2021 04 15 03   115  -180 10182   300    80 -9999 -9999     0
2021 04 15 06   121  -186 10188   310    60 -9999 -9999     0
2021 04 15 09   119  -188 10171   290    50 -9999 -9999     0
2021 04 15 12    83  -177 10178   290    20 -9999 -9999     0
2021 04 15 15    45  -143 10187   250    20 -9999 -9999     0
2021 04 15 18    27  -127 10180   150    20 -9999 -9999     0
2021 04 15 21    35  -116 10180   260    30 -9999 -9999     0
2021 04 16 00    81  -123 10191   280    30 -9999 -9999     0
2021 04 16 03   116  -150 10225   350    50 -9999 -9999     0
2021 04 16 06   130  -122 10228   360    40 -9999 -9999     0
2021 04 16 09   126  -151 10228   340    40 -9999 -9999     0
2021 04 16 12    76  -128 10244    20    20 -9999 -9999     0
2021 04 16 15    36  -141 10267   260    10 -9999 -9999     0
2021 04 16 18   -15  -106 10275   350    10 -9999 -9999     0
2021 04 16 21    -9  -100 10273    80    10 -9999 -9999     0
2021 04 17 00    16  -102 10292   120    20 -9999 -9999     0
2021 04 17 03    96  -129 10272   120    30 -9999 -9999     0
2021 04 17 06   146  -135 10235   110    30 -9999 -9999     0
2021 04 17 09   150  -106 10205   180    40 -9999 -9999     0
2021 04 17 12   113    -5 10214   180    20 -9999 -9999     0
2021 04 17 15    91   -16 10197   160    20 -9999 -9999     0
2021 04 17 18    33   -13 10185   280    10 -9999 -9999     0
2021 04 17 21    15   -17 10172    10    10 -9999 -9999     0
2021 04 18 00    87   -41 10161   130    20 -9999 -9999     0
2021 04 18 03   163   -13 10145   150    20 -9999 -9999     0
2021 04 18 06   202     6 10122   340    20 -9999 -9999     0
2021 04 18 09   220    22 10094   230    20 -9999 -9999     0
2021 04 18 12   172    -1 10099   340    10 -9999 -9999     0
2021 04 18 15   126   -59 10105   320    20 -9999 -9999     0
2021 04 18 18    89   -33 10108   310    10 -9999 -9999     0
2021 04 18 21    67   -38 10101   260    10 -9999 -9999     0
2021 04 19 00    94   -32 10116   260    10 -9999 -9999     0
2021 04 19 03   178    17 10109   100    20 -9999 -9999     0
2021 04 19 06   217    24 10082   220    10 -9999 -9999     0
2021 04 19 09   205   -19 10079    30    20 -9999 -9999     0
2021 04 19 12   173   -80 10103   340    10 -9999 -9999     0
2021 04 19 15   149   -12 10096   280    10 -9999 -9999     0
2021 04 19 18   142    36 10086   160    20 -9999 -9999     0
2021 04 19 21   106    45 10091   330    10 -9999 -9999     0
2021 04 20 00   125    37 10105   210    10 -9999 -9999     0
2021 04 20 03   189    50 10093   140    30 -9999 -9999     0
2021 04 20 06   210     2 10060   120    30 -9999 -9999     0
2021 04 20 09   205     4 10060   220    30 -9999 -9999     0
2021 04 20 12   174    47 10082   240    20 -9999 -9999     0
2021 04 20 15   152    49 10088   190    20 -9999 -9999     0
2021 04 20 18   138    57 10083   180    20 -9999 -9999     0
2021 04 20 21   126    69 10077   120    20 -9999 -9999 -9999
