2021 01 01 00  -237  -293 10289   260    10 -9999 -9999 -9999
2021 01 01 03  -174  -284 10290   263    11 -9999 -9999 -9999
2021 01 01 06  -160  -265 10288   264    19 -9999 -9999 -9999
2021 01 01 09  -190  -267 10299   291     6 -9999 -9999 -9999
2021 01 01 12  -219  -264 10307   255     9 -9999 -9999 -9999
2021 01 01 18  -212  -261 10310   166    22 -9999 -9999 -9999
2021 01 01 21  -244  -297 10310   360     1 -9999 -9999 -9999
2021 01 02 00  -210  -253 10314   188    18 -9999 -9999 -9999
2021 01 02 03  -194  -243 10314   249    32 -9999 -9999 -9999
2021 01 02 06  -179  -254 10309   252    32 -9999 -9999 -9999
2021 01 02 09  -177  -246 10323   245    23 -9999 -9999 -9999
2021 01 02 12  -174  -252 10318   233    28 -9999 -9999 -9999
2021 01 02 18  -212  -261 10317   264    30 -9999 -9999 -9999
2021 01 02 21  -219  -263 10317   270    26 -9999 -9999 -9999
2021 01 03 00  -220  -263 10324   270    25 -9999 -9999 -9999
2021 01 03 03  -174  -232 10328   281    36 -9999 -9999 -9999
2021 01 03 06  -147  -214 10317   276    36 -9999 -9999 -9999
2021 01 03 09  -154  -228 10322   231    23 -9999 -9999 -9999
2021 01 03 12  -189  -232 10326   267    31 -9999 -9999 -9999
2021 01 03 18  -209  -267 10324   264    26 -9999 -9999 -9999
2021 01 03 21  -215  -273 10321   261    24 -9999 -9999 -9999
2021 01 04 00  -209  -271 10325   254    27 -9999 -9999 -9999
2021 01 04 03  -182  -259 10325   254    32 -9999 -9999 -9999
2021 01 04 06  -159  -242 10314   270    40 -9999 -9999 -9999
2021 01 04 09  -183  -254 10324   266    18 -9999 -9999 -9999
2021 01 04 12  -194  -252 10326   265    15 -9999 -9999 -9999
2021 01 04 18  -232  -292 10332   268    21 -9999 -9999 -9999
2021 01 04 21  -242  -300 10334   262    16 -9999 -9999 -9999
2021 01 05 00  -247  -301 10348   263    19 -9999 -9999 -9999
2021 01 05 03  -199  -270 10348   266    37 -9999 -9999 -9999
2021 01 05 06  -172  -254 10331   229    26 -9999 -9999 -9999
2021 01 05 09  -183  -250 10329   226    19 -9999 -9999 -9999
2021 01 05 12  -178  -260 10316   239    30 -9999 -9999 -9999
2021 01 05 18  -194  -254 10277   246    22 -9999 -9999 -9999
2021 01 05 21  -214  -253 10255   266    24 -9999 -9999 -9999
2021 01 06 00  -219  -263 10250   267    29 -9999 -9999 -9999
2021 01 06 03  -184  -216 10243   344    36 -9999 -9999 -9999
2021 01 06 06  -179  -210 10242   332    57 -9999 -9999 -9999
2021 01 06 09  -187  -210 10259   348    43 -9999 -9999 -9999
2021 01 06 12  -209  -239 10278   339    28 -9999 -9999 -9999
2021 01 06 18  -249  -311 10284   275    20 -9999 -9999 -9999
2021 01 06 21  -262  -324 10279   286    24 -9999 -9999 -9999
2021 01 07 00  -277  -340 10288   278    21 -9999 -9999 -9999
2021 01 07 03  -244  -324 10286   300    40 -9999 -9999 -9999
2021 01 07 06  -224  -308 10278   279    36 -9999 -9999 -9999
2021 01 07 09  -230  -318 10280   247    36 -9999 -9999 -9999
2021 01 07 12  -242  -313 10276   201    16 -9999 -9999 -9999
2021 01 07 18  -270  -334 10254   264    27 -9999 -9999 -9999
2021 01 07 21  -280  -338 10245   270    13 -9999 -9999 -9999
2021 01 08 00  -272  -326 10250   245    14 -9999 -9999 -9999
2021 01 08 03  -227  -299 10242   252    30 -9999 -9999 -9999
2021 01 08 06  -195  -275 10232   260    40 -9999 -9999     0
2021 01 08 09  -192  -264 10227   230    20 -9999 -9999     0
2021 01 08 12  -204  -265 10224   190    30 -9999 -9999     0
2021 01 08 18  -234  -285 10221   270    30 -9999 -9999     0
2021 01 08 21  -235  -284 10221   312    15 -9999 -9999 -9999
2021 01 09 00  -239  -282 10232   260    18 -9999 -9999 -9999
2021 01 09 03  -179  -254 10233   249    19 -9999 -9999 -9999
2021 01 09 06  -152  -220 10225   249    39 -9999 -9999 -9999
2021 01 09 09  -150  -202 10230   197    22 -9999 -9999 -9999
2021 01 09 12  -159  -208 10230   200    20 -9999 -9999 -9999
2021 01 09 18  -183  -221 10235   241     9 -9999 -9999 -9999
2021 01 09 21  -200  -225 10239   258    12 -9999 -9999 -9999
2021 01 10 00  -219  -239 10259   331     5 -9999 -9999 -9999
2021 01 10 03  -160  -221 10272   282    15 -9999 -9999 -9999
2021 01 10 06  -122  -208 10270   256    38 -9999 -9999 -9999
2021 01 10 09  -125  -195 10277   245    35 -9999 -9999 -9999
2021 01 10 12  -137  -192 10280   210    19 -9999 -9999 -9999
2021 01 10 18  -154  -202 10269   245    17 -9999 -9999 -9999
2021 01 10 21  -147  -195 10250   233    29 -9999 -9999 -9999
2021 01 11 00  -157  -192 10243   205    18 -9999 -9999 -9999
2021 01 11 03  -132  -182 10231   252    40 -9999 -9999 -9999
2021 01 11 06   -99  -160 10200   249    34 -9999 -9999 -9999
2021 01 11 09  -107  -170 10193   239    31 -9999 -9999 -9999
2021 01 11 12  -114  -171 10188   253    48 -9999 -9999 -9999
2021 01 11 18  -150  -185 10148   190    14 -9999 -9999 -9999
2021 01 11 21  -162  -189 10120   159    18 -9999 -9999 -9999
2021 01 12 00  -145  -174 10099   163    28 -9999 -9999 -9999
2021 01 12 03   -97  -118 10079   178    29 -9999 -9999 -9999
2021 01 12 06   -72  -108 10054   230    35 -9999 -9999 -9999
2021 01 12 09   -72  -102 10053   196    19 -9999 -9999 -9999
2021 01 12 12  -112  -132 10066   276    18 -9999 -9999 -9999
2021 01 12 18  -160  -197 10084   259    16 -9999 -9999 -9999
2021 01 12 21  -189  -219 10096   320    19 -9999 -9999 -9999
2021 01 13 00  -204  -216 10125   304     9 -9999 -9999 -9999
2021 01 13 03  -155  -192 10142   291    34 -9999 -9999 -9999
2021 01 13 06  -115  -182 10143   253    37 -9999 -9999 -9999
2021 01 13 09  -117  -180 10167   239    33 -9999 -9999 -9999
2021 01 13 12  -134  -221 10195   301    41 -9999 -9999 -9999
2021 01 13 18  -187  -253 10229   279    19 -9999 -9999 -9999
2021 01 13 21  -197  -252 10246   267    22 -9999 -9999 -9999
2021 01 14 00  -194  -247 10267   245    17 -9999 -9999 -9999
2021 01 14 03  -145  -244 10260   135    17 -9999 -9999 -9999
2021 01 14 06  -134  -219 10243   171    26 -9999 -9999 -9999
2021 01 14 09  -137  -161 10245    90    13 -9999 -9999 -9999
2021 01 14 12  -140  -157 10239    92    23 -9999 -9999 -9999
2021 01 14 18  -147  -163 10217    77    27 -9999 -9999 -9999
2021 01 14 21  -160  -175 10224    65    37 -9999 -9999 -9999
2021 01 15 00  -162  -180 10246    23    36 -9999 -9999 -9999
2021 01 15 03  -155  -204 10259    12    51 -9999 -9999 -9999
2021 01 15 06  -142  -208 10264   359    32 -9999 -9999 -9999
2021 01 15 09  -172  -216 10289   320    22 -9999 -9999 -9999
2021 01 15 12  -190  -232 10299   291    21 -9999 -9999 -9999
2021 01 15 18  -223  -254 10301   258    16 -9999 -9999 -9999
2021 01 15 21  -232  -270 10299   254    11 -9999 -9999 -9999
2021 01 16 00  -250  -284 10306   262    15 -9999 -9999 -9999
2021 01 16 03  -214  -268 10308   249    28 -9999 -9999 -9999
2021 01 16 06  -182  -249 10297   259    30 -9999 -9999 -9999
2021 01 16 09  -179  -248 10300   244    31 -9999 -9999 -9999
2021 01 16 12  -182  -241 10290   210    20 -9999 -9999 -9999
2021 01 16 18  -189  -242 10265   259    29 -9999 -9999 -9999
2021 01 16 21  -180  -238 10241   256    33 -9999 -9999 -9999
2021 01 17 00  -189  -246 10226   219    34 -9999 -9999 -9999
2021 01 17 03  -159  -231 10205   240    40 -9999 -9999 -9999
2021 01 17 06  -135  -220 10174   242    38 -9999 -9999 -9999
2021 01 17 09  -135  -211 10180   251    38 -9999 -9999 -9999
2021 01 17 12  -152  -216 10179   276    26 -9999 -9999 -9999
2021 01 17 18  -197  -271 10187   305    45 -9999 -9999 -9999
2021 01 17 21  -214  -281 10206   327    42 -9999 -9999 -9999
2021 01 18 00  -248  -284 10245   343    17 -9999 -9999 -9999
2021 01 18 03  -207  -248 10278   331    32 -9999 -9999 -9999
2021 01 18 06  -187  -266 10291   315    42 -9999 -9999 -9999
2021 01 18 09  -204  -270 10308   265    15 -9999 -9999 -9999
2021 01 18 12  -202  -276 10325   222    24 -9999 -9999 -9999
2021 01 18 18  -238  -313 10330   271    10 -9999 -9999 -9999
2021 01 18 21  -234  -301 10326   184    18 -9999 -9999 -9999
2021 01 19 00  -209  -265 10328   198    28 -9999 -9999 -9999
2021 01 19 03  -169  -247 10322   226    44 -9999 -9999 -9999
2021 01 19 06  -137  -251 10292   202    38 -9999 -9999 -9999
2021 01 19 09  -149  -242 10292   184    27 -9999 -9999 -9999
2021 01 19 12  -159  -237 10285   173    38 -9999 -9999 -9999
2021 01 19 18  -150  -216 10254   167    32 -9999 -9999 -9999
2021 01 19 21   -95  -133 10225   179    26 -9999 -9999 -9999
2021 01 20 00   -60   -75 10199   224    44 -9999 -9999 -9999
2021 01 20 03   -32   -42 10175   231    48 -9999 -9999 -9999
2021 01 20 06   -14   -24 10157   244    60 -9999 -9999 -9999
2021 01 20 09   -10   -19 10167   244    55 -9999 -9999 -9999
2021 01 20 12   -12   -20 10196   242    54 -9999 -9999 -9999
2021 01 20 18   -92   -92 10237   360     1 -9999 -9999 -9999
2021 01 20 21  -101  -104 10237   140    10 -9999 -9999     0
2021 01 21 00   -72   -72 10231   100    10 -9999 -9999     0
2021 01 21 03   -41   -41 10220   110    10 -9999 -9999     0
2021 01 21 06   -32   -32 10204   260    10 -9999 -9999     0
2021 01 21 09   -58   -58 10217   320    20 -9999 -9999     0
2021 01 21 12   -63   -63 10230   360    10 -9999 -9999     0
2021 01 21 18  -142  -169 10267    60    10 -9999 -9999     0
2021 01 21 21  -162  -183 10283    40    20 -9999 -9999     0
2021 01 22 00  -184  -194 10301    37     7 -9999 -9999 -9999
2021 01 22 03  -115  -152 10303   345     9 -9999 -9999 -9999
2021 01 22 06   -77  -140 10286   338    13 -9999 -9999 -9999
2021 01 22 09   -87  -144 10286   164    11 -9999 -9999 -9999
2021 01 22 12   -92  -141 10280   138    21 -9999 -9999 -9999
2021 01 22 18  -179  -207 10271   148     7 -9999 -9999 -9999
2021 01 22 21  -115  -181 10254   166    20 -9999 -9999 -9999
2021 01 23 00  -112  -192 10255   148    24 -9999 -9999 -9999
2021 01 23 03   -72  -154 10253   158    21 -9999 -9999 -9999
2021 01 23 06   -40  -120 10236   261    15 -9999 -9999 -9999
2021 01 23 09   -59  -109 10234   164    12 -9999 -9999 -9999
2021 01 23 12   -75  -122 10237   168    23 -9999 -9999 -9999
2021 01 23 18   -69   -99 10243   189    13 -9999 -9999 -9999
2021 01 23 21   -85  -106 10244   184    26 -9999 -9999 -9999
2021 01 24 00   -77   -99 10259   188    17 -9999 -9999 -9999
2021 01 24 03   -40   -80 10269   234    23 -9999 -9999 -9999
2021 01 24 06   -15   -75 10261   256    18 -9999 -9999 -9999
2021 01 24 09   -30   -64 10278   192     9 -9999 -9999 -9999
2021 01 24 12   -95  -101 10296   335     6 -9999 -9999 -9999
2021 01 24 18  -127  -136 10310    20    10 -9999 -9999     0
2021 01 24 21  -148  -157 10305    30    20 -9999 -9999     0
2021 01 25 00  -162  -174 10299    37    10 -9999 -9999 -9999
2021 01 25 03  -145  -154 10286     7    18 -9999 -9999 -9999
2021 01 25 06  -130  -143 10254   358    21 -9999 -9999 -9999
2021 01 25 09  -129  -143 10250   312     9 -9999 -9999 -9999
2021 01 25 12  -130  -143 10235   255    22 -9999 -9999    13
2021 01 25 18  -140  -150 10225   252    40 -9999 -9999     5
2021 01 25 21  -145  -157 10208   199    25 -9999 -9999 -9999
2021 01 26 00  -142  -152 10209   206    21 -9999 -9999 -9999
2021 01 26 03   -97  -133 10202   217    31 -9999 -9999 -9999
2021 01 26 06   -67  -126 10193   276    33 -9999 -9999 -9999
2021 01 26 09   -87  -132 10210   290    24 -9999 -9999 -9999
2021 01 26 12  -117  -186 10227   263    23 -9999 -9999 -9999
2021 01 26 18  -164  -234 10258   272    23 -9999 -9999 -9999
2021 01 26 21  -162  -245 10249   267    32 -9999 -9999 -9999
2021 01 27 00  -164  -232 10267   262    40 -9999 -9999 -9999
2021 01 27 03  -124  -212 10263   262    32 -9999 -9999 -9999
2021 01 27 06   -97  -206 10233   319    19 -9999 -9999 -9999
2021 01 27 09  -107  -196 10233   222    24 -9999 -9999 -9999
2021 01 27 12  -105  -197 10224   267    20 -9999 -9999 -9999
2021 01 27 18  -152  -158 10210   316    32 -9999 -9999 -9999
2021 01 27 21  -193  -253 10199   327    34 -9999 -9999 -9999
2021 01 28 00  -218  -270 10218   333    24 -9999 -9999 -9999
2021 01 28 03  -170  -250 10233   340    30 -9999 -9999 -9999
2021 01 28 06  -150  -249 10231   311    42 -9999 -9999 -9999
2021 01 28 09  -167  -250 10246   303    39 -9999 -9999 -9999
2021 01 28 12  -199  -279 10258   294    31 -9999 -9999 -9999
2021 01 28 18  -234  -298 10255   278    20 -9999 -9999 -9999
2021 01 28 21  -250  -314 10263   284    26 -9999 -9999 -9999
2021 01 29 00  -259  -312 10271   310     7 -9999 -9999 -9999
2021 01 29 03  -199  -291 10268   188    23 -9999 -9999 -9999
2021 01 29 06  -174  -266 10238   190    43 -9999 -9999 -9999
2021 01 29 09  -160  -235 10213   175    41 -9999 -9999 -9999
2021 01 29 12  -155  -219 10182   174    47 -9999 -9999 -9999
2021 01 29 18  -145  -173 10186   280    36 -9999 -9999 -9999
2021 01 29 21  -178  -206 10219   323    42 -9999 -9999 -9999
2021 01 30 00  -224  -244 10270   315    32 -9999 -9999 -9999
2021 01 30 03  -199  -226 10303   323    36 -9999 -9999 -9999
2021 01 30 06  -172  -221 10305   332    16 -9999 -9999 -9999
2021 01 30 09  -184  -226 10314    95    11 -9999 -9999 -9999
2021 01 30 12  -195  -218 10324   179    14 -9999 -9999 -9999
2021 01 30 18  -210  -231 10311   135    27 -9999 -9999 -9999
2021 01 30 21  -193  -219 10287   126    22 -9999 -9999 -9999
2021 01 31 00  -182  -211 10264   136    35 -9999 -9999 -9999
2021 01 31 03  -135  -189 10235   137    36 -9999 -9999 -9999
2021 01 31 06  -112  -128 10195   132    26 -9999 -9999 -9999
2021 01 31 09  -100  -116 10166   116    28 -9999 -9999 -9999
2021 01 31 12   -94  -103 10148   352    10 -9999 -9999 -9999
2021 01 31 18  -152  -166 10151   343    38 -9999 -9999     7
2021 01 31 21  -184  -202 10178   329    42 -9999 -9999     6
2021 02 01 00  -208  -225 10206   325    47 -9999 -9999     6
2021 02 01 03  -184  -216 10234   332    41 -9999 -9999 -9999
2021 02 01 06  -160  -202 10233   308    47 -9999 -9999 -9999
2021 02 01 09  -174  -198 10258   295    22 -9999 -9999 -9999
2021 02 01 12  -192  -206 10270   266    16 -9999 -9999 -9999
2021 02 01 18  -229  -287 10271   302    35 -9999 -9999 -9999
2021 02 01 21  -234  -293 10267   288    33 -9999 -9999 -9999
2021 02 02 00  -213  -270 10263   276    28 -9999 -9999 -9999
2021 02 02 03  -173  -267 10257   304    53 -9999 -9999 -9999
2021 02 02 06  -160  -260 10244   307    61 -9999 -9999 -9999
2021 02 02 09  -170  -249 10242   271    26 -9999 -9999 -9999
2021 02 02 12  -188  -276 10246   276    25 -9999 -9999 -9999
2021 02 02 18  -222  -303 10247   265    25 -9999 -9999 -9999
2021 02 02 21  -230  -301 10244   265    24 -9999 -9999 -9999
2021 02 03 00  -219  -290 10244   261    23 -9999 -9999 -9999
2021 02 03 03  -184  -257 10240   265    33 -9999 -9999 -9999
2021 02 03 06  -145  -237 10226   282    28 -9999 -9999 -9999
2021 02 03 09  -155  -248 10223   281     9 -9999 -9999 -9999
2021 02 03 12  -170  -270 10233   301    39 -9999 -9999 -9999
2021 02 03 18  -215  -289 10243   281    19 -9999 -9999 -9999
2021 02 03 21  -209  -286 10242   249    14 -9999 -9999 -9999
2021 02 04 00  -187  -264 10248   189    19 -9999 -9999 -9999
2021 02 04 03  -142  -205 10234   177    24 -9999 -9999 -9999
2021 02 04 06  -107  -206 10203   149    28 -9999 -9999 -9999
2021 02 04 09  -112  -191 10192   136    31 -9999 -9999 -9999
2021 02 04 12  -127  -198 10183   139    28 -9999 -9999 -9999
2021 02 04 18  -104  -113 10114   174    38 -9999 -9999 -9999
2021 02 04 21   -97  -106 10088   200    29 -9999 -9999 -9999
2021 02 05 00   -94  -109 10088   237    37 -9999 -9999 -9999
2021 02 05 03   -70  -104 10092   265    36 -9999 -9999 -9999
2021 02 05 06   -44   -89 10088   250    21 -9999 -9999 -9999
2021 02 05 09   -64   -99 10101   302    14 -9999 -9999 -9999
2021 02 05 12   -97  -111 10116   360     2 -9999 -9999 -9999
2021 02 05 18  -102  -114 10124   232     9 -9999 -9999 -9999
2021 02 05 21   -85  -110 10128    74    10 -9999 -9999 -9999
2021 02 06 00  -104  -126 10156    62    24 -9999 -9999 -9999
2021 02 06 03   -75  -124 10180    66    26 -9999 -9999 -9999
2021 02 06 06   -57  -121 10198    34    31 -9999 -9999 -9999
2021 02 06 09   -89  -155 10219    66    16 -9999 -9999 -9999
2021 02 06 12  -134  -161 10241    98     5 -9999 -9999 -9999
2021 02 06 18  -115  -159 10256   223    21 -9999 -9999 -9999
2021 02 06 21  -169  -193 10260   271    24 -9999 -9999 -9999
2021 02 07 00  -179  -205 10286   322    25 -9999 -9999 -9999
2021 02 07 03  -119  -200 10297   356    35 -9999 -9999 -9999
2021 02 07 06   -95  -201 10294   333    40 -9999 -9999 -9999
2021 02 07 09  -104  -188 10302   264    15 -9999 -9999 -9999
2021 02 07 12  -157  -185 10307   360     0 -9999 -9999 -9999
2021 02 07 18  -203  -221 10297   237    12 -9999 -9999 -9999
2021 02 07 21  -189  -215 10301   268    16 -9999 -9999 -9999
2021 02 08 00  -195  -222 10316   314    19 -9999 -9999 -9999
2021 02 08 03  -167  -197 10325   330    26 -9999 -9999 -9999
2021 02 08 06  -114  -195 10311   272    27 -9999 -9999 -9999
2021 02 08 09  -110  -183 10297   239    28 -9999 -9999 -9999
2021 02 08 12  -130  -192 10289   185    22 -9999 -9999 -9999
2021 02 08 18  -110  -172 10244   195    31 -9999 -9999 -9999
2021 02 08 21  -112  -173 10220   230    32 -9999 -9999 -9999
2021 02 09 00  -114  -163 10215   243    35 -9999 -9999 -9999
2021 02 09 03   -74  -141 10213   251    36 -9999 -9999 -9999
2021 02 09 06   -35  -107 10195   227    26 -9999 -9999 -9999
2021 02 09 12   -57   -88 10197   137    15 -9999 -9999 -9999
2021 02 09 18   -65  -105 10180   160    29 -9999 -9999 -9999
2021 02 09 21   -84   -93 10174   151    13 -9999 -9999 -9999
2021 02 10 00   -85   -87 10188   269    18 -9999 -9999 -9999
2021 02 10 03   -74   -75 10209   270    18 -9999 -9999 -9999
2021 02 10 06   -37   -70 10213   261    25 -9999 -9999 -9999
2021 02 10 09   -30   -73 10215   220    22 -9999 -9999 -9999
2021 02 11 00   -39   -89 10172   174    44 -9999 -9999 -9999
2021 02 13 12   -72   -81 10262    27     5 -9999 -9999 -9999
2021 02 13 18   -77  -135 10259   327    21 -9999 -9999 -9999
2021 02 13 21   -92  -114 10252    70    40 -9999 -9999     0
2021 02 14 00  -102  -182 10266    68    48 -9999 -9999 -9999
2021 02 14 03  -100  -192 10263    55    37 -9999 -9999 -9999
2021 02 14 06   -90  -186 10245    47    34 -9999 -9999 -9999
2021 02 14 09   -99  -191 10244    68    25 -9999 -9999 -9999
2021 02 14 12  -115  -180 10245    69    12 -9999 -9999 -9999
2021 02 14 18  -167  -186 10222   264     5 -9999 -9999 -9999
2021 02 14 21  -187  -205 10212   360     0 -9999 -9999 -9999
2021 02 15 00  -157  -208 10211    41    18 -9999 -9999 -9999
2021 02 15 03  -120  -216 10202    12    29 -9999 -9999 -9999
2021 02 15 06  -105  -205 10184   347    37 -9999 -9999 -9999
2021 02 15 09  -115  -222 10178    28    11 -9999 -9999 -9999
2021 02 15 12  -120  -235 10185   113     9 -9999 -9999 -9999
2021 02 15 18  -135  -228 10175   106    14 -9999 -9999 -9999
2021 02 15 21  -165  -237 10175    86     6 -9999 -9999 -9999
2021 02 16 00  -174  -241 10195   360    25 -9999 -9999 -9999
2021 02 16 03  -135  -214 10208   328    48 -9999 -9999 -9999
2021 02 16 06  -122  -232 10202   324    63 -9999 -9999 -9999
2021 02 16 09  -130  -250 10205   329    39 -9999 -9999 -9999
2021 02 16 12  -155  -248 10216   303    21 -9999 -9999 -9999
2021 02 16 18  -170  -265 10223   326    51 -9999 -9999 -9999
2021 02 16 21  -180  -265 10222   320    46 -9999 -9999 -9999
2021 02 17 00  -170  -252 10227   323    47 -9999 -9999 -9999
2021 02 17 03  -132  -217 10230   334    58 -9999 -9999 -9999
2021 02 17 06  -104  -203 10220   330    65 -9999 -9999 -9999
2021 02 17 09   -92  -195 10226   325    36 -9999 -9999 -9999
2021 02 17 12  -115  -196 10237   308    14 -9999 -9999 -9999
2021 02 17 18  -147  -232 10254   290    23 -9999 -9999 -9999
2021 02 17 21  -162  -242 10256   300    16 -9999 -9999 -9999
2021 02 18 00  -155  -239 10258   264    11 -9999 -9999 -9999
2021 02 18 03   -92  -201 10240   230    32 -9999 -9999 -9999
2021 02 18 06   -60  -180 10195   251    62 -9999 -9999 -9999
2021 02 18 09   -45  -174 10157   223    42 -9999 -9999 -9999
2021 02 18 12   -62  -190 10137   220    60 -9999 -9999 -9999
2021 02 18 18   -82  -144 10098   213    36 -9999 -9999 -9999
2021 02 18 21   -75  -107 10053   216    38 -9999 -9999 -9999
2021 02 19 00   -55   -82 10015   221    42 -9999 -9999 -9999
2021 02 19 03   -15   -56  9981   226    52 -9999 -9999 -9999
2021 02 20 18   -57   -78 10075   101    37 -9999 -9999 -9999
2021 02 20 21   -55   -87 10074   104    25 -9999 -9999 -9999
2021 02 21 00   -67   -96 10070    82    36 -9999 -9999 -9999
2021 02 21 03   -30   -92 10074    72    36 -9999 -9999 -9999
2021 02 21 09   -42   -71 10112    40    30 -9999 -9999 -9999
2021 02 21 12   -65   -82 10144    27    14 -9999 -9999 -9999
2021 02 21 18   -65  -156 10190   327    59 -9999 -9999 -9999
2021 02 21 21   -99  -175 10203   302    46 -9999 -9999 -9999
2021 02 22 00  -109  -195 10234   310    59 -9999 -9999 -9999
2021 02 22 03   -84  -188 10250   329    72 -9999 -9999 -9999
2021 02 22 06   -69  -198 10250   321    66 -9999 -9999 -9999
2021 02 22 09   -75  -182 10264   304    29 -9999 -9999 -9999
2021 02 22 12  -110  -192 10279   277    22 -9999 -9999 -9999
2021 02 22 18  -155  -224 10304   303    31 -9999 -9999 -9999
2021 02 22 21  -167  -239 10317   292    18 -9999 -9999 -9999
2021 02 23 00  -162  -241 10330   288    30 -9999 -9999 -9999
2021 02 23 03  -109  -219 10327   316    33 -9999 -9999 -9999
2021 02 23 06   -84  -222 10310   300    42 -9999 -9999 -9999
2021 02 23 09   -80  -208 10301   262    19 -9999 -9999 -9999
2021 02 23 12   -97  -203 10297   202    25 -9999 -9999 -9999
2021 02 23 18  -110  -200 10287   199    20 -9999 -9999 -9999
2021 02 23 21  -112  -188 10276   185    14 -9999 -9999 -9999
2021 02 24 00  -112  -184 10277   190    24 -9999 -9999 -9999
2021 02 24 03   -45  -145 10262   205    29 -9999 -9999 -9999
2021 02 24 06   -10  -112 10231   236    42 -9999 -9999 -9999
2021 02 24 09   -10  -109 10226   249    37 -9999 -9999 -9999
2021 02 24 12   -35  -102 10231   273    21 -9999 -9999 -9999
2021 02 24 18   -89  -190 10273   330    47 -9999 -9999 -9999
2021 02 24 21  -122  -197 10289   344    21 -9999 -9999 -9999
2021 02 25 00  -109  -191 10311   344    10 -9999 -9999 -9999
2021 02 25 03   -70  -165 10314   302    21 -9999 -9999 -9999
2021 02 25 06   -45  -161 10300   305    21 -9999 -9999 -9999
2021 02 25 09   -45  -153 10294   198    13 -9999 -9999 -9999
2021 02 25 12   -60  -156 10294   113    14 -9999 -9999 -9999
2021 02 25 18   -85  -153 10279   172    18 -9999 -9999 -9999
2021 02 25 21   -90  -149 10274   152    20 -9999 -9999 -9999
2021 02 26 00   -72  -150 10287   167    16 -9999 -9999 -9999
2021 02 26 03   -24  -127 10298   302    27 -9999 -9999 -9999
2021 02 26 06    -2  -119 10282    87    18 -9999 -9999 -9999
2021 02 26 09    -5  -114 10285   111    16 -9999 -9999 -9999
2021 02 26 12   -25  -100 10279   110    37 -9999 -9999 -9999
2021 02 26 18   -42  -103 10249   138    37 -9999 -9999 -9999
2021 02 26 21   -24  -112 10223   167    41 -9999 -9999 -9999
2021 02 27 00   -14  -100 10212   175    42 -9999 -9999 -9999
2021 02 27 03    42   -72 10194   225    47 -9999 -9999 -9999
2021 02 27 06    80   -86 10158   233    60 -9999 -9999 -9999
2021 02 27 09    70   -86 10167   237    55 -9999 -9999 -9999
2021 02 27 12    52   -94 10166   217    75 -9999 -9999 -9999
2021 02 27 18    35   -82 10198   234    35 -9999 -9999 -9999
2021 02 27 21   -14   -28 10222    61    34 -9999 -9999 -9999
2021 02 28 00   -49   -53 10261    39    36 -9999 -9999    10
2021 02 28 03   -50   -61 10287    26    42 -9999 -9999    33
2021 02 28 06   -37   -89 10300     1    33 -9999 -9999    23
2021 02 28 09   -50  -122 10311    12    24 -9999 -9999 -9999
2021 02 28 12   -84  -133 10331   349     3 -9999 -9999 -9999
2021 02 28 18   -87  -185 10356    37    32 -9999 -9999 -9999
2021 02 28 21  -105  -211 10362    64    45 -9999 -9999 -9999
2021 03 01 00  -114  -203 10368    63    23 -9999 -9999 -9999
2021 03 01 03   -85  -213 10359    31    36 -9999 -9999 -9999
2021 03 01 06   -80  -205 10328    27    32 -9999 -9999 -9999
2021 03 01 09   -94  -202 10314    58    25 -9999 -9999 -9999
2021 03 01 12  -114  -195 10313    89     9 -9999 -9999 -9999
2021 03 01 18  -150  -200 10299   113     7 -9999 -9999 -9999
2021 03 01 21  -137  -217 10292   135    25 -9999 -9999 -9999
2021 03 02 00  -124  -196 10298   167    31 -9999 -9999 -9999
2021 03 02 03   -75  -189 10290   183    35 -9999 -9999 -9999
2021 03 02 06   -35  -182 10267   206    34 -9999 -9999 -9999
2021 03 02 09   -30  -161 10252   234    25 -9999 -9999 -9999
2021 03 02 12   -47  -161 10236   176    22 -9999 -9999 -9999
2021 03 02 18   -62  -138 10188   176    42 -9999 -9999 -9999
2021 03 02 21   -30   -44 10163   224    50 -9999 -9999 -9999
2021 03 03 00   -15   -26 10155   225    44 -9999 -9999 -9999
2021 03 03 03     7   -18 10147   237    36 -9999 -9999 -9999
2021 03 03 06    47     0 10113   237    43 -9999 -9999 -9999
2021 03 03 09    50    14 10106   230    53 -9999 -9999 -9999
2021 03 03 12    37    13 10130   241    48 -9999 -9999 -9999
2021 03 03 18    22    -9 10127   234    47 -9999 -9999 -9999
2021 03 03 21    22    -7 10102   225    46 -9999 -9999 -9999
2021 03 04 00    22   -13 10097   222    64 -9999 -9999 -9999
2021 03 04 03    47     2 10095   240    65 -9999 -9999 -9999
2021 03 04 06    80    16 10090   247    68 -9999 -9999 -9999
2021 03 04 09    77    22 10105   240    53 -9999 -9999 -9999
2021 03 04 12    51    16 10119   216    43 -9999 -9999 -9999
2021 03 04 18   -29   -29 10198    12    81 -9999 -9999    32
2021 03 04 21   -70  -162 10256    15    72 -9999 -9999    43
2021 03 05 00   -89  -165 10307    12    64 -9999 -9999    11
2021 03 05 03   -95  -182 10343    40    43 -9999 -9999 -9999
2021 03 05 06   -85  -177 10358    14    39 -9999 -9999 -9999
2021 03 05 09   -87  -219 10372    29    34 -9999 -9999 -9999
2021 03 05 12  -109  -193 10392    87     8 -9999 -9999 -9999
2021 03 05 18  -142  -159 10414   360     2 -9999 -9999 -9999
2021 03 05 21  -124  -146 10414   169    12 -9999 -9999 -9999
2021 03 06 00  -105  -176 10426   236    12 -9999 -9999 -9999
2021 03 06 03   -82  -191 10416   273    29 -9999 -9999 -9999
2021 03 06 06   -65  -177 10389   269    28 -9999 -9999 -9999
2021 03 06 09   -60  -175 10364   255    28 -9999 -9999 -9999
2021 03 06 12   -72  -162 10353   225    16 -9999 -9999 -9999
2021 03 06 18   -90  -169 10323   208    32 -9999 -9999 -9999
2021 03 06 21   -92  -186 10298   219    35 -9999 -9999 -9999
2021 03 07 00   -75  -182 10295   230    41 -9999 -9999 -9999
2021 03 07 03   -30  -133 10288   245    48 -9999 -9999 -9999
2021 03 07 06    10  -103 10271   247    47 -9999 -9999 -9999
2021 03 07 09    22   -77 10267   258    24 -9999 -9999 -9999
2021 03 07 12     5   -98 10278   222    19 -9999 -9999 -9999
2021 03 07 18   -15  -140 10271   217    30 -9999 -9999 -9999
2021 03 08 00   -32  -118 10262   171    37 -9999 -9999 -9999
2021 03 08 03    17   -61 10246   197    47 -9999 -9999 -9999
2021 03 08 06    45   -35 10215   223    44 -9999 -9999 -9999
2021 03 08 09    51   -39 10195   214    30 -9999 -9999 -9999
2021 03 08 12    37   -47 10192   217    37 -9999 -9999 -9999
2021 03 08 18     5   -55 10174   235    35 -9999 -9999 -9999
2021 03 08 21    -7   -53 10170   232    45 -9999 -9999 -9999
2021 03 09 00     0   -35 10193   253    47 -9999 -9999 -9999
2021 03 09 03    62   -71 10219   326    88 -9999 -9999 -9999
2021 03 09 06    60  -136 10242   328    68 -9999 -9999 -9999
2021 03 09 09    45  -154 10263    10    23 -9999 -9999 -9999
2021 03 09 12    -5  -104 10288    90     3 -9999 -9999 -9999
2021 03 09 18   -12  -109 10288   125    18 -9999 -9999 -9999
2021 03 09 21   -19  -123 10277   166    22 -9999 -9999 -9999
2021 03 10 00    -2  -114 10270   159    33 -9999 -9999 -9999
2021 03 10 03    37  -110 10241   167    44 -9999 -9999 -9999
2021 03 10 06    82  -112 10201   214    41 -9999 -9999 -9999
2021 03 10 09    82   -45 10181   186    13 -9999 -9999 -9999
2021 03 10 12    70    29 10189   223    37 -9999 -9999 -9999
2021 03 10 18    12     6 10220   330    10 -9999 -9999     0
2021 03 10 21    12   -66 10241    63    28 -9999 -9999 -9999
2021 03 11 00    17   -75 10256    45    22 -9999 -9999 -9999
2021 03 11 03    56   -60 10265   354    20 -9999 -9999 -9999
2021 03 11 06    82   -56 10251     2    29 -9999 -9999 -9999
2021 03 11 09    67   -65 10252    62    13 -9999 -9999 -9999
2021 03 11 12    27   -26 10271    36     3 -9999 -9999 -9999
2021 03 11 18     5   -55 10275    67    16 -9999 -9999 -9999
2021 03 11 21    -5   -33 10278    65    18 -9999 -9999 -9999
2021 03 12 00    10   -25 10291    58    16 -9999 -9999 -9999
2021 03 12 03    57   -56 10290    60    29 -9999 -9999 -9999
2021 03 12 06    77   -60 10267    44    31 -9999 -9999 -9999
2021 03 12 09    67   -52 10258    57    22 -9999 -9999 -9999
2021 03 12 12    20   -41 10261   360     2 -9999 -9999 -9999
2021 03 12 18   -25   -31 10239   120    11 -9999 -9999 -9999
2021 03 12 21   -35   -38 10232   360     1 -9999 -9999 -9999
2021 03 13 00    21   -19 10235   258    18 -9999 -9999 -9999
2021 03 13 03    70   -51 10227   251    33 -9999 -9999 -9999
2021 03 13 06    97   -62 10201   262    36 -9999 -9999 -9999
2021 03 13 09    92   -54 10190   251    21 -9999 -9999 -9999
2021 03 13 12    67   -33 10190   203    17 -9999 -9999 -9999
2021 03 13 18    25   -22 10173   190    30 -9999 -9999 -9999
2021 03 13 21    15   -16 10178   195    29 -9999 -9999 -9999
2021 03 14 00    27     1 10175   171    31 -9999 -9999 -9999
2021 03 14 03    87    19 10170   214    48 -9999 -9999 -9999
2021 03 14 06   110    21 10134   191    45 -9999 -9999 -9999
2021 03 14 09    92    26 10111   186    45 -9999 -9999 -9999
2021 03 14 12    70    17 10095   194    38 -9999 -9999 -9999
2021 03 14 18    62    15 10038   196    59 -9999 -9999 -9999
2021 03 14 21    67    25 10003   222    67 -9999 -9999 -9999
2021 03 15 00    72    44 10026   248    94 -9999 -9999 -9999
2021 03 15 03    12  -129 10077   294    96 -9999 -9999 -9999
2021 03 15 06    32  -127 10080   286    83 -9999 -9999 -9999
2021 03 15 09    22  -120 10091   277    75 -9999 -9999 -9999
2021 03 15 12    -2  -135 10114   279    87 -9999 -9999 -9999
2021 03 15 18   -24  -130 10143   299    51 -9999 -9999 -9999
2021 03 15 21   -34  -145 10174   295    38 -9999 -9999 -9999
2021 03 16 00   -20  -178 10199   315    54 -9999 -9999 -9999
2021 03 16 03     5  -205 10199   320    58 -9999 -9999 -9999
2021 03 16 06    37  -177 10193   322    56 -9999 -9999 -9999
2021 03 16 09    50  -196 10194   318    27 -9999 -9999 -9999
2021 03 16 12    11  -154 10211   107    24 -9999 -9999 -9999
2021 03 16 18   -15  -138 10224   108    29 -9999 -9999 -9999
2021 03 16 21   -15  -140 10231   129    24 -9999 -9999 -9999
2021 03 17 00     7  -123 10248   108    22 -9999 -9999 -9999
2021 03 17 03    51  -149 10252   164    19 -9999 -9999 -9999
2021 03 17 06    71  -144 10243    29    20 -9999 -9999 -9999
2021 03 17 09    56  -145 10243    67    15 -9999 -9999 -9999
2021 03 17 12     2  -108 10258   360     2 -9999 -9999 -9999
2021 03 17 18   -15  -131 10257   228    11 -9999 -9999 -9999
2021 03 17 21   -22  -106 10259   286    22 -9999 -9999 -9999
2021 03 18 00     0   -97 10267     6    31 -9999 -9999 -9999
2021 03 18 03    42   -98 10268    10    38 -9999 -9999 -9999
2021 03 18 06    67  -101 10248   352    23 -9999 -9999 -9999
2021 03 18 09    60  -107 10246    20    10 -9999 -9999     0
2021 03 18 12    17   -98 10255   102    11 -9999 -9999 -9999
2021 03 18 18     2  -103 10242   102    15 -9999 -9999 -9999
2021 03 18 21   -24   -79 10241   107    10 -9999 -9999 -9999
2021 03 19 00    20   -69 10251    90    13 -9999 -9999 -9999
2021 03 19 03    57   -89 10232    82    29 -9999 -9999 -9999
2021 03 19 06    72   -97 10220    99    28 -9999 -9999 -9999
2021 03 19 09    65   -79 10210    91    19 -9999 -9999 -9999
2021 03 19 12    41   -65 10213    59    15 -9999 -9999 -9999
2021 03 19 18    21   -55 10175    67    20 -9999 -9999 -9999
2021 03 19 21    11   -41 10159    61    37 -9999 -9999 -9999
2021 03 20 00    15   -50 10150    56    15 -9999 -9999 -9999
2021 03 20 03    31    -9 10135    50    20 -9999 -9999 -9999
2021 03 20 06    47   -38 10109    10    30 -9999 -9999 -9999
2021 03 20 09    26     0 10107   329    46 -9999 -9999 -9999
2021 03 20 12     1     1 10114   314    31 -9999 -9999 -9999
2021 03 20 18   -10   -11 10106   338    34 -9999 -9999 -9999
2021 03 20 21   -14   -14 10118   324    50 -9999 -9999 -9999
2021 03 21 00    -5   -13 10130   320    55 -9999 -9999 -9999
2021 03 21 03     7   -27 10142   327    61 -9999 -9999    14
2021 03 21 06    32   -17 10138   325    59 -9999 -9999    14
2021 03 21 09    35   -60 10140   329    41 -9999 -9999 -9999
2021 03 21 12     0   -69 10157   263    29 -9999 -9999 -9999
2021 03 21 18   -30   -62 10152   264    25 -9999 -9999 -9999
2021 03 21 21   -35   -64 10149   259    22 -9999 -9999 -9999
2021 03 22 00    -4   -52 10155   257    24 -9999 -9999 -9999
2021 03 22 03    52   -58 10144   260    36 -9999 -9999 -9999
2021 03 22 06    82   -79 10113   241    61 -9999 -9999 -9999
2021 03 22 09    91   -76 10096   244    38 -9999 -9999 -9999
2021 03 22 12    62   -45 10079   173    30 -9999 -9999 -9999
2021 03 22 18    40   -56 10052   252    38 -9999 -9999 -9999
2021 03 22 21    42   -70 10053   242    41 -9999 -9999 -9999
2021 03 23 00    50   -65 10067   245    36 -9999 -9999 -9999
2021 03 23 03   125   -30 10070   257    33 -9999 -9999 -9999
2021 03 23 06   157   -37 10061   263    35 -9999 -9999 -9999
2021 03 23 09   125   -22 10071   210    34 -9999 -9999 -9999
2021 03 23 12    90   -21 10089   254    36 -9999 -9999 -9999
2021 03 23 18    27   -52 10111   307    31 -9999 -9999 -9999
2021 03 23 21     7   -42 10136   294    36 -9999 -9999 -9999
2021 03 24 00    45   -59 10162   315    34 -9999 -9999 -9999
2021 03 24 03   110   -51 10169   317    30 -9999 -9999 -9999
2021 03 24 06   122   -83 10164   322    45 -9999 -9999 -9999
2021 03 24 09   122   -94 10155   313    31 -9999 -9999 -9999
2021 03 24 12    91   -76 10165   153    13 -9999 -9999 -9999
2021 03 24 18    60   -56 10131   177    24 -9999 -9999 -9999
2021 03 24 21    56   -43 10105   138    26 -9999 -9999 -9999
2021 03 25 00    67   -33 10109   239    36 -9999 -9999 -9999
2021 03 25 03   131   -50 10131   329    81 -9999 -9999 -9999
2021 03 25 06   142   -66 10141   335    57 -9999 -9999 -9999
2021 03 25 09   127   -63 10165   355    37 -9999 -9999 -9999
2021 03 25 12    82   -46 10192    94    11 -9999 -9999 -9999
2021 03 25 18    47     3 10197   107    33 -9999 -9999 -9999
2021 03 25 21    40    -1 10194   138    24 -9999 -9999 -9999
2021 03 26 00    65   -10 10179   128    31 -9999 -9999 -9999
2021 03 26 03   121   -45 10141   131    51 -9999 -9999 -9999
2021 03 26 06   145   -21 10099   195    54 -9999 -9999 -9999
2021 03 26 09   136    31 10089   238    34 -9999 -9999 -9999
2021 03 26 12   112    50 10078   212    49 -9999 -9999 -9999
2021 03 26 18    77    61 10086   227    48 -9999 -9999 -9999
2021 03 26 21    65    50 10083   226    41 -9999 -9999 -9999
2021 03 27 00    72    54 10089   243    41 -9999 -9999 -9999
2021 03 27 03   130    56 10075   210    37 -9999 -9999 -9999
2021 03 27 06   167    45 10048   243    39 -9999 -9999 -9999
2021 03 27 09   147    50 10037   216    31 -9999 -9999 -9999
2021 03 27 12   110    35 10037   196    27 -9999 -9999 -9999
2021 03 27 18    65    43  9998   212    30 -9999 -9999 -9999
2021 03 27 21    45    40  9977   170    35 -9999 -9999 -9999
2021 03 28 00    50    50  9970   192    45 -9999 -9999 -9999
2021 03 28 03    72    64  9961   214    25 -9999 -9999 -9999
2021 03 28 06    97    28  9953   285    30 -9999 -9999 -9999
2021 03 28 09   111   -30  9949   244    24 -9999 -9999 -9999
2021 03 28 12    65   -35  9975   287    43 -9999 -9999 -9999
2021 03 28 18    30   -45  9977   268    38 -9999 -9999 -9999
2021 03 28 21    25   -57  9977   269    37 -9999 -9999 -9999
2021 03 29 00    50   -57  9990   291    60 -9999 -9999 -9999
2021 03 29 03    72   -57 10003   293    59 -9999 -9999 -9999
2021 03 29 06   115   -59 10001   285    71 -9999 -9999 -9999
2021 03 29 09   110   -64 10013   303    54 -9999 -9999 -9999
2021 03 29 12    62     0 10043    76    15 -9999 -9999 -9999
2021 03 29 18     7    -4 10087   265    15 -9999 -9999 -9999
2021 03 29 21     0   -23 10095   268    16 -9999 -9999 -9999
2021 03 30 00    51   -59 10117   311    17 -9999 -9999 -9999
2021 03 30 03   105   -73 10121   262    46 -9999 -9999 -9999
2021 03 30 06   127  -103 10106   250    30 -9999 -9999 -9999
2021 03 30 09   130  -116 10103   245    22 -9999 -9999 -9999
2021 03 30 12   100   -64 10111   172    20 -9999 -9999 -9999
2021 03 30 18    50   -59 10117   130    33 -9999 -9999 -9999
2021 03 30 21    51   -50 10113   128    37 -9999 -9999 -9999
2021 03 31 00    81   -37 10134   116    33 -9999 -9999 -9999
2021 03 31 03   145   -38 10140   108    39 -9999 -9999 -9999
2021 03 31 06   165   -72 10150   109    34 -9999 -9999 -9999
2021 03 31 09   147   -35 10163    89    38 -9999 -9999 -9999
2021 03 31 12   100   -21 10191    81    28 -9999 -9999 -9999
2021 03 31 18    50   -20 10212    79    28 -9999 -9999 -9999
2021 03 31 21    60   -27 10221   103    30 -9999 -9999 -9999
2021 04 01 00   102   -20 10235    91    24 -9999 -9999 -9999
2021 04 01 03   155   -34 10223   106    35 -9999 -9999 -9999
2021 04 01 06   167   -44 10202   102    29 -9999 -9999 -9999
2021 04 01 09   157   -27 10186    93    25 -9999 -9999 -9999
2021 04 01 12   126     0 10185    97    24 -9999 -9999 -9999
2021 04 01 18   110    -2 10164   172    29 -9999 -9999 -9999
2021 04 01 21   111    -7 10160   194    17 -9999 -9999 -9999
2021 04 02 00   121     2 10158   197    33 -9999 -9999 -9999
2021 04 02 03   162    -8 10154   245    74 -9999 -9999 -9999
2021 04 02 06   175    23 10149   254    66 -9999 -9999 -9999
2021 04 02 09   170     6 10157   302    53 -9999 -9999 -9999
2021 04 02 12   111    -1 10186   318    47 -9999 -9999 -9999
2021 04 02 18    60   -66 10234   344    27 -9999 -9999 -9999
2021 04 02 21    36  -104 10255     5    30 -9999 -9999 -9999
2021 04 03 00    45  -121 10277    14    46 -9999 -9999 -9999
2021 04 03 03    76  -167 10272     5    37 -9999 -9999 -9999
2021 04 03 06   101  -162 10252   354    48 -9999 -9999 -9999
2021 04 03 09    90  -171 10239    65    44 -9999 -9999 -9999
2021 04 03 12    56  -139 10250   101    17 -9999 -9999 -9999
2021 04 03 18   -15  -112 10247   151     6 -9999 -9999 -9999
2021 04 03 21    -4  -130 10246   204    10 -9999 -9999 -9999
2021 04 04 00    50  -100 10245   196    24 -9999 -9999 -9999
2021 04 04 03   106  -128 10233   247    39 -9999 -9999 -9999
2021 04 04 06   127  -159 10206   272    34 -9999 -9999 -9999
2021 04 04 09   132  -146 10193   258    28 -9999 -9999 -9999
2021 04 04 12    92  -114 10193   192    21 -9999 -9999 -9999
2021 04 04 18    62   -89 10185   202    26 -9999 -9999 -9999
2021 04 04 21    37   -74 10177   205    32 -9999 -9999 -9999
2021 04 05 00    80   -63 10170   186    38 -9999 -9999 -9999
2021 04 05 03   172  -105 10147   260    65 -9999 -9999 -9999
2021 04 05 06   205  -150 10126   274    74 -9999 -9999 -9999
2021 04 05 09   197  -140 10119   303    62 -9999 -9999 -9999
2021 04 05 12   132   -81 10146   340    26 -9999 -9999 -9999
2021 04 05 18    40   -72 10173   307    13 -9999 -9999 -9999
2021 04 05 21    17   -81 10186   325    18 -9999 -9999 -9999
2021 04 06 00    86   -94 10204   325    46 -9999 -9999 -9999
2021 04 06 03   130  -123 10204   323    73 -9999 -9999 -9999
2021 04 06 06   130  -158 10198   329    67 -9999 -9999 -9999
2021 04 06 09   132  -146 10189   323    43 -9999 -9999 -9999
2021 04 06 12    79  -125 10199   300    20 -9999 -9999     0
2021 04 06 18     2  -128 10260    36    16 -9999 -9999 -9999
2021 04 06 21   -37  -112 10277   343     7 -9999 -9999 -9999
2021 04 07 00    20  -156 10288    40    13 -9999 -9999 -9999
2021 04 07 03    55  -200 10281   316    30 -9999 -9999 -9999
2021 04 07 06    81  -178 10251   308    37 -9999 -9999 -9999
2021 04 07 09    92  -169 10225   273    42 -9999 -9999 -9999
2021 04 07 12    72  -155 10211   235    42 -9999 -9999 -9999
2021 04 07 18     1  -129 10206   348     7 -9999 -9999 -9999
2021 04 07 21    -7  -123 10231    78    17 -9999 -9999 -9999
2021 04 08 00    47  -190 10254    74    32 -9999 -9999 -9999
2021 04 08 06    97  -157 10249   343    36 -9999 -9999 -9999
2021 04 08 09    95  -137 10243     1    31 -9999 -9999 -9999
2021 04 08 12    36  -112 10248   258     6 -9999 -9999 -9999
2021 04 08 18    35  -130 10262   129    19 -9999 -9999 -9999
2021 04 08 21    15  -128 10271   153    14 -9999 -9999 -9999
2021 04 09 00    66  -120 10284   159    21 -9999 -9999 -9999
2021 04 09 03   115  -113 10281   212    16 -9999 -9999 -9999
2021 04 09 06   141  -106 10261   207    26 -9999 -9999 -9999
2021 04 09 09   135  -104 10253   213    18 -9999 -9999 -9999
2021 04 09 12    97   -93 10261   158    21 -9999 -9999 -9999
2021 04 09 18    56   -90 10249   170    30 -9999 -9999 -9999
2021 04 09 21    42   -89 10247   167    31 -9999 -9999 -9999
2021 04 10 00    90   -81 10245   173    36 -9999 -9999 -9999
2021 04 10 03   156   -73 10230   223    60 -9999 -9999 -9999
2021 04 10 06   187   -53 10201   219    50 -9999 -9999 -9999
2021 04 10 09   177    -5 10188   226    54 -9999 -9999 -9999
2021 04 10 12   150    11 10193   224    50 -9999 -9999 -9999
2021 04 10 18   110    -9 10189   215    50 -9999 -9999 -9999
2021 04 10 21    92    10 10195   215    50 -9999 -9999 -9999
2021 04 11 00   117    20 10205   227    37 -9999 -9999 -9999
2021 04 11 03   161    25 10196   241    60 -9999 -9999 -9999
2021 04 11 06   185    27 10186   258    79 -9999 -9999 -9999
2021 04 11 09   107    98 10201   298    28 -9999 -9999    12
2021 04 11 12   122    56 10184   205    34 -9999 -9999    19
2021 04 11 18   102    22 10157   217    58 -9999 -9999 -9999
2021 04 11 21    92    16 10144   218    50 -9999 -9999 -9999
2021 04 12 00   115     0 10130   218    64 -9999 -9999 -9999
2021 04 12 03   145    10 10116   246   100 -9999 -9999 -9999
2021 04 12 06    77    70 10122   325    77 -9999 -9999 -9999
2021 04 12 09    -4    -4 10155    10    44 -9999 -9999    29
2021 04 12 12   -10   -23 10185   355    42 -9999 -9999    29
2021 04 12 18   -27   -46 10201   326    22 -9999 -9999 -9999
2021 04 12 21   -44   -54 10202   291    18 -9999 -9999 -9999
2021 04 13 00    -5   -51 10198   315    45 -9999 -9999 -9999
2021 04 13 03    22  -113 10192   323    81 -9999 -9999 -9999
2021 04 13 06    47  -126 10171   335    63 -9999 -9999 -9999
2021 04 13 09    57  -127 10144   198    22 -9999 -9999 -9999
2021 04 13 12    42  -106 10135   177    22 -9999 -9999 -9999
2021 04 13 18     7   -70 10112   265    26 -9999 -9999 -9999
2021 04 13 21    -7   -79 10120   304    30 -9999 -9999 -9999
2021 04 14 00    30   -78 10142   323    37 -9999 -9999 -9999
2021 04 14 03    75  -160 10140   278    43 -9999 -9999 -9999
2021 04 14 06    95  -176 10128   273    62 -9999 -9999 -9999
2021 04 14 09   101  -191 10124   278    43 -9999 -9999 -9999
2021 04 14 12    72  -155 10113   173    34 -9999 -9999 -9999
2021 04 14 18    60   -84 10099   196    31 -9999 -9999 -9999
2021 04 14 21    27   -70 10096    87    11 -9999 -9999 -9999
2021 04 15 00    81   -57 10080   178    32 -9999 -9999 -9999
2021 04 15 03   155   -16 10051   220    59 -9999 -9999 -9999
2021 04 15 06   190   -27 10016   230    76 -9999 -9999 -9999
2021 04 15 09   165   -12 10017   226    80 -9999 -9999 -9999
2021 04 15 12   140   -17 10033   221    49 -9999 -9999 -9999
2021 04 15 18    92   -71  9999   195    56 -9999 -9999 -9999
2021 04 15 21    32    26  9988   194    53 -9999 -9999 -9999
2021 04 16 00    50    13  9976   229    64 -9999 -9999 -9999
2021 04 16 03    50     1  9994   246    65 -9999 -9999 -9999
2021 04 16 06    85   -54  9997   250    75 -9999 -9999 -9999
2021 04 16 09    61   -25 10011   244    66 -9999 -9999 -9999
2021 04 16 12    37    27 10042   260    61 -9999 -9999 -9999
2021 04 16 18    27    17 10065   241    31 -9999 -9999 -9999
2021 04 16 21    20    18 10082   208    15 -9999 -9999 -9999
2021 04 17 00    31    31 10114    10    28 -9999 -9999     6
2021 04 17 03    40    29 10142   356    40 -9999 -9999     6
2021 04 17 06    50    29 10153   357    43 -9999 -9999 -9999
2021 04 17 09    52    26 10160   355    28 -9999 -9999 -9999
2021 04 17 12    20    13 10175   132     7 -9999 -9999 -9999
2021 04 17 18    17     2 10170   257    26 -9999 -9999 -9999
2021 04 17 21    27    -3 10164   220    18 -9999 -9999 -9999
2021 04 18 00    65    17 10162   219    33 -9999 -9999 -9999
2021 04 18 03   126   -13 10141   210    42 -9999 -9999 -9999
2021 04 18 06   157   -22 10102   207    39 -9999 -9999 -9999
2021 04 18 09   165   -12 10076   224    39 -9999 -9999 -9999
2021 04 18 12   127    -9 10066   172    40 -9999 -9999 -9999
2021 04 18 18    85   -34 10026   203    30 -9999 -9999 -9999
2021 04 18 21    72   -15 10033   150    14 -9999 -9999 -9999
2021 04 19 00   117   -21 10051   336    15 -9999 -9999 -9999
2021 04 19 03   182     4 10080     8    58 -9999 -9999 -9999
2021 04 19 06   200   -12 10096   359    56 -9999 -9999 -9999
2021 04 19 09   182  -106 10120     9    63 -9999 -9999 -9999
2021 04 19 12   122   -73 10160    62    42 -9999 -9999 -9999
2021 04 19 18    42   -92 10201    11    10 -9999 -9999 -9999
2021 04 19 21    11   -90 10225   348     7 -9999 -9999 -9999
2021 04 20 00    97   -62 10226    79    17 -9999 -9999 -9999
2021 04 20 03   145   -76 10221   168    15 -9999 -9999 -9999
2021 04 20 06   170   -91 10205   227    28 -9999 -9999 -9999
2021 04 20 09   167   -85 10189   189    25 -9999 -9999 -9999
2021 04 20 12   137   -71 10186   135    17 -9999 -9999 -9999
2021 04 20 18   107   -71 10168   140    32 -9999 -9999 -9999
2021 04 20 21   102   -12 10157   170    41 -9999 -9999 -9999
