2021 01 01 00  -234  -303 10263   265    38 -9999 -9999 -9999
2021 01 01 03  -200  -297 10267   278    33 -9999 -9999 -9999
2021 01 01 06  -184  -290 10270   276    51 -9999 -9999 -9999
2021 01 01 09  -220  -306 10286   267    38 -9999 -9999 -9999
2021 01 01 12  -249  -312 10298   122    14 -9999 -9999 -9999
2021 01 01 15  -263  -313 10305   193    22 -9999 -9999 -9999
2021 01 01 18  -258  -308 10306   188     8 -9999 -9999 -9999
2021 01 01 21  -288  -324 10315    86    14 -9999 -9999 -9999
2021 01 02 00  -282  -317 10323   110     7 -9999 -9999 -9999
2021 01 02 03  -212  -277 10315   360    17 -9999 -9999 -9999
2021 01 02 06  -172  -271 10301   254    36 -9999 -9999 -9999
2021 01 02 09  -207  -280 10307    59     8 -9999 -9999 -9999
2021 01 02 12  -240  -291 10315   103     3 -9999 -9999 -9999
2021 01 02 15  -257  -294 10312    13     4 -9999 -9999 -9999
2021 01 02 18  -259  -294 10311   198    10 -9999 -9999 -9999
2021 01 02 21  -265  -298 10319    26     7 -9999 -9999 -9999
2021 01 03 00  -223  -269 10322   213    13 -9999 -9999 -9999
2021 01 03 03  -165  -250 10305   219    52 -9999 -9999 -9999
2021 01 03 06  -139  -230 10296   245    57 -9999 -9999 -9999
2021 01 03 09  -167  -236 10305   243    23 -9999 -9999 -9999
2021 01 03 12  -187  -251 10309   228    21 -9999 -9999 -9999
2021 01 03 15  -220  -267 10317    86    12 -9999 -9999 -9999
2021 01 03 18  -239  -273 10321   175     8 -9999 -9999 -9999
2021 01 03 21  -242  -278 10318    94    19 -9999 -9999 -9999
2021 01 04 00  -244  -274 10319    53     5 -9999 -9999 -9999
2021 01 04 03  -154  -230 10306   256    34 -9999 -9999 -9999
2021 01 04 06  -125  -223 10300   247    35 -9999 -9999 -9999
2021 01 04 09  -169  -234 10308   134    10 -9999 -9999 -9999
2021 01 04 12  -204  -249 10311   119    14 -9999 -9999 -9999
2021 01 04 15  -224  -262 10312   143    13 -9999 -9999 -9999
2021 01 04 18  -239  -274 10309   106     8 -9999 -9999 -9999
2021 01 04 21  -252  -283 10319    73    11 -9999 -9999 -9999
2021 01 05 00  -257  -291 10334   282     8 -9999 -9999 -9999
2021 01 05 03  -175  -247 10322   231    44 -9999 -9999 -9999
2021 01 05 06  -149  -244 10311   241    34 -9999 -9999 -9999
2021 01 05 09  -182  -268 10315   122    17 -9999 -9999 -9999
2021 01 05 12  -224  -275 10316   155     8 -9999 -9999 -9999
2021 01 05 15  -244  -277 10310   131    13 -9999 -9999 -9999
2021 01 05 18  -243  -278 10293    94    17 -9999 -9999 -9999
2021 01 05 21  -244  -278 10276   330     7 -9999 -9999 -9999
2021 01 06 00  -237  -267 10269   277     9 -9999 -9999 -9999
2021 01 06 03  -192  -231 10250    19    10 -9999 -9999 -9999
2021 01 06 06  -167  -217 10225   208    15 -9999 -9999 -9999
2021 01 06 09  -183  -218 10216    93    14 -9999 -9999 -9999
2021 01 06 12  -203  -239 10216   108     8 -9999 -9999 -9999
2021 01 06 15  -220  -253 10212    12     9 -9999 -9999 -9999
2021 01 06 18  -243  -270 10211    30     9 -9999 -9999 -9999
2021 01 06 21  -237  -284 10217   265    31 -9999 -9999 -9999
2021 01 07 00  -244  -309 10243   270    58 -9999 -9999 -9999
2021 01 07 03  -217  -293 10236   257    63 -9999 -9999 -9999
2021 01 07 06  -207  -284 10223   276    85 -9999 -9999 -9999
2021 01 07 09  -228  -294 10242   271    61 -9999 -9999 -9999
2021 01 07 12  -238  -284 10253   278    27 -9999 -9999 -9999
2021 01 07 15  -243  -312 10247   270    70 -9999 -9999 -9999
2021 01 07 18  -253  -323 10238   265    36 -9999 -9999 -9999
2021 01 07 21  -260  -327 10229   215    51 -9999 -9999 -9999
2021 01 08 00  -265  -320 10240   229    61 -9999 -9999 -9999
2021 01 08 03  -223  -308 10221   252    40 -9999 -9999 -9999
2021 01 08 06  -213  -299 10207   240    50 -9999 -9999     0
2021 01 08 09  -223  -299 10215   240    40 -9999 -9999     0
2021 01 08 12  -254  -304 10227   140    10 -9999 -9999     0
2021 01 08 15  -234  -290 10220   210    20 -9999 -9999 -9999
2021 01 08 18  -227  -283 10209   230    60 -9999 -9999     0
2021 01 08 21  -224  -281 10198   240    50 -9999 -9999     0
2021 01 09 00  -243  -285 10212   319    12 -9999 -9999 -9999
2021 01 09 03  -189  -261 10202   299    22 -9999 -9999 -9999
2021 01 09 06  -165  -252 10194   246    38 -9999 -9999 -9999
2021 01 09 09  -190  -249 10205   251    31 -9999 -9999 -9999
2021 01 09 12  -190  -267 10225   256    45 -9999 -9999 -9999
2021 01 09 15  -218  -277 10232   153    18 -9999 -9999 -9999
2021 01 09 18  -217  -272 10235   109    11 -9999 -9999 -9999
2021 01 09 21  -230  -271 10239   121    14 -9999 -9999 -9999
2021 01 10 00  -240  -276 10253   324    19 -9999 -9999 -9999
2021 01 10 03  -162  -238 10251   275    13 -9999 -9999 -9999
2021 01 10 06  -127  -224 10242   236    47 -9999 -9999 -9999
2021 01 10 09  -152  -228 10255   120    12 -9999 -9999 -9999
2021 01 10 12  -185  -234 10273   360     1 -9999 -9999 -9999
2021 01 10 15  -194  -233 10277   142     8 -9999 -9999 -9999
2021 01 10 18  -204  -240 10285   158    32 -9999 -9999 -9999
2021 01 10 21  -227  -255 10280   304     9 -9999 -9999 -9999
2021 01 11 00  -233  -258 10284   348     9 -9999 -9999 -9999
2021 01 11 03  -167  -221 10264   307    13 -9999 -9999 -9999
2021 01 11 06  -117  -194 10231   295    15 -9999 -9999 -9999
2021 01 11 09  -112  -185 10223   216    17 -9999 -9999 -9999
2021 01 11 12  -160  -211 10217     9    15 -9999 -9999 -9999
2021 01 11 15  -179  -213 10201   325    12 -9999 -9999 -9999
2021 01 11 18  -203  -226 10179    90     4 -9999 -9999 -9999
2021 01 11 21  -218  -240 10164   360     2 -9999 -9999 -9999
2021 01 12 00  -214  -236 10165    44     3 -9999 -9999 -9999
2021 01 12 03  -145  -194 10143   323    13 -9999 -9999 -9999
2021 01 12 06  -109  -171 10119   329    18 -9999 -9999 -9999
2021 01 12 09  -120  -168 10113   121     3 -9999 -9999 -9999
2021 01 12 12  -127  -165 10109   113    11 -9999 -9999 -9999
2021 01 12 15  -137  -166 10090   318    15 -9999 -9999 -9999
2021 01 12 18  -147  -169 10086   102    11 -9999 -9999 -9999
2021 01 12 21  -152  -171 10078    38    10 -9999 -9999 -9999
2021 01 13 00  -159  -177 10084   117     7 -9999 -9999 -9999
2021 01 13 03  -120  -155 10079   351    19 -9999 -9999 -9999
2021 01 13 06   -75  -165 10093   295    55 -9999 -9999 -9999
2021 01 13 09  -115  -195 10134   263    38 -9999 -9999 -9999
2021 01 13 12  -140  -205 10168   252    28 -9999 -9999 -9999
2021 01 13 15  -150  -212 10170   257    25 -9999 -9999 -9999
2021 01 13 18  -173  -225 10185   138    10 -9999 -9999 -9999
2021 01 13 21  -180  -221 10208   110    21 -9999 -9999 -9999
2021 01 14 00  -187  -217 10246   246    23 -9999 -9999 -9999
2021 01 14 03  -127  -210 10255   245    60 -9999 -9999 -9999
2021 01 14 06  -104  -217 10255   232    34 -9999 -9999 -9999
2021 01 14 09  -137  -229 10273   160    19 -9999 -9999 -9999
2021 01 14 12  -152  -231 10274    83     9 -9999 -9999 -9999
2021 01 14 15  -160  -221 10266   300     9 -9999 -9999 -9999
2021 01 14 18  -165  -218 10255    37     5 -9999 -9999 -9999
2021 01 14 21  -159  -183 10224   326    26 -9999 -9999     5
2021 01 15 00  -155  -178 10213   332    24 -9999 -9999    20
2021 01 15 03  -130  -158 10193   335    31 -9999 -9999    28
2021 01 15 06  -125  -158 10183     3    46 -9999 -9999    24
2021 01 15 09  -134  -163 10206    25    26 -9999 -9999    13
2021 01 15 12  -152  -174 10228   280    14 -9999 -9999     4
2021 01 15 15  -174  -203 10243   260    31 -9999 -9999     5
2021 01 15 18  -199  -245 10260   262    48 -9999 -9999     3
2021 01 15 21  -230  -272 10272   136    18 -9999 -9999 -9999
2021 01 16 00  -249  -282 10285    97    15 -9999 -9999 -9999
2021 01 16 03  -169  -238 10280   249    31 -9999 -9999 -9999
2021 01 16 06  -152  -238 10272   248    44 -9999 -9999 -9999
2021 01 16 09  -189  -254 10285   155    15 -9999 -9999 -9999
2021 01 16 12  -233  -269 10287    88     7 -9999 -9999 -9999
2021 01 16 15  -239  -275 10273   103    18 -9999 -9999 -9999
2021 01 16 18  -258  -286 10270   108    12 -9999 -9999 -9999
2021 01 16 21  -274  -301 10262   160    10 -9999 -9999 -9999
2021 01 17 00  -265  -291 10253   345     8 -9999 -9999 -9999
2021 01 17 03  -189  -239 10224   338    16 -9999 -9999 -9999
2021 01 17 06  -155  -228 10201     9    11 -9999 -9999 -9999
2021 01 17 09  -140  -216 10196   167    28 -9999 -9999 -9999
2021 01 17 12  -134  -212 10185   222    63 -9999 -9999 -9999
2021 01 17 15  -140  -205 10163   182    31 -9999 -9999 -9999
2021 01 17 18  -162  -197 10149   280    18 -9999 -9999 -9999
2021 01 17 21  -175  -202 10139   113     7 -9999 -9999     1
2021 01 18 00  -189  -211 10146   286    23 -9999 -9999     1
2021 01 18 03  -155  -236 10164   269    72 -9999 -9999 -9999
2021 01 18 06  -169  -253 10194   283    90 -9999 -9999 -9999
2021 01 18 09  -214  -305 10253   275    82 -9999 -9999 -9999
2021 01 18 12  -232  -280 10292   280    43 -9999 -9999 -9999
2021 01 18 15  -239  -291 10307   253    41 -9999 -9999 -9999
2021 01 18 18  -248  -302 10323   236    60 -9999 -9999 -9999
2021 01 18 21  -257  -308 10338   205    30 -9999 -9999 -9999
2021 01 19 00  -274  -322 10359   144    12 -9999 -9999 -9999
2021 01 19 03  -209  -294 10351   226    58 -9999 -9999 -9999
2021 01 19 06  -172  -282 10335   269    22 -9999 -9999 -9999
2021 01 19 09  -204  -276 10342     9    13 -9999 -9999 -9999
2021 01 19 12  -224  -294 10340    93     9 -9999 -9999 -9999
2021 01 19 15  -243  -297 10333    74     8 -9999 -9999 -9999
2021 01 19 18  -253  -293 10328    85     6 -9999 -9999 -9999
2021 01 19 21  -264  -298 10327   142     7 -9999 -9999 -9999
2021 01 20 00  -254  -289 10316   111    10 -9999 -9999 -9999
2021 01 20 03  -203  -264 10281   356    23 -9999 -9999 -9999
2021 01 20 06  -150  -229 10233   352    10 -9999 -9999 -9999
2021 01 20 09  -147  -207 10224   159     7 -9999 -9999 -9999
2021 01 20 12  -130  -168 10210    25    17 -9999 -9999 -9999
2021 01 20 15   -25   -68 10200   246    75 -9999 -9999 -9999
2021 01 20 18   -10   -62 10205   234    84 -9999 -9999 -9999
2021 01 20 21   -10   -58 10216   260    60 -9999 -9999     0
2021 01 21 00   -35   -85 10236   320    10 -9999 -9999     0
2021 01 21 03   -11   -88 10229    10    10 -9999 -9999     0
2021 01 21 06     1   -88 10207   220    20 -9999 -9999     0
2021 01 21 09   -22   -99 10206   135    13 -9999 -9999 -9999
2021 01 21 12   -42  -100 10207   250    10 -9999 -9999     0
2021 01 21 15   -61  -132 10208   340    30 -9999 -9999     0
2021 01 21 18   -77  -119 10226    20    10 -9999 -9999 -9999
2021 01 21 21   -86  -134 10244    70    20 -9999 -9999     1
2021 01 22 00  -120  -137 10273   128    11 -9999 -9999     1
2021 01 22 03   -69  -163 10276   258     9 -9999 -9999 -9999
2021 01 22 06   -40  -173 10262   253    24 -9999 -9999 -9999
2021 01 22 09   -85  -183 10283   331     9 -9999 -9999 -9999
2021 01 22 12  -130  -194 10301   105    10 -9999 -9999 -9999
2021 01 22 15  -155  -209 10299   126    12 -9999 -9999 -9999
2021 01 22 18  -183  -218 10301    95    14 -9999 -9999 -9999
2021 01 22 21  -205  -233 10308   103    11 -9999 -9999 -9999
2021 01 23 03  -145  -204 10297   338    25 -9999 -9999 -9999
2021 01 23 06   -90  -185 10277   266    14 -9999 -9999 -9999
2021 01 23 09  -110  -187 10279   117     9 -9999 -9999 -9999
2021 01 23 12  -145  -187 10285   107    11 -9999 -9999 -9999
2021 01 23 15  -170  -193 10285   116     8 -9999 -9999 -9999
2021 01 23 18  -183  -203 10287    90    11 -9999 -9999 -9999
2021 01 23 21  -198  -222 10287    61    12 -9999 -9999 -9999
2021 01 24 00  -189  -211 10305   152     3 -9999 -9999 -9999
2021 01 24 03  -114  -167 10301   345    21 -9999 -9999 -9999
2021 01 24 06   -65  -136 10292   357    14 -9999 -9999 -9999
2021 01 24 09   -80  -135 10301   355     7 -9999 -9999 -9999
2021 01 24 12  -110  -138 10318   132     8 -9999 -9999 -9999
2021 01 24 15  -127  -141 10321   180    10 -9999 -9999     0
2021 01 24 18  -145  -162 10327   100    10 -9999 -9999     0
2021 01 24 21  -162  -177 10338   110    20 -9999 -9999     0
2021 01 25 00  -167  -186 10341   101    10 -9999 -9999 -9999
2021 01 25 03  -105  -138 10319   286    15 -9999 -9999 -9999
2021 01 25 06   -57  -129 10281   263    13 -9999 -9999 -9999
2021 01 25 09   -80  -131 10269   186     5 -9999 -9999 -9999
2021 01 25 12   -90  -125 10266   209    14 -9999 -9999 -9999
2021 01 25 15   -87  -123 10238   212    12 -9999 -9999 -9999
2021 01 25 18   -89  -127 10214   129    23 -9999 -9999 -9999
2021 01 25 21   -90  -121 10194   118    11 -9999 -9999 -9999
2021 01 26 00   -82  -100 10197   166    24 -9999 -9999     7
2021 01 26 03   -52   -79 10176   356    25 -9999 -9999    12
2021 01 26 06   -25   -65 10159   360     1 -9999 -9999     5
2021 01 26 09   -35   -64 10163   321    21 -9999 -9999 -9999
2021 01 26 12   -64  -104 10178   355    11 -9999 -9999 -9999
2021 01 26 15   -77  -166 10193   271    68 -9999 -9999 -9999
2021 01 26 18  -105  -172 10197   242    38 -9999 -9999 -9999
2021 01 26 21  -115  -203 10201   247    57 -9999 -9999 -9999
2021 01 27 00  -122  -223 10223   254    57 -9999 -9999 -9999
2021 01 27 03  -102  -221 10232   251    60 -9999 -9999 -9999
2021 01 27 06   -87  -212 10218   293    47 -9999 -9999 -9999
2021 01 27 09  -125  -231 10220    74     8 -9999 -9999 -9999
2021 01 27 12  -162  -236 10232   118     7 -9999 -9999 -9999
2021 01 27 15  -189  -241 10234   113     8 -9999 -9999 -9999
2021 01 27 18  -199  -245 10216   133    10 -9999 -9999 -9999
2021 01 27 21  -202  -239 10191   255    15 -9999 -9999 -9999
2021 01 28 00  -197  -228 10185   272    11 -9999 -9999 -9999
2021 01 28 03  -164  -198 10166   321    27 -9999 -9999     9
2021 01 28 06  -140  -172 10157   315     8 -9999 -9999    15
2021 01 28 09  -145  -179 10173   239     7 -9999 -9999     7
2021 01 28 12  -184  -247 10206   277    64 -9999 -9999     1
2021 01 28 15  -208  -253 10226   253    39 -9999 -9999 -9999
2021 01 28 18  -234  -282 10226   259    20 -9999 -9999 -9999
2021 01 28 21  -260  -296 10228   124     9 -9999 -9999 -9999
2021 01 29 00  -264  -305 10249   141    13 -9999 -9999 -9999
2021 01 29 03  -198  -285 10243   247    41 -9999 -9999 -9999
2021 01 29 06  -165  -282 10240   283    76 -9999 -9999 -9999
2021 01 29 09  -194  -297 10250   310    18 -9999 -9999 -9999
2021 01 29 12  -239  -299 10257   137    28 -9999 -9999 -9999
2021 01 29 15  -249  -307 10245   226    14 -9999 -9999 -9999
2021 01 29 18  -242  -292 10238   160    11 -9999 -9999 -9999
2021 01 29 21  -235  -268 10219   288    13 -9999 -9999     1
2021 01 30 00  -224  -257 10234   242     3 -9999 -9999     2
2021 01 30 03  -179  -241 10244   348    12 -9999 -9999     2
2021 01 30 06  -139  -225 10260   260    36 -9999 -9999     1
2021 01 30 09  -165  -244 10290   307    41 -9999 -9999 -9999
2021 01 30 12  -208  -258 10313   132     7 -9999 -9999 -9999
2021 01 30 15  -240  -271 10325   149    12 -9999 -9999 -9999
2021 01 30 18  -254  -291 10333   105    12 -9999 -9999 -9999
2021 01 30 21  -263  -296 10334   122    12 -9999 -9999 -9999
2021 01 31 00  -275  -310 10340   261    12 -9999 -9999 -9999
2021 01 31 03  -204  -261 10321   293    28 -9999 -9999 -9999
2021 01 31 06  -167  -218 10286   301    14 -9999 -9999 -9999
2021 01 31 09  -172  -200 10268   328    15 -9999 -9999     6
2021 01 31 12  -167  -193 10239    59     4 -9999 -9999     8
2021 01 31 15  -165  -188 10197   360     1 -9999 -9999     7
2021 01 31 18  -162  -185 10156     1     6 -9999 -9999    20
2021 01 31 21  -162  -187 10121     8     6 -9999 -9999    25
2021 02 01 00  -152  -180 10116   144     9 -9999 -9999    10
2021 02 01 03  -112  -155 10111   285     9 -9999 -9999 -9999
2021 02 01 06  -102  -176 10125   302    71 -9999 -9999 -9999
2021 02 01 09  -150  -220 10172   280    50 -9999 -9999     0
2021 02 01 12  -199  -255 10205   261    39 -9999 -9999 -9999
2021 02 01 15  -209  -266 10209   245    30 -9999 -9999 -9999
2021 02 01 18  -207  -264 10210   249    48 -9999 -9999 -9999
2021 02 01 21  -229  -292 10219   262    50 -9999 -9999 -9999
2021 02 02 00  -233  -295 10213   185    35     0 -9999 -9999
2021 02 02 03  -187  -244 10200   273    51 -9999 -9999 -9999
2021 02 02 06  -183  -278 10193   286    53 -9999 -9999 -9999
2021 02 02 09  -200  -284 10201   260    70 -9999 -9999     0
2021 02 02 12  -213  -296 10216   262    61 -9999 -9999 -9999
2021 02 02 15  -209  -287 10209   245    52 -9999 -9999 -9999
2021 02 02 18  -213  -272 10202   219    68 -9999 -9999 -9999
2021 02 02 21  -202  -253 10200   230    89 -9999 -9999 -9999
2021 02 03 00  -202  -271 10216   241    56     0 -9999 -9999
2021 02 03 03  -160  -265 10211   254    32 -9999 -9999 -9999
2021 02 03 06  -137  -269 10200   263    37 -9999 -9999 -9999
2021 02 03 09  -173  -285 10201   265    35 -9999 -9999 -9999
2021 02 03 12  -220  -297 10208    71     9 -9999 -9999 -9999
2021 02 03 15  -248  -298 10211   186    17 -9999 -9999 -9999
2021 02 03 18  -249  -303 10209   140    17 -9999 -9999 -9999
2021 02 03 21  -279  -326 10212   109    10 -9999 -9999 -9999
2021 02 04 00  -257  -297 10223   102    17     0 -9999 -9999
2021 02 04 03  -165  -262 10233   266    36 -9999 -9999 -9999
2021 02 04 06  -132  -269 10218   269    40 -9999 -9999 -9999
2021 02 04 09  -170  -292 10227   218    13 -9999 -9999 -9999
2021 02 04 12  -209  -294 10229   128    16 -9999 -9999 -9999
2021 02 04 15  -232  -299 10212    17     6 -9999 -9999 -9999
2021 02 04 18  -244  -294 10197   236     6 -9999 -9999 -9999
2021 02 04 21  -234  -286 10175   106     5 -9999 -9999 -9999
2021 02 05 00  -215  -273 10155   287     4     0 -9999 -9999
2021 02 05 03  -152  -235 10129   324    15 -9999 -9999 -9999
2021 02 05 06   -89  -179 10091   296    15 -9999 -9999 -9999
2021 02 05 09  -100  -169 10095   351     5 -9999 -9999 -9999
2021 02 05 12  -125  -169 10105    67    11 -9999 -9999 -9999
2021 02 05 15  -119  -150 10117   128     8 -9999 -9999 -9999
2021 02 05 18  -124  -156 10126    73    15 -9999 -9999 -9999
2021 02 05 21  -135  -159 10132   125     9 -9999 -9999 -9999
2021 02 06 00  -139  -166 10152   280     6     0 -9999 -9999
2021 02 06 03   -82  -140 10146   277    11 -9999 -9999 -9999
2021 02 06 06   -50  -117 10147   241    15 -9999 -9999 -9999
2021 02 06 09   -75  -146 10172   282    56 -9999 -9999 -9999
2021 02 06 12  -105  -174 10199   280    32 -9999 -9999 -9999
2021 02 06 15  -137  -197 10216   261    70 -9999 -9999 -9999
2021 02 06 18  -162  -211 10238   252    15 -9999 -9999 -9999
2021 02 06 21  -209  -244 10248    75    12 -9999 -9999 -9999
2021 02 07 00  -204  -238 10265   133    12     0 -9999 -9999
2021 02 07 03  -125  -213 10250   249    15 -9999 -9999 -9999
2021 02 07 06   -92  -203 10230   260    33 -9999 -9999 -9999
2021 02 07 09  -122  -203 10246   268    69 -9999 -9999 -9999
2021 02 07 12  -152  -223 10266   258    52 -9999 -9999 -9999
2021 02 07 15  -174  -221 10271   259    44 -9999 -9999 -9999
2021 02 07 18  -194  -234 10270   294    17 -9999 -9999 -9999
2021 02 07 21  -219  -265 10273   194    12 -9999 -9999 -9999
2021 02 08 00  -205  -263 10285   114    16     0 -9999 -9999
2021 02 08 03  -145  -236 10280   238    51 -9999 -9999 -9999
2021 02 08 06  -107  -227 10265   277    51 -9999 -9999 -9999
2021 02 08 09  -140  -244 10269   267    65 -9999 -9999 -9999
2021 02 08 12  -155  -245 10272   254    46 -9999 -9999 -9999
2021 02 08 15  -157  -236 10265   251    37 -9999 -9999 -9999
2021 02 08 18  -179  -248 10254   116     9 -9999 -9999 -9999
2021 02 08 21  -179  -232 10247   167    13 -9999 -9999 -9999
2021 02 09 00  -190  -235 10246   340    25 -9999 -9999 -9999
2021 02 09 03  -135  -205 10227   335    13     0 -9999 -9999
2021 02 09 06   -80  -158 10198   251    15     0 -9999 -9999
2021 02 09 12  -142  -180 10206   117    10 -9999 -9999 -9999
2021 02 09 15  -154  -190 10205    96    17 -9999 -9999 -9999
2021 02 09 18  -165  -188 10205   151     8 -9999 -9999 -9999
2021 02 09 21  -174  -195 10208    40     7 -9999 -9999 -9999
2021 02 10 00  -149  -167 10212    86     7     0 -9999 -9999
2021 02 10 03   -80  -147 10205   343    15 -9999 -9999 -9999
2021 02 10 06   -24  -112 10195   346    22 -9999 -9999 -9999
2021 02 10 09   -40  -108 10206    64     9 -9999 -9999 -9999
2021 02 11 00  -127  -143 10255   324     9     0 -9999 -9999
2021 02 13 12    10   -28 10198   340    18 -9999 -9999 -9999
2021 02 13 15     6   -24 10199   306    14 -9999 -9999 -9999
2021 02 13 18   -15   -58 10217   284    34 -9999 -9999 -9999
2021 02 13 21   -35   -85 10217    20    40 -9999 -9999     0
2021 02 14 00   -45  -118 10225    38    19 -9999 -9999 -9999
2021 02 14 03   -29  -119 10209   337    33 -9999 -9999 -9999
2021 02 14 06   -12  -125 10186   352    27 -9999 -9999 -9999
2021 02 14 09   -35  -100 10188   275    19 -9999 -9999 -9999
2021 02 14 12   -55   -83 10182   334    12 -9999 -9999 -9999
2021 02 14 15   -67  -137 10173     9    34 -9999 -9999 -9999
2021 02 14 18   -95  -118 10167     1    39 -9999 -9999     4
2021 02 14 21  -119  -142 10157   344    48 -9999 -9999    12
2021 02 15 00  -129  -156 10154   349    33 -9999 -9999    15
2021 02 15 03  -122  -190 10133     4    52 -9999 -9999    10
2021 02 15 06  -102  -209 10113   360    28 -9999 -9999     3
2021 02 15 09  -120  -204 10114   288    22 -9999 -9999 -9999
2021 02 15 12  -145  -229 10124   267    55 -9999 -9999 -9999
2021 02 15 15  -172  -235 10133   271    55 -9999 -9999 -9999
2021 02 15 18  -187  -247 10135   264    45 -9999 -9999 -9999
2021 02 15 21  -195  -242 10124   249    45 -9999 -9999 -9999
2021 02 16 00  -174  -240 10121   257    50 -9999 -9999 -9999
2021 02 16 03  -152  -235 10112   274   101 -9999 -9999 -9999
2021 02 16 06  -140  -223 10103   268    79 -9999 -9999 -9999
2021 02 16 09  -162  -232 10117   265    74 -9999 -9999 -9999
2021 02 16 12  -173  -225 10129   258    66 -9999 -9999 -9999
2021 02 16 15  -165  -216 10112   259    56 -9999 -9999 -9999
2021 02 16 18  -164  -222 10104   258    56 -9999 -9999 -9999
2021 02 16 21  -165  -210 10107   264    46 -9999 -9999 -9999
2021 02 17 00  -157  -204 10116   262    48 -9999 -9999 -9999
2021 02 17 03  -127  -208 10117   276    63 -9999 -9999 -9999
2021 02 17 06  -122  -206 10119   270    85 -9999 -9999 -9999
2021 02 17 09  -140  -206 10151   273    78 -9999 -9999 -9999
2021 02 17 12  -145  -208 10172   246    31 -9999 -9999 -9999
2021 02 17 15  -145  -200 10169   257    41 -9999 -9999 -9999
2021 02 17 18  -149  -185 10178   253    24 -9999 -9999     1
2021 02 17 21  -149  -190 10191   209    23 -9999 -9999     2
2021 02 18 00  -140  -192 10206   204    18 -9999 -9999     1
2021 02 18 03   -95  -175 10195   239    59 -9999 -9999 -9999
2021 02 18 06   -55  -159 10174   255    47 -9999 -9999 -9999
2021 02 18 09   -77  -162 10159   220    51 -9999 -9999 -9999
2021 02 18 12   -90  -171 10146   215    50 -9999 -9999 -9999
2021 02 18 15  -102  -180 10133    99     9 -9999 -9999 -9999
2021 02 18 18  -109  -180 10120   257     9 -9999 -9999 -9999
2021 02 18 21  -152  -188 10101   342    12 -9999 -9999 -9999
2021 02 19 00  -147  -186 10080   360     9 -9999 -9999 -9999
2021 02 19 03   -65  -153 10042   338    22 -9999 -9999 -9999
2021 02 19 06    -7  -109  9986   285    44 -9999 -9999 -9999
2021 02 19 09   -10   -96  9967   265    21 -9999 -9999 -9999
2021 02 20 15  -107  -155 10104   184     9 -9999 -9999 -9999
2021 02 20 18  -127  -165 10120   157    12 -9999 -9999 -9999
2021 02 20 21  -149  -177 10131   123    13 -9999 -9999 -9999
2021 02 21 00  -154  -178 10139   275    14 -9999 -9999 -9999
2021 02 21 09   -50   -93 10107    40    50 -9999 -9999 -9999
2021 02 21 12   -70  -120 10114   351    11 -9999 -9999 -9999
2021 02 21 15   -77  -116 10115   253    10 -9999 -9999 -9999
2021 02 21 18   -82  -110 10128   259    27 -9999 -9999 -9999
2021 02 21 21  -117  -131 10144    68    11 -9999 -9999 -9999
2021 02 22 00   -97  -121 10159   138    11 -9999 -9999 -9999
2021 02 22 03   -47  -116 10154   263    53 -9999 -9999 -9999
2021 02 22 06   -52  -173 10164   275    96 -9999 -9999 -9999
2021 02 22 09  -102  -178 10205   272    62 -9999 -9999 -9999
2021 02 22 12  -120  -165 10225   261    58 -9999 -9999 -9999
2021 02 22 15  -132  -192 10235   284    52 -9999 -9999     1
2021 02 22 18  -155  -202 10245   198    21 -9999 -9999     1
2021 02 22 21  -170  -211 10251   184    10 -9999 -9999 -9999
2021 02 23 00  -144  -209 10262    29    12 -9999 -9999 -9999
2021 02 23 03  -102  -216 10256   278    92 -9999 -9999 -9999
2021 02 23 06   -94  -211 10251   269   103 -9999 -9999 -9999
2021 02 23 09  -129  -234 10270   270    89 -9999 -9999 -9999
2021 02 23 12  -152  -235 10288   264    62 -9999 -9999 -9999
2021 02 23 15  -155  -231 10291   241    35 -9999 -9999 -9999
2021 02 23 18  -174  -235 10295   225    10 -9999 -9999 -9999
2021 02 23 21  -209  -255 10313   159    16 -9999 -9999 -9999
2021 02 24 00  -188  -245 10309   348    18 -9999 -9999 -9999
2021 02 24 03   -90  -202 10287   247    43 -9999 -9999 -9999
2021 02 24 06   -55  -186 10261   239    49 -9999 -9999 -9999
2021 02 24 09   -70  -193 10256   145    11 -9999 -9999 -9999
2021 02 24 12  -104  -195 10254   125    10 -9999 -9999 -9999
2021 02 24 15  -109  -182 10243   219    13 -9999 -9999 -9999
2021 02 24 18  -117  -176 10233   360     0 -9999 -9999 -9999
2021 02 24 21  -125  -184 10239   113    13 -9999 -9999 -9999
2021 02 25 00  -132  -177 10250   340    14 -9999 -9999 -9999
2021 02 25 03   -42  -124 10250   286    50 -9999 -9999 -9999
2021 02 25 06   -40  -151 10255   283    72 -9999 -9999 -9999
2021 02 25 09   -82  -175 10274   262    57 -9999 -9999 -9999
2021 02 25 12  -105  -190 10290   260    65 -9999 -9999 -9999
2021 02 25 15  -117  -185 10294   252    44 -9999 -9999 -9999
2021 02 25 18  -132  -200 10304   285    10 -9999 -9999 -9999
2021 02 25 21  -154  -207 10314   112    24 -9999 -9999 -9999
2021 02 26 00  -124  -202 10317   171    17 -9999 -9999 -9999
2021 02 26 03   -70  -209 10319    10    18 -9999 -9999 -9999
2021 02 26 06   -50  -156 10307   337    23 -9999 -9999 -9999
2021 02 26 09   -64  -166 10315    44    28 -9999 -9999 -9999
2021 02 26 12  -102  -170 10336   112    11 -9999 -9999 -9999
2021 02 26 15  -135  -185 10338   360     0 -9999 -9999 -9999
2021 02 26 18  -157  -193 10342   105    10 -9999 -9999 -9999
2021 02 26 21  -172  -203 10341    34     8 -9999 -9999 -9999
2021 02 27 00  -152  -194 10332   293     6 -9999 -9999 -9999
2021 02 27 03   -74  -153 10298   312    20 -9999 -9999 -9999
2021 02 27 06   -34  -118 10260   305    17 -9999 -9999 -9999
2021 02 27 09   -37  -120 10228    18    12 -9999 -9999 -9999
2021 02 27 12    11   -98 10218   227    64 -9999 -9999 -9999
2021 02 27 15     6   -97 10216   244    26 -9999 -9999 -9999
2021 02 27 18   -24  -100 10214   283    16 -9999 -9999 -9999
2021 02 27 21   -25  -104 10214   283    29 -9999 -9999 -9999
2021 02 28 00    47  -102 10207   236    84 -9999 -9999 -9999
2021 02 28 03    47   -62 10209   263    47 -9999 -9999 -9999
2021 02 28 06    40   -47 10213   289    56 -9999 -9999 -9999
2021 02 28 09   -12   -67 10244   273    51 -9999 -9999 -9999
2021 02 28 12   -44   -96 10272   272    58 -9999 -9999 -9999
2021 02 28 15   -77  -193 10306   312    42 -9999 -9999 -9999
2021 02 28 18   -97  -199 10327   286    19 -9999 -9999 -9999
2021 02 28 21  -102  -201 10325   254    10 -9999 -9999 -9999
2021 03 01 00   -99  -181 10333   360     2 -9999 -9999 -9999
2021 03 01 03   -62  -179 10317   261    21 -9999 -9999 -9999
2021 03 01 06   -45  -162 10287   281    48 -9999 -9999 -9999
2021 03 01 09   -79  -183 10276   264    54 -9999 -9999 -9999
2021 03 01 12  -112  -210 10289   301    12 -9999 -9999 -9999
2021 03 01 15  -152  -216 10287   113     7 -9999 -9999 -9999
2021 03 01 18  -179  -231 10289   258    10 -9999 -9999 -9999
2021 03 01 21  -198  -245 10300   118    12 -9999 -9999 -9999
2021 03 02 00  -167  -235 10314    77     3 -9999 -9999 -9999
2021 03 02 03  -104  -223 10307   291    13 -9999 -9999 -9999
2021 03 02 06   -70  -229 10289   251    18 -9999 -9999 -9999
2021 03 02 09   -75  -201 10293   258    12 -9999 -9999 -9999
2021 03 02 12  -120  -215 10297   129    19 -9999 -9999 -9999
2021 03 02 15  -149  -226 10285    90     5 -9999 -9999 -9999
2021 03 02 18  -174  -228 10285   113    11 -9999 -9999 -9999
2021 03 02 21  -187  -228 10273    97     8 -9999 -9999 -9999
2021 03 03 00  -167  -210 10256   297     9 -9999 -9999 -9999
2021 03 03 03   -79  -154 10226   300    16 -9999 -9999 -9999
2021 03 03 06     0   -90 10193   201    78 -9999 -9999 -9999
2021 03 03 09   -17   -47 10191   203    31 -9999 -9999     3
2021 03 03 12     2   -48 10185   217    45 -9999 -9999     4
2021 03 03 15    15   -49 10171   197    60 -9999 -9999     1
2021 03 03 18    16   -49 10164   205    70 -9999 -9999 -9999
2021 03 03 21    16   -55 10159   209    85 -9999 -9999 -9999
2021 03 04 00    30   -61 10160   203    80 -9999 -9999 -9999
2021 03 04 03    60   -60 10135   221    64 -9999 -9999 -9999
2021 03 04 06    72   -58 10109   230    87 -9999 -9999 -9999
2021 03 04 09    75   -49 10107   220    83 -9999 -9999 -9999
2021 03 04 12    67   -34 10122   227    88 -9999 -9999 -9999
2021 03 04 15    55   -31 10120   221    91 -9999 -9999 -9999
2021 03 04 18    47   -26 10120   223    74 -9999 -9999 -9999
2021 03 04 21    41   -17 10117   225    93 -9999 -9999 -9999
2021 03 05 00    -5   -63 10169   283    87 -9999 -9999 -9999
2021 03 05 03   -40  -117 10219   286   101 -9999 -9999 -9999
2021 03 05 06   -72  -167 10255   279   127 -9999 -9999 -9999
2021 03 05 09  -107  -235 10304   285    95 -9999 -9999 -9999
2021 03 05 12  -147  -248 10355   297    64 -9999 -9999 -9999
2021 03 05 15  -155  -232 10371   294    46 -9999 -9999 -9999
2021 03 05 18  -170  -238 10386   262    39 -9999 -9999 -9999
2021 03 05 21  -192  -250 10403   123     8 -9999 -9999 -9999
2021 03 06 00  -150  -245 10411   243    27 -9999 -9999 -9999
2021 03 06 03  -102  -216 10396   248    47 -9999 -9999 -9999
2021 03 06 06   -65  -199 10368   264    57 -9999 -9999 -9999
2021 03 06 09   -82  -210 10363   266    29 -9999 -9999 -9999
2021 03 06 12  -134  -214 10365   138    23 -9999 -9999 -9999
2021 03 06 15  -160  -224 10351   136    17 -9999 -9999 -9999
2021 03 06 18  -170  -231 10340   115    13 -9999 -9999 -9999
2021 03 06 21  -184  -229 10328   160    14 -9999 -9999 -9999
2021 03 07 00  -147  -199 10320   357    13 -9999 -9999 -9999
2021 03 07 03   -55  -177 10290   236    33 -9999 -9999 -9999
2021 03 07 06   -20  -166 10263   254    52 -9999 -9999 -9999
2021 03 07 09   -12  -151 10261   241    42 -9999 -9999 -9999
2021 03 07 12   -59  -130 10286   265    10 -9999 -9999 -9999
2021 03 07 15   -87  -144 10290    71    10 -9999 -9999 -9999
2021 03 07 18   -95  -149 10291   131     8 -9999 -9999 -9999
2021 03 07 21  -117  -155 10296   166     5 -9999 -9999 -9999
2021 03 08 00   -94  -142 10303   235    14     0 -9999 -9999
2021 03 08 03     7  -102 10279    10    23 -9999 -9999 -9999
2021 03 08 06    52   -83 10244   266    19 -9999 -9999 -9999
2021 03 08 09    40   -94 10230   263     9 -9999 -9999 -9999
2021 03 08 12    11  -110 10221   152    17 -9999 -9999 -9999
2021 03 08 15     7  -107 10201   168    16 -9999 -9999 -9999
2021 03 08 18    21  -118 10172   215    60 -9999 -9999 -9999
2021 03 08 21    16  -115 10151   219    79 -9999 -9999 -9999
2021 03 09 00    32  -108 10140   229   100     0 -9999 -9999
2021 03 09 03    57   -56 10122   238    72 -9999 -9999 -9999
2021 03 09 06    15   -29 10157   278   130     0 -9999 -9999
2021 03 09 09   -15   -49 10196   276    55 -9999 -9999 -9999
2021 03 09 12   -12   -83 10238   275    49     0 -9999 -9999
2021 03 09 15   -27   -93 10268   306    30 -9999 -9999 -9999
2021 03 09 18   -50   -96 10287   270    25 -9999 -9999 -9999
2021 03 09 21   -80  -109 10304   126     6 -9999 -9999 -9999
2021 03 10 00   -35   -94 10311   120     6     0 -9999 -9999
2021 03 10 03    15   -95 10292   215    31 -9999 -9999 -9999
2021 03 10 06    47  -157 10252   267    18 -9999 -9999 -9999
2021 03 10 09    31  -116 10234   341    12 -9999 -9999 -9999
2021 03 10 12   -12  -113 10227   104    20 -9999 -9999 -9999
2021 03 10 15    -9   -75 10221   350    20 -9999 -9999 -9999
2021 03 10 18     5   -61 10214   120    30 -9999 -9999 -9999
2021 03 10 21     5   -55 10223    23     5 -9999 -9999 -9999
2021 03 11 00     7   -40 10246   360     0     0 -9999 -9999
2021 03 11 03    47   -38 10248   287    17 -9999 -9999 -9999
2021 03 11 06    90   -17 10234   258    16 -9999 -9999 -9999
2021 03 11 09    67   -27 10240   185    24 -9999 -9999 -9999
2021 03 11 12    15   -42 10260   180     9 -9999 -9999 -9999
2021 03 11 15   -12   -51 10270   117     9 -9999 -9999 -9999
2021 03 11 18   -32   -61 10277   110    13 -9999 -9999 -9999
2021 03 11 21   -50   -65 10291   230    12 -9999 -9999 -9999
2021 03 12 00   -32   -53 10305   289     8     0 -9999 -9999
2021 03 12 03    50   -57 10298   306    24 -9999 -9999 -9999
2021 03 12 06    82   -91 10275   271    17 -9999 -9999 -9999
2021 03 12 09    59   -91 10266    10    40 -9999 -9999     0
2021 03 12 12     6   -76 10267   109    14 -9999 -9999 -9999
2021 03 12 15   -25   -76 10262   360     2 -9999 -9999 -9999
2021 03 12 18   -32   -80 10250   111    17 -9999 -9999 -9999
2021 03 12 21   -49   -78 10242   136    11 -9999 -9999 -9999
2021 03 13 00   -22   -69 10241   251     3     0 -9999 -9999
2021 03 13 03    51   -37 10221   315    21 -9999 -9999 -9999
2021 03 13 06    87   -37 10191   233    25 -9999 -9999 -9999
2021 03 13 09    77   -29 10185   195    10 -9999 -9999 -9999
2021 03 13 12    20   -36 10198   226     8 -9999 -9999 -9999
2021 03 13 15     1   -38 10193    70     9 -9999 -9999 -9999
2021 03 13 18   -12   -40 10191   115    13 -9999 -9999 -9999
2021 03 13 21   -24   -44 10197   360     0 -9999 -9999 -9999
2021 03 14 00    -9   -29 10215   324     9     0 -9999 -9999
2021 03 14 03    75    -5 10196   256    25 -9999 -9999 -9999
2021 03 14 06   112   -21 10171   261    37 -9999 -9999 -9999
2021 03 14 09    95   -77 10161   211     9 -9999 -9999 -9999
2021 03 14 12    20   -99 10162   140     6 -9999 -9999 -9999
2021 03 14 15    -5   -71 10147    94     5 -9999 -9999 -9999
2021 03 14 18   -25   -68 10131   282     9 -9999 -9999 -9999
2021 03 14 21   -30   -57 10110   352    26 -9999 -9999 -9999
2021 03 15 00     6   -42 10108     3    16     0 -9999 -9999
2021 03 15 03   116   -41 10068   215    71 -9999 -9999 -9999
2021 03 15 06    90     5 10049   201    45 -9999 -9999 -9999
2021 03 15 09    51    36 10051   226    56 -9999 -9999 -9999
2021 03 15 12     0   -19 10081   260    48 -9999 -9999 -9999
2021 03 15 15   -10   -68 10068   226    84 -9999 -9999 -9999
2021 03 15 18   -17   -82 10067   258    57 -9999 -9999 -9999
2021 03 15 21   -25   -97 10085   259    63 -9999 -9999 -9999
2021 03 16 00   -20   -83 10111   261    59     0 -9999 -9999
2021 03 16 03   -20  -101 10128   272   113 -9999 -9999 -9999
2021 03 16 06   -20  -102 10145   294   102 -9999 -9999 -9999
2021 03 16 09   -35  -113 10173   280    74 -9999 -9999 -9999
2021 03 16 12   -45   -94 10197   273    50 -9999 -9999 -9999
2021 03 16 15   -47  -112 10202   245    52 -9999 -9999 -9999
2021 03 16 18   -49  -119 10207   242    56 -9999 -9999 -9999
2021 03 16 21   -52  -126 10218   191    16 -9999 -9999 -9999
2021 03 17 00   -25  -120 10233   262    30     0 -9999 -9999
2021 03 17 03    22   -82 10230   269    58 -9999 -9999 -9999
2021 03 17 06    40   -71 10226   270    67 -9999 -9999 -9999
2021 03 17 09    20   -94 10233   289    43 -9999 -9999 -9999
2021 03 17 12   -12  -100 10248   257    26 -9999 -9999 -9999
2021 03 17 15   -27  -101 10253   127     3 -9999 -9999 -9999
2021 03 17 18   -55   -92 10254   107    14 -9999 -9999 -9999
2021 03 17 21   -67   -99 10257   314     3 -9999 -9999 -9999
2021 03 18 00   -20   -78 10259   352     5     0 -9999 -9999
2021 03 18 03    42   -81 10244   262    45 -9999 -9999 -9999
2021 03 18 06    76  -112 10230   269    60 -9999 -9999 -9999
2021 03 18 09    50  -107 10237   273    33 -9999 -9999 -9999
2021 03 18 15   -27  -107 10252   360     2 -9999 -9999 -9999
2021 03 18 18   -40  -113 10249   113     9 -9999 -9999 -9999
2021 03 18 21   -50  -101 10260   208     4 -9999 -9999 -9999
2021 03 19 00   -22   -91 10255   297     9     0 -9999 -9999
2021 03 19 03    45  -105 10244   298    21 -9999 -9999 -9999
2021 03 19 06    72  -114 10218   336    12 -9999 -9999 -9999
2021 03 19 09    60   -95 10218    41    18 -9999 -9999 -9999
2021 03 19 12    30   -84 10231   117    20 -9999 -9999 -9999
2021 03 19 15    -2   -67 10227   294    18 -9999 -9999 -9999
2021 03 19 18   -15   -53 10211   274    15 -9999 -9999 -9999
2021 03 19 21     1   -65 10193    69    14 -9999 -9999 -9999
2021 03 20 00    17   -35 10172    89    34     0 -9999 -9999
2021 03 20 03     2    -6 10146    53    33     0 -9999    20
2021 03 20 06     2    -4 10117   309    14     0 -9999    55
2021 03 20 09     0    -4 10104   294    14     0 -9999    72
2021 03 20 12     2    -1 10097   231     9     0 -9999    53
2021 03 20 15     5   -11 10091   189    22 -9999 -9999    17
2021 03 20 18     0   -16 10071   174    28 -9999 -9999     2
2021 03 20 21     1   -15 10055   192    43 -9999 -9999     3
2021 03 21 00    15   -21 10049   235    51     0 -9999     3
2021 03 21 03    22   -37 10040   259    52 -9999 -9999     1
2021 03 21 06    20   -47 10040   271    67     0 -9999     2
2021 03 21 09    -7   -38 10065   263    53 -9999 -9999     2
2021 03 21 12   -14   -44 10086   258    57 -9999 -9999 -9999
2021 03 21 15   -14   -51 10095   259    54 -9999 -9999 -9999
2021 03 21 18   -27   -64 10100   262    35 -9999 -9999 -9999
2021 03 21 21   -34   -85 10116   199    26 -9999 -9999 -9999
2021 03 22 00    -2   -75 10126   260    32     0 -9999 -9999
2021 03 22 03    40   -77 10109   256    49 -9999 -9999 -9999
2021 03 22 06    55   -74 10099   274    79 -9999 -9999 -9999
2021 03 22 09    30   -81 10105   269    49 -9999 -9999 -9999
2021 03 22 12     0   -80 10120   219    19 -9999 -9999 -9999
2021 03 22 15   -17   -78 10111   120    24 -9999 -9999 -9999
2021 03 22 18    -9   -73 10091   136    16 -9999 -9999 -9999
2021 03 22 21   -34   -67 10073   359    15 -9999 -9999 -9999
2021 03 23 00     5   -49 10062   352    16     0 -9999 -9999
2021 03 23 03    85   -51 10056   226    86 -9999 -9999 -9999
2021 03 23 06   125   -51 10050   267    59 -9999 -9999 -9999
2021 03 23 09   100   -55 10069   278    68 -9999 -9999 -9999
2021 03 23 12    52   -46 10108   228     9 -9999 -9999 -9999
2021 03 23 15    11   -47 10117    41     4 -9999 -9999 -9999
2021 03 23 18    11   -43 10121   196    13 -9999 -9999 -9999
2021 03 23 21    -5   -35 10132    56    11 -9999 -9999 -9999
2021 03 24 00    25   -25 10143   326    26     0 -9999 -9999
2021 03 24 03    82   -24 10139   310    26 -9999 -9999 -9999
2021 03 24 06    95   -12 10130   355    54 -9999 -9999 -9999
2021 03 24 09    87   -22 10158    18    23 -9999 -9999 -9999
2021 03 24 12    27   -21 10181   153    10 -9999 -9999 -9999
2021 03 24 15    -9   -33 10189    77    11 -9999 -9999 -9999
2021 03 24 18   -22   -39 10186   114     4 -9999 -9999 -9999
2021 03 24 21   -32   -42 10186   360     0 -9999 -9999 -9999
2021 03 25 00     1   -21 10188   294    19     0 -9999 -9999
2021 03 25 03    75   -10 10163   307    24 -9999 -9999 -9999
2021 03 25 06    80    -8 10137    80    47 -9999 -9999 -9999
2021 03 25 09    70     4 10150   122    37 -9999 -9999 -9999
2021 03 25 12    35    25 10176    28     9 -9999 -9999    11
2021 03 25 15    30    23 10186   360     0 -9999 -9999    29
2021 03 25 18    21    17 10203   360     0 -9999 -9999    18
2021 03 25 21    17    13 10219   171    12 -9999 -9999 -9999
2021 03 26 00    37    34 10231   246    22     0 -9999 -9999
2021 03 26 03    80    25 10214   296    18 -9999 -9999 -9999
2021 03 26 06   102   -11 10184   175    28 -9999 -9999 -9999
2021 03 26 09    97   -16 10169   151    11 -9999 -9999 -9999
2021 03 26 12    65   -19 10157   123    12 -9999 -9999 -9999
2021 03 26 15    77   -21 10137   177    25 -9999 -9999 -9999
2021 03 26 18    80   -21 10117   197    34 -9999 -9999 -9999
2021 03 26 21    81    -4 10102   203    61 -9999 -9999 -9999
2021 03 27 00    95     3 10103   212    76     0 -9999 -9999
2021 03 27 03   130    10 10093   237    76 -9999 -9999 -9999
2021 03 27 06   162    23 10068   247    50 -9999 -9999 -9999
2021 03 27 09   147    10 10062   231    36 -9999 -9999 -9999
2021 03 27 12    82    -5 10069    63     5 -9999 -9999 -9999
2021 03 27 15    42   -15 10061   108    12 -9999 -9999 -9999
2021 03 27 18    15   -12 10047   207    14 -9999 -9999 -9999
2021 03 27 21     0   -12 10034    84    11 -9999 -9999 -9999
2021 03 28 00    40    10 10021   288    26     0 -9999 -9999
2021 03 28 03    37    31 10010   280    19 -9999 -9999    20
2021 03 28 06    60    56  9981   255    13 -9999 -9999    43
2021 03 28 09    66    59  9970    85    37 -9999 -9999    47
2021 03 28 12    60    49  9970   127    11 -9999 -9999    59
2021 03 28 15    46    43  9949   299    13 -9999 -9999    38
2021 03 28 18    47    44  9948   249    43 -9999 -9999    20
2021 03 28 21    51    33  9951   225    68 -9999 -9999    23
2021 03 29 00    47     3  9962   238    62     0 -9999     6
2021 03 29 03    67   -17  9966   229    71 -9999 -9999 -9999
2021 03 29 06    66   -31  9971   229    71 -9999 -9999 -9999
2021 03 29 09    62   -34  9987   255    80 -9999 -9999 -9999
2021 03 29 12    40   -10 10011   216    41 -9999 -9999 -9999
2021 03 29 15    45   -19 10013   227    70 -9999 -9999 -9999
2021 03 29 18    41    -9 10023   243    68 -9999 -9999 -9999
2021 03 29 21    40    -7 10037   245    54 -9999 -9999 -9999
2021 03 30 00    42     4 10065   263    51     0 -9999 -9999
2021 03 30 03    56     4 10084   269    81 -9999 -9999 -9999
2021 03 30 06    67     2 10099   283    42 -9999 -9999 -9999
2021 03 30 09    65    -1 10109   276    28 -9999 -9999 -9999
2021 03 30 12    37    -8 10129   114    19 -9999 -9999 -9999
2021 03 30 15    27    -8 10142   120     8 -9999 -9999 -9999
2021 03 30 18     5   -17 10154   189     5 -9999 -9999 -9999
2021 03 30 21   -12   -23 10165   128    14 -9999 -9999 -9999
2021 03 31 00    22    -5 10180   313    15     0 -9999 -9999
2021 03 31 03   107   -23 10172   291    20 -9999 -9999 -9999
2021 03 31 06   132   -26 10166   261    15 -9999 -9999 -9999
2021 03 31 09   126   -21 10176     9     4 -9999 -9999 -9999
2021 03 31 12    51   -11 10206    51     7 -9999 -9999 -9999
2021 03 31 15    22   -37 10215   146     9 -9999 -9999 -9999
2021 03 31 18    10   -38 10232   119    31 -9999 -9999 -9999
2021 03 31 21   -15   -41 10249   131     6 -9999 -9999 -9999
2021 04 01 00    35   -20 10266   315     6     0 -9999 -9999
2021 04 01 03   120   -31 10257   300    21 -9999 -9999 -9999
2021 04 01 06   156   -49 10236   279    32 -9999 -9999 -9999
2021 04 01 09   137   -54 10228    72    17 -9999 -9999 -9999
2021 04 01 12    80   -18 10233   123    18 -9999 -9999 -9999
2021 04 01 15    50   -40 10229   107    22 -9999 -9999 -9999
2021 04 01 18    27   -29 10218   280     6 -9999 -9999 -9999
2021 04 01 21    15   -25 10216    70     8 -9999 -9999 -9999
2021 04 02 00    65     0 10207   330    20     0 -9999 -9999
2021 04 02 03   166     7 10184   228    71 -9999 -9999 -9999
2021 04 02 06   177   -25 10160   206    62 -9999 -9999 -9999
2021 04 02 09   156   -10 10156   199    49 -9999 -9999 -9999
2021 04 02 12   125    -7 10165   245    61 -9999 -9999 -9999
2021 04 02 15   110    21 10164   213    52 -9999 -9999 -9999
2021 04 02 18   100    44 10159   228    76 -9999 -9999 -9999
2021 04 02 21    77    -5 10174   278    72 -9999 -9999 -9999
2021 04 03 00    70   -87 10201   285    83     0 -9999 -9999
2021 04 03 03    82   -96 10203   280    75 -9999 -9999 -9999
2021 04 03 06   107   -96 10188   269    73 -9999 -9999 -9999
2021 04 03 09    65  -131 10198   275    77 -9999 -9999 -9999
2021 04 03 12    30  -117 10221   357    65 -9999 -9999 -9999
2021 04 03 15    10  -111 10233   301    17 -9999 -9999 -9999
2021 04 03 18   -20   -85 10235    35     6 -9999 -9999 -9999
2021 04 03 21   -35  -104 10232   104     4 -9999 -9999 -9999
2021 04 04 00    12  -112 10241   275    10     0 -9999 -9999
2021 04 04 03    67  -160 10221   275    33 -9999 -9999 -9999
2021 04 04 06    95  -144 10196   244    18 -9999 -9999 -9999
2021 04 04 09    97   -99 10191   272    54 -9999 -9999 -9999
2021 04 04 12    30   -81 10210   217     8 -9999 -9999 -9999
2021 04 04 15    -2  -104 10213   137    36 -9999 -9999 -9999
2021 04 04 18   -25   -82 10214   338    13 -9999 -9999 -9999
2021 04 04 21   -34   -92 10209   119    17 -9999 -9999 -9999
2021 04 05 00    40   -74 10207    74    17     0 -9999 -9999
2021 04 05 03   127  -102 10174   228    96 -9999 -9999 -9999
2021 04 05 06   166   -85 10140   240    69 -9999 -9999 -9999
2021 04 05 09   157   -78 10125   234    57 -9999 -9999 -9999
2021 04 05 12   135   -62 10128   217    64 -9999 -9999 -9999
2021 04 05 15   127   -62 10106   221    93 -9999 -9999 -9999
2021 04 05 18    72   -48 10131    33     5 -9999 -9999 -9999
2021 04 05 21    17   -54 10147   184     4 -9999 -9999 -9999
2021 04 06 00    82   -39 10154   242    16     0 -9999 -9999
2021 04 06 03   120   -91 10142   264    70 -9999 -9999 -9999
2021 04 06 06   145   -89 10142   287    81 -9999 -9999 -9999
2021 04 06 09   101   -90 10161   282    84 -9999 -9999 -9999
2021 04 06 12    60   -77 10183   274    65 -9999 -9999 -9999
2021 04 06 15    12   -85 10184   141    27 -9999 -9999 -9999
2021 04 06 18   -17   -87 10191   332    16 -9999 -9999 -9999
2021 04 06 21   -10  -176 10212   297    49 -9999 -9999 -9999
2021 04 07 00     7  -191 10219   267    69     0 -9999 -9999
2021 04 07 03    42  -180 10212   267    87 -9999 -9999 -9999
2021 04 07 06    55  -184 10200   291    86 -9999 -9999 -9999
2021 04 07 09    35  -163 10199   270    89 -9999 -9999 -9999
2021 04 07 12    15  -130 10200   260    43 -9999 -9999 -9999
2021 04 07 15    -5  -149 10196   255    40 -9999 -9999 -9999
2021 04 07 18   -35  -137 10189   265    21 -9999 -9999 -9999
2021 04 07 21   -62  -144 10192   161     5 -9999 -9999 -9999
2021 04 08 00     5  -155 10196   280    58     0 -9999 -9999
2021 04 08 03    30  -147 10199   327    63 -9999 -9999 -9999
2021 04 08 06    36  -141 10199   309    62 -9999 -9999 -9999
2021 04 08 09    37  -127 10218   301    77 -9999 -9999 -9999
2021 04 08 12     7  -110 10239   344    10 -9999 -9999 -9999
2021 04 08 15   -15   -71 10255    82     8 -9999 -9999 -9999
2021 04 08 18   -34   -81 10262   154    12 -9999 -9999 -9999
2021 04 08 21   -52   -87 10280   117     8 -9999 -9999 -9999
2021 04 09 00    15   -75 10290     8     7     0 -9999 -9999
2021 04 09 03    75   -90 10285   295    22 -9999 -9999 -9999
2021 04 09 06    96   -95 10271    98    20 -9999 -9999 -9999
2021 04 09 09   105   -98 10265   262    50 -9999 -9999 -9999
2021 04 09 12    31   -95 10284   130    14 -9999 -9999 -9999
2021 04 09 15     2   -98 10283   114     5 -9999 -9999 -9999
2021 04 09 18   -12   -94 10287   112     8 -9999 -9999 -9999
2021 04 09 21   -35   -90 10293   194     6 -9999 -9999 -9999
2021 04 10 00    32   -59 10298   298    28     0 -9999 -9999
2021 04 10 03   130   -94 10277   253    56 -9999 -9999 -9999
2021 04 10 06   155   -87 10250   190    29 -9999 -9999 -9999
2021 04 10 09   157   -79 10239   225    31 -9999 -9999 -9999
2021 04 10 12   105   -82 10244   153    32 -9999 -9999 -9999
2021 04 10 15    96   -80 10239   174    19 -9999 -9999 -9999
2021 04 10 18    62   -74 10246    81    15 -9999 -9999 -9999
2021 04 10 21    90   -49 10236   196    45 -9999 -9999 -9999
2021 04 11 00   122   -21 10238   229    88     0 -9999 -9999
2021 04 11 03   172    13 10221   238    82 -9999 -9999 -9999
2021 04 11 06   190    10 10200   230    99 -9999 -9999 -9999
2021 04 11 09   186    -2 10193   233    61 -9999 -9999 -9999
2021 04 11 12   167    -5 10202   219    73 -9999 -9999 -9999
2021 04 11 15   132     7 10207   257    13 -9999 -9999 -9999
2021 04 11 18   142   -10 10188   231    87 -9999 -9999 -9999
2021 04 11 21   131    -9 10179   218    58 -9999 -9999 -9999
2021 04 12 00   152    -5 10166   219    57     0 -9999 -9999
2021 04 12 03   191    -8 10134   248   103 -9999 -9999 -9999
2021 04 12 06   190     1 10094   200    76 -9999 -9999 -9999
2021 04 12 09   165    13 10079   198    58 -9999 -9999 -9999
2021 04 12 12   140    22 10076   229   106 -9999 -9999 -9999
2021 04 12 15   110    37 10061   220    74 -9999 -9999 -9999
2021 04 12 18    21     0 10075   278    79 -9999 -9999    11
2021 04 12 21   -25   -50 10101   284    95 -9999 -9999    15
2021 04 13 00   -15   -57 10114   270    81     0 -9999     5
2021 04 13 03    27   -95 10110   274   105 -9999 -9999     1
2021 04 13 06    40  -104 10116   267    86 -9999 -9999 -9999
2021 04 13 09    15  -113 10122   267    72 -9999 -9999 -9999
2021 04 13 12    -9   -77 10138   266    67 -9999 -9999 -9999
2021 04 13 15   -10   -85 10138   268    54 -9999 -9999 -9999
2021 04 13 18   -25   -86 10133   235    35 -9999 -9999 -9999
2021 04 13 21   -42   -88 10125   197     5 -9999 -9999 -9999
2021 04 14 00     0   -61 10119   226    45     0 -9999     2
2021 04 14 03    57   -82 10104   267    57 -9999 -9999     2
2021 04 14 06    97  -110 10093   274    86 -9999 -9999 -9999
2021 04 14 09    57  -122 10113   275    63 -9999 -9999 -9999
2021 04 14 12    50  -112 10127   243    53 -9999 -9999 -9999
2021 04 14 15     6   -94 10135   102    17 -9999 -9999 -9999
2021 04 14 18     1   -99 10141   131    25 -9999 -9999 -9999
2021 04 14 21    15  -117 10133   126    28 -9999 -9999 -9999
2021 04 15 00    75   -67 10125   251    15     0 -9999 -9999
2021 04 15 03   136   -89 10110   230    49 -9999 -9999 -9999
2021 04 15 06   156   -60 10091   234    63 -9999 -9999 -9999
2021 04 15 09   165   -60 10077   192    20 -9999 -9999 -9999
2021 04 15 12   132   -68 10080   166    28 -9999 -9999 -9999
2021 04 15 15   117   -76 10086   229    35 -9999 -9999 -9999
2021 04 15 18    97   -74 10074   149    18 -9999 -9999 -9999
2021 04 15 21    71   -63 10062   298    10 -9999 -9999 -9999
2021 04 16 00   110   -29 10047   150    40     0 -9999 -9999
2021 04 16 03   120     0 10043   216    40 -9999 -9999 -9999
2021 04 16 06    92    11 10038   237   104     0 -9999 -9999
2021 04 16 09    92    15 10037   190    34 -9999 -9999     2
2021 04 16 12    56    19 10078   205    10 -9999 -9999     2
2021 04 16 15    32    -9 10088   168    30 -9999 -9999 -9999
2021 04 16 18    45   -28 10086   199    37 -9999 -9999 -9999
2021 04 16 21    42   -15 10106   212    37 -9999 -9999 -9999
2021 04 17 00    67   -49 10117   253    62 -9999 -9999 -9999
2021 04 17 03    92   -70 10122   274    38 -9999 -9999 -9999
2021 04 17 06    95   -69 10115   358    38 -9999 -9999 -9999
2021 04 17 09    76   -39 10121    40    47 -9999 -9999 -9999
2021 04 17 12    47   -40 10139   155    11 -9999 -9999 -9999
2021 04 17 15    17   -47 10142   161     5 -9999 -9999 -9999
2021 04 17 18   -10   -52 10141   116    21 -9999 -9999 -9999
2021 04 17 21   -17   -52 10154   168     6 -9999 -9999 -9999
2021 04 18 00    50   -19 10149   329    11 -9999 -9999 -9999
2021 04 18 03   105    -9 10125   273    30 -9999 -9999 -9999
2021 04 18 06   130     1 10110   289    76 -9999 -9999 -9999
2021 04 18 09   107   -10 10104   276    52 -9999 -9999 -9999
2021 04 18 12    51   -11 10118   274    23 -9999 -9999 -9999
2021 04 18 15    12   -19 10108   139    10 -9999 -9999 -9999
2021 04 18 18    -2   -23 10101   116    11 -9999 -9999 -9999
2021 04 18 21   -17   -28 10086   115    15 -9999 -9999 -9999
2021 04 19 00    50    -2 10077   341    19 -9999 -9999 -9999
2021 04 19 03   165   -25 10050   261    30 -9999 -9999 -9999
2021 04 19 06   215   -17 10029   257    64 -9999 -9999 -9999
2021 04 19 09   205   -40 10036   297    72 -9999 -9999 -9999
2021 04 19 12   142    28 10073   274   103 -9999 -9999 -9999
2021 04 19 15    77   -44 10120   266    70 -9999 -9999 -9999
2021 04 19 18    46   -82 10151   264    65 -9999 -9999 -9999
2021 04 19 21    30   -97 10179   109    16 -9999 -9999 -9999
2021 04 20 00    72  -143 10203   279    54 -9999 -9999 -9999
2021 04 20 03   127  -160 10195   281   108 -9999 -9999 -9999
2021 04 20 06   155  -148 10186   271    88 -9999 -9999 -9999
2021 04 20 09   137  -141 10184   270    58 -9999 -9999 -9999
2021 04 20 12    95  -130 10208   248    29 -9999 -9999 -9999
2021 04 20 15    47  -118 10214   150    20 -9999 -9999 -9999
2021 04 20 18    27  -120 10221   125    14 -9999 -9999 -9999
2021 04 20 21     0   -97 10230     8    18 -9999 -9999 -9999
