2021 01 01 00  -184  -253 10294   266    15 -9999 -9999 -9999
2021 01 01 03  -147  -253 10292   331    29 -9999 -9999 -9999
2021 01 01 06  -134  -233 10282   322    21 -9999 -9999 -9999
2021 01 01 09  -165  -250 10297   159     9 -9999 -9999 -9999
2021 01 01 12  -194  -253 10306   143     9 -9999 -9999 -9999
2021 01 01 15  -182  -263 10312   268    12 -9999 -9999 -9999
2021 01 01 18  -192  -279 10315   289    12 -9999 -9999 -9999
2021 01 01 21  -220  -279 10315   261    16 -9999 -9999 -9999
2021 01 02 00  -225  -282 10326   266    19 -9999 -9999 -9999
2021 01 02 03  -164  -266 10326   272    24 -9999 -9999 -9999
2021 01 02 06  -135  -254 10317   272    34 -9999 -9999 -9999
2021 01 02 09  -145  -234 10330   250    21 -9999 -9999 -9999
2021 01 02 12  -160  -237 10332   264    28 -9999 -9999 -9999
2021 01 02 15  -170  -251 10338   259    21 -9999 -9999 -9999
2021 01 02 18  -175  -255 10336   265    28 -9999 -9999 -9999
2021 01 02 21  -205  -265 10345   254    18 -9999 -9999 -9999
2021 01 03 00  -195  -262 10343   268    27 -9999 -9999 -9999
2021 01 03 03  -142  -239 10344   264    45 -9999 -9999 -9999
2021 01 03 06  -124  -227 10332   265    37 -9999 -9999 -9999
2021 01 03 09  -142  -222 10337   241    17 -9999 -9999 -9999
2021 01 03 12  -157  -234 10337   257    13 -9999 -9999 -9999
2021 01 03 15  -187  -235 10337   258    11 -9999 -9999 -9999
2021 01 03 18  -190  -242 10342   265    15 -9999 -9999 -9999
2021 01 03 21  -204  -258 10336   262    17 -9999 -9999 -9999
2021 01 04 00  -224  -278 10342   246    33 -9999 -9999 -9999
2021 01 04 03  -155  -261 10340   268    37 -9999 -9999 -9999
2021 01 04 06  -142  -254 10329   264    50 -9999 -9999 -9999
2021 01 04 09  -152  -241 10338   261    26 -9999 -9999 -9999
2021 01 04 12  -170  -255 10347   274    19 -9999 -9999 -9999
2021 01 04 15  -179  -275 10347   266    34 -9999 -9999 -9999
2021 01 04 18  -198  -282 10350   268    18 -9999 -9999 -9999
2021 01 04 21  -210  -288 10352   263    17 -9999 -9999 -9999
2021 01 05 00  -220  -293 10364   269    21 -9999 -9999 -9999
2021 01 05 03  -165  -268 10356   282    24 -9999 -9999 -9999
2021 01 05 06  -139  -246 10334   265    25 -9999 -9999 -9999
2021 01 05 09  -155  -236 10329   239    20 -9999 -9999 -9999
2021 01 05 12  -174  -251 10323   251    18 -9999 -9999 -9999
2021 01 05 15  -182  -250 10305   270    14 -9999 -9999 -9999
2021 01 05 18  -187  -251 10288   270    11 -9999 -9999 -9999
2021 01 05 21  -189  -265 10270   270    23 -9999 -9999 -9999
2021 01 06 00  -208  -275 10275   256    28 -9999 -9999 -9999
2021 01 06 03  -183  -223 10272   285    33 -9999 -9999 -9999
2021 01 06 06  -175  -243 10271   299    37 -9999 -9999     1
2021 01 06 09  -193  -287 10291   277    41 -9999 -9999     1
2021 01 06 12  -214  -304 10312   286    46 -9999 -9999 -9999
2021 01 06 15  -220  -313 10318   276    35 -9999 -9999 -9999
2021 01 06 18  -234  -326 10319   266    37 -9999 -9999 -9999
2021 01 06 21  -249  -345 10309   267    41 -9999 -9999 -9999
2021 01 07 00  -259  -338 10313   258    35 -9999 -9999 -9999
2021 01 07 03  -224  -324 10306   266    55 -9999 -9999 -9999
2021 01 07 06  -194  -301 10286   262    40 -9999 -9999 -9999
2021 01 07 09  -200  -290 10291   261    27 -9999 -9999 -9999
2021 01 07 12  -217  -300 10288   264    36 -9999 -9999 -9999
2021 01 07 15  -224  -301 10281   263    26 -9999 -9999 -9999
2021 01 07 18  -234  -303 10275   259    22 -9999 -9999 -9999
2021 01 07 21  -239  -307 10261   262    19 -9999 -9999 -9999
2021 01 08 00  -244  -305 10261   257    17 -9999 -9999 -9999
2021 01 08 03  -178  -271 10250   262    38 -9999 -9999 -9999
2021 01 08 06  -145  -243 10234   260    40 -9999 -9999     0
2021 01 08 09  -153  -238 10232   260    20 -9999 -9999     0
2021 01 08 12  -172  -252 10240   270    30 -9999 -9999     0
2021 01 08 15  -184  -254 10237   260    30 -9999 -9999     0
2021 01 08 18  -205  -262 10235   260    20 -9999 -9999     0
2021 01 08 21  -203  -261 10236   290    10 -9999 -9999     0
2021 01 09 00  -207  -259 10245   260    16 -9999 -9999 -9999
2021 01 09 03  -132  -215 10239   270    26 -9999 -9999 -9999
2021 01 09 06   -95  -192 10227   264    32 -9999 -9999 -9999
2021 01 09 09   -97  -174 10227   256    22 -9999 -9999 -9999
2021 01 09 12  -119  -193 10237   269    16 -9999 -9999 -9999
2021 01 09 15  -134  -195 10239   262    12 -9999 -9999 -9999
2021 01 09 18  -145  -195 10244   251    13 -9999 -9999 -9999
2021 01 09 21  -140  -196 10247   272    21 -9999 -9999 -9999
2021 01 10 00  -155  -204 10270   294    13 -9999 -9999 -9999
2021 01 10 03  -109  -191 10284   267    17 -9999 -9999 -9999
2021 01 10 06   -82  -183 10277   261    34 -9999 -9999 -9999
2021 01 10 09   -94  -174 10282   250    20 -9999 -9999 -9999
2021 01 10 12  -115  -186 10286   249    21 -9999 -9999 -9999
2021 01 10 15  -135  -195 10283   263    13 -9999 -9999 -9999
2021 01 10 18  -145  -194 10274   246    21 -9999 -9999 -9999
2021 01 10 21  -154  -203 10255   253    17 -9999 -9999 -9999
2021 01 11 00  -149  -200 10245   240    23 -9999 -9999 -9999
2021 01 11 03  -104  -173 10234   264    26 -9999 -9999 -9999
2021 01 11 06   -75  -164 10205   243    28 -9999 -9999 -9999
2021 01 11 09   -90  -164 10202   217    18 -9999 -9999 -9999
2021 01 11 12  -110  -167 10194   252    19 -9999 -9999 -9999
2021 01 11 15  -140  -176 10176   272     3 -9999 -9999 -9999
2021 01 11 18  -145  -189 10150   267     9 -9999 -9999 -9999
2021 01 11 21  -135  -196 10113   195    19 -9999 -9999 -9999
2021 01 12 00  -135  -193 10091   134    17 -9999 -9999 -9999
2021 01 12 03   -80  -142 10068   167    16 -9999 -9999 -9999
2021 01 12 06   -47  -140 10046   243    33 -9999 -9999 -9999
2021 01 12 09   -72  -152 10062   263    19 -9999 -9999 -9999
2021 01 12 12  -112  -156 10070   187    15 -9999 -9999 -9999
2021 01 12 15  -110  -157 10082   297    13 -9999 -9999 -9999
2021 01 12 18  -110  -195 10093   325    28 -9999 -9999 -9999
2021 01 12 21  -132  -212 10108   353    39 -9999 -9999 -9999
2021 01 13 00  -160  -208 10143   248    11 -9999 -9999 -9999
2021 01 13 03  -119  -189 10158   252    18 -9999 -9999 -9999
2021 01 13 06   -77  -161 10156   245    34 -9999 -9999 -9999
2021 01 13 09   -87  -160 10186   264    26 -9999 -9999 -9999
2021 01 13 12  -115  -222 10213   280    27 -9999 -9999 -9999
2021 01 13 15  -147  -231 10229   268    11 -9999 -9999 -9999
2021 01 13 18  -142  -244 10241   281    12 -9999 -9999 -9999
2021 01 13 21  -178  -247 10252   261    21 -9999 -9999 -9999
2021 01 14 00  -189  -239 10256    77     4 -9999 -9999 -9999
2021 01 14 03  -127  -232 10256    96    32 -9999 -9999 -9999
2021 01 14 06  -120  -224 10223    83    46 -9999 -9999 -9999
2021 01 14 09  -122  -198 10214    70    47 -9999 -9999 -9999
2021 01 14 12  -130  -160 10218    57    36 -9999 -9999 -9999
2021 01 14 15  -132  -162 10218    28    28 -9999 -9999    16
2021 01 14 18  -145  -176 10226   351    31 -9999 -9999    21
2021 01 14 21  -155  -189 10243   352    35 -9999 -9999     9
2021 01 15 00  -167  -197 10269   341    38 -9999 -9999     4
2021 01 15 03  -147  -218 10285   327    31 -9999 -9999 -9999
2021 01 15 06  -130  -220 10286   293    27 -9999 -9999 -9999
2021 01 15 09  -142  -210 10306   255    16 -9999 -9999 -9999
2021 01 15 12  -162  -242 10313   280    34 -9999 -9999 -9999
2021 01 15 15  -178  -255 10316   270    12 -9999 -9999 -9999
2021 01 15 18  -205  -265 10317   257    15 -9999 -9999 -9999
2021 01 15 21  -214  -267 10313   275    13 -9999 -9999 -9999
2021 01 16 00  -214  -270 10318   246    17 -9999 -9999 -9999
2021 01 16 03  -157  -252 10318   266    28 -9999 -9999 -9999
2021 01 16 06  -130  -231 10304   254    38 -9999 -9999 -9999
2021 01 16 09  -140  -226 10313   252    18 -9999 -9999 -9999
2021 01 16 12  -150  -227 10302   257    25 -9999 -9999 -9999
2021 01 16 15  -155  -222 10288   257    27 -9999 -9999 -9999
2021 01 16 18  -162  -229 10275   256    37 -9999 -9999 -9999
2021 01 16 21  -165  -230 10253   257    35 -9999 -9999 -9999
2021 01 17 00  -173  -236 10237   249    14 -9999 -9999 -9999
2021 01 17 03  -127  -218 10214   233    31 -9999 -9999 -9999
2021 01 17 06   -99  -204 10187   259    48 -9999 -9999 -9999
2021 01 17 09  -107  -193 10188   263    24 -9999 -9999 -9999
2021 01 17 12  -120  -202 10197   262    30 -9999 -9999 -9999
2021 01 17 15  -130  -223 10202   308    34 -9999 -9999 -9999
2021 01 17 18  -155  -269 10206   330    39 -9999 -9999 -9999
2021 01 17 21  -170  -281 10220   312    35 -9999 -9999 -9999
2021 01 18 00  -195  -281 10261   305    34 -9999 -9999 -9999
2021 01 18 03  -174  -271 10298   302    29 -9999 -9999 -9999
2021 01 18 06  -157  -269 10306   278    35 -9999 -9999 -9999
2021 01 18 09  -160  -277 10318   264    21 -9999 -9999 -9999
2021 01 18 12  -179  -268 10332   273    21 -9999 -9999 -9999
2021 01 18 15  -209  -280 10338   227    12 -9999 -9999 -9999
2021 01 18 18  -229  -291 10336   230    12 -9999 -9999 -9999
2021 01 18 21  -218  -286 10327   234    14 -9999 -9999 -9999
2021 01 19 00  -184  -257 10316   140    10 -9999 -9999 -9999
2021 01 19 03  -140  -256 10301   174    39 -9999 -9999 -9999
2021 01 19 06  -114  -223 10279   203    34 -9999 -9999 -9999
2021 01 19 09  -122  -200 10278   157    14 -9999 -9999 -9999
2021 01 19 12  -139  -210 10271   123    16 -9999 -9999 -9999
2021 01 19 15  -140  -176 10254   111    13 -9999 -9999 -9999
2021 01 19 18  -125  -143 10237   131    16 -9999 -9999 -9999
2021 01 19 21   -85  -101 10209   157    27 -9999 -9999 -9999
2021 01 20 00   -40   -57 10187   212    24 -9999 -9999 -9999
2021 01 20 03   -77  -103 10183   245    20 -9999 -9999 -9999
2021 01 20 06    17   -41 10158   217    35 -9999 -9999 -9999
2021 01 20 09     1   -42 10177   218    10 -9999 -9999 -9999
2021 01 20 12   -17   -37 10201   218    28 -9999 -9999 -9999
2021 01 20 15   -49   -57 10228   242    14 -9999 -9999 -9999
2021 01 20 18  -104  -114 10236   132     4 -9999 -9999 -9999
2021 01 20 21  -115  -129 10233     0 -9999 -9999 -9999     0
2021 01 21 00  -144  -161 10233   120    10 -9999 -9999     0
2021 01 21 03   -80   -93 10225   260    10 -9999 -9999     0
2021 01 21 06   -40   -94 10208    90    10 -9999 -9999     0
2021 01 21 09   -60  -115 10224   280    10 -9999 -9999     0
2021 01 21 12   -88  -123 10247   280    10 -9999 -9999     0
2021 01 21 15   -96  -119 10263   300    10 -9999 -9999     0
2021 01 21 18  -111  -148 10276   350    10 -9999 -9999     0
2021 01 21 21  -126  -173 10289   350    20 -9999 -9999     0
2021 01 22 00  -139  -175 10309   280    14 -9999 -9999 -9999
2021 01 22 03   -69  -168 10305    45    13 -9999 -9999 -9999
2021 01 22 06   -57  -160 10284    89    12 -9999 -9999 -9999
2021 01 22 09   -77  -153 10283   161    15 -9999 -9999 -9999
2021 01 22 12  -125  -159 10283   278     6 -9999 -9999 -9999
2021 01 22 15  -147  -169 10273   360     0 -9999 -9999 -9999
2021 01 22 18  -160  -178 10268   360     2 -9999 -9999 -9999
2021 01 22 21  -150  -171 10256   197     6 -9999 -9999 -9999
2021 01 23 00  -154  -171 10257   270     4 -9999 -9999 -9999
2021 01 23 03   -72  -139 10250   227    15 -9999 -9999 -9999
2021 01 23 06   -30  -131 10232   203    15 -9999 -9999 -9999
2021 01 23 09   -60  -127 10231   360     0 -9999 -9999 -9999
2021 01 23 12  -100  -128 10243   360     0 -9999 -9999 -9999
2021 01 23 15   -67  -121 10236   238    17 -9999 -9999 -9999
2021 01 23 18   -97  -136 10244   238    10 -9999 -9999 -9999
2021 01 23 21  -104  -143 10246   262    20 -9999 -9999 -9999
2021 01 24 00  -105  -143 10261   248    14 -9999 -9999 -9999
2021 01 24 03   -54  -113 10266   238    27 -9999 -9999 -9999
2021 01 24 06    -5   -88 10259   215    12 -9999 -9999 -9999
2021 01 24 09   -39   -91 10276   272     3 -9999 -9999 -9999
2021 01 24 12   -57   -92 10292     6    18 -9999 -9999 -9999
2021 01 24 15   -74  -109 10301    30    20 -9999 -9999     0
2021 01 24 18  -105  -142 10321   360    30 -9999 -9999     0
2021 01 24 21  -127  -157 10310    20    30 -9999 -9999     0
2021 01 25 00  -142  -179 10301    30    37 -9999 -9999 -9999
2021 01 25 03  -130  -178 10292    23    18 -9999 -9999 -9999
2021 01 25 06  -117  -170 10256    44     6 -9999 -9999 -9999
2021 01 25 09  -124  -154 10252   257    17 -9999 -9999     4
2021 01 25 12  -120  -159 10242   258    16 -9999 -9999     5
2021 01 25 15  -129  -158 10236   249    15 -9999 -9999     1
2021 01 25 18  -145  -166 10230   275     7 -9999 -9999 -9999
2021 01 25 21  -130  -166 10215   221    16 -9999 -9999 -9999
2021 01 26 00  -120  -154 10211   263    16 -9999 -9999 -9999
2021 01 26 03   -50  -121 10214   262    26 -9999 -9999 -9999
2021 01 26 06   -20  -147 10208   263    56 -9999 -9999 -9999
2021 01 26 09   -45  -158 10225   271    29 -9999 -9999 -9999
2021 01 26 12   -80  -190 10249   272    22 -9999 -9999 -9999
2021 01 26 15  -112  -197 10264   248    21 -9999 -9999 -9999
2021 01 26 18  -140  -212 10273   270    13 -9999 -9999 -9999
2021 01 26 21  -150  -219 10266   249    15 -9999 -9999 -9999
2021 01 27 00  -147  -228 10274   239    16 -9999 -9999 -9999
2021 01 27 03  -115  -206 10266   231    20 -9999 -9999 -9999
2021 01 27 06   -90  -201 10234   185    15 -9999 -9999 -9999
2021 01 27 09   -82  -160 10226   156    18 -9999 -9999 -9999
2021 01 27 12   -95  -114 10233   209    10 -9999 -9999     8
2021 01 27 15  -114  -131 10217   278    12 -9999 -9999     9
2021 01 27 18  -125  -172 10224   357    28 -9999 -9999     3
2021 01 27 21  -155  -239 10220   329    25 -9999 -9999     2
2021 01 28 00  -173  -246 10238   292    25 -9999 -9999 -9999
2021 01 28 03  -145  -244 10256   285    51 -9999 -9999 -9999
2021 01 28 06  -134  -239 10254   277    42 -9999 -9999 -9999
2021 01 28 09  -149  -252 10266   265    45 -9999 -9999 -9999
2021 01 28 12  -170  -264 10278   273    34 -9999 -9999 -9999
2021 01 28 15  -183  -273 10273   274    16 -9999 -9999 -9999
2021 01 28 18  -203  -276 10274   262    11 -9999 -9999 -9999
2021 01 28 21  -229  -283 10275   235    14 -9999 -9999 -9999
2021 01 29 00  -238  -271 10275   172     9 -9999 -9999 -9999
2021 01 29 03  -150  -237 10258   178    24 -9999 -9999 -9999
2021 01 29 06  -119  -225 10219   162    40 -9999 -9999 -9999
2021 01 29 09  -117  -196 10187   153    28 -9999 -9999 -9999
2021 01 29 12  -135  -199 10170   157    19 -9999 -9999 -9999
2021 01 29 15  -130  -188 10179   275    14 -9999 -9999 -9999
2021 01 29 18  -137  -197 10209   282    27 -9999 -9999 -9999
2021 01 29 21  -154  -252 10239   316    40 -9999 -9999 -9999
2021 01 30 00  -175  -282 10290   318    32 -9999 -9999 -9999
2021 01 30 03  -155  -258 10315   352    25 -9999 -9999 -9999
2021 01 30 06  -135  -252 10307   253    16 -9999 -9999 -9999
2021 01 30 09  -160  -239 10309    89    26 -9999 -9999 -9999
2021 01 30 12  -165  -231 10312   147    18 -9999 -9999 -9999
2021 01 30 15  -172  -220 10303   124    15 -9999 -9999 -9999
2021 01 30 18  -162  -199 10294    96    23 -9999 -9999     1
2021 01 30 21  -170  -199 10267   102    26 -9999 -9999     5
2021 01 31 00  -185  -215 10251    76    20 -9999 -9999     4
2021 01 31 03  -152  -199 10223   116    22 -9999 -9999 -9999
2021 01 31 06  -112  -153 10176    83    21 -9999 -9999 -9999
2021 01 31 09  -115  -144 10158    57    24 -9999 -9999 -9999
2021 01 31 12  -115  -142 10152     5    17 -9999 -9999 -9999
2021 01 31 15  -124  -167 10159   317    19 -9999 -9999 -9999
2021 01 31 18  -140  -171 10166   351    40 -9999 -9999 -9999
2021 01 31 21  -160  -200 10200   316    32 -9999 -9999 -9999
2021 02 01 00  -179  -224 10237   311    27 -9999 -9999 -9999
2021 02 01 03  -155  -216 10256   262    28 -9999 -9999 -9999
2021 02 01 06  -134  -233 10254   278    41 -9999 -9999 -9999
2021 02 01 09  -145  -255 10273   290    39 -9999 -9999 -9999
2021 02 01 12  -169  -258 10291   268    19 -9999 -9999 -9999
2021 02 01 15  -174  -273 10291   279    35 -9999 -9999 -9999
2021 02 01 18  -190  -274 10292   292    25 -9999 -9999 -9999
2021 02 01 21  -215  -280 10284   235    18 -9999 -9999 -9999
2021 02 02 00  -204  -271 10282   266    18 -9999 -9999 -9999
2021 02 02 03  -150  -265 10276   269    37 -9999 -9999 -9999
2021 02 02 06  -130  -253 10260   268    48 -9999 -9999 -9999
2021 02 02 09  -134  -239 10258   264    38 -9999 -9999 -9999
2021 02 02 12  -150  -262 10265   281    31 -9999 -9999 -9999
2021 02 02 15  -165  -270 10264   279    19 -9999 -9999 -9999
2021 02 02 18  -192  -270 10262   248    19 -9999 -9999 -9999
2021 02 02 21  -194  -258 10252   248    16 -9999 -9999 -9999
2021 02 03 00  -189  -253 10253   269    13 -9999 -9999 -9999
2021 02 03 03  -132  -238 10252   263    22 -9999 -9999 -9999
2021 02 03 06   -99  -242 10234   282    37 -9999 -9999 -9999
2021 02 03 09  -105  -218 10241   268    36 -9999 -9999 -9999
2021 02 03 12  -134  -241 10254   275    19 -9999 -9999 -9999
2021 02 03 15  -149  -258 10258   265    21 -9999 -9999 -9999
2021 02 03 18  -175  -257 10256   254    16 -9999 -9999 -9999
2021 02 03 21  -183  -247 10246   107    10 -9999 -9999 -9999
2021 02 04 00  -170  -238 10236   147    14 -9999 -9999 -9999
2021 02 04 03   -84  -190 10210   123    24 -9999 -9999 -9999
2021 02 04 06   -52  -148 10186   195    20 -9999 -9999 -9999
2021 02 04 09   -57  -147 10178   165     9 -9999 -9999 -9999
2021 02 04 12   -92  -143 10165   124    10 -9999 -9999 -9999
2021 02 04 15   -87  -142 10130   132    11 -9999 -9999 -9999
2021 02 04 18   -92  -148 10113   258    17 -9999 -9999 -9999
2021 02 04 21  -125  -156 10096   243     7 -9999 -9999 -9999
2021 02 05 00  -100  -137 10097   226    12 -9999 -9999 -9999
2021 02 05 03   -27  -104 10096   234    19 -9999 -9999 -9999
2021 02 05 06     2   -78 10085   232    19 -9999 -9999 -9999
2021 02 05 09   -12   -96 10098   360     1 -9999 -9999 -9999
2021 02 05 12   -69   -98 10113   360     1 -9999 -9999 -9999
2021 02 05 15   -95  -115 10117    66     9 -9999 -9999 -9999
2021 02 05 18   -94  -112 10122   290     6 -9999 -9999 -9999
2021 02 05 21   -52  -111 10127     5    29 -9999 -9999 -9999
2021 02 06 00   -60  -131 10156   343    34 -9999 -9999 -9999
2021 02 06 03   -52  -120 10192    18    29 -9999 -9999 -9999
2021 02 06 06   -32  -121 10201    21    38 -9999 -9999 -9999
2021 02 06 09   -44  -130 10217    99    17 -9999 -9999 -9999
2021 02 06 12   -85  -130 10237   248    11 -9999 -9999 -9999
2021 02 06 15   -72  -172 10256   299    28 -9999 -9999 -9999
2021 02 06 18  -105  -185 10276   275    21 -9999 -9999 -9999
2021 02 06 21  -130  -198 10284   260    26 -9999 -9999 -9999
2021 02 07 00  -134  -199 10304   284    26 -9999 -9999 -9999
2021 02 07 03   -92  -182 10312   286    29 -9999 -9999 -9999
2021 02 07 06   -62  -199 10304   299    34 -9999 -9999 -9999
2021 02 07 09   -72  -194 10308   262    19 -9999 -9999 -9999
2021 02 07 12   -87  -196 10308   272    22 -9999 -9999 -9999
2021 02 07 15  -107  -206 10308   289    37 -9999 -9999 -9999
2021 02 07 18  -122  -206 10311   282    17 -9999 -9999 -9999
2021 02 07 21  -137  -210 10317   289    20 -9999 -9999 -9999
2021 02 08 00  -134  -209 10332   302    22 -9999 -9999 -9999
2021 02 08 03   -95  -192 10335   323    18 -9999 -9999 -9999
2021 02 08 06   -75  -172 10315   255    33 -9999 -9999 -9999
2021 02 08 09   -72  -163 10298   216    17 -9999 -9999 -9999
2021 02 08 12   -92  -158 10283   138    19 -9999 -9999 -9999
2021 02 08 15  -100  -168 10265   180    16 -9999 -9999 -9999
2021 02 08 18  -104  -175 10244   239    25 -9999 -9999 -9999
2021 02 08 21  -117  -170 10225   255    17 -9999 -9999 -9999
2021 02 09 00  -110  -160 10225   257    17 -9999 -9999 -9999
2021 02 09 03   -42  -121 10214   243    23 -9999 -9999 -9999
2021 02 09 06     2   -86 10197   221    24 -9999 -9999 -9999
2021 02 09 12   -15   -85 10189   186    13 -9999 -9999 -9999
2021 02 09 15   -39   -99 10174   185     7 -9999 -9999 -9999
2021 02 09 18   -54  -104 10173   265    19 -9999 -9999 -9999
2021 02 09 21   -70  -127 10181   257     8 -9999 -9999 -9999
2021 02 10 00   -64  -119 10200   252     9 -9999 -9999 -9999
2021 02 10 03    -7   -92 10217   273    19 -9999 -9999 -9999
2021 02 10 06    25   -74 10213   270    25 -9999 -9999 -9999
2021 02 10 09    12   -61 10216   236    19 -9999 -9999 -9999
2021 02 11 00   -14   -90 10154   157    35 -9999 -9999 -9999
2021 02 13 12   -34   -90 10261    79    14 -9999 -9999 -9999
2021 02 13 15   -42  -165 10271   352    40 -9999 -9999 -9999
2021 02 13 18   -72  -202 10268   351    52 -9999 -9999 -9999
2021 02 13 21   -89  -206 10258   350    40 -9999 -9999     0
2021 02 14 00   -92  -184 10263    25    61 -9999 -9999 -9999
2021 02 14 03   -95  -132 10268    14    46 -9999 -9999     6
2021 02 14 06   -80  -149 10250     2    36 -9999 -9999     6
2021 02 14 09   -80  -198 10249   336    27 -9999 -9999 -9999
2021 02 14 12   -87  -217 10249   311    11 -9999 -9999 -9999
2021 02 14 15  -100  -223 10247   324    26 -9999 -9999 -9999
2021 02 14 18  -125  -217 10236   303    30 -9999 -9999 -9999
2021 02 14 21  -140  -230 10224   298    30 -9999 -9999 -9999
2021 02 15 00  -135  -233 10224   343    32 -9999 -9999 -9999
2021 02 15 03  -109  -228 10213   309    26 -9999 -9999 -9999
2021 02 15 06   -87  -218 10189   313    20 -9999 -9999 -9999
2021 02 15 09   -94  -211 10181   265    15 -9999 -9999 -9999
2021 02 15 12  -100  -190 10186   229     6 -9999 -9999 -9999
2021 02 15 15   -97  -217 10193   302    25 -9999 -9999 -9999
2021 02 15 18  -117  -206 10191   280    30 -9999 -9999 -9999
2021 02 15 21  -132  -209 10192   288    26 -9999 -9999 -9999
2021 02 16 00  -140  -227 10216   301    32 -9999 -9999 -9999
2021 02 16 03  -115  -253 10227   339    45 -9999 -9999 -9999
2021 02 16 06  -100  -247 10216   287    47 -9999 -9999 -9999
2021 02 16 09  -115  -264 10225   276    40 -9999 -9999 -9999
2021 02 16 12  -142  -251 10245   276    42 -9999 -9999 -9999
2021 02 16 15  -162  -259 10254   285    38 -9999 -9999 -9999
2021 02 16 18  -165  -258 10256   280    34 -9999 -9999 -9999
2021 02 16 21  -174  -264 10255   282    38 -9999 -9999 -9999
2021 02 17 00  -169  -260 10260   282    39 -9999 -9999 -9999
2021 02 17 03  -122  -242 10258   304    48 -9999 -9999 -9999
2021 02 17 06   -82  -235 10244   324    41 -9999 -9999 -9999
2021 02 17 09   -82  -236 10253   277    37 -9999 -9999 -9999
2021 02 17 12  -100  -232 10263   283    36 -9999 -9999 -9999
2021 02 17 15  -117  -241 10270   296    29 -9999 -9999 -9999
2021 02 17 18  -130  -241 10274   274    22 -9999 -9999 -9999
2021 02 17 21  -142  -249 10274   274    14 -9999 -9999 -9999
2021 02 18 00  -152  -218 10272   250    14 -9999 -9999 -9999
2021 02 18 03   -70  -209 10248   217    31 -9999 -9999 -9999
2021 02 18 06   -17  -166 10197   212    36 -9999 -9999 -9999
2021 02 18 09    -5  -134 10160   186    23 -9999 -9999 -9999
2021 02 18 12   -25  -167 10139   175    31 -9999 -9999 -9999
2021 02 18 15   -52  -156 10111   207    15 -9999 -9999 -9999
2021 02 18 18   -62  -132 10089   197    22 -9999 -9999 -9999
2021 02 18 21   -72  -120 10049   162    29 -9999 -9999 -9999
2021 02 19 00   -57  -101 10013   170    10 -9999 -9999 -9999
2021 02 19 03    27   -72  9993   241    32 -9999 -9999 -9999
2021 02 19 06    85   -54  9999   261    50 -9999 -9999 -9999
2021 02 19 09    52  -132 10034   272    55 -9999 -9999 -9999
2021 02 20 15   -40   -66 10060    65    34 -9999 -9999 -9999
2021 02 20 18   -47   -74 10069    63    14 -9999 -9999 -9999
2021 02 20 21   -50   -83 10054    68    32 -9999 -9999 -9999
2021 02 21 00   -49   -85 10058    42    30 -9999 -9999 -9999
2021 02 21 03    -9   -79 10073    37    43 -9999 -9999 -9999
2021 02 21 06    15   -87 10081    13    36 -9999 -9999 -9999
2021 02 21 12   -10  -104 10152   352    17 -9999 -9999 -9999
2021 02 21 18   -52  -173 10222   316    23 -9999 -9999 -9999
2021 02 21 21   -75  -192 10240   322    23 -9999 -9999 -9999
2021 02 22 00   -82  -220 10264   275    49 -9999 -9999 -9999
2021 02 22 03   -65  -221 10279   296    48 -9999 -9999 -9999
2021 02 22 06   -57  -246 10276   322    50 -9999 -9999 -9999
2021 02 22 09   -62  -236 10287   303    41 -9999 -9999 -9999
2021 02 22 12   -85  -216 10306   277    35 -9999 -9999 -9999
2021 02 22 15  -104  -220 10320   294    34 -9999 -9999 -9999
2021 02 22 18  -119  -225 10326   290    25 -9999 -9999 -9999
2021 02 22 21  -127  -227 10333   283    19 -9999 -9999 -9999
2021 02 23 00  -117  -211 10344   264    14 -9999 -9999 -9999
2021 02 23 03   -74  -209 10340   262    22 -9999 -9999 -9999
2021 02 23 06   -35  -186 10303   247    26 -9999 -9999 -9999
2021 02 23 09   -29  -181 10286   161    14 -9999 -9999 -9999
2021 02 23 12   -65  -148 10292   154    12 -9999 -9999 -9999
2021 02 23 15   -67  -179 10287   207    22 -9999 -9999 -9999
2021 02 23 18   -80  -174 10283   233    19 -9999 -9999 -9999
2021 02 23 21   -92  -175 10268   190    15 -9999 -9999 -9999
2021 02 24 00   -70  -154 10265   190    18 -9999 -9999 -9999
2021 02 24 03   -10  -127 10246   197    40 -9999 -9999 -9999
2021 02 24 06    17  -118 10222   223    40 -9999 -9999 -9999
2021 02 24 09    20   -79 10225   263    20 -9999 -9999 -9999
2021 02 24 12   -25   -84 10243   271    10 -9999 -9999 -9999
2021 02 24 15   -30  -164 10272   286    29 -9999 -9999 -9999
2021 02 24 18   -57  -206 10283   340    32 -9999 -9999 -9999
2021 02 24 21   -77  -212 10298   343    28 -9999 -9999 -9999
2021 02 25 00   -72  -218 10316   339    18 -9999 -9999 -9999
2021 02 25 03   -42  -205 10315    48    16 -9999 -9999 -9999
2021 02 25 06   -20  -173 10296    70    19 -9999 -9999 -9999
2021 02 25 09   -27  -187 10281   115    20 -9999 -9999 -9999
2021 02 25 12   -49  -161 10286    80    18 -9999 -9999 -9999
2021 02 25 15   -72  -155 10284   127     7 -9999 -9999 -9999
2021 02 25 18   -79  -149 10280   114    10 -9999 -9999 -9999
2021 02 25 21   -94  -157 10271   194     6 -9999 -9999 -9999
2021 02 26 00   -65  -162 10282   273    16 -9999 -9999 -9999
2021 02 26 03    27  -159 10291    40    16 -9999 -9999 -9999
2021 02 26 06    37  -130 10269   100    26 -9999 -9999 -9999
2021 02 26 09    30  -110 10269    91    22 -9999 -9999 -9999
2021 02 26 12     1  -113 10262   108    18 -9999 -9999 -9999
2021 02 26 15   -17  -113 10249    92    20 -9999 -9999 -9999
2021 02 26 18   -14  -110 10228   144    16 -9999 -9999 -9999
2021 02 26 21    20  -100 10206   181    37 -9999 -9999 -9999
2021 02 27 00    25   -95 10200   215    50 -9999 -9999 -9999
2021 02 27 03    72   -87 10190   211    52 -9999 -9999 -9999
2021 02 27 06   122  -107 10163   211    56 -9999 -9999 -9999
2021 02 27 09    96   -95 10161   204    33 -9999 -9999 -9999
2021 02 27 12    61   -98 10171   175    64 -9999 -9999 -9999
2021 02 27 15    50   -85 10181   213    32 -9999 -9999 -9999
2021 02 27 18    46   -66 10202   280    14 -9999 -9999 -9999
2021 02 27 21   -17   -61 10235   343    45 -9999 -9999 -9999
2021 02 28 00   -40   -55 10271   347    38 -9999 -9999    15
2021 02 28 03   -32   -61 10296   358    28 -9999 -9999    32
2021 02 28 06   -27   -69 10313   343    31 -9999 -9999    20
2021 02 28 09   -29  -143 10314   336    27 -9999 -9999     3
2021 02 28 12   -52  -190 10337   333    32 -9999 -9999 -9999
2021 02 28 15   -69  -208 10356   321    34 -9999 -9999 -9999
2021 02 28 18   -80  -201 10362    11    44 -9999 -9999 -9999
2021 02 28 21   -90  -202 10363    31    34 -9999 -9999 -9999
2021 03 01 00   -95  -207 10370    38    44 -9999 -9999 -9999
2021 03 01 03   -72  -205 10362    30    49 -9999 -9999 -9999
2021 03 01 06   -64  -197 10328    45    41 -9999 -9999 -9999
2021 03 01 09   -72  -194 10311    43    34 -9999 -9999 -9999
2021 03 01 12   -94  -184 10313    87    17 -9999 -9999 -9999
2021 03 01 15  -117  -185 10302   131    12 -9999 -9999 -9999
2021 03 01 18  -127  -193 10295   142     9 -9999 -9999 -9999
2021 03 01 21  -137  -194 10289   150    12 -9999 -9999 -9999
2021 03 02 00  -117  -190 10293   156    21 -9999 -9999 -9999
2021 03 02 03   -47  -201 10283   171    25 -9999 -9999 -9999
2021 03 02 06   -17  -162 10261   219    33 -9999 -9999 -9999
2021 03 02 09    -4  -136 10243   173    18 -9999 -9999 -9999
2021 03 02 12   -45  -142 10224   151    16 -9999 -9999 -9999
2021 03 02 15   -47  -131 10196   134    16 -9999 -9999 -9999
2021 03 02 18   -45   -70 10173   179    28 -9999 -9999 -9999
2021 03 02 21   -30   -50 10152   190    20 -9999 -9999 -9999
2021 03 03 00   -12   -39 10153   172    29 -9999 -9999 -9999
2021 03 03 03    30   -27 10140   179    35 -9999 -9999 -9999
2021 03 03 06    80   -10 10105   198    51 -9999 -9999 -9999
2021 03 03 09    82    -2 10103   185    27 -9999 -9999 -9999
2021 03 03 12    35    -4 10121   181    28 -9999 -9999 -9999
2021 03 03 15    21    -8 10132   177    30 -9999 -9999 -9999
2021 03 03 18    12    -8 10114   180    37 -9999 -9999 -9999
2021 03 03 21    17    -8 10091   182    27 -9999 -9999 -9999
2021 03 04 00    20    -7 10094   178    37 -9999 -9999 -9999
2021 03 04 03    66     5 10095   215    44 -9999 -9999 -9999
2021 03 04 06   121    26 10090   206    24 -9999 -9999 -9999
2021 03 04 09   107    20 10102   210    28 -9999 -9999 -9999
2021 03 04 12    61     6 10123   219    29 -9999 -9999 -9999
2021 03 04 15    35   -55 10168   355    62 -9999 -9999 -9999
2021 03 04 18   -35   -60 10215   334    47 -9999 -9999     1
2021 03 04 21   -45  -136 10271   355    31 -9999 -9999    18
2021 03 05 00   -72  -189 10323   327    29 -9999 -9999    17
2021 03 05 03   -67  -207 10350    17    60 -9999 -9999 -9999
2021 03 05 06   -55  -176 10358    26    43 -9999 -9999 -9999
2021 03 05 09   -65  -186 10371    65    36 -9999 -9999 -9999
2021 03 05 12   -90  -173 10391    94    10 -9999 -9999 -9999
2021 03 05 15   -94  -194 10410   310    13 -9999 -9999 -9999
2021 03 05 18  -107  -243 10417   335    18 -9999 -9999 -9999
2021 03 05 21  -125  -239 10418   337    18 -9999 -9999 -9999
2021 03 06 00  -122  -223 10429   292    15 -9999 -9999 -9999
2021 03 06 03   -79  -191 10417   261    21 -9999 -9999 -9999
2021 03 06 06   -49  -198 10388   270    26 -9999 -9999 -9999
2021 03 06 09   -44  -215 10364   232    18 -9999 -9999 -9999
2021 03 06 12   -70  -178 10357   154    11 -9999 -9999 -9999
2021 03 06 15   -72  -180 10337   191    12 -9999 -9999 -9999
2021 03 06 18   -87  -175 10320   209    20 -9999 -9999 -9999
2021 03 06 21   -92  -188 10300   216    27 -9999 -9999 -9999
2021 03 07 00   -69  -177 10299   237    29 -9999 -9999 -9999
2021 03 07 03     0  -133 10292   234    28 -9999 -9999 -9999
2021 03 07 06    52  -131 10270   225    29 -9999 -9999 -9999
2021 03 07 09    60  -116 10263   221    16 -9999 -9999 -9999
2021 03 07 12     2  -106 10275   162    14 -9999 -9999 -9999
2021 03 07 15   -12  -126 10273   166    23 -9999 -9999 -9999
2021 03 07 18   -32  -117 10267   217    12 -9999 -9999 -9999
2021 03 07 21   -37  -114 10252   149    11 -9999 -9999 -9999
2021 03 08 00   -24   -87 10255   148    19 -9999 -9999 -9999
2021 03 08 03    22   -61 10240   170    36 -9999 -9999 -9999
2021 03 08 06    65   -41 10209   175    34 -9999 -9999 -9999
2021 03 08 09    72   -44 10191   168    30 -9999 -9999 -9999
2021 03 08 12    40   -41 10192   176    28 -9999 -9999 -9999
2021 03 08 15    15   -50 10180   189    23 -9999 -9999 -9999
2021 03 08 18    10   -46 10178   243    26 -9999 -9999 -9999
2021 03 08 21     1   -47 10187   246    18 -9999 -9999 -9999
2021 03 09 00    25   -47 10207   239    21 -9999 -9999 -9999
2021 03 09 03    90   -72 10241   339    34 -9999 -9999 -9999
2021 03 09 06   100  -155 10247   355    34 -9999 -9999 -9999
2021 03 09 12    27  -140 10284    81    23 -9999 -9999 -9999
2021 03 09 15     1  -139 10290   146    10 -9999 -9999 -9999
2021 03 09 18   -14  -124 10286   125     9 -9999 -9999 -9999
2021 03 09 21   -22  -116 10267   137    18 -9999 -9999 -9999
2021 03 10 00    15  -103 10253   155    17 -9999 -9999 -9999
2021 03 10 03    85  -121 10224   184    52 -9999 -9999 -9999
2021 03 10 06   117   -67 10182   176    29 -9999 -9999 -9999
2021 03 10 09   125   -18 10172   216    29 -9999 -9999 -9999
2021 03 10 12    75    -9 10189   210    10 -9999 -9999 -9999
2021 03 10 15    27   -12 10206   258    10 -9999 -9999 -9999
2021 03 10 18    52   -58 10217   340    30 -9999 -9999     0
2021 03 10 21    26   -96 10248    22    34 -9999 -9999 -9999
2021 03 11 00    31  -109 10263    14    41 -9999 -9999 -9999
2021 03 11 03    65   -94 10272   356    37 -9999 -9999 -9999
2021 03 11 06    92  -109 10251   357    26 -9999 -9999 -9999
2021 03 11 09    80  -113 10255   343    18 -9999 -9999 -9999
2021 03 11 12    60   -98 10271   268    10 -9999 -9999 -9999
2021 03 11 15    60  -108 10272     9    11 -9999 -9999 -9999
2021 03 11 18    47   -87 10274    50    26 -9999 -9999 -9999
2021 03 11 21    17   -87 10281    37    12 -9999 -9999 -9999
2021 03 12 00    35   -99 10293    33    19 -9999 -9999 -9999
2021 03 12 03    75   -66 10290    19    28 -9999 -9999 -9999
2021 03 12 06    92   -87 10263    62    34 -9999 -9999 -9999
2021 03 12 09    77   -96 10258    25    20 -9999 -9999 -9999
2021 03 12 12    25   -83 10265   360     0 -9999 -9999 -9999
2021 03 12 15    -9   -71 10254   360     1 -9999 -9999 -9999
2021 03 12 18   -15   -75 10246   360     0 -9999 -9999 -9999
2021 03 12 21    15   -42 10233   263    19 -9999 -9999 -9999
2021 03 13 00    22   -22 10242   246    13 -9999 -9999 -9999
2021 03 13 03    85    -1 10228   240    25 -9999 -9999 -9999
2021 03 13 06   111   -13 10199   228    23 -9999 -9999 -9999
2021 03 13 09   110    -8 10186   234    20 -9999 -9999 -9999
2021 03 13 12    55   -19 10191   228     7 -9999 -9999 -9999
2021 03 13 15    42   -29 10180   209    20 -9999 -9999 -9999
2021 03 13 18    22   -30 10173   201    21 -9999 -9999 -9999
2021 03 13 21     5   -25 10174   233    12 -9999 -9999 -9999
2021 03 14 00    35     1 10174   152    21 -9999 -9999 -9999
2021 03 14 03   115     5 10153   179    43 -9999 -9999 -9999
2021 03 14 06   127     8 10116   169    57 -9999 -9999 -9999
2021 03 14 09    97    19 10102   182    54 -9999 -9999 -9999
2021 03 14 12    70    18 10081   168    45 -9999 -9999 -9999
2021 03 14 15    71    26 10046   184    49 -9999 -9999 -9999
2021 03 14 18    80    20 10017   183    83 -9999 -9999 -9999
2021 03 14 21    76    29  9997   196    49 -9999 -9999 -9999
2021 03 15 00    52  -105 10077   273    52 -9999 -9999 -9999
2021 03 15 03    35  -169 10106   264    67 -9999 -9999 -9999
2021 03 15 06    52  -159 10101   265    76 -9999 -9999 -9999
2021 03 15 09    46  -153 10117   274    55 -9999 -9999 -9999
2021 03 15 12    12  -140 10154   270    31 -9999 -9999 -9999
2021 03 15 15     1  -146 10162   269    51 -9999 -9999 -9999
2021 03 15 18   -10  -173 10181   269    49 -9999 -9999 -9999
2021 03 15 21   -24  -180 10203   259    41 -9999 -9999 -9999
2021 03 16 00    -5  -186 10220   279    39 -9999 -9999 -9999
2021 03 16 03    37  -214 10221   280    45 -9999 -9999 -9999
2021 03 16 06    72  -213 10201   286    36 -9999 -9999 -9999
2021 03 16 09    76  -221 10200   294    15 -9999 -9999 -9999
2021 03 16 12    37  -172 10216   251    14 -9999 -9999 -9999
2021 03 16 15    12  -157 10227   281    14 -9999 -9999 -9999
2021 03 16 18   -22  -143 10223   290     7 -9999 -9999 -9999
2021 03 16 21   -17  -146 10234   276    11 -9999 -9999 -9999
2021 03 17 00   -15  -140 10250   296    26 -9999 -9999 -9999
2021 03 17 03    40  -134 10254   317    25 -9999 -9999 -9999
2021 03 17 06    80  -172 10246   358    38 -9999 -9999 -9999
2021 03 17 09    71  -195 10244   335    17 -9999 -9999 -9999
2021 03 17 12    20  -165 10261   360     2 -9999 -9999 -9999
2021 03 17 15   -22  -137 10270   360     0 -9999 -9999 -9999
2021 03 17 18   -32  -134 10264   360     0 -9999 -9999 -9999
2021 03 17 21    12  -125 10270    11    21 -9999 -9999 -9999
2021 03 18 00    25  -111 10278    21    26 -9999 -9999 -9999
2021 03 18 03    55  -108 10277    40    28 -9999 -9999 -9999
2021 03 18 06    76  -128 10247    20    23 -9999 -9999 -9999
2021 03 18 09    77  -133 10239    51    21 -9999 -9999 -9999
2021 03 18 12    37  -115 10251    81    18 -9999 -9999 -9999
2021 03 18 15     5  -110 10251    62    12 -9999 -9999 -9999
2021 03 18 18   -17  -104 10241   156     7 -9999 -9999 -9999
2021 03 18 21   -34   -96 10239   360     0 -9999 -9999 -9999
2021 03 19 00    21   -86 10245   360     2 -9999 -9999 -9999
2021 03 19 03    65   -98 10226    74    27 -9999 -9999 -9999
2021 03 19 06    85  -114 10205    45    27 -9999 -9999 -9999
2021 03 19 09    75   -94 10206    48    37 -9999 -9999 -9999
2021 03 19 12    56   -83 10202    53    28 -9999 -9999 -9999
2021 03 19 15    42   -67 10193    56    30 -9999 -9999 -9999
2021 03 19 18    37   -65 10181    10    25 -9999 -9999 -9999
2021 03 19 21    16   -20 10164   346    31 -9999 -9999 -9999
2021 03 20 00    32   -62 10156   330    25 -9999 -9999 -9999
2021 03 20 03    60   -79 10141   325    24 -9999 -9999 -9999
2021 03 20 06    80   -95 10112     3    20 -9999 -9999 -9999
2021 03 20 09    51   -45 10116   305    24 -9999 -9999 -9999
2021 03 20 12    17     1 10124    24    14 -9999 -9999     4
2021 03 20 15     5    -5 10125   317    13 -9999 -9999    37
2021 03 20 18    -2   -19 10134   331    28 -9999 -9999    41
2021 03 20 21    -2   -13 10146   282    29 -9999 -9999    10
2021 03 21 00     2   -48 10164   296    25 -9999 -9999    10
2021 03 21 03    10   -74 10175   295    50 -9999 -9999     8
2021 03 21 06    45   -83 10165   287    50 -9999 -9999 -9999
2021 03 21 09    31  -105 10170   275    40 -9999 -9999 -9999
2021 03 21 12    15  -100 10183   282    33 -9999 -9999 -9999
2021 03 21 15    -5   -94 10176   255    19 -9999 -9999 -9999
2021 03 21 18   -12  -100 10166   261    23 -9999 -9999 -9999
2021 03 21 21   -22   -88 10162   270    16 -9999 -9999 -9999
2021 03 22 00    10   -74 10164   241    21 -9999 -9999 -9999
2021 03 22 03    77   -84 10150   243    34 -9999 -9999 -9999
2021 03 22 06   131  -100 10111   241    46 -9999 -9999 -9999
2021 03 22 09   146  -126 10085   247    32 -9999 -9999 -9999
2021 03 22 12   107   -96 10081   262    17 -9999 -9999 -9999
2021 03 22 15    81  -107 10072   255    17 -9999 -9999 -9999
2021 03 22 18    46  -103 10065   281     9 -9999 -9999 -9999
2021 03 22 21    31  -102 10066   266    17 -9999 -9999 -9999
2021 03 23 00    51   -91 10076   259    17 -9999 -9999 -9999
2021 03 23 03   125   -70 10078   259    18 -9999 -9999 -9999
2021 03 23 06   155   -87 10068   228    21 -9999 -9999 -9999
2021 03 23 09   155  -102 10076   246    21 -9999 -9999 -9999
2021 03 23 12   110   -89 10101   290    17 -9999 -9999 -9999
2021 03 23 15    97   -78 10121   307    31 -9999 -9999 -9999
2021 03 23 18    62   -74 10138   286    13 -9999 -9999 -9999
2021 03 23 21    50   -72 10151   285    17 -9999 -9999 -9999
2021 03 24 00    81   -64 10175   294    17 -9999 -9999 -9999
2021 03 24 03   131   -87 10179   282    31 -9999 -9999 -9999
2021 03 24 06   152   -97 10164   273    17 -9999 -9999 -9999
2021 03 24 09   141   -92 10155   164    13 -9999 -9999 -9999
2021 03 24 12    82   -74 10156   168    10 -9999 -9999 -9999
2021 03 24 15   100   -55 10140   173    45 -9999 -9999 -9999
2021 03 24 18    91   -48 10109   174    33 -9999 -9999 -9999
2021 03 24 21    77   -64 10098   247    35 -9999 -9999 -9999
2021 03 25 00   115   -56 10138   275    23 -9999 -9999 -9999
2021 03 25 03   160   -77 10155   307    42 -9999 -9999 -9999
2021 03 25 06   167  -109 10157   295    54 -9999 -9999 -9999
2021 03 25 09   162  -104 10166   325    31 -9999 -9999 -9999
2021 03 25 12   112   -96 10182    90    17 -9999 -9999 -9999
2021 03 25 15    75   -95 10193    81    21 -9999 -9999 -9999
2021 03 25 18    65   -56 10186    84    29 -9999 -9999 -9999
2021 03 25 21    60   -45 10165    79    38 -9999 -9999 -9999
2021 03 26 00    86   -56 10148   115    37 -9999 -9999 -9999
2021 03 26 03   135   -25 10119   163    40 -9999 -9999 -9999
2021 03 26 06   147    17 10089   178    41 -9999 -9999 -9999
2021 03 26 09   140    31 10075   188    30 -9999 -9999 -9999
2021 03 26 12   105    31 10081   177    55 -9999 -9999 -9999
2021 03 26 15   100    43 10083   182    23 -9999 -9999 -9999
2021 03 26 18    75    41 10088   195    17 -9999 -9999 -9999
2021 03 26 21    60    39 10083   203    26 -9999 -9999 -9999
2021 03 27 00    75    45 10088   215    25 -9999 -9999 -9999
2021 03 27 03   147    47 10071   180    23 -9999 -9999 -9999
2021 03 27 06   182    47 10038   172    35 -9999 -9999 -9999
2021 03 27 09   147    48 10026   167    43 -9999 -9999 -9999
2021 03 27 12   102    28 10027   166    26 -9999 -9999 -9999
2021 03 27 15    87    28  9998   169    30 -9999 -9999 -9999
2021 03 27 18    66    34  9975   161    34 -9999 -9999 -9999
2021 03 27 21    61    41  9958   169    31 -9999 -9999 -9999
2021 03 28 00    75    43  9970   215    13 -9999 -9999 -9999
2021 03 28 03   112   -57  9973   265    42 -9999 -9999 -9999
2021 03 28 06   150   -60  9955   265    52 -9999 -9999 -9999
2021 03 28 09   100   -63  9983   271    61 -9999 -9999 -9999
2021 03 28 12    71   -59 10006   267    54 -9999 -9999 -9999
2021 03 28 15    65   -69 10003   271    50 -9999 -9999 -9999
2021 03 28 18    55   -80 10012   262    39 -9999 -9999 -9999
2021 03 28 21    45  -112 10013   262    46 -9999 -9999 -9999
2021 03 29 00    66  -115 10024   268    62 -9999 -9999 -9999
2021 03 29 03   102  -123 10031   275    55 -9999 -9999 -9999
2021 03 29 06   132  -129 10025   274    53 -9999 -9999 -9999
2021 03 29 09   130  -148 10031   284    56 -9999 -9999 -9999
2021 03 29 12    91  -140 10062   285    18 -9999 -9999 -9999
2021 03 29 15    66  -136 10083   254    19 -9999 -9999 -9999
2021 03 29 18    60  -130 10094   307    22 -9999 -9999 -9999
2021 03 29 21    10  -117 10109   261    13 -9999 -9999 -9999
2021 03 30 00    65  -107 10126   237    10 -9999 -9999 -9999
2021 03 30 03   132  -136 10117   261    24 -9999 -9999 -9999
2021 03 30 06   160  -145 10094   176    23 -9999 -9999 -9999
2021 03 30 09   165  -121 10089   157    21 -9999 -9999 -9999
2021 03 30 12   100   -91 10097   153    16 -9999 -9999 -9999
2021 03 30 15    82   -79 10097   147    19 -9999 -9999 -9999
2021 03 30 18    72   -83 10082    94    26 -9999 -9999 -9999
2021 03 30 21    60   -63 10083   110    21 -9999 -9999 -9999
2021 03 31 00    82   -19 10104   145    17 -9999 -9999 -9999
2021 03 31 03   135   -29 10126    17    32 -9999 -9999 -9999
2021 03 31 06   162   -18 10138   335    18 -9999 -9999 -9999
2021 03 31 09   166   -15 10146    81    28 -9999 -9999 -9999
2021 03 31 12   136   -28 10176    46    42 -9999 -9999 -9999
2021 03 31 15   100   -24 10196    49    35 -9999 -9999 -9999
2021 03 31 18    75   -23 10204    51    35 -9999 -9999 -9999
2021 03 31 21    51   -25 10209    61    27 -9999 -9999 -9999
2021 04 01 00    80   -24 10223    71    35 -9999 -9999 -9999
2021 04 01 03   152   -42 10210    66    35 -9999 -9999 -9999
2021 04 01 06   185   -49 10185    85    47 -9999 -9999 -9999
2021 04 01 09   177   -31 10174   154    17 -9999 -9999 -9999
2021 04 01 12   142   -26 10175   135     7 -9999 -9999 -9999
2021 04 01 15   130   -18 10165   151    12 -9999 -9999 -9999
2021 04 01 18   127    -2 10165   247    18 -9999 -9999 -9999
2021 04 01 21   112    -2 10156   217    18 -9999 -9999 -9999
2021 04 02 00   131   -12 10163   214    29 -9999 -9999 -9999
2021 04 02 03   165    21 10162   251    39 -9999 -9999 -9999
2021 04 02 06   187     8 10159   261    29 -9999 -9999 -9999
2021 04 02 09   175     6 10167   332    35 -9999 -9999 -9999
2021 04 02 12   120    -6 10203   314    40 -9999 -9999 -9999
2021 04 02 15    97   -39 10233   308    27 -9999 -9999 -9999
2021 04 02 18    62  -139 10253   318    52 -9999 -9999 -9999
2021 04 02 21    52  -142 10268     3    40 -9999 -9999 -9999
2021 04 03 00    57  -143 10291     8    36 -9999 -9999 -9999
2021 04 03 03    86  -174 10285     7    43 -9999 -9999 -9999
2021 04 03 06   115  -170 10256   351    36 -9999 -9999 -9999
2021 04 03 09   115  -160 10237    17    35 -9999 -9999 -9999
2021 04 03 12    80  -149 10250    83    18 -9999 -9999 -9999
2021 04 03 15    57  -144 10257   263    15 -9999 -9999 -9999
2021 04 03 18    35  -129 10245   271     9 -9999 -9999 -9999
2021 04 03 21    22  -116 10243   277    20 -9999 -9999 -9999
2021 04 04 00    65  -107 10248   299    17 -9999 -9999 -9999
2021 04 04 03   122  -121 10237   292    25 -9999 -9999 -9999
2021 04 04 06   152  -121 10206   272    33 -9999 -9999 -9999
2021 04 04 09   157  -117 10186   178    17 -9999 -9999 -9999
2021 04 04 12   110  -111 10193   158    19 -9999 -9999 -9999
2021 04 04 15    91  -104 10199   216    16 -9999 -9999 -9999
2021 04 04 18    65   -99 10190   230    20 -9999 -9999 -9999
2021 04 04 21    47   -97 10181   249    20 -9999 -9999 -9999
2021 04 05 00   111   -98 10176   248    33 -9999 -9999 -9999
2021 04 05 06   216  -126 10135   269    55 -9999 -9999 -9999
2021 04 05 09   211  -161 10127   258    38 -9999 -9999 -9999
2021 04 05 12   171  -115 10150   354    40 -9999 -9999 -9999
2021 04 05 15   115   -89 10178     9    38 -9999 -9999 -9999
2021 04 05 18    97  -104 10188   356    20 -9999 -9999 -9999
2021 04 05 21    62   -88 10200   286    15 -9999 -9999 -9999
2021 04 06 00   105   -88 10221   286    20 -9999 -9999 -9999
2021 04 06 03   142  -113 10221   337    39 -9999 -9999 -9999
2021 04 06 06   157  -116 10204   308    38 -9999 -9999 -9999
2021 04 06 09   162  -113 10191   278    28 -9999 -9999 -9999
2021 04 06 12   127  -150 10217   349    41 -9999 -9999 -9999
2021 04 06 15    80  -156 10247   345    45 -9999 -9999 -9999
2021 04 06 18    41  -169 10269    24    40 -9999 -9999 -9999
2021 04 06 21    16  -168 10281    29    35 -9999 -9999 -9999
2021 04 07 00    41  -163 10297    13    21 -9999 -9999 -9999
2021 04 07 03    70  -196 10289   343    26 -9999 -9999 -9999
2021 04 07 06   102  -170 10259   345    26 -9999 -9999 -9999
2021 04 07 09   112  -172 10233   272    28 -9999 -9999 -9999
2021 04 07 12    77  -157 10224   206    18 -9999 -9999 -9999
2021 04 07 15    52  -148 10208   236    24 -9999 -9999 -9999
2021 04 07 18    40  -148 10208   266    20 -9999 -9999 -9999
2021 04 07 21    50  -120 10226    19    28 -9999 -9999 -9999
2021 04 08 00    56   -98 10255    60    39 -9999 -9999 -9999
2021 04 08 03   105  -128 10259     7    27 -9999 -9999 -9999
2021 04 08 06   122  -128 10244    47    23 -9999 -9999 -9999
2021 04 08 09   122  -128 10235    38    24 -9999 -9999 -9999
2021 04 08 12    81  -118 10248   116    12 -9999 -9999 -9999
2021 04 08 15    52  -123 10251   141    13 -9999 -9999 -9999
2021 04 08 18    15  -116 10259   219     8 -9999 -9999 -9999
2021 04 08 21     2  -111 10260    86     5 -9999 -9999 -9999
2021 04 09 00    82   -97 10274   135    16 -9999 -9999 -9999
2021 04 09 03   150  -106 10269   148    33 -9999 -9999 -9999
2021 04 09 06   167  -109 10250   168    37 -9999 -9999 -9999
2021 04 09 09   156  -101 10239   161    33 -9999 -9999 -9999
2021 04 09 12   102   -84 10250   156     9 -9999 -9999 -9999
2021 04 09 15    76   -80 10247   129    14 -9999 -9999 -9999
2021 04 09 18    65   -83 10240   130    21 -9999 -9999 -9999
2021 04 09 21    46   -78 10233   135    19 -9999 -9999 -9999
2021 04 10 00   115   -46 10233   178    37 -9999 -9999 -9999
2021 04 10 03   170   -61 10219   189    42 -9999 -9999 -9999
2021 04 10 06   202   -41 10191   192    50 -9999 -9999 -9999
2021 04 10 09   190     0 10179   177    43 -9999 -9999 -9999
2021 04 10 12   135    24 10185   167    34 -9999 -9999 -9999
2021 04 10 15   120    29 10186   171    46 -9999 -9999 -9999
2021 04 10 18   106    32 10184   170    45 -9999 -9999 -9999
2021 04 10 21    92    35 10189   213    17 -9999 -9999 -9999
2021 04 11 00   130    39 10196   211    36 -9999 -9999 -9999
2021 04 11 03   172    17 10200   243    46 -9999 -9999 -9999
2021 04 11 06   145    90 10201   233    36 -9999 -9999 -9999
2021 04 11 09   137    61 10186   100    19 -9999 -9999     1
2021 04 11 12   131    35 10173   181    39 -9999 -9999     1
2021 04 11 15   115    24 10172   211    43 -9999 -9999 -9999
2021 04 11 18   110    25 10152   200    37 -9999 -9999 -9999
2021 04 11 21    91    31 10131   186    37 -9999 -9999 -9999
2021 04 12 00   120    32 10124   199    47 -9999 -9999 -9999
2021 04 12 03   137    35 10122   213    62 -9999 -9999 -9999
2021 04 12 06    62    42 10144   294    38 -9999 -9999    12
2021 04 12 09    46    28 10162    41    31 -9999 -9999    41
2021 04 12 12    22    -4 10200     1    33 -9999 -9999    29
2021 04 12 15     7   -26 10210   296    19 -9999 -9999 -9999
2021 04 12 18     2  -102 10215   309    40 -9999 -9999 -9999
2021 04 12 21   -14  -129 10217   304    30 -9999 -9999 -9999
2021 04 13 00    17  -139 10217   304    40 -9999 -9999 -9999
2021 04 13 03    55  -152 10205   336    34 -9999 -9999 -9999
2021 04 13 06    85  -176 10170   256    36 -9999 -9999 -9999
2021 04 13 09    92  -160 10144   260    38 -9999 -9999 -9999
2021 04 13 12    77  -111 10139   268    18 -9999 -9999 -9999
2021 04 13 15    55   -88 10134   233    24 -9999 -9999 -9999
2021 04 13 18    37   -90 10133   284    25 -9999 -9999 -9999
2021 04 13 21    15   -90 10144   268    23 -9999 -9999 -9999
2021 04 14 00    62  -124 10157   275    38 -9999 -9999 -9999
2021 04 14 03    91  -162 10152   308    38 -9999 -9999 -9999
2021 04 14 06   122  -164 10134   283    26 -9999 -9999 -9999
2021 04 14 09   136  -153 10113   228    33 -9999 -9999 -9999
2021 04 14 12    90  -122 10113   161    18 -9999 -9999 -9999
2021 04 14 15    80   -69 10099   154    21 -9999 -9999 -9999
2021 04 14 18    66   -67 10086   154    18 -9999 -9999 -9999
2021 04 14 21    42   -26 10072   128     8 -9999 -9999 -9999
2021 04 15 00   106    -8 10061   184    34 -9999 -9999 -9999
2021 04 15 03   170   -22 10037   189    53 -9999 -9999 -9999
2021 04 15 06   200   -36 10000   182    87 -9999 -9999 -9999
2021 04 15 09   167     8  9993   172    68 -9999 -9999 -9999
2021 04 15 12   131    21 10020   241    79 -9999 -9999 -9999
2021 04 15 15    96    29 10007   177    40 -9999 -9999 -9999
2021 04 15 18    57    33  9991   233    34 -9999 -9999     7
2021 04 15 21    56   -20  9964   215    43 -9999 -9999     9
2021 04 16 00    56   -45  9990   262    76 -9999 -9999     2
2021 04 16 03    80   -62  9998   267    64 -9999 -9999 -9999
2021 04 16 06    67   -44 10014   261    68 -9999 -9999 -9999
2021 04 16 09    71   -40 10033   265    66 -9999 -9999 -9999
2021 04 16 12    57   -58 10065   262    56 -9999 -9999 -9999
2021 04 16 15    32    -8 10074   269    45 -9999 -9999 -9999
2021 04 16 18    22    13 10080   282    31 -9999 -9999     6
2021 04 16 21    27    11 10095   314    40 -9999 -9999    10
2021 04 17 00    35    16 10136   351    49 -9999 -9999    12
2021 04 17 03    37    10 10167   345    42 -9999 -9999     8
2021 04 17 06    67    16 10168   333    23 -9999 -9999 -9999
2021 04 17 09    95   -21 10164    54    26 -9999 -9999 -9999
2021 04 17 12    56   -18 10179   143    11 -9999 -9999 -9999
2021 04 17 15    41   -25 10181   241    13 -9999 -9999 -9999
2021 04 17 18    32    -6 10170   212    20 -9999 -9999 -9999
2021 04 17 21    20    -5 10163   223    20 -9999 -9999 -9999
2021 04 18 00    77   -20 10153   210    17 -9999 -9999 -9999
2021 04 18 03   162   -33 10126   209    32 -9999 -9999 -9999
2021 04 18 06   200   -31 10084   177    46 -9999 -9999 -9999
2021 04 18 09   215   -62 10054   183    53 -9999 -9999 -9999
2021 04 18 12   156   -43 10049   163    34 -9999 -9999 -9999
2021 04 18 15   127   -49 10037   231    22 -9999 -9999 -9999
2021 04 18 18   120   -47 10032   243    28 -9999 -9999 -9999
2021 04 18 21   127   -78 10034   263    30 -9999 -9999 -9999
2021 04 19 00   155   -35 10062   314    45 -9999 -9999 -9999
2021 04 19 03   207   -23 10088    16    60 -9999 -9999 -9999
2021 04 19 06   230   -27 10102   331    33 -9999 -9999 -9999
2021 04 19 09   217  -100 10116   341    46 -9999 -9999 -9999
2021 04 19 12   176  -111 10151    51    24 -9999 -9999 -9999
2021 04 19 15   121   -90 10174    52    40 -9999 -9999 -9999
2021 04 19 18    95   -91 10199    71    29 -9999 -9999 -9999
2021 04 19 21    67  -115 10210    62    43 -9999 -9999 -9999
2021 04 20 00   110  -117 10226    53    36 -9999 -9999 -9999
2021 04 20 03   157  -136 10216    72    29 -9999 -9999 -9999
2021 04 20 06   162   -88 10196   122    30 -9999 -9999 -9999
2021 04 20 09   172   -73 10174   125    26 -9999 -9999 -9999
2021 04 20 12   135   -67 10167    73    25 -9999 -9999 -9999
2021 04 20 15   111   -54 10168    78    21 -9999 -9999 -9999
2021 04 20 18   102   -34 10153   141    13 -9999 -9999 -9999
2021 04 20 21   115    55 10152   223    18 -9999 -9999 -9999
