2021 01 01 00  -207  -268 10315   300    40 -9999 -9999     0
2021 01 01 03  -146  -244 10309    50    10 -9999 -9999     0
2021 01 01 06  -129  -234 10298    90    30 -9999 -9999     0
2021 01 01 09  -144  -232 10322    80    20 -9999 -9999     0
2021 01 01 12  -169  -232 10344   240    20 -9999 -9999     0
2021 01 01 15  -207  -249 10347    80    10 -9999 -9999     0
2021 01 01 18  -215  -249 10346    10    10 -9999 -9999     0
2021 01 01 21  -226  -258 10344    20    10 -9999 -9999     0
2021 01 02 00  -215  -252 10358    50    10 -9999 -9999     0
2021 01 02 03  -149  -232 10360   340    20 -9999 -9999     0
2021 01 02 06  -105  -227 10346    50    20 -9999 -9999     0
2021 01 02 09  -121  -241 10374   270    20 -9999 -9999     0
2021 01 02 12  -156  -253 10394   280    20 -9999 -9999     0
2021 01 02 15  -168  -252 10389   290    30 -9999 -9999     0
2021 01 02 18  -178  -262 10383   240    30 -9999 -9999     0
2021 01 02 21  -188  -264 10385   240    40 -9999 -9999     0
2021 01 03 00  -188  -269 10395   250    20 -9999 -9999     0
2021 01 03 03  -140  -234 10383   330    20 -9999 -9999     0
2021 01 03 06   -89  -226 10352   190    20 -9999 -9999     0
2021 01 03 09  -121  -211 10364    20    10 -9999 -9999     0
2021 01 03 12  -123  -234 10366   260    20 -9999 -9999     0
2021 01 03 15  -157  -233 10369   330    20 -9999 -9999     0
2021 01 03 18  -161  -241 10359   250    10 -9999 -9999     0
2021 01 03 21  -181  -240 10359   310    20 -9999 -9999     0
2021 01 04 00  -166  -244 10369   240    20 -9999 -9999     0
2021 01 04 03  -132  -258 10373   260    50 -9999 -9999     0
2021 01 04 06  -121  -273 10361   290    50 -9999 -9999     0
2021 01 04 09  -151  -285 10382   290    50 -9999 -9999     0
2021 01 04 12  -182  -288 10401   210    20 -9999 -9999     0
2021 01 04 15  -192  -297 10391   260    50 -9999 -9999     0
2021 01 04 18  -200  -304 10395   270    20 -9999 -9999     0
2021 01 04 21  -225  -310 10403   310    20 -9999 -9999     0
2021 01 05 00  -200  -291 10411   240    20 -9999 -9999     0
2021 01 05 03  -143  -252 10387   200    30 -9999 -9999     0
2021 01 05 06  -107  -232 10353   330    30 -9999 -9999     0
2021 01 05 09  -128  -257 10358   260    40 -9999 -9999     0
2021 01 05 12  -145  -251 10351   250    30 -9999 -9999     0
2021 01 05 15  -154  -265 10336   270    50 -9999 -9999     0
2021 01 05 18  -188  -273 10320   210    10 -9999 -9999     0
2021 01 05 21  -183  -297 10309   280    60 -9999 -9999     0
2021 01 06 00  -225  -327 10352   290    50 -9999 -9999     0
2021 01 06 03  -199  -315 10351   320    60 -9999 -9999     0
2021 01 06 06  -204  -335 10350   320   100 -9999 -9999     0
2021 01 06 09  -212  -342 10365   320    90 -9999 -9999     0
2021 01 06 12  -240  -355 10402   290    60 -9999 -9999     0
2021 01 06 15  -266  -378 10411   250    40 -9999 -9999     0
2021 01 06 18  -270  -394 10399   250    60 -9999 -9999     0
2021 01 06 21  -282  -384 10377   140    10 -9999 -9999     0
2021 01 07 00  -273  -368 10385   280    10 -9999 -9999     0
2021 01 07 03  -205  -323 10369   290    70 -9999 -9999     0
2021 01 07 06  -182  -312 10351   320    70 -9999 -9999     0
2021 01 07 09  -204  -319 10371   310    40 -9999 -9999     0
2021 01 07 12  -225  -322 10371   290    40 -9999 -9999     0
2021 01 07 15  -229  -323 10351   270    20 -9999 -9999     0
2021 01 07 18  -239  -327 10337   260    10 -9999 -9999     0
2021 01 07 21  -225  -317 10326   200    20 -9999 -9999     0
2021 01 08 00  -229  -313 10332   290    30 -9999 -9999     0
2021 01 08 03  -164  -271 10311   290    40 -9999 -9999     0
2021 01 08 06  -132  -248 10292   290    60 -9999 -9999     0
2021 01 08 09  -156  -264 10305   290    40 -9999 -9999     0
2021 01 08 12  -176  -272 10313   270    50 -9999 -9999     0
2021 01 08 15  -175  -266 10296   300    50 -9999 -9999     0
2021 01 08 18  -175  -264 10291   280    30 -9999 -9999     0
2021 01 08 21  -162  -254 10292   290    40 -9999 -9999     0
2021 01 09 00  -152  -240 10301   260    50 -9999 -9999     0
2021 01 09 03  -105  -209 10295   300    40 -9999 -9999     0
2021 01 09 06   -65  -191 10273   320    60 -9999 -9999     0
2021 01 09 09   -94  -194 10280   280    20 -9999 -9999     0
2021 01 09 12  -117  -208 10294   260    40 -9999 -9999     0
2021 01 09 15  -121  -202 10294   280    30 -9999 -9999     0
2021 01 09 18  -138  -225 10305   280    30 -9999 -9999     0
2021 01 09 21  -146  -230 10309   250    40 -9999 -9999     0
2021 01 10 00  -134  -221 10322   300    50 -9999 -9999     0
2021 01 10 03   -88  -197 10330   290    30 -9999 -9999     0
2021 01 10 06   -53  -180 10313   340    30 -9999 -9999     0
2021 01 10 09   -79  -186 10320    90    10 -9999 -9999     0
2021 01 10 12  -113  -197 10336   240    20 -9999 -9999     0
2021 01 10 15  -120  -199 10320   260    40 -9999 -9999     0
2021 01 10 18  -115  -206 10301   230    40 -9999 -9999     0
2021 01 10 21  -120  -201 10281   230    30 -9999 -9999     0
2021 01 11 00  -114  -202 10278   250    40 -9999 -9999     0
2021 01 11 03   -87  -196 10269   240    50 -9999 -9999     0
2021 01 11 06   -56  -177 10227   250    40 -9999 -9999     0
2021 01 11 09   -81  -188 10232   250    50 -9999 -9999     0
2021 01 11 12  -112  -216 10232   250    60 -9999 -9999     0
2021 01 11 15  -132  -214 10205   220    40 -9999 -9999     0
2021 01 11 18  -119  -189 10161   190    20 -9999 -9999     0
2021 01 11 21  -110  -192 10122   220    40 -9999 -9999     0
2021 01 12 00  -104  -191 10105   230    40 -9999 -9999     0
2021 01 12 03   -57  -160 10097   220    40 -9999 -9999     0
2021 01 12 06   -29  -156 10066   260    70 -9999 -9999     0
2021 01 12 09   -57  -145 10086   280    60 -9999 -9999     0
2021 01 12 12   -79  -139 10097   110    10 -9999 -9999     0
2021 01 12 15   -80  -122 10085   340    20 -9999 -9999     0
2021 01 12 18   -86  -105 10087   340    20 -9999 -9999     0
2021 01 12 21  -100  -122 10121   360    20 -9999 -9999     5
2021 01 13 00   -98  -176 10161   290    30 -9999 -9999     5
2021 01 13 03   -69  -177 10184   290    30 -9999 -9999     0
2021 01 13 06   -53  -218 10181   290    50 -9999 -9999     0
2021 01 13 09   -73  -219 10207   300    20 -9999 -9999     0
2021 01 13 12  -113  -214 10234    80    10 -9999 -9999     0
2021 01 13 15  -137  -200 10235   340    10 -9999 -9999     0
2021 01 13 18  -149  -206 10231   340    20 -9999 -9999     0
2021 01 13 21  -139  -208 10224   350    20 -9999 -9999     0
2021 01 14 00  -142  -201 10222   350    10 -9999 -9999     0
2021 01 14 03  -118  -182 10211    60    10 -9999 -9999     0
2021 01 14 06   -70  -132 10168    30    20 -9999 -9999     0
2021 01 14 09  -112  -149 10189   330    60 -9999 -9999     0
2021 01 14 12  -137  -173 10222   330    50 -9999 -9999     0
2021 01 14 15  -153  -186 10240   350    50 -9999 -9999     0
2021 01 14 18  -165  -200 10255   350    30 -9999 -9999     0
2021 01 14 21  -185  -214 10287   320    20 -9999 -9999     0
2021 01 15 00  -189  -218 10313   310    30 -9999 -9999     0
2021 01 15 03  -128  -213 10326   340    60 -9999 -9999     0
2021 01 15 06  -110  -222 10326   360    50 -9999 -9999     0
2021 01 15 09  -133  -230 10348    50    10 -9999 -9999     0
2021 01 15 12  -150  -259 10361   290    30 -9999 -9999     0
2021 01 15 15  -171  -265 10354   260    10 -9999 -9999     0
2021 01 15 18  -191  -263 10353   340    20 -9999 -9999     0
2021 01 15 21  -204  -275 10361    10    10 -9999 -9999     0
2021 01 16 00  -197  -273 10363   110    10 -9999 -9999     0
2021 01 16 03  -117  -241 10357   280    30 -9999 -9999     0
2021 01 16 06   -87  -217 10336   280    50 -9999 -9999     0
2021 01 16 09  -110  -232 10355   290    40 -9999 -9999     0
2021 01 16 12  -146  -244 10371   230    10 -9999 -9999     0
2021 01 16 15  -156  -256 10357   240    30 -9999 -9999     0
2021 01 16 18  -144  -253 10326   260    40 -9999 -9999     0
2021 01 16 21  -148  -251 10307   260    40 -9999 -9999     0
2021 01 17 00  -148  -244 10286   220    20 -9999 -9999     0
2021 01 17 03   -98  -212 10251   240    60 -9999 -9999     0
2021 01 17 06   -69  -201 10213   270    70 -9999 -9999     0
2021 01 17 09   -87  -208 10227   270    40 -9999 -9999     0
2021 01 17 12  -125  -228 10247   280    40 -9999 -9999     0
2021 01 17 15  -139  -228 10239   270    20 -9999 -9999     0
2021 01 17 18  -168  -235 10226   310    20 -9999 -9999     0
2021 01 17 21  -163  -235 10230   300    30 -9999 -9999     0
2021 01 18 00  -176  -231 10287   350    30 -9999 -9999     0
2021 01 18 03  -160  -243 10326    40    50 -9999 -9999     0
2021 01 18 06  -151  -241 10328    20    40 -9999 -9999     0
2021 01 18 09  -166  -248 10345    30    20 -9999 -9999     0
2021 01 18 12  -180  -255 10352   190    20 -9999 -9999     0
2021 01 18 15  -176  -251 10344    80    10 -9999 -9999     0
2021 01 18 18  -188  -248 10322   340    10 -9999 -9999     0
2021 01 18 21  -200  -251 10311     0 -9999 -9999 -9999     0
2021 01 19 00  -194  -247 10310   150    20 -9999 -9999     0
2021 01 19 03   -78  -164 10290   230    60 -9999 -9999     0
2021 01 19 06   -35  -140 10258   220    40 -9999 -9999     0
2021 01 19 09   -56  -139 10270   210    40 -9999 -9999     0
2021 01 19 12   -88  -154 10277   200    30 -9999 -9999     0
2021 01 19 15  -101  -158 10250   190    20 -9999 -9999     0
2021 01 19 18   -83  -151 10231   250    40 -9999 -9999     0
2021 01 19 21   -71  -133 10219   220    50 -9999 -9999     0
2021 01 20 00   -74  -130 10225   240    50 -9999 -9999     0
2021 01 20 03   -26  -104 10224   200    50 -9999 -9999     0
2021 01 20 06    35  -105 10192   230    40 -9999 -9999     0
2021 01 20 09     6  -108 10211   230    40 -9999 -9999     0
2021 01 20 12   -23  -147 10238   250    30 -9999 -9999     0
2021 01 20 15   -55  -148 10250   300    10 -9999 -9999     0
2021 01 20 18   -83  -153 10245   230    20 -9999 -9999     0
2021 01 20 21  -105  -158 10242   330    10 -9999 -9999     0
2021 01 21 00  -110  -157 10249   250    10 -9999 -9999     0
2021 01 21 03   -37  -134 10237   130    10 -9999 -9999     0
2021 01 21 06    -8  -115 10218    10    20 -9999 -9999     0
2021 01 21 09   -10  -114 10232   331    29 -9999 -9999 -9999
2021 01 21 12   -51  -112 10273    20    10 -9999 -9999     0
2021 01 21 15   -59  -128 10280   330    40 -9999 -9999     0
2021 01 21 18  -104  -157 10294   210    10 -9999 -9999     0
2021 01 21 21  -129  -166 10305    90    10 -9999 -9999     0
2021 01 22 00  -144  -174 10327    30    10 -9999 -9999     0
2021 01 22 03   -79  -145 10314   170    20 -9999 -9999     0
2021 01 22 06   -40  -129 10281   100    20 -9999 -9999     0
2021 01 22 09   -54  -155 10283    60    20 -9999 -9999     0
2021 01 22 12   -82  -148 10292   360    10 -9999 -9999     0
2021 01 22 15  -101  -152 10278   240    20 -9999 -9999     0
2021 01 22 18  -133  -163 10273   240    10 -9999 -9999     0
2021 01 22 21  -135  -161 10261   220    10 -9999 -9999     0
2021 01 23 00  -128  -163 10270   210    10 -9999 -9999     0
2021 01 23 03   -55  -131 10260    80    10 -9999 -9999     0
2021 01 23 06    -3  -114 10235   100    10 -9999 -9999     0
2021 01 23 09   -22   -91 10241    50    10 -9999 -9999     0
2021 01 23 12   -50  -104 10259    50    10 -9999 -9999     0
2021 01 23 15   -86  -116 10267   150    10 -9999 -9999     0
2021 01 23 18   -94  -120 10264   260    10 -9999 -9999     0
2021 01 23 21   -90  -128 10263   100    10 -9999 -9999     0
2021 01 24 00   -95  -131 10291     0 -9999 -9999 -9999     0
2021 01 24 03   -15  -111 10292   120    10 -9999 -9999     0
2021 01 24 06    28   -85 10269    50    20 -9999 -9999     0
2021 01 24 09     4   -76 10284    40    20 -9999 -9999     0
2021 01 24 12   -26   -85 10308   330    20 -9999 -9999     0
2021 01 24 15   -60   -99 10307     0 -9999 -9999 -9999     0
2021 01 24 18   -85  -112 10308    20    10 -9999 -9999     0
2021 01 24 21  -100  -129 10296   360    20 -9999 -9999     0
2021 01 25 00   -99  -118 10301   220    10 -9999 -9999     0
2021 01 25 03   -85  -107 10291    40    10 -9999 -9999     0
2021 01 25 06   -69  -101 10253   110    20 -9999 -9999     0
2021 01 25 09   -65   -99 10259   180    10 -9999 -9999     0
2021 01 25 12   -69  -104 10271   290    30 -9999 -9999     0
2021 01 25 15   -80  -130 10274   230    20 -9999 -9999     0
2021 01 25 18   -73  -144 10270   230    10 -9999 -9999     0
2021 01 25 21  -102  -155 10258    50    10 -9999 -9999     0
2021 01 26 00   -58  -195 10262   260    50 -9999 -9999     0
2021 01 26 03   -34  -174 10261   270    60 -9999 -9999     0
2021 01 26 06   -24  -193 10246   280    80 -9999 -9999     0
2021 01 26 09   -50  -211 10272   290    50 -9999 -9999     0
2021 01 26 12   -82  -227 10289   270    20 -9999 -9999     0
2021 01 26 15  -108  -209 10298   290    20 -9999 -9999     0
2021 01 26 18  -119  -214 10292   240    20 -9999 -9999     0
2021 01 26 21  -150  -218 10288   210    10 -9999 -9999     0
2021 01 27 00  -146  -201 10290   300    10 -9999 -9999     0
2021 01 27 03   -99  -184 10261    10    10 -9999 -9999     0
2021 01 27 06   -55  -158 10207   100    10 -9999 -9999     0
2021 01 27 09   -43  -120 10218   290    60 -9999 -9999     0
2021 01 27 12   -85  -166 10258   330    40 -9999 -9999     0
2021 01 27 15  -109  -231 10252   290    40 -9999 -9999     0
2021 01 27 18  -127  -260 10253   290    30 -9999 -9999     0
2021 01 27 21  -157  -277 10260   300    70 -9999 -9999     0
2021 01 28 00  -173  -277 10295   290    60 -9999 -9999     0
2021 01 28 03  -142  -273 10308   310    90 -9999 -9999     0
2021 01 28 06  -132  -275 10306   320    70 -9999 -9999     0
2021 01 28 09  -147  -292 10319   290    50 -9999 -9999     0
2021 01 28 12  -166  -295 10321   280    20 -9999 -9999     0
2021 01 28 15  -179  -288 10301   220    20 -9999 -9999     0
2021 01 28 18  -203  -283 10293   330    20 -9999 -9999     0
2021 01 28 21  -210  -279 10285    50    10 -9999 -9999     0
2021 01 29 00  -217  -276 10290     0 -9999 -9999 -9999     0
2021 01 29 03  -135  -227 10267    80    10 -9999 -9999     0
2021 01 29 06   -29  -177 10195   230    30 -9999 -9999     0
2021 01 29 09   -28  -155 10184   250    30 -9999 -9999     0
2021 01 29 12   -45  -155 10206   300    50 -9999 -9999     0
2021 01 29 15   -66  -158 10212   270    20 -9999 -9999     0
2021 01 29 18   -89  -163 10219   320    20 -9999 -9999     0
2021 01 29 21  -124  -174 10247   210    10 -9999 -9999     0
2021 01 30 00  -149  -182 10289   170    20 -9999 -9999     0
2021 01 30 03  -114  -189 10298    90    30 -9999 -9999     0
2021 01 30 06   -92  -177 10269    90    40 -9999 -9999     0
2021 01 30 09   -98  -174 10275    60    30 -9999 -9999     0
2021 01 30 12  -132  -189 10292    30    20 -9999 -9999     0
2021 01 30 15  -142  -188 10285    60    10 -9999 -9999     0
2021 01 30 18  -160  -197 10275   350    10 -9999 -9999     0
2021 01 30 21  -168  -200 10259   270    10 -9999 -9999     0
2021 01 31 00  -152  -185 10245   300    10 -9999 -9999     0
2021 01 31 03  -100  -161 10217    90    10 -9999 -9999     0
2021 01 31 06    30  -113 10149   220    70 -9999 -9999     0
2021 01 31 09    19  -109 10145   210    30 -9999 -9999     0
2021 01 31 12   -19  -109 10157   260    30 -9999 -9999     0
2021 01 31 15     4  -101 10150   260    60 -9999 -9999     0
2021 01 31 18   -30  -153 10160   280    70 -9999 -9999     0
2021 01 31 21   -98  -209 10214   330    70 -9999 -9999     0
2021 02 01 00  -130  -235 10267   320    40 -9999 -9999     0
2021 02 01 03  -105  -218 10272   340    60 -9999 -9999     0
2021 02 01 06  -101  -220 10269   350    80 -9999 -9999     0
2021 02 01 09  -109  -234 10295   290    40 -9999 -9999     0
2021 02 01 12  -138  -251 10322   300    30 -9999 -9999     0
2021 02 01 15  -158  -261 10323   250    40 -9999 -9999     0
2021 02 01 18  -165  -281 10315   260    30 -9999 -9999     0
2021 02 01 21  -181  -284 10307   230    30 -9999 -9999     0
2021 02 02 00  -167  -271 10305   260    20 -9999 -9999     0
2021 02 02 03  -103  -228 10284   260    40 -9999 -9999     0
2021 02 02 06   -79  -254 10273   320    50 -9999 -9999     0
2021 02 02 09   -98  -266 10288   320    50 -9999 -9999     0
2021 02 02 12  -137  -256 10302   190    10 -9999 -9999     0
2021 02 02 15  -143  -255 10284   240    20 -9999 -9999     0
2021 02 02 18  -183  -253 10278   210    10 -9999 -9999     0
2021 02 02 21  -187  -255 10269   350    10 -9999 -9999     0
2021 02 03 00  -193  -257 10282   230    10 -9999 -9999     0
2021 02 03 03  -124  -235 10271   350    20 -9999 -9999     0
2021 02 03 06   -77  -227 10268   340   100 -9999 -9999     0
2021 02 03 09   -93  -230 10301   320    60 -9999 -9999     0
2021 02 03 12  -113  -219 10306   250    30 -9999 -9999     0
2021 02 03 15  -129  -214 10286   200    30 -9999 -9999     0
2021 02 03 18  -141  -210 10269    20    10 -9999 -9999     0
2021 02 03 21  -149  -213 10254    10    10 -9999 -9999     0
2021 02 04 00  -150  -208 10250    70    10 -9999 -9999     0
2021 02 04 03     9  -169 10216   250    70 -9999 -9999     0
2021 02 04 06    48  -151 10186   250    60 -9999 -9999     0
2021 02 04 09    41  -147 10184   250    50 -9999 -9999     0
2021 02 04 12     0  -140 10189   210    30 -9999 -9999     0
2021 02 04 15     1  -135 10154   220    30 -9999 -9999     0
2021 02 04 18     9  -132 10138   220    30 -9999 -9999     0
2021 02 04 21    13  -125 10117   250    60 -9999 -9999     0
2021 02 05 00     9  -118 10125   260    60 -9999 -9999     0
2021 02 05 03    34  -113 10119   260    70 -9999 -9999     0
2021 02 05 06    49  -104 10096   260    40 -9999 -9999     0
2021 02 05 09    50   -92 10101   250    60 -9999 -9999     0
2021 02 05 12    19   -82 10121   290    30 -9999 -9999     0
2021 02 05 15   -11   -90 10125   290    10 -9999 -9999     0
2021 02 05 18   -40  -100 10128   300    20 -9999 -9999     0
2021 02 05 21   -61  -107 10137   360    20 -9999 -9999     0
2021 02 06 00   -52  -102 10171   330    20 -9999 -9999     0
2021 02 06 03   -17   -98 10193    90    30 -9999 -9999     0
2021 02 06 06   -17   -91 10205    10    50 -9999 -9999     0
2021 02 06 09   -38   -86 10233    50    20 -9999 -9999 -9999
2021 02 06 12   -53   -94 10262   330    30 -9999 -9999 -9999
2021 02 06 15   -60  -117 10286   360    40 -9999 -9999     0
2021 02 06 18  -102  -155 10312   330    30 -9999 -9999     0
2021 02 06 21  -117  -156 10323   350    20 -9999 -9999     0
2021 02 07 00  -131  -174 10344   340    20 -9999 -9999     0
2021 02 07 03   -77  -193 10353   310    50 -9999 -9999     0
2021 02 07 06   -57  -201 10347   340    70 -9999 -9999     0
2021 02 07 09   -63  -203 10346   340    40 -9999 -9999     0
2021 02 07 12   -96  -198 10360   270    20 -9999 -9999     0
2021 02 07 15  -107  -191 10344   230    40 -9999 -9999     0
2021 02 07 18  -138  -193 10350    10    10 -9999 -9999     0
2021 02 07 21  -141  -196 10356   300    10 -9999 -9999     0
2021 02 08 00  -140  -186 10372   330    10 -9999 -9999     0
2021 02 08 03   -42  -181 10354   270    30 -9999 -9999     0
2021 02 08 06    -3  -170 10324   250    40 -9999 -9999     0
2021 02 08 09     6  -167 10305   260    40 -9999 -9999     0
2021 02 08 12   -27  -160 10314   260    50 -9999 -9999     0
2021 02 08 15   -41  -166 10292   250    40 -9999 -9999     0
2021 02 08 18   -88  -166 10276    40    10 -9999 -9999     0
2021 02 08 21   -98  -167 10258   350    20 -9999 -9999     0
2021 02 09 00   -88  -160 10268    70    10 -9999 -9999     0
2021 02 09 03     6  -131 10249   100    20 -9999 -9999     0
2021 02 09 06    63  -150 10218   250    30 -9999 -9999     0
2021 02 09 12    39  -125 10221   260    50 -9999 -9999     0
2021 02 09 15   -12  -113 10213   230    20 -9999 -9999     0
2021 02 09 18   -33  -113 10208    20    10 -9999 -9999     0
2021 02 09 21   -39  -109 10213   250    30 -9999 -9999     0
2021 02 10 00   -36  -118 10238   300    30 -9999 -9999     0
2021 02 10 03    40  -129 10244   280    30 -9999 -9999     0
2021 02 10 06    77  -127 10231   170    30 -9999 -9999     0
2021 02 10 09    58   -96 10222   160    30 -9999 -9999     0
2021 02 11 00    19  -113 10179   220    40 -9999 -9999     0
2021 02 13 12   -28   -99 10277    80    20 -9999 -9999     0
2021 02 13 15   -34  -139 10266    70    40 -9999 -9999     0
2021 02 13 18   -54  -139 10251    70    40 -9999 -9999     0
2021 02 13 21   -68  -137 10250    70    30 -9999 -9999     0
2021 02 14 00   -83  -145 10265    50    40 -9999 -9999 -9999
2021 02 14 03   -81  -153 10268   350    30 -9999 -9999     0
2021 02 14 06   -79  -137 10255    10    40 -9999 -9999 -9999
2021 02 14 09   -79  -145 10260    10    30 -9999 -9999     0
2021 02 14 12  -101  -142 10285   350    20 -9999 -9999     0
2021 02 14 15  -132  -203 10292   340    40 -9999 -9999     0
2021 02 14 18  -141  -223 10288   270    20 -9999 -9999     0
2021 02 14 21  -146  -223 10265   140    10 -9999 -9999     0
2021 02 15 00  -125  -217 10255   270    20 -9999 -9999     0
2021 02 15 03   -88  -212 10231   240    30 -9999 -9999     0
2021 02 15 06   -51  -208 10193   300    60 -9999 -9999     0
2021 02 15 09   -58  -206 10191   300    60 -9999 -9999     0
2021 02 15 12   -96  -201 10226   330    30 -9999 -9999     0
2021 02 15 15  -121  -216 10236   320    20 -9999 -9999     0
2021 02 15 18  -136  -214 10227    20    20 -9999 -9999     0
2021 02 15 21  -148  -216 10235   320    40 -9999 -9999     0
2021 02 16 00  -138  -222 10265   320    40 -9999 -9999     0
2021 02 16 03  -111  -264 10280   340    70 -9999 -9999     0
2021 02 16 06  -117  -278 10286   320    80 -9999 -9999     0
2021 02 16 09  -135  -260 10303   310    80 -9999 -9999     0
2021 02 16 12  -159  -276 10320   300    50 -9999 -9999     0
2021 02 16 15  -166  -285 10323   310    60 -9999 -9999     0
2021 02 16 18  -176  -288 10330   310    30 -9999 -9999     0
2021 02 16 21  -174  -298 10331   330    40 -9999 -9999     0
2021 02 17 00  -164  -289 10346   330    60 -9999 -9999     0
2021 02 17 03  -110  -281 10344   340    90 -9999 -9999     0
2021 02 17 06   -80  -282 10329   340    90 -9999 -9999     0
2021 02 17 09   -85  -286 10332   330    60 -9999 -9999     0
2021 02 17 12  -117  -274 10345   330    30 -9999 -9999     0
2021 02 17 15  -138  -266 10336   340    20 -9999 -9999     0
2021 02 17 18  -134  -270 10320   310    30 -9999 -9999     0
2021 02 17 21  -133  -255 10310   230    20 -9999 -9999     0
2021 02 18 00  -125  -245 10308    10    10 -9999 -9999     0
2021 02 18 03   -31  -182 10272   140    10 -9999 -9999     0
2021 02 18 06    44  -149 10215    90    20 -9999 -9999     0
2021 02 18 09    77  -116 10182   220    50 -9999 -9999     0
2021 02 18 12    18  -120 10185   210    30 -9999 -9999     0
2021 02 18 15    17  -118 10150   220    40 -9999 -9999     0
2021 02 18 18    12  -129 10107   210    40 -9999 -9999     0
2021 02 18 21     8  -136 10071   210    30 -9999 -9999     0
2021 02 19 00    25  -129 10067   210    40 -9999 -9999     0
2021 02 19 03   111  -146 10033   280    60 -9999 -9999     0
2021 02 19 06   113  -115 10035   290    70 -9999 -9999     0
2021 02 19 09    85   -94 10068   290    70 -9999 -9999     0
2021 02 20 15    30   -60 10033   124    15 -9999 -9999 -9999
2021 02 20 18     6   -63 10028   341    20 -9999 -9999 -9999
2021 02 20 21    -9   -62 10035   351     8 -9999 -9999 -9999
2021 02 21 00   -15   -59 10054     7    13 -9999 -9999 -9999
2021 02 21 03    61   -49 10061    93    13 -9999 -9999 -9999
2021 02 21 09    50   -57 10123     8    54 -9999 -9999 -9999
2021 02 21 12   -12   -89 10186    13    43 -9999 -9999 -9999
2021 02 21 15   -43  -113 10216   360    30 -9999 -9999     0
2021 02 21 18   -65  -124 10237   316    15 -9999 -9999 -9999
2021 02 21 21   -57  -151 10262   272    26 -9999 -9999 -9999
2021 02 22 00   -54  -211 10295   322    68 -9999 -9999 -9999
2021 02 22 03   -21  -190 10298   320    60 -9999 -9999     0
2021 02 22 06   -12  -208 10296   330    90 -9999 -9999     0
2021 02 22 09   -26  -225 10308   330    60 -9999 -9999     0
2021 02 22 12   -52  -222 10328   300    20 -9999 -9999     0
2021 02 22 15   -89  -201 10335   150    10 -9999 -9999     0
2021 02 22 18  -106  -195 10340   340    10 -9999 -9999     0
2021 02 22 21  -119  -193 10361    10    20 -9999 -9999     0
2021 02 23 00   -97  -187 10360   210    10 -9999 -9999     0
2021 02 23 03   -47  -200 10346   180    20 -9999 -9999     0
2021 02 23 06    -9  -200 10305    80    10 -9999 -9999     0
2021 02 23 09    -8  -189 10283   130    40 -9999 -9999     0
2021 02 23 12   -48  -176 10292    40    20 -9999 -9999     0
2021 02 23 15   -64  -175 10290   300    20 -9999 -9999     0
2021 02 23 18   -67  -120 10281   230    20 -9999 -9999     0
2021 02 23 21   -81  -119 10267   220    20 -9999 -9999     0
2021 02 24 00   -54  -100 10263   310    10 -9999 -9999     0
2021 02 24 03    18   -92 10246   240    50 -9999 -9999     0
2021 02 24 06    66   -89 10219   160    30 -9999 -9999     0
2021 02 24 09    48   -83 10235    80    40 -9999 -9999     0
2021 02 24 12    -2  -110 10266   350    20 -9999 -9999     0
2021 02 24 15   -28  -120 10273   320    40 -9999 -9999     0
2021 02 24 18   -40  -136 10285    70    30 -9999 -9999     0
2021 02 24 21   -64  -169 10294    60    30 -9999 -9999     0
2021 02 25 00   -65  -191 10313    60    30 -9999 -9999     0
2021 02 25 03   -18  -188 10306   130    20 -9999 -9999     0
2021 02 25 06    20  -150 10271   130    30 -9999 -9999     0
2021 02 25 09    36  -116 10259   130    20 -9999 -9999     0
2021 02 25 12   -16  -125 10275   320    20 -9999 -9999     0
2021 02 25 15   -36  -118 10286   240    20 -9999 -9999     0
2021 02 25 18   -64  -125 10291   280    10 -9999 -9999     0
2021 02 25 21   -49  -135 10283   230    10 -9999 -9999     0
2021 02 26 00   -33  -110 10296   190    10 -9999 -9999     0
2021 02 26 03    62  -101 10288    10    10 -9999 -9999     0
2021 02 26 06   115  -160 10247   150    30 -9999 -9999     0
2021 02 26 09   114  -180 10232   240    30 -9999 -9999     0
2021 02 26 12    55  -145 10248   220    40 -9999 -9999     0
2021 02 26 15    22  -128 10235   220    30 -9999 -9999     0
2021 02 26 18    42  -136 10219   220    70 -9999 -9999     0
2021 02 26 21    25  -114 10210   210    60 -9999 -9999     0
2021 02 27 00    25  -114 10209   200    50 -9999 -9999     0
2021 02 27 03    78  -132 10209   230    90 -9999 -9999     0
2021 02 27 06   104  -104 10186   240    90 -9999 -9999     0
2021 02 27 09    95   -86 10181   210    70 -9999 -9999     0
2021 02 27 12    69   -64 10199   220    70 -9999 -9999     0
2021 02 27 15    43   -55 10210   160    10 -9999 -9999     0
2021 02 27 18    41   -74 10203   230    40 -9999 -9999     0
2021 02 27 21    42   -58 10210   260    40 -9999 -9999     0
2021 02 28 00   -46   -57 10273   360    40 -9999 -9999    30
2021 02 28 03   -53   -84 10325    30    40 -9999 -9999    50
2021 02 28 06   -52   -93 10328    50    40 -9999 -9999    20
2021 02 28 09   -60  -127 10334    30    30 -9999 -9999     1
2021 02 28 12   -68  -150 10366    10    20 -9999 -9999    -1
2021 02 28 15   -77  -163 10382    50    30 -9999 -9999     0
2021 02 28 18   -95  -185 10381   340    40 -9999 -9999     0
2021 02 28 21  -100  -205 10383     9    20 -9999 -9999 -9999
2021 03 01 00  -108  -192 10394   340    20 -9999 -9999     0
2021 03 01 03   -81  -247 10372    30    20 -9999 -9999     0
2021 03 01 06   -59  -219 10336   160    20 -9999 -9999     0
2021 03 01 09   -71  -200 10314    80    30 -9999 -9999     0
2021 03 01 12  -106  -188 10324    20    20 -9999 -9999     0
2021 03 01 15  -108  -190 10310   270    10 -9999 -9999     0
2021 03 01 18  -116  -188 10301   260    10 -9999 -9999     0
2021 03 01 21  -135  -181 10304   330    10 -9999 -9999     0
2021 03 02 00  -103  -168 10309    30    10 -9999 -9999     0
2021 03 02 03   -19  -123 10286   120    20 -9999 -9999     0
2021 03 02 06    37  -131 10240   180    40 -9999 -9999     0
2021 03 02 09    48  -109 10218   210    60 -9999 -9999     0
2021 03 02 12    10   -90 10215   220    40 -9999 -9999     0
2021 03 02 15     5   -68 10200   190    30 -9999 -9999     0
2021 03 02 18    -9   -61 10190   250    20 -9999 -9999     0
2021 03 02 21   -14   -54 10174   200    50 -9999 -9999     0
2021 03 03 00    -1   -51 10176   170    30 -9999 -9999     0
2021 03 03 03    61   -52 10153   200    60 -9999 -9999     0
2021 03 03 06   116   -68 10124   230    60 -9999 -9999     0
2021 03 03 09   112   -66 10123   210    40 -9999 -9999     0
2021 03 03 12    52   -52 10148   220    50 -9999 -9999     0
2021 03 03 15    34   -45 10142   270    10 -9999 -9999     0
2021 03 03 18    34   -38 10128   220    40 -9999 -9999     0
2021 03 03 21    12   -39 10120   210    50 -9999 -9999     0
2021 03 04 00    22   -33 10138   210    30 -9999 -9999     0
2021 03 04 03    97   -70 10130   240    70 -9999 -9999     0
2021 03 04 06   139   -93 10109   250    60 -9999 -9999     0
2021 03 04 09   136  -125 10122   280    50 -9999 -9999     0
2021 03 04 12    84   -62 10137   220    40 -9999 -9999     0
2021 03 04 15    48   -53 10147    10    10 -9999 -9999     0
2021 03 04 18    22   -45 10197    70    40 -9999 -9999     0
2021 03 04 21   -43  -101 10263    40    50 -9999 -9999     0
2021 03 05 00   -86  -124 10334    50    50 -9999 -9999 -9999
2021 03 05 03   -63  -174 10358    30    50 -9999 -9999     1
2021 03 05 06   -55  -189 10358    10    60 -9999 -9999     1
2021 03 05 09   -61  -194 10380    30    40 -9999 -9999     0
2021 03 05 12   -82  -200 10416    30    30 -9999 -9999     0
2021 03 05 15  -111  -200 10429   360    20 -9999 -9999     0
2021 03 05 18  -130  -210 10437   360    20 -9999 -9999     0
2021 03 05 21  -138  -234 10438   290    20 -9999 -9999     0
2021 03 06 00  -115  -233 10448    20    10 -9999 -9999     0
2021 03 06 03   -77  -239 10432   330    20 -9999 -9999     0
2021 03 06 06   -38  -235 10393   110    20 -9999 -9999     0
2021 03 06 09   -29  -217 10370    90    30 -9999 -9999     0
2021 03 06 12   -67  -187 10370    10    20 -9999 -9999     0
2021 03 06 15   -86  -187 10363   260    10 -9999 -9999     0
2021 03 06 18  -106  -175 10345   190    20 -9999 -9999     0
2021 03 06 21  -113  -177 10334   360    10 -9999 -9999     0
2021 03 07 00   -69  -149 10335    60    10 -9999 -9999     0
2021 03 07 03    31  -177 10314   340    20 -9999 -9999     0
2021 03 07 06    67  -189 10285    90    30 -9999 -9999     0
2021 03 07 09    67  -166 10277   110    30 -9999 -9999     0
2021 03 07 12    15  -155 10294    63    19 -9999 -9999 -9999
2021 03 07 15   -19  -140 10283   260    10 -9999 -9999     0
2021 03 07 18   -41  -130 10276   140    10 -9999 -9999     0
2021 03 07 21   -47  -133 10261   200    30 -9999 -9999     0
2021 03 08 00   -16  -112 10266   350    10 -9999 -9999     0
2021 03 08 03    84   -82 10244   170    30 -9999 -9999     0
2021 03 08 06   139  -115 10203   200    40 -9999 -9999     0
2021 03 08 09   125   -70 10196   230    40 -9999 -9999     0
2021 03 08 12    87   -55 10213   270    50 -9999 -9999     0
2021 03 08 15    37   -38 10219   130    30 -9999 -9999     0
2021 03 08 18    35   -20 10217   250    20 -9999 -9999     0
2021 03 08 21    18   -37 10230   290    10 -9999 -9999     0
2021 03 09 00    27   -32 10250   130    10 -9999 -9999     0
2021 03 09 03   114   -56 10256   330    10 -9999 -9999     0
2021 03 09 06   136  -110 10245    90    30 -9999 -9999     0
2021 03 09 09   112  -103 10258    90    40 -9999 -9999     0
2021 03 09 12    60   -83 10282    60    30 -9999 -9999     0
2021 03 09 15    23   -93 10276    60    10 -9999 -9999     0
2021 03 09 18    -6   -85 10265   220    10 -9999 -9999     0
2021 03 09 21   -10   -84 10255    50    10 -9999 -9999     0
2021 03 10 00     5   -77 10258   310    10 -9999 -9999     0
2021 03 10 03   106   -11 10232   230    40 -9999 -9999     0
2021 03 10 06   141    -4 10201   230    60 -9999 -9999     0
2021 03 10 09   135    -2 10199   220    60 -9999 -9999     0
2021 03 10 12    95    -1 10219   240    40 -9999 -9999     0
2021 03 10 15    71     1 10232   230    30 -9999 -9999     0
2021 03 10 18    47     7 10238   310    10 -9999 -9999     0
2021 03 10 21    28   -21 10256    20    20 -9999 -9999     0
2021 03 11 00    35   -95 10284    60    20 -9999 -9999     0
2021 03 11 03    52  -110 10285   360    20 -9999 -9999     0
2021 03 11 06    57   -93 10262    50    30 -9999 -9999     0
2021 03 11 09    44   -74 10262    90    40 -9999 -9999     0
2021 03 11 12    18   -60 10286   100    20 -9999 -9999     0
2021 03 11 15    12   -53 10296    20    10 -9999 -9999     0
2021 03 11 18     4   -33 10293   340    10 -9999 -9999     0
2021 03 11 21     2   -30 10296   340    20 -9999 -9999     0
2021 03 12 00     4   -26 10313   310    10 -9999 -9999 -9999
2021 03 12 03    21   -26 10312   170    10 -9999 -9999    -1
2021 03 12 06    30   -31 10292    30    10 -9999 -9999     0
2021 03 12 09     2    -4 10291   270    10 -9999 -9999    30
2021 03 12 12    -1    -5 10293     0 -9999 -9999 -9999    60
2021 03 12 15    -1    -4 10283     0 -9999 -9999 -9999    40
2021 03 12 18    -6    -9 10271     0 -9999 -9999 -9999    10
2021 03 12 21   -20   -23 10271     0 -9999 -9999 -9999     8
2021 03 13 00   -25   -28 10280     0 -9999 -9999 -9999     0
2021 03 13 03    25    -1 10264    60    10 -9999 -9999    20
2021 03 13 06    79   -24 10225   200    20 -9999 -9999    20
2021 03 13 09    96   -51 10208   100    20 -9999 -9999     0
2021 03 13 12    27     8 10227    20    10 -9999 -9999     0
2021 03 13 15     8    -2 10214   210    10 -9999 -9999     0
2021 03 13 18    -9   -25 10201   200    10 -9999 -9999     0
2021 03 13 21    -8   -32 10182   210    20 -9999 -9999     0
2021 03 14 00    -8   -24 10190     0 -9999 -9999 -9999     0
2021 03 14 03    89    13 10152   220    70 -9999 -9999     0
2021 03 14 06    88    19 10118   210    80 -9999 -9999     0
2021 03 14 09    83    19 10103   210    70 -9999 -9999     0
2021 03 14 12    73    22 10094   190    40 -9999 -9999     0
2021 03 14 15    74    19 10057   210    50 -9999 -9999     0
2021 03 14 18    74    25 10046   220    80 -9999 -9999     0
2021 03 14 21    88   -19 10045   250    60 -9999 -9999     0
2021 03 15 00    19  -151 10143   300    60 -9999 -9999     0
2021 03 15 03    34  -174 10155   300    70 -9999 -9999     0
2021 03 15 06    53  -185 10152   290    80 -9999 -9999     0
2021 03 15 09    36  -185 10173   290    60 -9999 -9999     0
2021 03 15 12     7  -171 10208   330    40 -9999 -9999     0
2021 03 15 15   -14  -152 10231   240    20 -9999 -9999     0
2021 03 15 18    -4  -195 10242   280    40 -9999 -9999     0
2021 03 15 21   -20  -185 10258   240    20 -9999 -9999     0
2021 03 16 00    -8  -184 10281   320    20 -9999 -9999     0
2021 03 16 03    27  -206 10272   340    50 -9999 -9999     0
2021 03 16 06    69  -216 10235   280    20 -9999 -9999     0
2021 03 16 09    67  -217 10220    80    30 -9999 -9999     0
2021 03 16 12    34  -181 10240    50    20 -9999 -9999     0
2021 03 16 15     4  -173 10237   350    20 -9999 -9999     0
2021 03 16 18   -28  -142 10234   340    10 -9999 -9999     0
2021 03 16 21   -34  -139 10247   310    30 -9999 -9999     0
2021 03 17 00   -10  -145 10271   350    30 -9999 -9999     0
2021 03 17 03    42  -156 10273    90    20 -9999 -9999     0
2021 03 17 06    72  -155 10267    50    30 -9999 -9999     0
2021 03 17 09    68  -180 10262    70    20 -9999 -9999     0
2021 03 17 12    38  -154 10280    90    20 -9999 -9999     0
2021 03 17 15    21  -145 10276    20    10 -9999 -9999     0
2021 03 17 18     3  -117 10275     0 -9999 -9999 -9999     0
2021 03 17 21   -13  -106 10270   340    20 -9999 -9999     0
2021 03 18 00    13  -128 10280    50    10 -9999 -9999     0
2021 03 18 03    36  -151 10288    60    30 -9999 -9999     0
2021 03 18 06    70  -138 10247   120    30 -9999 -9999     0
2021 03 18 09    79  -109 10236   130    30 -9999 -9999     0
2021 03 18 12    44   -46 10248   270    30 -9999 -9999     0
2021 03 18 15     5   -45 10253   360    10 -9999 -9999     0
2021 03 18 18    -1   -42 10242   230    30 -9999 -9999     0
2021 03 18 21    -7   -46 10234   230    30 -9999 -9999     0
2021 03 19 00   -13   -45 10241   350    10 -9999 -9999     0
2021 03 19 03    68   -24 10222   150    20 -9999 -9999     0
2021 03 19 06    81   -28 10197    80    20 -9999 -9999     0
2021 03 19 09    74   -35 10193    70    20 -9999 -9999     0
2021 03 19 12    59   -35 10206   360    20 -9999 -9999 -9999
2021 03 19 15    24   -12 10199   200    30 -9999 -9999 -9999
2021 03 19 18    -1    -9 10189   350    20 -9999 -9999     6
2021 03 19 21    -7   -14 10184   330    20 -9999 -9999    20
2021 03 20 00    -3   -13 10183   310    10 -9999 -9999    20
2021 03 20 03    47    -1 10163   260    30 -9999 -9999     9
2021 03 20 06    50  -111 10156   290    90 -9999 -9999     2
2021 03 20 09    29  -118 10173   290    80 -9999 -9999     0
2021 03 20 12    -5  -128 10211   310    70 -9999 -9999     0
2021 03 20 15   -21  -127 10215   280    40 -9999 -9999     0
2021 03 20 18   -25  -137 10221   310    70 -9999 -9999     0
2021 03 20 21   -39  -152 10233   300    50 -9999 -9999     0
2021 03 21 00   -24  -158 10248   300    50 -9999 -9999     0
2021 03 21 03    19  -171 10243   300    80 -9999 -9999     0
2021 03 21 06    35  -174 10226   300    70 -9999 -9999     0
2021 03 21 09    39  -176 10221   310    70 -9999 -9999     0
2021 03 21 12    15  -150 10228   260    30 -9999 -9999     0
2021 03 21 15     1  -135 10228   280    30 -9999 -9999     0
2021 03 21 18   -29  -124 10227   220    10 -9999 -9999     0
2021 03 21 21   -34  -118 10215   220    10 -9999 -9999     0
2021 03 22 00    17   -98 10214    50    10 -9999 -9999     0
2021 03 22 03    97  -149 10190   270    40 -9999 -9999     0
2021 03 22 06   148  -143 10153   270    70 -9999 -9999     0
2021 03 22 09   143  -182 10135   260    70 -9999 -9999     0
2021 03 22 12   111  -183 10135   260    30 -9999 -9999     0
2021 03 22 15    69  -158 10121   220    30 -9999 -9999     0
2021 03 22 18   103  -144 10097   260    50 -9999 -9999     0
2021 03 22 21    89  -148 10094   250    50 -9999 -9999     0
2021 03 23 00   100  -147 10102   250    50 -9999 -9999     0
2021 03 23 03   139  -161 10097   270    60 -9999 -9999     0
2021 03 23 06   170  -175 10072   290    50 -9999 -9999     0
2021 03 23 09   151  -163 10084    30    40 -9999 -9999     0
2021 03 23 12   105  -122 10123   330    30 -9999 -9999     0
2021 03 23 15    67   -92 10153    70    10 -9999 -9999     0
2021 03 23 18    59   -80 10165   300    30 -9999 -9999     0
2021 03 23 21    20   -71 10183   100    10 -9999 -9999     0
2021 03 24 00    54   -65 10206   180    20 -9999 -9999     0
2021 03 24 03   126  -118 10200   360    30 -9999 -9999     0
2021 03 24 06   146  -126 10171   240    20 -9999 -9999     0
2021 03 24 09   153  -130 10166   250    30 -9999 -9999     0
2021 03 24 12   128  -124 10168   240    30 -9999 -9999     0
2021 03 24 15    70  -107 10158   260    10 -9999 -9999     0
2021 03 24 18    97  -110 10147   230    40 -9999 -9999     0
2021 03 24 21    52   -98 10158    60    10 -9999 -9999     0
2021 03 25 00   100   -77 10180   210    40 -9999 -9999     0
2021 03 25 03   167  -101 10176   240    10 -9999 -9999     0
2021 03 25 06   191  -100 10148    90    40 -9999 -9999     0
2021 03 25 09   183  -116 10153    90    40 -9999 -9999     0
2021 03 25 12   138  -124 10166    80    30 -9999 -9999     0
2021 03 25 15    91  -115 10167   190    10 -9999 -9999     0
2021 03 25 18    49  -100 10154   340    20 -9999 -9999     0
2021 03 25 21    39   -85 10138   340    20 -9999 -9999     0
2021 03 26 00    65   -58 10130   160    10 -9999 -9999     0
2021 03 26 03   148    20 10121   220    80 -9999 -9999     0
2021 03 26 06   150     8 10108   230    80 -9999 -9999     0
2021 03 26 09   133    31 10101   220    80 -9999 -9999     0
2021 03 26 12   106    32 10112   210    40 -9999 -9999     0
2021 03 26 15    87    33 10111   220    40 -9999 -9999     0
2021 03 26 18    79    30 10108   210    10 -9999 -9999     0
2021 03 26 21    50    20 10101   240    20 -9999 -9999     0
2021 03 27 00    73    28 10103   280    20 -9999 -9999     0
2021 03 27 03   156    10 10075   170    20 -9999 -9999     0
2021 03 27 06   202   -72 10021   160    30 -9999 -9999     0
2021 03 27 09   203  -111  9998   230    50 -9999 -9999     0
2021 03 27 12   129    36 10003   160    40 -9999 -9999     0
2021 03 27 15   121   -29  9991   200    40 -9999 -9999     0
2021 03 27 18   130    14  9982   240    40 -9999 -9999     0
2021 03 27 21    86  -125  9993   270    70 -9999 -9999     0
2021 03 28 00    51   -91 10032   280    50 -9999 -9999     0
2021 03 28 03    85   -94 10026   300   100 -9999 -9999     0
2021 03 28 06    87   -93 10027   300    90 -9999 -9999     0
2021 03 28 09    78   -91 10048   300    90 -9999 -9999     0
2021 03 28 12    57  -110 10080   310    40 -9999 -9999     0
2021 03 28 15    43  -122 10091   290    40 -9999 -9999     0
2021 03 28 18    29  -138 10097   290    50 -9999 -9999     0
2021 03 28 21    16  -150 10104   260    20 -9999 -9999     0
2021 03 29 00    49  -150 10110   270    40 -9999 -9999     0
2021 03 29 03    96  -184 10103   290    60 -9999 -9999     0
2021 03 29 06   126  -171 10086   300    50 -9999 -9999     0
2021 03 29 09   136  -163 10078   350    50 -9999 -9999     0
2021 03 29 12    94  -144 10103   310    30 -9999 -9999     0
2021 03 29 15    50  -134 10125   210    10 -9999 -9999     0
2021 03 29 18    18  -128 10124   110    10 -9999 -9999     0
2021 03 29 21     5  -125 10127   250    10 -9999 -9999     0
2021 03 30 00    54  -112 10141    50    10 -9999 -9999     0
2021 03 30 03   137  -117 10114   140    20 -9999 -9999     0
2021 03 30 06   174  -172 10082   230    50 -9999 -9999     0
2021 03 30 09   174  -134 10072   200    50 -9999 -9999     0
2021 03 30 12   123  -113 10077   210    40 -9999 -9999     0
2021 03 30 15   127   -27 10083   220    50 -9999 -9999     0
2021 03 30 18   112   -16 10090   240    50 -9999 -9999     0
2021 03 30 21    90   -46 10108   270    50 -9999 -9999     0
2021 03 31 00    93   -23 10157   290    60 -9999 -9999     0
2021 03 31 03   137   -45 10160   340    60 -9999 -9999     0
2021 03 31 06   159   -64 10156   360    50 -9999 -9999     0
2021 03 31 09   143   -44 10169    30    40 -9999 -9999     0
2021 03 31 12   115   -46 10193   320    20 -9999 -9999     0
2021 03 31 15    94   -65 10208    30    20 -9999 -9999     0
2021 03 31 18    78   -56 10214   320    30 -9999 -9999     0
2021 03 31 21    61   -58 10220   310    30 -9999 -9999     0
2021 04 01 00    73   -54 10231   350    30 -9999 -9999     0
2021 04 01 03   112   -45 10220    50    20 -9999 -9999     0
2021 04 01 06   134   -34 10193   100    20 -9999 -9999     0
2021 04 01 09   135   -33 10183    80    20 -9999 -9999     0
2021 04 01 12   124    -1 10189   250    30 -9999 -9999     0
2021 04 01 15   106    14 10191   260    40 -9999 -9999     0
2021 04 01 18    95    19 10184   260    20 -9999 -9999     0
2021 04 01 21    78    21 10180   220    30 -9999 -9999     0
2021 04 02 00    95    19 10193   210    20 -9999 -9999     0
2021 04 02 03   135    15 10192   280    30 -9999 -9999     0
2021 04 02 06   153     7 10178   260    20 -9999 -9999     0
2021 04 02 09   153     3 10180   100    40 -9999 -9999     0
2021 04 02 12    72   -15 10244   360    70 -9999 -9999 -9999
2021 04 02 15    54   -53 10277   350    50 -9999 -9999     0
2021 04 02 18    45  -112 10282   340    60 -9999 -9999     0
2021 04 02 21    28  -139 10296   360    30 -9999 -9999     0
2021 04 03 00    44  -149 10321   350    30 -9999 -9999     0
2021 04 03 03    81  -162 10314    10    60 -9999 -9999     0
2021 04 03 06    96  -175 10281    10    70 -9999 -9999     0
2021 04 03 09    99  -164 10267    10    60 -9999 -9999     0
2021 04 03 12    73  -155 10282   360    40 -9999 -9999     0
2021 04 03 15    42  -141 10293   320    30 -9999 -9999     0
2021 04 03 18    23  -139 10289   260    20 -9999 -9999     0
2021 04 03 21    11  -130 10279   300    30 -9999 -9999     0
2021 04 04 00    66  -131 10276   290    50 -9999 -9999     0
2021 04 04 03   134  -154 10260   330    60 -9999 -9999     0
2021 04 04 06   151  -163 10233   320    60 -9999 -9999     0
2021 04 04 09   152  -162 10221   320    60 -9999 -9999     0
2021 04 04 12   109  -147 10232   320    20 -9999 -9999     0
2021 04 04 15    54  -136 10235   270    20 -9999 -9999     0
2021 04 04 18    30  -133 10231   180    10 -9999 -9999     0
2021 04 04 21    14  -127 10227   290    10 -9999 -9999     0
2021 04 05 00    75  -113 10222    70    10 -9999 -9999     0
2021 04 05 03   165  -152 10194   250    60 -9999 -9999     0
2021 04 05 06   185  -137 10168   220    40 -9999 -9999     0
2021 04 05 09   184  -150 10156   250    30 -9999 -9999     0
2021 04 05 12   128  -159 10179   290    20 -9999 -9999     0
2021 04 05 15    91  -127 10197   170    10 -9999 -9999     0
2021 04 05 18    61  -125 10208     0 -9999 -9999 -9999     0
2021 04 05 21    29   -87 10223   220    30 -9999 -9999     0
2021 04 06 00    60   -79 10245   300    10 -9999 -9999     0
2021 04 06 03   148   -79 10228   170    30 -9999 -9999     0
2021 04 06 06   175  -112 10201   290    30 -9999 -9999     0
2021 04 06 09   161  -105 10204   320    40 -9999 -9999     0
2021 04 06 12   127   -85 10237    20    50 -9999 -9999     0
2021 04 06 15    93  -102 10259   360    40 -9999 -9999     0
2021 04 06 18    53  -127 10276    10    40 -9999 -9999     0
2021 04 06 21    12  -137 10288   330    30 -9999 -9999     0
2021 04 07 00    46  -133 10300    90    20 -9999 -9999     0
2021 04 07 03    78  -144 10297    50    20 -9999 -9999     0
2021 04 07 06   111  -154 10268    50    40 -9999 -9999     0
2021 04 07 09   120  -156 10248   150    20 -9999 -9999     0
2021 04 07 12    71  -144 10256   200    20 -9999 -9999     0
2021 04 07 15    28  -131 10253   140    10 -9999 -9999     0
2021 04 07 18    18  -135 10245   150    10 -9999 -9999     0
2021 04 07 21    37  -111 10249   290    40 -9999 -9999     0
2021 04 08 00    70   -94 10275   320    10 -9999 -9999     0
2021 04 08 03   115  -113 10271    60    20 -9999 -9999     0
2021 04 08 06   136  -117 10243   110    40 -9999 -9999     0
2021 04 08 09   128  -124 10231    90    40 -9999 -9999     0
2021 04 08 12    88  -123 10247    60    20 -9999 -9999     0
2021 04 08 15    69  -118 10253   100    20 -9999 -9999     0
2021 04 08 18    37  -111 10247    90    10 -9999 -9999     0
2021 04 08 21    11  -107 10254   220    10 -9999 -9999     0
2021 04 09 00    39   -91 10270    90    10 -9999 -9999     0
2021 04 09 03   109   -74 10255   130    50 -9999 -9999     0
2021 04 09 06   152   -70 10226   130    60 -9999 -9999     0
2021 04 09 09   152   -70 10225   130    40 -9999 -9999     0
2021 04 09 12   113   -75 10238   180    30 -9999 -9999     0
2021 04 09 15    64   -79 10246   190    20 -9999 -9999     0
2021 04 09 18    62   -71 10239   220    30 -9999 -9999     0
2021 04 09 21    47   -65 10238   210    30 -9999 -9999     0
2021 04 10 00    97   -54 10240   210    30 -9999 -9999     0
2021 04 10 03   176   -16 10218   220    40 -9999 -9999     0
2021 04 10 06   209   -29 10184   220    50 -9999 -9999     0
2021 04 10 09   199   -44 10178   240    60 -9999 -9999     0
2021 04 10 12   153    -1 10197   230    50 -9999 -9999     0
2021 04 10 15   128   -12 10205   230    60 -9999 -9999     0
2021 04 10 18   108     2 10200    20    10 -9999 -9999     0
2021 04 10 21   111     5 10202   150    10 -9999 -9999     0
2021 04 11 00   125   -11 10215   250    10 -9999 -9999     0
2021 04 11 03   149   -21 10208   210    60 -9999 -9999     0
2021 04 11 06   147    -2 10202   240    70 -9999 -9999     1
2021 04 11 09   142     5 10182   270    40 -9999 -9999     1
2021 04 11 12   118   -48 10184   230    30 -9999 -9999     0
2021 04 11 15    99   -12 10175   210    50 -9999 -9999     0
2021 04 11 18    88    10 10161   210    40 -9999 -9999     0
2021 04 11 21    78    19 10146   210    30 -9999 -9999     0
2021 04 12 00   122    26 10140   230    40 -9999 -9999     0
2021 04 12 03   111     5 10144   360    70 -9999 -9999     0
2021 04 12 06    90   -42 10169    10    70 -9999 -9999     0
2021 04 12 09    63   -73 10195   350    90 -9999 -9999     0
2021 04 12 12    31  -124 10229   350    70 -9999 -9999     0
2021 04 12 15    -1  -130 10249   330    30 -9999 -9999     0
2021 04 12 18   -15  -113 10259   350    30 -9999 -9999     0
2021 04 12 21   -29  -111 10262   310    40 -9999 -9999     0
2021 04 13 00     2  -135 10260   300    40 -9999 -9999     0
2021 04 13 03    45  -171 10236   280    40 -9999 -9999     0
2021 04 13 06    81  -170 10199   280    60 -9999 -9999     0
2021 04 13 09    83  -168 10179   300    70 -9999 -9999     0
2021 04 13 12    70  -151 10178   311    42 -9999 -9999 -9999
2021 04 13 15    55  -163 10175   260    30 -9999 -9999     0
2021 04 13 18    24  -177 10171   290    30 -9999 -9999     0
2021 04 13 21     2  -166 10180   270    20 -9999 -9999     0
2021 04 14 00    41  -147 10182    80    10 -9999 -9999     0
2021 04 14 03   129  -158 10147   160    30 -9999 -9999     0
2021 04 14 06   167  -128 10113   290    60 -9999 -9999     0
2021 04 14 09   181  -117 10098   290    60 -9999 -9999     0
2021 04 14 12   141  -106 10102   280    30 -9999 -9999     0
2021 04 14 15   110  -111 10091   220    40 -9999 -9999     0
2021 04 14 18   105   -98 10080   220    50 -9999 -9999     0
2021 04 14 21    96   -90 10067   230    20 -9999 -9999     0
2021 04 15 00   117   -77 10056   210    30 -9999 -9999     0
2021 04 15 03   178   -92 10020   230    90 -9999 -9999     0
2021 04 15 06   200   -66  9971   220    70 -9999 -9999     0
2021 04 15 09    54     8 10041   240    50 -9999 -9999     5
2021 04 15 12    66   -60 10058   260    80 -9999 -9999     5
2021 04 15 15    42   -70 10044   270    80 -9999 -9999     0
2021 04 15 18    31   -83 10051   280    60 -9999 -9999     0
2021 04 15 21    21   -86 10080   280    90 -9999 -9999     0
2021 04 16 00    43   -91 10096   300    90 -9999 -9999     0
2021 04 16 03    75  -113 10112   300   100 -9999 -9999     0
2021 04 16 06    86  -174 10113   310   100 -9999 -9999     0
2021 04 16 09    76  -174 10135   300    80 -9999 -9999     0
2021 04 16 12    47  -123 10167   280    40 -9999 -9999     0
2021 04 16 15    40  -148 10163   290    50 -9999 -9999     0
2021 04 16 18    45  -129 10156   310    80 -9999 -9999     0
2021 04 16 21    41  -132 10165   300    50 -9999 -9999     0
2021 04 17 00    63  -144 10193   340    90 -9999 -9999     0
2021 04 17 03    89  -156 10204   330   100 -9999 -9999     0
2021 04 17 06   120  -156 10191   360    60 -9999 -9999     0
2021 04 17 09   121  -165 10187   310    50 -9999 -9999     0
2021 04 17 12    85  -152 10205   280    30 -9999 -9999     0
2021 04 17 15    38  -144 10210   170    10 -9999 -9999     0
2021 04 17 18    20  -142 10197   250    20 -9999 -9999     0
2021 04 17 21     2  -135 10193   160    10 -9999 -9999     0
2021 04 18 00    80  -113 10178    80    20 -9999 -9999     0
2021 04 18 03   197  -116 10137   250    50 -9999 -9999     0
2021 04 18 06   231  -146 10102   270    60 -9999 -9999     0
2021 04 18 09   231  -164 10086   280    60 -9999 -9999     0
2021 04 18 12   185  -164 10094   260    40 -9999 -9999     0
2021 04 18 15   152  -105 10086   240    50 -9999 -9999     0
2021 04 18 18   121   -84 10088   190    30 -9999 -9999     0
2021 04 18 21   106   -76 10090   240    20 -9999 -9999     0
2021 04 19 00   159   -84 10104   270    30 -9999 -9999     0
2021 04 19 03   211  -130 10111   360    20 -9999 -9999     0
2021 04 19 06   230   -69 10110    30    40 -9999 -9999     0
2021 04 19 09   220   -77 10124    40    30 -9999 -9999     0
2021 04 19 12   163  -122 10157    80    30 -9999 -9999     0
2021 04 19 15   130  -108 10177    30    10 -9999 -9999     0
2021 04 19 18    99  -126 10187   320    40 -9999 -9999     0
2021 04 19 21    72  -137 10191   320    20 -9999 -9999     0
2021 04 20 00   111  -130 10204    40    10 -9999 -9999     0
2021 04 20 03   149   -99 10192   120    20 -9999 -9999     0
2021 04 20 06   217   -44 10152   120    30 -9999 -9999     0
2021 04 20 09   237   -13 10125    90    40 -9999 -9999     0
2021 04 20 12   198    26 10137   190    40 -9999 -9999     0
2021 04 20 15   175    30 10157   230    40 -9999 -9999     0
2021 04 20 18   146    18 10155   250    20 -9999 -9999     0
2021 04 20 21   118    14 10155   210    30 -9999 -9999     0
