2021 01 01 00  -178  -245 10296   359    15 -9999 -9999 -9999
2021 01 01 03  -124  -238 10293    71    13 -9999 -9999 -9999
2021 01 01 06  -107  -253 10281   354    27 -9999 -9999 -9999
2021 01 01 09  -127  -245 10295   339    12 -9999 -9999 -9999
2021 01 01 12  -162  -240 10306   334     7 -9999 -9999 -9999
2021 01 01 15  -183  -243 10315   306    10 -9999 -9999 -9999
2021 01 01 18  -199  -246 10320   336     8 -9999 -9999 -9999
2021 01 01 21  -194  -250 10315   359    20 -9999 -9999 -9999
2021 01 02 00  -194  -263 10328   337    20 -9999 -9999 -9999
2021 01 02 03  -130  -243 10332   311    29 -9999 -9999 -9999
2021 01 02 06  -107  -257 10321   312    35 -9999 -9999 -9999
2021 01 02 09  -130  -263 10340   316    14 -9999 -9999 -9999
2021 01 02 12  -137  -247 10341   288    18 -9999 -9999 -9999
2021 01 02 15  -147  -235 10347   294    29 -9999 -9999 -9999
2021 01 02 18  -152  -228 10351   299    27 -9999 -9999 -9999
2021 01 02 21  -160  -236 10352   286    18 -9999 -9999 -9999
2021 01 03 00  -210  -250 10359    45    10 -9999 -9999 -9999
2021 01 03 03  -110  -235 10357   325    32 -9999 -9999 -9999
2021 01 03 06   -90  -238 10337   312    40 -9999 -9999 -9999
2021 01 03 09  -115  -237 10343   340    12 -9999 -9999 -9999
2021 01 03 12  -165  -242 10347   202     9 -9999 -9999 -9999
2021 01 03 15  -189  -245 10344   360     2 -9999 -9999 -9999
2021 01 03 18  -203  -248 10346    46    10 -9999 -9999 -9999
2021 01 03 21  -197  -241 10337    10    13 -9999 -9999 -9999
2021 01 04 00  -180  -242 10346   329    26 -9999 -9999 -9999
2021 01 04 03  -125  -237 10347   342    30 -9999 -9999 -9999
2021 01 04 06  -112  -262 10334   314    48 -9999 -9999 -9999
2021 01 04 09  -132  -255 10347   332    27 -9999 -9999 -9999
2021 01 04 12  -149  -250 10351   295    19 -9999 -9999 -9999
2021 01 04 15  -157  -245 10356   297    30 -9999 -9999 -9999
2021 01 04 18  -174  -258 10359   327    21 -9999 -9999 -9999
2021 01 04 21  -180  -269 10357   307    30 -9999 -9999 -9999
2021 01 05 00  -184  -268 10371   298    12 -9999 -9999 -9999
2021 01 05 03  -140  -271 10365   320    30 -9999 -9999 -9999
2021 01 05 06  -112  -274 10339   314    22 -9999 -9999 -9999
2021 01 05 09  -137  -269 10334   134    18 -9999 -9999 -9999
2021 01 05 12  -150  -265 10325   227    19 -9999 -9999 -9999
2021 01 05 15  -167  -267 10310   195    13 -9999 -9999 -9999
2021 01 05 18  -174  -266 10289   220    21 -9999 -9999 -9999
2021 01 05 21  -174  -247 10275   324    22 -9999 -9999 -9999
2021 01 06 00  -173  -257 10279   337    35 -9999 -9999 -9999
2021 01 06 03  -159  -279 10279   317    54 -9999 -9999 -9999
2021 01 06 06  -167  -261 10276   334    66 -9999 -9999 -9999
2021 01 06 09  -185  -262 10294   334    63 -9999 -9999 -9999
2021 01 06 12  -203  -304 10316   338    54 -9999 -9999 -9999
2021 01 06 15  -209  -310 10326   331    58 -9999 -9999 -9999
2021 01 06 18  -213  -308 10329   314    35 -9999 -9999 -9999
2021 01 06 21  -225  -336 10322   316    39 -9999 -9999 -9999
2021 01 07 00  -230  -343 10323   301    40 -9999 -9999 -9999
2021 01 07 03  -195  -347 10320   314    48 -9999 -9999 -9999
2021 01 07 06  -180  -322 10301   331    46 -9999 -9999 -9999
2021 01 07 09  -188  -299 10305   325    21 -9999 -9999 -9999
2021 01 07 12  -193  -292 10301   296    28 -9999 -9999 -9999
2021 01 07 15  -204  -293 10292   305    26 -9999 -9999 -9999
2021 01 07 18  -208  -294 10284   301    29 -9999 -9999 -9999
2021 01 07 21  -212  -293 10270   296    18 -9999 -9999 -9999
2021 01 08 00  -207  -293 10272   303    30 -9999 -9999 -9999
2021 01 08 03  -157  -281 10262   302    33 -9999 -9999 -9999
2021 01 08 06  -135  -270 10247   330    40 -9999 -9999     0
2021 01 08 09  -144  -253 10247   310    10 -9999 -9999     0
2021 01 08 12  -148  -249 10249   300    40 -9999 -9999     0
2021 01 08 15  -164  -246 10248   280    30 -9999 -9999     0
2021 01 08 18  -167  -247 10244   290    30 -9999 -9999     0
2021 01 08 21  -174  -249 10240   300    30 -9999 -9999     0
2021 01 09 00  -210  -256 10253   351     9 -9999 -9999 -9999
2021 01 09 03  -124  -227 10256   303    27 -9999 -9999 -9999
2021 01 09 06   -75  -215 10239   316    40 -9999 -9999 -9999
2021 01 09 09   -87  -203 10239   272    13 -9999 -9999 -9999
2021 01 09 12   -90  -191 10242   301    43 -9999 -9999 -9999
2021 01 09 15  -112  -187 10245   298    24 -9999 -9999 -9999
2021 01 09 18  -110  -187 10253   304    24 -9999 -9999 -9999
2021 01 09 21  -114  -168 10252   301    30 -9999 -9999 -9999
2021 01 10 00  -125  -191 10270   312    22 -9999 -9999 -9999
2021 01 10 03   -87  -188 10287     2    42 -9999 -9999 -9999
2021 01 10 06   -62  -193 10282   338    34 -9999 -9999 -9999
2021 01 10 09   -79  -189 10291   336    10 -9999 -9999 -9999
2021 01 10 12  -120  -192 10298   254    13 -9999 -9999 -9999
2021 01 10 15  -112  -196 10298   215    24 -9999 -9999 -9999
2021 01 10 18  -160  -211 10290   104     8 -9999 -9999 -9999
2021 01 10 21  -173  -210 10270   191    14 -9999 -9999 -9999
2021 01 11 00  -150  -200 10258   172     8 -9999 -9999 -9999
2021 01 11 03   -85  -144 10244   242    27 -9999 -9999 -9999
2021 01 11 06   -34  -163 10209   234    12 -9999 -9999 -9999
2021 01 11 09   -60  -161 10206   231    10 -9999 -9999 -9999
2021 01 11 12  -120  -174 10202   189    10 -9999 -9999 -9999
2021 01 11 15  -150  -192 10184    44    15 -9999 -9999 -9999
2021 01 11 18  -170  -201 10160    40     4 -9999 -9999 -9999
2021 01 11 21  -169  -200 10127   150    11 -9999 -9999 -9999
2021 01 12 00  -115  -134 10106   211    28 -9999 -9999 -9999
2021 01 12 03   -67  -131 10082   213    37 -9999 -9999 -9999
2021 01 12 06   -15  -165 10055   251    45 -9999 -9999 -9999
2021 01 12 09   -27  -168 10063   242    16 -9999 -9999 -9999
2021 01 12 12   -90  -174 10072   116     8 -9999 -9999 -9999
2021 01 12 15  -107  -172 10072   119     7 -9999 -9999 -9999
2021 01 12 18   -80  -159 10075   324    12 -9999 -9999 -9999
2021 01 12 21   -87  -168 10095    46    40 -9999 -9999     1
2021 01 13 00  -122  -196 10135    18    29 -9999 -9999     1
2021 01 13 03   -82  -198 10161   356    33 -9999 -9999 -9999
2021 01 13 06   -55  -179 10168   323    27 -9999 -9999 -9999
2021 01 13 09   -59  -173 10189   299    22 -9999 -9999 -9999
2021 01 13 12  -125  -185 10204   108     3 -9999 -9999 -9999
2021 01 13 15  -137  -188 10229    32    16 -9999 -9999 -9999
2021 01 13 18  -149  -215 10246    24     4 -9999 -9999 -9999
2021 01 13 21  -159  -217 10254    63    29 -9999 -9999 -9999
2021 01 14 00  -155  -224 10253    59    18 -9999 -9999 -9999
2021 01 14 03   -97  -220 10247   134    47 -9999 -9999 -9999
2021 01 14 06   -72  -215 10205   118    49 -9999 -9999 -9999
2021 01 14 09   -74  -199 10192    92    32 -9999 -9999 -9999
2021 01 14 12   -75  -183 10188    29    13 -9999 -9999 -9999
2021 01 14 15   -79  -163 10191     2    28 -9999 -9999 -9999
2021 01 14 18  -100  -127 10196   349    33 -9999 -9999    11
2021 01 14 21  -140  -179 10214     2    53 -9999 -9999    11
2021 01 15 00  -145  -189 10238     1    57 -9999 -9999 -9999
2021 01 15 03  -129  -183 10261    10    70 -9999 -9999 -9999
2021 01 15 06  -115  -202 10271   360    69 -9999 -9999 -9999
2021 01 15 09  -130  -218 10304   357    32 -9999 -9999 -9999
2021 01 15 12  -147  -211 10312   335    13 -9999 -9999 -9999
2021 01 15 15  -160  -233 10320   340    13 -9999 -9999 -9999
2021 01 15 18  -178  -247 10321   319     9 -9999 -9999 -9999
2021 01 15 21  -185  -248 10317   353    15 -9999 -9999 -9999
2021 01 16 00  -189  -247 10327   310    20 -9999 -9999 -9999
2021 01 16 03  -135  -224 10325   321    26 -9999 -9999 -9999
2021 01 16 06   -95  -221 10312   340    22 -9999 -9999 -9999
2021 01 16 09  -110  -220 10316   309    20 -9999 -9999 -9999
2021 01 16 12  -117  -223 10313   273    27 -9999 -9999 -9999
2021 01 16 15  -132  -218 10302   266    30 -9999 -9999 -9999
2021 01 16 18  -154  -218 10294   216    22 -9999 -9999 -9999
2021 01 16 21  -142  -222 10271   226    16 -9999 -9999 -9999
2021 01 17 00  -178  -230 10258   150    17 -9999 -9999 -9999
2021 01 17 03   -74  -213 10227   273    54 -9999 -9999 -9999
2021 01 17 06   -50  -208 10197   295    51 -9999 -9999 -9999
2021 01 17 09   -65  -206 10194   306    19 -9999 -9999 -9999
2021 01 17 12   -90  -197 10197     2    16 -9999 -9999 -9999
2021 01 17 15   -95  -192 10194   319    16 -9999 -9999 -9999
2021 01 17 18  -115  -212 10202   328    20 -9999 -9999 -9999
2021 01 17 21  -149  -237 10219     8    21 -9999 -9999 -9999
2021 01 18 00  -157  -261 10252     3    34 -9999 -9999 -9999
2021 01 18 03  -149  -270 10293   356    54 -9999 -9999 -9999
2021 01 18 06  -139  -271 10302     2    41 -9999 -9999 -9999
2021 01 18 09  -152  -279 10329     6    23 -9999 -9999 -9999
2021 01 18 12  -164  -271 10340   313    18 -9999 -9999 -9999
2021 01 18 15  -207  -270 10344    77    10 -9999 -9999 -9999
2021 01 18 18  -219  -267 10345   166    13 -9999 -9999 -9999
2021 01 18 21  -218  -266 10339   157    12 -9999 -9999 -9999
2021 01 19 00  -197  -264 10332   198    13 -9999 -9999 -9999
2021 01 19 03  -130  -270 10321   189    50 -9999 -9999 -9999
2021 01 19 06   -92  -270 10290   220    60 -9999 -9999 -9999
2021 01 19 09   -89  -187 10287   204    32 -9999 -9999 -9999
2021 01 19 12  -104  -145 10282   208    27 -9999 -9999 -9999
2021 01 19 15   -77  -177 10267   198    40 -9999 -9999 -9999
2021 01 19 18   -64  -129 10252   198    53 -9999 -9999 -9999
2021 01 19 21   -49   -88 10228   207    63 -9999 -9999 -9999
2021 01 20 00   -29   -55 10211   210    61 -9999 -9999 -9999
2021 01 20 03   -20   -40 10208   217    44 -9999 -9999     2
2021 01 20 06    11   -13 10186   241    77 -9999 -9999     2
2021 01 20 09    12   -15 10198   233    55 -9999 -9999 -9999
2021 01 20 12     7   -14 10218   239    47 -9999 -9999 -9999
2021 01 20 15     2   -15 10234   255    42 -9999 -9999 -9999
2021 01 20 18   -10   -24 10233   245    25 -9999 -9999 -9999
2021 01 20 21   -19   -29 10227   270    20 -9999 -9999     0
2021 01 21 00   -31   -36 10222   350    10 -9999 -9999     0
2021 01 21 03   -39   -46 10218   330    10 -9999 -9999 -9999
2021 01 21 06   -28   -39 10194   300    10 -9999 -9999     0
2021 01 21 09   -25   -41 10213   330    10 -9999 -9999     0
2021 01 21 12   -35   -53 10227   340    20 -9999 -9999     0
2021 01 21 15   -81   -99 10247   340    20 -9999 -9999     0
2021 01 21 18   -91  -110 10263    30    30 -9999 -9999     0
2021 01 21 21   -93  -114 10271   340    20 -9999 -9999     0
2021 01 22 00  -120  -155 10290     2    24 -9999 -9999 -9999
2021 01 22 03   -67  -136 10291    17    25 -9999 -9999 -9999
2021 01 22 06   -22  -138 10267    64    38 -9999 -9999 -9999
2021 01 22 09   -44  -148 10270    35    22 -9999 -9999 -9999
2021 01 22 12   -77  -145 10271   359    30 -9999 -9999 -9999
2021 01 22 15  -100  -153 10261    10    22 -9999 -9999 -9999
2021 01 22 18  -112  -154 10258   351    19 -9999 -9999 -9999
2021 01 22 21  -130  -163 10250   349    16 -9999 -9999 -9999
2021 01 23 00  -129  -162 10253   313    10 -9999 -9999 -9999
2021 01 23 03   -49  -137 10248   310    11 -9999 -9999 -9999
2021 01 23 06     6  -108 10228   182    17 -9999 -9999 -9999
2021 01 23 09   -15  -101 10227   174    11 -9999 -9999 -9999
2021 01 23 12   -77  -113 10240   213     3 -9999 -9999 -9999
2021 01 23 15  -100  -127 10244   167    10 -9999 -9999 -9999
2021 01 23 18  -114  -134 10253   153     8 -9999 -9999 -9999
2021 01 23 21  -125  -144 10247   218     9 -9999 -9999 -9999
2021 01 24 00  -105  -120 10267   142     9 -9999 -9999 -9999
2021 01 24 03   -32   -74 10272   206    17 -9999 -9999 -9999
2021 01 24 06   -10   -41 10259   197    39 -9999 -9999 -9999
2021 01 24 09   -15   -50 10270    19    15 -9999 -9999 -9999
2021 01 24 12   -54   -69 10284     1    16 -9999 -9999 -9999
2021 01 24 15   -94  -106 10294   350    10 -9999 -9999     0
2021 01 24 18  -113  -129 10301   290    10 -9999 -9999     0
2021 01 24 21   -96  -115 10295   320    20 -9999 -9999     0
2021 01 25 00  -107  -130 10288   357    26 -9999 -9999 -9999
2021 01 25 03   -82  -114 10281   355    21 -9999 -9999 -9999
2021 01 25 06   -55  -108 10249   334    19 -9999 -9999 -9999
2021 01 25 09   -57  -110 10238   330    12 -9999 -9999 -9999
2021 01 25 12   -79  -104 10242   359    28 -9999 -9999     1
2021 01 25 15   -80  -102 10235   328     8 -9999 -9999     9
2021 01 25 18   -97  -120 10232   304     3 -9999 -9999     8
2021 01 25 21  -155  -170 10227    18     3 -9999 -9999 -9999
2021 01 26 00  -165  -185 10225   360     0 -9999 -9999 -9999
2021 01 26 03   -65   -83 10229   182    19 -9999 -9999 -9999
2021 01 26 06    21  -145 10215   310    56 -9999 -9999 -9999
2021 01 26 09    -2  -153 10229   303    45 -9999 -9999 -9999
2021 01 26 12   -42  -159 10254   320    17 -9999 -9999 -9999
2021 01 26 15   -79  -170 10272   330    17 -9999 -9999 -9999
2021 01 26 18   -82  -187 10277   304    26 -9999 -9999 -9999
2021 01 26 21  -142  -191 10272    47    12 -9999 -9999 -9999
2021 01 27 00  -117  -187 10283   190    11 -9999 -9999 -9999
2021 01 27 03   -70  -180 10271   163    26 -9999 -9999 -9999
2021 01 27 06   -49  -194 10234   184    31 -9999 -9999 -9999
2021 01 27 09   -47  -143 10208   115    18 -9999 -9999 -9999
2021 01 27 12   -60   -87 10205    85    12 -9999 -9999 -9999
2021 01 27 15   -80  -107 10204    20    30 -9999 -9999     1
2021 01 27 18  -105  -128 10206   340    19 -9999 -9999     1
2021 01 27 21  -125  -154 10205    20    28 -9999 -9999 -9999
2021 01 28 00  -144  -219 10232    17    31 -9999 -9999 -9999
2021 01 28 03  -119  -243 10259   357    81 -9999 -9999 -9999
2021 01 28 06  -112  -257 10260   332    68 -9999 -9999 -9999
2021 01 28 09  -127  -245 10277   338    49 -9999 -9999 -9999
2021 01 28 12  -150  -245 10283   348    12 -9999 -9999 -9999
2021 01 28 15  -170  -255 10283   287    19 -9999 -9999 -9999
2021 01 28 18  -170  -246 10280   310    12 -9999 -9999 -9999
2021 01 28 21  -220  -256 10275    69     8 -9999 -9999 -9999
2021 01 29 00  -204  -244 10281   154     8 -9999 -9999 -9999
2021 01 29 03  -122  -225 10271   213    43 -9999 -9999 -9999
2021 01 29 06  -100  -209 10236   195    50 -9999 -9999 -9999
2021 01 29 09  -110  -204 10202   180    53 -9999 -9999 -9999
2021 01 29 12  -105  -201 10185   195    31 -9999 -9999 -9999
2021 01 29 15   -92  -147 10175   216    41 -9999 -9999 -9999
2021 01 29 18  -107  -139 10204   323    29 -9999 -9999 -9999
2021 01 29 21  -130  -187 10238   325    31 -9999 -9999 -9999
2021 01 30 00  -139  -216 10287   324    23 -9999 -9999 -9999
2021 01 30 03  -124  -268 10308   360    61 -9999 -9999 -9999
2021 01 30 06  -107  -249 10299    44    36 -9999 -9999 -9999
2021 01 30 09  -124  -230 10301    99    22 -9999 -9999 -9999
2021 01 30 12  -134  -207 10311   146    18 -9999 -9999 -9999
2021 01 30 15  -140  -196 10303   115    16 -9999 -9999 -9999
2021 01 30 18  -152  -199 10286    89    19 -9999 -9999 -9999
2021 01 30 21  -142  -201 10263   120    13 -9999 -9999 -9999
2021 01 31 00  -132  -199 10248   145    16 -9999 -9999 -9999
2021 01 31 03  -105  -181 10222   200    21 -9999 -9999 -9999
2021 01 31 06   -65  -152 10173   187    32 -9999 -9999 -9999
2021 01 31 09   -55  -132 10150   200    22 -9999 -9999 -9999
2021 01 31 12   -42   -97 10141   252    20 -9999 -9999 -9999
2021 01 31 15   -42   -92 10136   301    23 -9999 -9999 -9999
2021 01 31 18   -87  -113 10151   356    36 -9999 -9999 -9999
2021 01 31 21  -120  -166 10183     1    46 -9999 -9999 -9999
2021 02 01 00  -145  -195 10231    11    35 -9999 -9999 -9999
2021 02 01 03  -119  -209 10254   355    43 -9999 -9999 -9999
2021 02 01 06  -102  -242 10253   347    65 -9999 -9999 -9999
2021 02 01 09  -125  -248 10274   344    54 -9999 -9999 -9999
2021 02 01 12  -139  -261 10292   348    35 -9999 -9999 -9999
2021 02 01 15  -157  -260 10299   349    28 -9999 -9999 -9999
2021 02 01 18  -170  -257 10302   305    22 -9999 -9999 -9999
2021 02 01 21  -187  -251 10292   155    14 -9999 -9999 -9999
2021 02 02 00  -185  -239 10291    98     5 -9999 -9999 -9999
2021 02 02 03  -115  -240 10280   292    29 -9999 -9999 -9999
2021 02 02 06   -87  -257 10262   314    44 -9999 -9999 -9999
2021 02 02 09  -107  -253 10268   342    21 -9999 -9999 -9999
2021 02 02 12  -150  -245 10269   205     9 -9999 -9999 -9999
2021 02 02 15  -170  -244 10274   326    12 -9999 -9999 -9999
2021 02 02 18  -197  -257 10273   325    10 -9999 -9999 -9999
2021 02 02 21  -202  -249 10262    73    13 -9999 -9999 -9999
2021 02 03 00  -170  -224 10260   100     4 -9999 -9999 -9999
2021 02 03 03   -99  -235 10250   243    24 -9999 -9999 -9999
2021 02 03 06   -67  -235 10234   356    25 -9999 -9999 -9999
2021 02 03 09   -85  -230 10245    15    22 -9999 -9999 -9999
2021 02 03 12  -114  -220 10257   276    18 -9999 -9999 -9999
2021 02 03 15  -144  -223 10265   326     7 -9999 -9999 -9999
2021 02 03 18  -173  -227 10269   188    11 -9999 -9999 -9999
2021 02 03 21  -194  -242 10255   107    12 -9999 -9999 -9999
2021 02 04 00  -160  -224 10238   167    22 -9999 -9999 -9999
2021 02 04 03   -57  -140 10216   214    44 -9999 -9999 -9999
2021 02 04 06    20  -134 10181   263    30 -9999 -9999 -9999
2021 02 04 09    20  -126 10168   197    39 -9999 -9999 -9999
2021 02 04 12   -30   -88 10164   201    28 -9999 -9999 -9999
2021 02 04 15   -49   -77 10146   226    25 -9999 -9999 -9999
2021 02 04 18   -74   -90 10130   184    21 -9999 -9999 -9999
2021 02 04 21   -87  -105 10106   159    18 -9999 -9999 -9999
2021 02 05 00   -60   -86 10104   207    26 -9999 -9999 -9999
2021 02 05 03    12   -60 10098   212    32 -9999 -9999 -9999
2021 02 05 06    82   -79 10081   223    11 -9999 -9999 -9999
2021 02 05 09    47   -83 10087    50    12 -9999 -9999 -9999
2021 02 05 12     2   -75 10104   198    13 -9999 -9999 -9999
2021 02 05 15   -32   -82 10108    88    16 -9999 -9999 -9999
2021 02 05 18   -62   -97 10108   360     2 -9999 -9999 -9999
2021 02 05 21   -57   -92 10114   357    18 -9999 -9999 -9999
2021 02 06 00   -65  -104 10147   330    30 -9999 -9999 -9999
2021 02 06 03   -30  -105 10170   342    30 -9999 -9999 -9999
2021 02 06 06    -8  -110 10183    30    60 -9999 -9999     0
2021 02 06 09   -25  -115 10210    40    40 -9999 -9999     0
2021 02 06 12   -44  -116 10232    40    20 -9999 -9999     0
2021 02 06 15   -73  -118 10254   350    10 -9999 -9999     0
2021 02 06 18   -74  -138 10275   315    17 -9999 -9999 -9999
2021 02 06 21   -97  -175 10281   332    32 -9999 -9999 -9999
2021 02 07 00  -107  -186 10301   336    34 -9999 -9999 -9999
2021 02 07 03   -70  -186 10313   347    39 -9999 -9999 -9999
2021 02 07 06   -50  -195 10309   333    51 -9999 -9999 -9999
2021 02 07 09   -60  -180 10317   330    31 -9999 -9999 -9999
2021 02 07 12   -87  -172 10313   232    11 -9999 -9999 -9999
2021 02 07 15   -92  -187 10312   304    27 -9999 -9999 -9999
2021 02 07 18  -117  -181 10315   310    22 -9999 -9999 -9999
2021 02 07 21  -129  -187 10319   323    15 -9999 -9999 -9999
2021 02 08 00  -127  -195 10332   321    20 -9999 -9999 -9999
2021 02 08 03   -65  -192 10336   359    31 -9999 -9999 -9999
2021 02 08 06   -45  -187 10322   330    43 -9999 -9999 -9999
2021 02 08 09   -42  -178 10303   345    11 -9999 -9999 -9999
2021 02 08 12   -82  -181 10294   180    17 -9999 -9999 -9999
2021 02 08 15  -100  -189 10280   166    13 -9999 -9999 -9999
2021 02 08 18  -100  -148 10260   192    15 -9999 -9999 -9999
2021 02 08 21  -122  -144 10241   157    13 -9999 -9999 -9999
2021 02 09 00  -112  -135 10242   180    13 -9999 -9999 -9999
2021 02 09 03   -39   -86 10232   203    32 -9999 -9999 -9999
2021 02 09 06    46   -92 10201   224    28 -9999 -9999 -9999
2021 02 09 12     5   -82 10196   234    36 -9999 -9999 -9999
2021 02 09 15   -35   -65 10194   207    24 -9999 -9999 -9999
2021 02 09 18   -40   -51 10188   229    26 -9999 -9999 -9999
2021 02 09 21   -52   -60 10187   289    14 -9999 -9999 -9999
2021 02 10 00   -80   -90 10205   302     9 -9999 -9999 -9999
2021 02 10 03     5   -91 10220   334    38 -9999 -9999 -9999
2021 02 10 06    52   -98 10218   337    37 -9999 -9999 -9999
2021 02 10 09    42   -84 10221    30     9 -9999 -9999 -9999
2021 02 11 00   -10   -56 10190   210    41 -9999 -9999 -9999
2021 02 13 12   -15   -63 10250    38    27 -9999 -9999 -9999
2021 02 13 15   -30   -70 10250    24    21 -9999 -9999 -9999
2021 02 13 18   -29   -84 10243    31    43 -9999 -9999 -9999
2021 02 13 21   -52  -161 10236    40    50 -9999 -9999     0
2021 02 14 00   -62  -163 10238    26    56 -9999 -9999 -9999
2021 02 14 03   -47  -117 10233    25    63 -9999 -9999 -9999
2021 02 14 06   -47  -114 10221    32    59 -9999 -9999 -9999
2021 02 14 09   -62  -135 10229    33    63 -9999 -9999 -9999
2021 02 14 12   -72  -171 10238    25    48 -9999 -9999 -9999
2021 02 14 15   -92  -184 10233    18    20 -9999 -9999 -9999
2021 02 14 18  -104  -198 10231   352    29 -9999 -9999 -9999
2021 02 14 21  -120  -206 10221   335    26 -9999 -9999 -9999
2021 02 15 00  -125  -210 10218   329    38 -9999 -9999 -9999
2021 02 15 03   -85  -223 10205   349    45 -9999 -9999 -9999
2021 02 15 06   -62  -230 10183   359    39 -9999 -9999 -9999
2021 02 15 09   -70  -217 10181   359    29 -9999 -9999 -9999
2021 02 15 12  -100  -208 10190    39    11 -9999 -9999 -9999
2021 02 15 15   -95  -196 10201   292    21 -9999 -9999 -9999
2021 02 15 18  -105  -180 10193   308    33 -9999 -9999 -9999
2021 02 15 21  -125  -192 10193   319    34 -9999 -9999 -9999
2021 02 16 00  -120  -204 10213   333    48 -9999 -9999 -9999
2021 02 16 03   -92  -229 10224     6    54 -9999 -9999 -9999
2021 02 16 06   -90  -235 10224   354    62 -9999 -9999 -9999
2021 02 16 09  -100  -255 10234   333    57 -9999 -9999 -9999
2021 02 16 12  -122  -255 10247   333    67 -9999 -9999 -9999
2021 02 16 15  -142  -254 10255   332    48 -9999 -9999 -9999
2021 02 16 18  -155  -258 10258   333    49 -9999 -9999 -9999
2021 02 16 21  -155  -255 10258   332    43 -9999 -9999 -9999
2021 02 17 00  -157  -262 10263   335    54 -9999 -9999 -9999
2021 02 17 03  -115  -257 10265   354    46 -9999 -9999 -9999
2021 02 17 06   -84  -229 10252   343    57 -9999 -9999 -9999
2021 02 17 09   -72  -219 10255   328    51 -9999 -9999 -9999
2021 02 17 12   -92  -225 10263   328    36 -9999 -9999 -9999
2021 02 17 15  -102  -232 10270   331    46 -9999 -9999 -9999
2021 02 17 18  -119  -234 10275   321    28 -9999 -9999 -9999
2021 02 17 21  -130  -224 10276   330    30 -9999 -9999 -9999
2021 02 18 00  -129  -216 10281   334    23 -9999 -9999 -9999
2021 02 18 03   -55  -235 10266   235    22 -9999 -9999 -9999
2021 02 18 06   -15  -228 10223   228    46 -9999 -9999 -9999
2021 02 18 09   -12  -219 10189   220    47 -9999 -9999 -9999
2021 02 18 12   -55  -168 10178   212    41 -9999 -9999 -9999
2021 02 18 15   -74  -151 10149   206    32 -9999 -9999 -9999
2021 02 18 18   -75  -120 10118   187    19 -9999 -9999 -9999
2021 02 18 21   -55   -80 10074   204    33 -9999 -9999 -9999
2021 02 19 00   -32   -57 10046   225    41 -9999 -9999 -9999
2021 02 19 03    36   -51 10021   232    60 -9999 -9999 -9999
2021 02 19 06    80   -41 10009   230    42 -9999 -9999 -9999
2021 02 19 09    60   -32 10030   232    25 -9999 -9999 -9999
2021 02 20 15     2   -70 10037    20    15 -9999 -9999 -9999
2021 02 20 18   -15   -76 10034    51    35 -9999 -9999 -9999
2021 02 20 21   -30   -77 10028    31    18 -9999 -9999 -9999
2021 02 21 00   -35   -78 10037    14    22 -9999 -9999 -9999
2021 02 21 03    25   -71 10046   335    30 -9999 -9999 -9999
2021 02 21 06    45   -59 10061   332    43 -9999 -9999 -9999
2021 02 21 12     1   -74 10142    30    36 -9999 -9999 -9999
2021 02 21 18   -30  -139 10216     3    32 -9999 -9999 -9999
2021 02 21 21   -60  -146 10235    56    29 -9999 -9999 -9999
2021 02 22 00   -57  -163 10270   344    33 -9999 -9999 -9999
2021 02 22 03   -35  -232 10278   349    71 -9999 -9999 -9999
2021 02 22 06   -32  -225 10280   334    70 -9999 -9999 -9999
2021 02 22 09   -42  -214 10288   336    58 -9999 -9999 -9999
2021 02 22 12   -65  -217 10305   356    34 -9999 -9999 -9999
2021 02 22 15   -80  -222 10319    12    42 -9999 -9999 -9999
2021 02 22 18   -99  -212 10331   346    21 -9999 -9999 -9999
2021 02 22 21  -117  -208 10336   323    20 -9999 -9999 -9999
2021 02 23 00  -110  -204 10350   330    26 -9999 -9999 -9999
2021 02 23 03   -57  -226 10343    24    33 -9999 -9999 -9999
2021 02 23 06   -27  -215 10313   276    11 -9999 -9999 -9999
2021 02 23 09   -30  -208 10295   178    28 -9999 -9999 -9999
2021 02 23 12   -60  -205 10307   206    22 -9999 -9999 -9999
2021 02 23 15   -75  -203 10302   224    21 -9999 -9999 -9999
2021 02 23 18  -102  -189 10299   197    12 -9999 -9999 -9999
2021 02 23 21  -125  -184 10283   174    14 -9999 -9999 -9999
2021 02 24 00  -100  -167 10285   174    30 -9999 -9999 -9999
2021 02 24 03   -12  -183 10264   229    52 -9999 -9999 -9999
2021 02 24 06    30  -147 10233   239    57 -9999 -9999 -9999
2021 02 24 09    25  -134 10230   236    30 -9999 -9999 -9999
2021 02 24 12    -9  -111 10250   248    31 -9999 -9999 -9999
2021 02 24 15   -47  -110 10262   280     8 -9999 -9999 -9999
2021 02 24 18   -50  -133 10273     4    19 -9999 -9999 -9999
2021 02 24 21   -60  -184 10297    36    27 -9999 -9999 -9999
2021 02 25 00   -59  -192 10311    55    31 -9999 -9999 -9999
2021 02 25 03   -22  -201 10311    56    27 -9999 -9999 -9999
2021 02 25 06     5  -211 10290    59    20 -9999 -9999 -9999
2021 02 25 09     0  -204 10274    83    19 -9999 -9999 -9999
2021 02 25 12   -45  -191 10280    52    14 -9999 -9999 -9999
2021 02 25 15   -67  -181 10279    14    10 -9999 -9999 -9999
2021 02 25 18   -87  -181 10278    24    11 -9999 -9999 -9999
2021 02 25 21   -92  -175 10277   318     8 -9999 -9999 -9999
2021 02 26 00   -77  -169 10286   103     6 -9999 -9999 -9999
2021 02 26 03    20  -175 10292   102    10 -9999 -9999 -9999
2021 02 26 06    65  -162 10270   171    24 -9999 -9999 -9999
2021 02 26 09    55  -151 10265   161    17 -9999 -9999 -9999
2021 02 26 12   -17  -136 10271   207     6 -9999 -9999 -9999
2021 02 26 15   -52  -138 10263   181    15 -9999 -9999 -9999
2021 02 26 18   -22  -128 10255   210    22 -9999 -9999 -9999
2021 02 26 21   -27  -161 10241   201    29 -9999 -9999 -9999
2021 02 27 00   -10  -117 10242   212    39 -9999 -9999 -9999
2021 02 27 03    80  -103 10233   229    68 -9999 -9999 -9999
2021 02 27 06   111  -138 10203   231    90 -9999 -9999 -9999
2021 02 27 09    85  -138 10213   227    85 -9999 -9999 -9999
2021 02 27 12    47  -118 10224   228    66 -9999 -9999 -9999
2021 02 27 15    27   -88 10229   234    51 -9999 -9999 -9999
2021 02 27 18    25   -18 10223   227    60 -9999 -9999 -9999
2021 02 27 21    22   -13 10218   246    57 -9999 -9999 -9999
2021 02 28 00    16    -6 10247   294    23 -9999 -9999 -9999
2021 02 28 03    -5   -29 10280    43    40 -9999 -9999 -9999
2021 02 28 06   -14   -44 10300    25    56 -9999 -9999     9
2021 02 28 09   -20   -67 10306    33    52 -9999 -9999    11
2021 02 28 12   -30   -97 10329    31    28 -9999 -9999     2
2021 02 28 15   -39  -158 10343    30    35 -9999 -9999 -9999
2021 02 28 18   -55  -179 10336    36    52 -9999 -9999 -9999
2021 02 28 21   -62  -160 10343    47    47 -9999 -9999 -9999
2021 03 01 00   -67  -184 10345    61    61 -9999 -9999 -9999
2021 03 01 03   -45  -180 10332    58    66 -9999 -9999 -9999
2021 03 01 06   -29  -217 10305    63    73 -9999 -9999 -9999
2021 03 01 09   -45  -188 10295    39    51 -9999 -9999 -9999
2021 03 01 12   -75  -179 10304    30    39 -9999 -9999 -9999
2021 03 01 15   -99  -179 10297    15    20 -9999 -9999 -9999
2021 03 01 18  -115  -181 10292    19    11 -9999 -9999 -9999
2021 03 01 21  -125  -186 10292   342    16 -9999 -9999 -9999
2021 03 02 00  -109  -191 10297    16     7 -9999 -9999 -9999
2021 03 02 03   -39  -197 10291   206    26 -9999 -9999 -9999
2021 03 02 06     2  -201 10265   218    39 -9999 -9999 -9999
2021 03 02 09     7  -180 10251   207    37 -9999 -9999 -9999
2021 03 02 12   -17  -156 10243   214    44 -9999 -9999 -9999
2021 03 02 15   -34   -75 10227   219    55 -9999 -9999 -9999
2021 03 02 18    -9   -36 10197   227    59 -9999 -9999 -9999
2021 03 02 21    -4   -34 10178   229    66 -9999 -9999 -9999
2021 03 03 00     2   -34 10179   229    60 -9999 -9999 -9999
2021 03 03 03    50    -8 10161   231    73 -9999 -9999 -9999
2021 03 03 06    75    -1 10138   223    80 -9999 -9999 -9999
2021 03 03 09    60    -2 10142   224    80 -9999 -9999 -9999
2021 03 03 12    30   -11 10157   234    72 -9999 -9999 -9999
2021 03 03 15    27   -21 10161   211    67 -9999 -9999 -9999
2021 03 03 18    25   -18 10153   217    66 -9999 -9999 -9999
2021 03 03 21    30   -29 10130   223   101 -9999 -9999 -9999
2021 03 04 00    32   -17 10134   232    83 -9999 -9999 -9999
2021 03 04 03    71    -4 10133   237    77 -9999 -9999 -9999
2021 03 04 06    95     3 10119   234   102 -9999 -9999 -9999
2021 03 04 09    82     5 10132   221    71 -9999 -9999 -9999
2021 03 04 12    52     0 10149   221    32 -9999 -9999 -9999
2021 03 04 15    32    -8 10148   207    47 -9999 -9999 -9999
2021 03 04 18    20    -3 10191     2    28 -9999 -9999 -9999
2021 03 04 21   -10   -59 10241    22    64 -9999 -9999 -9999
2021 03 05 00   -47   -80 10299    33    80 -9999 -9999 -9999
2021 03 05 03   -49  -194 10336    50    79 -9999 -9999 -9999
2021 03 05 06   -40  -198 10342    34    70 -9999 -9999 -9999
2021 03 05 09   -55  -190 10360    52    65 -9999 -9999 -9999
2021 03 05 12   -80  -171 10387    70    50 -9999 -9999 -9999
2021 03 05 15   -99  -170 10403    64    18 -9999 -9999 -9999
2021 03 05 18  -110  -169 10412    23    14 -9999 -9999 -9999
2021 03 05 21  -119  -173 10415     2    19 -9999 -9999 -9999
2021 03 06 00  -102  -169 10426    41    16 -9999 -9999 -9999
2021 03 06 03   -60  -209 10416    77    39 -9999 -9999 -9999
2021 03 06 06   -32  -214 10383   337    17 -9999 -9999 -9999
2021 03 06 09   -30  -213 10365    64    20 -9999 -9999 -9999
2021 03 06 12   -72  -182 10358   104    11 -9999 -9999 -9999
2021 03 06 15  -102  -169 10349   360     2 -9999 -9999 -9999
2021 03 06 18  -119  -173 10333   162     7 -9999 -9999 -9999
2021 03 06 21  -140  -172 10321    80     3 -9999 -9999 -9999
2021 03 07 00   -80  -184 10318   212    14 -9999 -9999 -9999
2021 03 07 03   -10  -190 10310   249    36 -9999 -9999 -9999
2021 03 07 06    37  -184 10283   222    30 -9999 -9999 -9999
2021 03 07 09    40  -176 10276   196    26 -9999 -9999 -9999
2021 03 07 12   -20  -144 10285   176     9 -9999 -9999 -9999
2021 03 07 15   -35  -108 10285   182    15 -9999 -9999 -9999
2021 03 07 18   -52   -95 10285   199    15 -9999 -9999 -9999
2021 03 07 21   -50   -62 10274   207    43 -9999 -9999 -9999
2021 03 08 00   -32   -37 10275   201    26 -9999 -9999 -9999
2021 03 08 03    22   -44 10260   227    39 -9999 -9999 -9999
2021 03 08 06    86   -39 10226   218    54 -9999 -9999 -9999
2021 03 08 09    66   -42 10217   236    57 -9999 -9999 -9999
2021 03 08 12    25   -74 10220   226    53 -9999 -9999 -9999
2021 03 08 15     6   -94 10212   232    46 -9999 -9999 -9999
2021 03 08 18    -2   -77 10206   235    34 -9999 -9999 -9999
2021 03 08 21   -10   -51 10207   223    31 -9999 -9999 -9999
2021 03 09 00    -2   -37 10226   223    24 -9999 -9999 -9999
2021 03 09 03    80   -33 10238   292    22 -9999 -9999 -9999
2021 03 09 06   137   -81 10239    33    52 -9999 -9999 -9999
2021 03 09 12    35  -157 10282    85    16 -9999 -9999 -9999
2021 03 09 15    -4  -140 10289    23    10 -9999 -9999 -9999
2021 03 09 18   -37  -109 10289    14    12 -9999 -9999 -9999
2021 03 09 21   -47  -118 10280    30     8 -9999 -9999 -9999
2021 03 10 00     2  -114 10267   170    29 -9999 -9999 -9999
2021 03 10 03    87   -67 10241   206    50 -9999 -9999 -9999
2021 03 10 06   120    22 10204   231    64 -9999 -9999 -9999
2021 03 10 09   105    30 10198   231    63 -9999 -9999 -9999
2021 03 10 12    70    37 10206   228    54 -9999 -9999 -9999
2021 03 10 15    40    19 10216   224    30 -9999 -9999 -9999
2021 03 10 18    23    10 10223   230    20 -9999 -9999     0
2021 03 10 21     2    -4 10233   339    23 -9999 -9999 -9999
2021 03 11 00    -7   -12 10249    68     7 -9999 -9999 -9999
2021 03 11 03    62    -8 10255    41    26 -9999 -9999 -9999
2021 03 11 06    87    12 10240   161    30 -9999 -9999 -9999
2021 03 11 09    75    16 10244   143     6 -9999 -9999 -9999
2021 03 11 12    56   -20 10257     2    17 -9999 -9999 -9999
2021 03 11 15    60   -59 10264   341    17 -9999 -9999 -9999
2021 03 11 18    47   -51 10265   313    23 -9999 -9999 -9999
2021 03 11 21    37   -55 10267   351    19 -9999 -9999 -9999
2021 03 12 00    45   -48 10283   356    28 -9999 -9999 -9999
2021 03 12 03    95   -60 10275    29    34 -9999 -9999 -9999
2021 03 12 06   111   -82 10249    39    34 -9999 -9999 -9999
2021 03 12 09   105   -93 10247    25    25 -9999 -9999 -9999
2021 03 12 12    66   -74 10253   358    21 -9999 -9999 -9999
2021 03 12 15    35   -66 10251   354    17 -9999 -9999 -9999
2021 03 12 18    11   -65 10241   310    14 -9999 -9999 -9999
2021 03 12 21     1   -63 10234   313    10 -9999 -9999 -9999
2021 03 13 00    25   -41 10242   111     6 -9999 -9999 -9999
2021 03 13 03    91   -52 10233    92    15 -9999 -9999 -9999
2021 03 13 06   110   -63 10208   242    24 -9999 -9999 -9999
2021 03 13 09   106   -50 10196   242    21 -9999 -9999 -9999
2021 03 13 12    61   -25 10199   206    19 -9999 -9999 -9999
2021 03 13 15    32   -11 10194   174    14 -9999 -9999 -9999
2021 03 13 18     7    -8 10189   202    18 -9999 -9999 -9999
2021 03 13 21   -17   -25 10187   184    12 -9999 -9999 -9999
2021 03 14 00     0    -5 10193   211    32 -9999 -9999 -9999
2021 03 14 03    36    10 10185   209    46 -9999 -9999 -9999
2021 03 14 06    95    28 10147   210    58 -9999 -9999 -9999
2021 03 14 09   102    31 10131   209    54 -9999 -9999 -9999
2021 03 14 12    75    20 10113   218    52 -9999 -9999 -9999
2021 03 14 15    52    16 10099   212    53 -9999 -9999 -9999
2021 03 14 18    45    13 10078   215    58 -9999 -9999 -9999
2021 03 14 21    65    25 10056   219    86 -9999 -9999 -9999
2021 03 15 00    70    24 10078   232    79 -9999 -9999 -9999
2021 03 15 03    65  -122 10112   333    49 -9999 -9999 -9999
2021 03 15 06    82  -146 10118   333    57 -9999 -9999 -9999
2021 03 15 09    80  -149 10128   313    61 -9999 -9999 -9999
2021 03 15 12    52  -153 10157   312    68 -9999 -9999 -9999
2021 03 15 15    26  -141 10171   326    24 -9999 -9999 -9999
2021 03 15 18     7  -153 10197   321    44 -9999 -9999 -9999
2021 03 15 21   -10  -160 10208   327    34 -9999 -9999 -9999
2021 03 16 00     2  -161 10223   334    51 -9999 -9999 -9999
2021 03 16 03    51  -202 10224   352    58 -9999 -9999 -9999
2021 03 16 06    80  -218 10207     5    40 -9999 -9999 -9999
2021 03 16 09    80  -197 10205   327    35 -9999 -9999 -9999
2021 03 16 12    22  -148 10219   331    10 -9999 -9999 -9999
2021 03 16 15   -12  -109 10225   246     4 -9999 -9999 -9999
2021 03 16 18   -37  -101 10226   209    10 -9999 -9999 -9999
2021 03 16 21   -29  -134 10232   326    13 -9999 -9999 -9999
2021 03 17 00    -7  -129 10247   354    27 -9999 -9999 -9999
2021 03 17 03    75  -134 10247     3    26 -9999 -9999 -9999
2021 03 17 06    97  -142 10239     6    45 -9999 -9999 -9999
2021 03 17 09    90  -155 10238    34    28 -9999 -9999 -9999
2021 03 17 12    47  -136 10257   329    14 -9999 -9999 -9999
2021 03 17 15    32  -123 10261   347    16 -9999 -9999 -9999
2021 03 17 18    21  -111 10257    11    16 -9999 -9999 -9999
2021 03 17 21     6  -100 10257   348    15 -9999 -9999 -9999
2021 03 18 00    25  -108 10266     6    19 -9999 -9999 -9999
2021 03 18 03    80   -99 10266    11    29 -9999 -9999 -9999
2021 03 18 06    92  -103 10242    11    28 -9999 -9999 -9999
2021 03 18 09    82  -101 10232    89    36 -9999 -9999 -9999
2021 03 18 12    31   -95 10244    53    17 -9999 -9999 -9999
2021 03 18 15    17   -81 10245    25    15 -9999 -9999 -9999
2021 03 18 18    -4   -95 10235   356    25 -9999 -9999 -9999
2021 03 18 21    -9   -86 10234   348    17 -9999 -9999 -9999
2021 03 19 00    16   -72 10239    27    16 -9999 -9999 -9999
2021 03 19 03    72   -71 10220    77    29 -9999 -9999 -9999
2021 03 19 06   106   -76 10195   112    24 -9999 -9999 -9999
2021 03 19 09    97   -84 10188    70    32 -9999 -9999 -9999
2021 03 19 12    70   -75 10183    51    28 -9999 -9999 -9999
2021 03 19 15    55   -70 10177    23    20 -9999 -9999 -9999
2021 03 19 18    46   -55 10159    23    27 -9999 -9999 -9999
2021 03 19 21    41   -39 10147    49    30 -9999 -9999 -9999
2021 03 20 00    12     2 10152    11    29 -9999 -9999     7
2021 03 20 03    37     1 10147   348    28 -9999 -9999     9
2021 03 20 06    57   -12 10123   323    17 -9999 -9999     2
2021 03 20 09    62   -22 10121   303    38 -9999 -9999 -9999
2021 03 20 12    35     9 10130   284    17 -9999 -9999 -9999
2021 03 20 15    22   -65 10130   311    57 -9999 -9999 -9999
2021 03 20 18    10   -41 10129   301    42 -9999 -9999 -9999
2021 03 20 21     7   -24 10145   342    35 -9999 -9999     1
2021 03 21 00     5   -27 10166   331    62 -9999 -9999     1
2021 03 21 03    35   -89 10175   337    67 -9999 -9999 -9999
2021 03 21 06    57   -96 10172   329    66 -9999 -9999 -9999
2021 03 21 09    56  -139 10175   331    50 -9999 -9999 -9999
2021 03 21 12    20  -116 10188   290    12 -9999 -9999 -9999
2021 03 21 15   -20  -109 10186   303    18 -9999 -9999 -9999
2021 03 21 18     2  -115 10178   260    25 -9999 -9999 -9999
2021 03 21 21    -7  -102 10170   239    15 -9999 -9999 -9999
2021 03 22 00    30   -96 10176   293    28 -9999 -9999 -9999
2021 03 22 03   100  -102 10164   269    34 -9999 -9999 -9999
2021 03 22 06   140  -100 10132   253    51 -9999 -9999 -9999
2021 03 22 09   132   -53 10109   225    68 -9999 -9999 -9999
2021 03 22 12    82   -63 10105   227    54 -9999 -9999 -9999
2021 03 22 15    47   -30 10093   240    48 -9999 -9999 -9999
2021 03 22 18    30   -18 10082   204    24 -9999 -9999 -9999
2021 03 22 21     0   -25 10081   157    12 -9999 -9999 -9999
2021 03 23 00    32   -20 10090   172    17 -9999 -9999 -9999
2021 03 23 03    97    -7 10095   217    30 -9999 -9999 -9999
2021 03 23 06   135    17 10079   199    35 -9999 -9999 -9999
2021 03 23 09   131    18 10082   205    19 -9999 -9999 -9999
2021 03 23 12    82    27 10102    81    12 -9999 -9999 -9999
2021 03 23 15    66    17 10117   215    11 -9999 -9999 -9999
2021 03 23 18    32     4 10135    10    11 -9999 -9999 -9999
2021 03 23 21    47   -56 10150   349    20 -9999 -9999 -9999
2021 03 24 00    76   -55 10178   331    18 -9999 -9999 -9999
2021 03 24 03   140   -68 10185     4    21 -9999 -9999 -9999
2021 03 24 06   167  -101 10166   340    45 -9999 -9999 -9999
2021 03 24 09   165  -102 10160   352    20 -9999 -9999 -9999
2021 03 24 12   107   -48 10173   213    21 -9999 -9999 -9999
2021 03 24 15    92   -36 10165   237    34 -9999 -9999 -9999
2021 03 24 18    77   -43 10141   217    42 -9999 -9999 -9999
2021 03 24 21    52   -25 10129   232    42 -9999 -9999 -9999
2021 03 25 00    67   -12 10153   235    40 -9999 -9999 -9999
2021 03 25 03   176   -77 10164   358    44 -9999 -9999 -9999
2021 03 25 06   196   -96 10160   318    33 -9999 -9999 -9999
2021 03 25 09   190  -100 10164     9    32 -9999 -9999 -9999
2021 03 25 12   116   -19 10181   123    13 -9999 -9999 -9999
2021 03 25 15    65   -24 10190   107    19 -9999 -9999 -9999
2021 03 25 18    57   -19 10180   150    17 -9999 -9999 -9999
2021 03 25 21    42   -33 10169   151    24 -9999 -9999 -9999
2021 03 26 00    62   -12 10166   167    31 -9999 -9999 -9999
2021 03 26 03   101    -4 10144   207    52 -9999 -9999 -9999
2021 03 26 06   135    32 10119   217    62 -9999 -9999     2
2021 03 26 09   112    40 10113   218    82 -9999 -9999     2
2021 03 26 12    95    39 10116   223    65 -9999 -9999 -9999
2021 03 26 15    77    43 10118   228    52 -9999 -9999 -9999
2021 03 26 18    65    37 10110   224    49 -9999 -9999 -9999
2021 03 26 21    55    35 10102   228    46 -9999 -9999 -9999
2021 03 27 00    65    36 10105   221    36 -9999 -9999 -9999
2021 03 27 03   106    41 10095   233    51 -9999 -9999 -9999
2021 03 27 06   135    41 10068   213    66 -9999 -9999 -9999
2021 03 27 09   137    30 10044   223    57 -9999 -9999 -9999
2021 03 27 12   101    43 10048   231    36 -9999 -9999 -9999
2021 03 27 15    71    46 10028   216    32 -9999 -9999 -9999
2021 03 27 18    51    39 10004   209    26 -9999 -9999 -9999
2021 03 27 21    61    49  9986   226    46 -9999 -9999 -9999
2021 03 28 00    52    46  9988   249    36 -9999 -9999 -9999
2021 03 28 03    76    51  9986   221    29 -9999 -9999 -9999
2021 03 28 06   157   -48  9969   312    52 -9999 -9999 -9999
2021 03 28 09   132   -64  9987   313    69 -9999 -9999 -9999
2021 03 28 12    92   -61 10017   307    42 -9999 -9999 -9999
2021 03 28 15    67   -62 10029   299    41 -9999 -9999 -9999
2021 03 28 18    62   -70 10036   301    52 -9999 -9999 -9999
2021 03 28 21    51   -87 10040   303    60 -9999 -9999 -9999
2021 03 29 00    77  -115 10053   304    66 -9999 -9999 -9999
2021 03 29 03   117  -140 10055   308    78 -9999 -9999 -9999
2021 03 29 06   147  -155 10043   311    63 -9999 -9999 -9999
2021 03 29 09   150  -177 10041   336    44 -9999 -9999 -9999
2021 03 29 12   110  -155 10068   335    25 -9999 -9999 -9999
2021 03 29 15    80  -136 10086   310    15 -9999 -9999 -9999
2021 03 29 18    50  -121 10101   338    18 -9999 -9999 -9999
2021 03 29 21    22  -116 10110   281    14 -9999 -9999 -9999
2021 03 30 00    62  -101 10129   351    19 -9999 -9999 -9999
2021 03 30 03   132  -106 10126   168    24 -9999 -9999 -9999
2021 03 30 06   155  -102 10107   205    28 -9999 -9999 -9999
2021 03 30 09   152   -76 10098   175    29 -9999 -9999 -9999
2021 03 30 12   107   -61 10108   168    20 -9999 -9999 -9999
2021 03 30 15    81   -72 10109   203    26 -9999 -9999 -9999
2021 03 30 18    71   -43 10100   186    28 -9999 -9999 -9999
2021 03 30 21    36    -4 10098   162    17 -9999 -9999 -9999
2021 03 31 00    75     8 10113   209    42 -9999 -9999 -9999
2021 03 31 03   142    -3 10128   287    27 -9999 -9999 -9999
2021 03 31 06   187   -60 10128   325    36 -9999 -9999 -9999
2021 03 31 09   181   -46 10140   332    27 -9999 -9999 -9999
2021 03 31 12   132   -39 10162   351    16 -9999 -9999 -9999
2021 03 31 15    97   -29 10176   348    16 -9999 -9999 -9999
2021 03 31 18    75   -15 10185    19    16 -9999 -9999 -9999
2021 03 31 21    57   -11 10192    19    20 -9999 -9999 -9999
2021 04 01 00    77   -13 10209    28    28 -9999 -9999 -9999
2021 04 01 03   151     2 10202    51    14 -9999 -9999 -9999
2021 04 01 06   190     1 10179   121    26 -9999 -9999 -9999
2021 04 01 09   190    10 10168   142    23 -9999 -9999 -9999
2021 04 01 12   132    16 10176   204     8 -9999 -9999 -9999
2021 04 01 15   110    25 10172   169    10 -9999 -9999 -9999
2021 04 01 18   137    10 10174   229    25 -9999 -9999 -9999
2021 04 01 21   122    -2 10176   244    24 -9999 -9999 -9999
2021 04 02 00   131    -5 10182   225    40 -9999 -9999 -9999
2021 04 02 03   156    -2 10184   237    59 -9999 -9999 -9999
2021 04 02 06   160     9 10181   235    35 -9999 -9999 -9999
2021 04 02 09   150    21 10183   200    30 -9999 -9999 -9999
2021 04 02 12   122    37 10200   210    27 -9999 -9999 -9999
2021 04 02 15   115    32 10215   321    27 -9999 -9999 -9999
2021 04 02 18   101   -50 10236    20    49 -9999 -9999 -9999
2021 04 02 21    67  -124 10253    23    57 -9999 -9999 -9999
2021 04 03 00    70  -118 10272    42    65 -9999 -9999 -9999
2021 04 03 03   110  -139 10265    43    72 -9999 -9999 -9999
2021 04 03 06   117  -158 10247    50    70 -9999 -9999 -9999
2021 04 03 09   115  -161 10232    54    71 -9999 -9999 -9999
2021 04 03 12    70  -138 10248    48    14 -9999 -9999 -9999
2021 04 03 15    55  -131 10252   342    14 -9999 -9999 -9999
2021 04 03 18    25  -122 10247   325    13 -9999 -9999 -9999
2021 04 03 21    -2  -110 10248   320    15 -9999 -9999 -9999
2021 04 04 00    55  -108 10253    27    14 -9999 -9999 -9999
2021 04 04 03   120  -103 10241   312    20 -9999 -9999 -9999
2021 04 04 06   155  -128 10212   356    35 -9999 -9999 -9999
2021 04 04 09   162  -112 10201   317    20 -9999 -9999 -9999
2021 04 04 12   107   -90 10209   193    27 -9999 -9999 -9999
2021 04 04 15    85   -73 10215   237    25 -9999 -9999 -9999
2021 04 04 18    42   -69 10210   200    23 -9999 -9999 -9999
2021 04 04 21    15   -54 10203   171    20 -9999 -9999 -9999
2021 04 05 00    65   -24 10204   203    31 -9999 -9999 -9999
2021 04 05 06   225   -84 10148   256    64 -9999 -9999 -9999
2021 04 05 09   192   -80 10138   233    70 -9999 -9999 -9999
2021 04 05 12   127    17 10156   227    41 -9999 -9999 -9999
2021 04 05 15    95    19 10169   295    11 -9999 -9999 -9999
2021 04 05 18    95   -72 10180    48    28 -9999 -9999 -9999
2021 04 05 21    71   -81 10194   339    14 -9999 -9999 -9999
2021 04 06 00   100   -77 10222   305    25 -9999 -9999 -9999
2021 04 06 03   161  -123 10223    29    36 -9999 -9999 -9999
2021 04 06 06   180  -108 10203     6    28 -9999 -9999 -9999
2021 04 06 09   182   -96 10190   331    14 -9999 -9999 -9999
2021 04 06 12   160   -35 10208   307    55 -9999 -9999 -9999
2021 04 06 15   131  -114 10235    38    38 -9999 -9999 -9999
2021 04 06 18    77  -138 10253   359    46 -9999 -9999 -9999
2021 04 06 21    31  -146 10267    34    47 -9999 -9999 -9999
2021 04 07 00    51  -149 10287    58    47 -9999 -9999 -9999
2021 04 07 03    85  -193 10285    36    40 -9999 -9999 -9999
2021 04 07 06   105  -188 10261     5    42 -9999 -9999 -9999
2021 04 07 09   110  -155 10241    68    38 -9999 -9999 -9999
2021 04 07 12    70  -134 10242   212    16 -9999 -9999 -9999
2021 04 07 15    51  -138 10224   224    22 -9999 -9999 -9999
2021 04 07 18    52  -147 10214   271    45 -9999 -9999 -9999
2021 04 07 21    30  -142 10218   331    15 -9999 -9999 -9999
2021 04 08 00    77  -111 10239    56    54 -9999 -9999 -9999
2021 04 08 06   136  -125 10236    61    46 -9999 -9999 -9999
2021 04 08 09   132  -129 10230    48    38 -9999 -9999 -9999
2021 04 08 12    72  -109 10249    80    14 -9999 -9999 -9999
2021 04 08 15    17   -97 10252    48     3 -9999 -9999 -9999
2021 04 08 18     0   -92 10259     6     9 -9999 -9999 -9999
2021 04 08 21    -7   -94 10265    17     9 -9999 -9999 -9999
2021 04 09 00    67   -87 10280   168    21 -9999 -9999 -9999
2021 04 09 03   132   -99 10281   173    26 -9999 -9999 -9999
2021 04 09 06   157   -85 10261   201    30 -9999 -9999 -9999
2021 04 09 09   157   -92 10247   209    29 -9999 -9999 -9999
2021 04 09 12   105   -59 10256   138    23 -9999 -9999 -9999
2021 04 09 15    67   -70 10255   220    14 -9999 -9999 -9999
2021 04 09 18    46   -66 10251   176    16 -9999 -9999 -9999
2021 04 09 21    42   -72 10250   198    18 -9999 -9999 -9999
2021 04 10 00    97   -57 10255   210    40 -9999 -9999 -9999
2021 04 10 03   156   -15 10243   220    68 -9999 -9999 -9999
2021 04 10 06   185     5 10218   217    75 -9999 -9999 -9999
2021 04 10 09   167    20 10208   225    68 -9999 -9999 -9999
2021 04 10 12   131    26 10218   228    57 -9999 -9999 -9999
2021 04 10 15   102    28 10224   208    60 -9999 -9999 -9999
2021 04 10 18   100    31 10221   219    59 -9999 -9999 -9999
2021 04 10 21    90    32 10221   220    54 -9999 -9999 -9999
2021 04 11 00   112    35 10229   238    65 -9999 -9999 -9999
2021 04 11 03   160    56 10227   219    88 -9999 -9999 -9999
2021 04 11 06   175    37 10215   232    88 -9999 -9999 -9999
2021 04 11 09   150    19 10209   224    53 -9999 -9999 -9999
2021 04 11 12   126    27 10214   239    63 -9999 -9999 -9999
2021 04 11 15   106    34 10214   239    39 -9999 -9999 -9999
2021 04 11 18   102    28 10190   230    43 -9999 -9999 -9999
2021 04 11 21    87    17 10173   233    71 -9999 -9999 -9999
2021 04 12 00   111    36 10164   224    80 -9999 -9999 -9999
2021 04 12 03   126    66 10156   242    83 -9999 -9999 -9999
2021 04 12 06   106    78 10139   237    49 -9999 -9999 -9999
2021 04 12 09    62    40 10157   353    56 -9999 -9999    33
2021 04 12 12    52    27 10184    41    46 -9999 -9999    39
2021 04 12 15    27   -12 10206    15    38 -9999 -9999     6
2021 04 12 18    16   -25 10213   356    30 -9999 -9999 -9999
2021 04 12 21     1   -96 10213   343    23 -9999 -9999 -9999
2021 04 13 00    21  -104 10220     2    46 -9999 -9999 -9999
2021 04 13 03    56  -124 10210    16    48 -9999 -9999 -9999
2021 04 13 06    80  -143 10187    11    35 -9999 -9999 -9999
2021 04 13 09    90  -163 10168   314    32 -9999 -9999 -9999
2021 04 13 12    52  -113 10158   216    20 -9999 -9999 -9999
2021 04 13 15    45   -62 10148   222    57 -9999 -9999 -9999
2021 04 13 18    30   -59 10143   259    33 -9999 -9999 -9999
2021 04 13 21    22   -71 10150   298    32 -9999 -9999 -9999
2021 04 14 00    60   -83 10168   340    31 -9999 -9999 -9999
2021 04 14 03   112  -137 10163   314    30 -9999 -9999 -9999
2021 04 14 06   142  -147 10140   297    43 -9999 -9999 -9999
2021 04 14 09   155  -119 10122   226    20 -9999 -9999 -9999
2021 04 14 12   112   -71 10128   195    26 -9999 -9999 -9999
2021 04 14 15    87   -70 10116   195    38 -9999 -9999 -9999
2021 04 14 18    70    -6 10102   214    28 -9999 -9999 -9999
2021 04 14 21    37   -22 10091   187    20 -9999 -9999 -9999
2021 04 15 00    95    24 10086   206    50 -9999 -9999 -9999
2021 04 15 03   162    27 10075   235    88 -9999 -9999 -9999
2021 04 15 06   170    29 10051   233   105 -9999 -9999 -9999
2021 04 15 09   157   -27 10037   237   100 -9999 -9999 -9999
2021 04 15 12   137   -23 10057   236    58 -9999 -9999 -9999
2021 04 15 15   111   -34 10045   220    56 -9999 -9999 -9999
2021 04 15 18    51    34 10028   216    56 -9999 -9999    34
2021 04 15 21    56    36 10024   236    50 -9999 -9999    34
2021 04 16 00    75   -34 10037   289    85 -9999 -9999 -9999
2021 04 16 03   105   -64 10045   285    98 -9999 -9999 -9999
2021 04 16 06   122   -95 10046   305    90 -9999 -9999 -9999
2021 04 16 09   101   -76 10072   306    85 -9999 -9999 -9999
2021 04 16 12    82   -78 10102   306    49 -9999 -9999 -9999
2021 04 16 15    75   -90 10099   300    60 -9999 -9999 -9999
2021 04 16 18    55   -38 10100   302    58 -9999 -9999 -9999
2021 04 16 21    22     8 10107   305    48 -9999 -9999     5
2021 04 17 00    41    15 10127   326    33 -9999 -9999     5
2021 04 17 03    52    22 10154    15    54 -9999 -9999     1
2021 04 17 06    67    11 10165   351    63 -9999 -9999     1
2021 04 17 09    82    -3 10169    17    42 -9999 -9999 -9999
2021 04 17 12    47     7 10183   325     8 -9999 -9999 -9999
2021 04 17 15     7    -9 10187   360     1 -9999 -9999 -9999
2021 04 17 18    -9   -17 10183   148    11 -9999 -9999 -9999
2021 04 17 21   -25   -33 10178   170    13 -9999 -9999 -9999
2021 04 18 00    60    11 10174   216    36 -9999 -9999 -9999
2021 04 18 03   136    22 10153   206    52 -9999 -9999 -9999
2021 04 18 06   190   -10 10112   223    51 -9999 -9999 -9999
2021 04 18 09   187   -46 10088   220    66 -9999 -9999 -9999
2021 04 18 12   132   -48 10084   214    54 -9999 -9999 -9999
2021 04 18 15    92    32 10071   224    39 -9999 -9999 -9999
2021 04 18 18    66    36 10062   196    27 -9999 -9999 -9999
2021 04 18 21    62    36 10058   206    28 -9999 -9999 -9999
2021 04 19 00   115    42 10071   219    39 -9999 -9999 -9999
2021 04 19 03   235   -46 10079   324    41 -9999 -9999 -9999
2021 04 19 06   256   -21 10088    19    49 -9999 -9999 -9999
2021 04 19 09   245   -21 10105    40    46 -9999 -9999 -9999
2021 04 19 12   176   -26 10140    66    15 -9999 -9999 -9999
2021 04 19 15   130   -42 10162    55    13 -9999 -9999 -9999
2021 04 19 18   102   -49 10187    65    38 -9999 -9999 -9999
2021 04 19 21    80   -62 10195    59    34 -9999 -9999 -9999
2021 04 20 00   120   -56 10211    69    39 -9999 -9999 -9999
2021 04 20 03   180   -74 10206   111    47 -9999 -9999 -9999
2021 04 20 06   200   -74 10186   119    51 -9999 -9999 -9999
2021 04 20 09   190   -52 10165    88    50 -9999 -9999 -9999
2021 04 20 12   136   -32 10170   238    11 -9999 -9999 -9999
2021 04 20 15   137    40 10170   192    30 -9999 -9999 -9999
2021 04 20 18   120    72 10171   223    39 -9999 -9999 -9999
2021 04 20 21   101    61 10173   216    37 -9999 -9999 -9999
