2021 01 01 00  -197  -244 10295   150    10 -9999 -9999     0
2021 01 01 03   -99  -235 10293   350    10 -9999 -9999     0
2021 01 01 06   -77  -235 10273    60    20 -9999 -9999     0
2021 01 01 09  -121  -241 10290    90    30 -9999 -9999     0
2021 01 01 12  -139  -238 10312   130    20 -9999 -9999     0
2021 01 01 18  -203  -250 10324   140    10 -9999 -9999     0
2021 01 01 21  -211  -250 10325   190    20 -9999 -9999     0
2021 01 02 00  -200  -242 10338   170    20 -9999 -9999     0
2021 01 02 03  -121  -216 10337   170    20 -9999 -9999     0
2021 01 02 06   -65  -209 10317   148    20 -9999 -9999 -9999
2021 01 02 09  -102  -218 10338    61    19 -9999 -9999 -9999
2021 01 02 12  -148  -227 10357   240    10 -9999 -9999     0
2021 01 02 18  -183  -229 10368   177    29 -9999 -9999 -9999
2021 01 02 21  -192  -235 10367   160    30 -9999 -9999     0
2021 01 03 00  -185  -226 10373   170    20 -9999 -9999     0
2021 01 03 03  -118  -201 10364   160    20 -9999 -9999     0
2021 01 03 06   -58  -218 10340   180    20 -9999 -9999     0
2021 01 03 09   -91  -231 10338   150    10 -9999 -9999     0
2021 01 03 12  -145  -233 10346   140    10 -9999 -9999     0
2021 01 03 18  -154  -220 10340   170    10 -9999 -9999     0
2021 01 03 21  -146  -214 10334   160    10 -9999 -9999     0
2021 01 04 00  -155  -210 10351   145     8 -9999 -9999 -9999
2021 01 04 03   -86  -204 10345    70    10 -9999 -9999     0
2021 01 04 06   -53  -242 10325   340    40 -9999 -9999     0
2021 01 04 09   -76  -247 10336   340    20 -9999 -9999     0
2021 01 04 12  -117  -244 10365   360    20 -9999 -9999     0
2021 01 04 18  -194  -268 10370   128    15 -9999 -9999 -9999
2021 01 04 21  -207  -272 10375   190    10 -9999 -9999     0
2021 01 05 00  -175  -257 10383   240    20 -9999 -9999     0
2021 01 05 03  -105  -268 10367   217    28 -9999 -9999 -9999
2021 01 05 06   -71  -274 10335   350    30 -9999 -9999     0
2021 01 05 09   -91  -269 10333   310    10 -9999 -9999     0
2021 01 05 12  -153  -264 10329   200    10 -9999 -9999     0
2021 01 05 18  -189  -261 10303   130    10 -9999 -9999     0
2021 01 05 21  -209  -264 10290   160    20 -9999 -9999     0
2021 01 06 00  -135  -286 10287   327    52 -9999 -9999 -9999
2021 01 06 03  -156  -286 10309   310    60 -9999 -9999     0
2021 01 06 06  -150  -303 10308   335    51 -9999 -9999 -9999
2021 01 06 09  -161  -344 10328   340    70 -9999 -9999     0
2021 01 06 12  -182  -323 10348   320    30 -9999 -9999     0
2021 01 06 18  -214  -375 10362   250    10 -9999 -9999     0
2021 01 06 21  -219  -379 10347   290    10 -9999 -9999     0
2021 01 07 00  -243  -351 10355    70    20 -9999 -9999     0
2021 01 07 03  -169  -351 10337   330    40 -9999 -9999     0
2021 01 07 06  -147  -322 10313   320    50 -9999 -9999     0
2021 01 07 09  -153  -313 10316   350    40 -9999 -9999     0
2021 01 07 12  -165  -324 10327    10    30 -9999 -9999     0
2021 01 07 18  -174  -312 10303   325    23 -9999 -9999 -9999
2021 01 07 21  -212  -310 10295   150    10 -9999 -9999     0
2021 01 08 00  -213  -303 10296   150    20 -9999 -9999     0
2021 01 08 03  -126  -290 10281   300    40 -9999 -9999     0
2021 01 08 06  -101  -278 10256   310    50 -9999 -9999     0
2021 01 08 09  -112  -257 10254   330    10 -9999 -9999     0
2021 01 08 12  -126  -243 10269    20    20 -9999 -9999     0
2021 01 08 18  -132  -258 10266   310    20 -9999 -9999     0
2021 01 08 21  -162  -259 10262   174    16 -9999 -9999 -9999
2021 01 09 00  -148  -246 10267   240    30 -9999 -9999     0
2021 01 09 03   -75  -225 10266   200    20 -9999 -9999     0
2021 01 09 06   -45  -211 10248   300    40 -9999 -9999     0
2021 01 09 09   -64  -200 10250    20    10 -9999 -9999     0
2021 01 09 12  -112  -200 10259   310    10 -9999 -9999     0
2021 01 09 18  -112  -198 10274   170    20 -9999 -9999     0
2021 01 09 21  -125  -199 10277   120    10 -9999 -9999     0
2021 01 10 00   -99  -212 10295    70    10 -9999 -9999     0
2021 01 10 03   -54  -203 10308   300    30 -9999 -9999     0
2021 01 10 06   -30  -194 10291   310    40 -9999 -9999     0
2021 01 10 09   -45  -195 10294   300    10 -9999 -9999     0
2021 01 10 12  -124  -207 10310   160    30 -9999 -9999     0
2021 01 10 18  -130  -195 10293   174    18 -9999 -9999 -9999
2021 01 10 21  -126  -194 10272   180    10 -9999 -9999     0
2021 01 11 00  -132  -195 10264   151    19 -9999 -9999 -9999
2021 01 11 03   -55  -179 10248   110    20 -9999 -9999     0
2021 01 11 06    -9  -200 10209   300    20 -9999 -9999     0
2021 01 11 09   -33  -201 10208   300    10 -9999 -9999     0
2021 01 11 12  -110  -206 10208   160    10 -9999 -9999     0
2021 01 11 18  -115  -192 10158   170    30 -9999 -9999     0
2021 01 11 21  -116  -195 10125   170    30 -9999 -9999     0
2021 01 12 00   -94  -197 10105   180    30 -9999 -9999     0
2021 01 12 03   -25  -189 10085   230    40 -9999 -9999     0
2021 01 12 06    16  -178 10058   260    40 -9999 -9999     0
2021 01 12 09    -4  -176 10065   200    20 -9999 -9999     0
2021 01 12 12   -21  -178 10076   220    30 -9999 -9999     0
2021 01 12 18   -80  -176 10063   155    10 -9999 -9999 -9999
2021 01 12 21   -54   -98 10093    30    40 -9999 -9999     0
2021 01 13 00   -75  -105 10135    60    20 -9999 -9999     0
2021 01 13 03   -24  -109 10158   360    30 -9999 -9999     0
2021 01 13 06     2  -171 10165   340    40 -9999 -9999     0
2021 01 13 09   -25  -219 10183    20    30 -9999 -9999     0
2021 01 13 12   -99  -212 10214   160    10 -9999 -9999     0
2021 01 13 18  -135  -189 10234   180    10 -9999 -9999     0
2021 01 13 21  -119  -173 10232   140    10 -9999 -9999     0
2021 01 14 00  -129  -177 10237   180    10 -9999 -9999     0
2021 01 14 03   -77  -184 10225   170    20 -9999 -9999     0
2021 01 14 06   -55  -179 10190   180    30 -9999 -9999     0
2021 01 14 09   -69  -111 10186   170    10 -9999 -9999 -9999
2021 01 14 12   -67  -102 10180   350    20 -9999 -9999    -1
2021 01 14 18   -82  -129 10198    57    56 -9999 -9999 -9999
2021 01 14 21  -105  -182 10229   360    60 -9999 -9999     0
2021 01 15 00  -126  -202 10258    10    50 -9999 -9999     0
2021 01 15 03   -98  -198 10285   360    60 -9999 -9999     0
2021 01 15 06   -77  -205 10284    20    40 -9999 -9999     0
2021 01 15 09   -94  -220 10314     5    53 -9999 -9999 -9999
2021 01 15 12  -127  -224 10322    50    20 -9999 -9999     0
2021 01 15 18  -194  -241 10331   158    19 -9999 -9999 -9999
2021 01 15 21  -197  -248 10328   170    20 -9999 -9999     0
2021 01 16 00  -198  -239 10339   160    20 -9999 -9999     0
2021 01 16 03   -89  -206 10332   200    20 -9999 -9999     0
2021 01 16 06   -56  -250 10312   350    40 -9999 -9999     0
2021 01 16 09   -71  -234 10319     0 -9999 -9999 -9999     0
2021 01 16 12  -140  -241 10330   160    20 -9999 -9999     0
2021 01 16 18  -105  -233 10313   240    30 -9999 -9999     0
2021 01 16 21  -114  -232 10295   240    20 -9999 -9999     0
2021 01 17 00  -116  -231 10277   220    30 -9999 -9999     0
2021 01 17 03   -64  -232 10246   230    60 -9999 -9999     0
2021 01 17 06   -22  -222 10200   252    41 -9999 -9999 -9999
2021 01 17 09   -27  -205 10195   240    30 -9999 -9999     0
2021 01 17 12   -90  -214 10206    20    20 -9999 -9999     0
2021 01 17 18  -146  -223 10205   320    10 -9999 -9999     0
2021 01 17 21  -159  -223 10205   140    10 -9999 -9999     0
2021 01 18 00  -127  -232 10254    50    70 -9999 -9999     0
2021 01 18 03  -106  -228 10300    10    60 -9999 -9999     0
2021 01 18 06  -105  -263 10307    23    63 -9999 -9999 -9999
2021 01 18 09  -130  -285 10330    40    50 -9999 -9999     0
2021 01 18 12  -165  -304 10346    99    20 -9999 -9999 -9999
2021 01 18 18  -166  -295 10340   190    20 -9999 -9999     0
2021 01 18 21  -168  -296 10327   190    20 -9999 -9999     0
2021 01 19 00  -163  -279 10322   190    20 -9999 -9999     0
2021 01 19 03  -100  -232 10307   210    30 -9999 -9999     0
2021 01 19 06   -35  -171 10268   170    50 -9999 -9999     0
2021 01 19 09   -45  -141 10267   170    40 -9999 -9999     0
2021 01 19 12   -75  -128 10273   170    40 -9999 -9999     0
2021 01 19 18   -84  -108 10252   180    20 -9999 -9999     0
2021 01 19 21   -64   -98 10227   200    20 -9999 -9999     0
2021 01 20 00   -38   -66 10217   220    20 -9999 -9999     0
2021 01 20 03    22   -33 10212   190    30 -9999 -9999     0
2021 01 20 06    52   -61 10184   237    43 -9999 -9999 -9999
2021 01 20 09    34   -68 10197   240    20 -9999 -9999     0
2021 01 20 12   -34   -79 10220   200    20 -9999 -9999     0
2021 01 20 18   -99  -119 10239   150    10 -9999 -9999     0
2021 01 20 21  -118  -140 10229   160    20 -9999 -9999     0
2021 01 21 00  -103  -119 10231   150    10 -9999 -9999     0
2021 01 21 03   -59   -88 10232   130    10 -9999 -9999     0
2021 01 21 06     2   -78 10195    10    10 -9999 -9999     0
2021 01 21 09   -21   -82 10206    50    20 -9999 -9999     0
2021 01 21 12   -57   -88 10239   240    10 -9999 -9999     0
2021 01 21 18  -130  -150 10270   150    10 -9999 -9999     0
2021 01 21 21  -137  -157 10287   150    10 -9999 -9999     0
2021 01 22 00  -147  -169 10304   166    15 -9999 -9999 -9999
2021 01 22 03   -27  -117 10298    80    10 -9999 -9999     0
2021 01 22 06     1  -158 10267    67    37 -9999 -9999 -9999
2021 01 22 09   -27  -175 10271    52    24 -9999 -9999 -9999
2021 01 22 12   -66  -174 10273    60    10 -9999 -9999     0
2021 01 22 18  -145  -184 10264   150    20 -9999 -9999     0
2021 01 22 21  -149  -183 10254   200    10 -9999 -9999     0
2021 01 23 00  -155  -186 10262   158    23 -9999 -9999 -9999
2021 01 23 03   -52  -153 10253   160    20 -9999 -9999     0
2021 01 23 06    25  -143 10224   282     7 -9999 -9999 -9999
2021 01 23 09    -1  -141 10224   120    10 -9999 -9999     0
2021 01 23 12   -49  -150 10239   137     8 -9999 -9999 -9999
2021 01 23 18  -112  -156 10251   150    10 -9999 -9999     0
2021 01 23 21  -112  -149 10245   180    20 -9999 -9999     0
2021 01 24 00  -109  -140 10264   190    10 -9999 -9999     0
2021 01 24 03   -27  -112 10273   170    20 -9999 -9999     0
2021 01 24 06    59   -95 10250   150    20 -9999 -9999     0
2021 01 24 09    22  -103 10260    90    10 -9999 -9999     0
2021 01 24 12   -40  -109 10285    21     7 -9999 -9999 -9999
2021 01 24 18  -101  -132 10295   140    10 -9999 -9999     0
2021 01 24 21   -89  -120 10287     0 -9999 -9999 -9999     0
2021 01 25 00   -96  -124 10289   180    20 -9999 -9999     0
2021 01 25 03   -40  -104 10275    30    10 -9999 -9999     0
2021 01 25 06   -13   -92 10246   180    10 -9999 -9999     0
2021 01 25 09   -14   -82 10231    70    10 -9999 -9999     0
2021 01 25 12   -29   -65 10234   323     7 -9999 -9999 -9999
2021 01 25 18  -107  -124 10239   161     6 -9999 -9999 -9999
2021 01 25 21   -99  -112 10236   195    10 -9999 -9999 -9999
2021 01 26 00   -96  -111 10239   170    20 -9999 -9999     0
2021 01 26 03    23  -112 10238   200    30 -9999 -9999     0
2021 01 26 06    42  -218 10225   310    50 -9999 -9999     0
2021 01 26 09    19  -213 10238   330    40 -9999 -9999     0
2021 01 26 12   -20  -214 10263   340    10 -9999 -9999     0
2021 01 26 18  -133  -209 10282   160    20 -9999 -9999     0
2021 01 26 21  -135  -199 10270   177    22 -9999 -9999 -9999
2021 01 27 00  -115  -188 10280   173    15 -9999 -9999 -9999
2021 01 27 03   -52  -186 10257    20    10 -9999 -9999     0
2021 01 27 06    -7  -175 10212   173    41 -9999 -9999 -9999
2021 01 27 09   -16  -154 10189   160    30 -9999 -9999     0
2021 01 27 12   -30  -148 10198   173    15 -9999 -9999 -9999
2021 01 27 18   -65  -202 10219   337    23 -9999 -9999 -9999
2021 01 27 21   -82  -267 10223   330    40 -9999 -9999     0
2021 01 28 00  -103  -262 10255   320    40 -9999 -9999     0
2021 01 28 03   -91  -260 10279   340    60 -9999 -9999     0
2021 01 28 06   -78  -274 10274   330    60 -9999 -9999     0
2021 01 28 09   -91  -285 10279   330    20 -9999 -9999     0
2021 01 28 12  -112  -278 10291   360    10 -9999 -9999     0
2021 01 28 18  -179  -275 10282   180    20 -9999 -9999     0
2021 01 28 21  -164  -263 10267   190    10 -9999 -9999     0
2021 01 29 00  -187  -255 10269   150    20 -9999 -9999     0
2021 01 29 03   -85  -264 10259   189    22 -9999 -9999 -9999
2021 01 29 06   -27  -238 10203   160    40 -9999 -9999     0
2021 01 29 09   -51  -152 10178   170    40 -9999 -9999     0
2021 01 29 12   -60  -171 10178   170    40 -9999 -9999     0
2021 01 29 18  -106  -186 10201    90    10 -9999 -9999     0
2021 01 29 21   -85  -169 10239    55    55 -9999 -9999 -9999
2021 01 30 00  -103  -197 10284    70    20 -9999 -9999     0
2021 01 30 03   -74  -206 10291    50    40 -9999 -9999     0
2021 01 30 06   -47  -209 10274    70    40 -9999 -9999     0
2021 01 30 09   -78  -236 10283    70    30 -9999 -9999     0
2021 01 30 12  -103  -249 10293   140    30 -9999 -9999     0
2021 01 30 18  -127  -227 10277   190    20 -9999 -9999     0
2021 01 30 21  -146  -230 10255   160    10 -9999 -9999     0
2021 01 31 00  -135  -206 10239    20    20 -9999 -9999     0
2021 01 31 03   -60  -152 10209   190    30 -9999 -9999     0
2021 01 31 06     4   -96 10155   180    30 -9999 -9999     0
2021 01 31 09   -16   -62 10134   160    50 -9999 -9999     0
2021 01 31 12   -32   -55 10139   170    25 -9999 -9999 -9999
2021 01 31 18  -102  -119 10145   170    20 -9999 -9999     0
2021 01 31 21   -93  -112 10168    40    30 -9999 -9999     0
2021 02 01 00   -85  -203 10240   330    27 -9999 -9999 -9999
2021 02 01 03   -64  -223 10260   300    40 -9999 -9999     0
2021 02 01 06   -47  -237 10256   330    50 -9999 -9999     0
2021 02 01 09   -70  -233 10268   350    60 -9999 -9999     0
2021 02 01 12  -111  -226 10294    60    30 -9999 -9999     0
2021 02 01 18  -180  -246 10306   150    20 -9999 -9999     0
2021 02 01 21  -155  -238 10295   200    20 -9999 -9999     0
2021 02 02 00  -170  -230 10298   170    16 -9999 -9999 -9999
2021 02 02 03   -75  -246 10280   220    40 -9999 -9999     0
2021 02 02 06   -42  -244 10256   354    39 -9999 -9999 -9999
2021 02 02 09   -50  -229 10254    10    20 -9999 -9999     0
2021 02 02 12   -94  -231 10272    40    30 -9999 -9999     0
2021 02 02 18  -178  -245 10273   160    20 -9999 -9999     0
2021 02 02 21  -190  -245 10260   160    10 -9999 -9999     0
2021 02 03 00  -177  -230 10266   152    12 -9999 -9999 -9999
2021 02 03 03   -98  -203 10252   200    10 -9999 -9999     0
2021 02 03 06   -35  -194 10225   140    20 -9999 -9999     0
2021 02 03 09   -32  -230 10255   330    40 -9999 -9999     0
2021 02 03 12   -71  -238 10276   360    20 -9999 -9999     0
2021 02 03 18  -137  -236 10273   157    26 -9999 -9999 -9999
2021 02 03 21  -134  -226 10250   130    10 -9999 -9999     0
2021 02 04 00  -114  -212 10237   207    22 -9999 -9999 -9999
2021 02 04 03    18  -177 10216   230    50 -9999 -9999     0
2021 02 04 06    72  -177 10176   220    60 -9999 -9999     0
2021 02 04 09    64  -184 10165   230    40 -9999 -9999     0
2021 02 04 12    35  -180 10167   220    40 -9999 -9999     0
2021 02 04 18     6  -167 10139   210    20 -9999 -9999     0
2021 02 04 21     6  -172 10117   230    30 -9999 -9999     0
2021 02 05 00   -21  -166 10116   160    20 -9999 -9999     0
2021 02 05 03    86  -131 10101   250    40 -9999 -9999     0
2021 02 05 06   121  -115 10073   240    30 -9999 -9999     0
2021 02 05 09    97  -110 10078   320    10 -9999 -9999     0
2021 02 05 12    38  -114 10098   100    10 -9999 -9999     0
2021 02 05 18   -50  -122 10109   150    20 -9999 -9999     0
2021 02 05 21   -65  -124 10113   120    10 -9999 -9999     0
2021 02 06 00   -49  -107 10144   178    10 -9999 -9999 -9999
2021 02 06 03    22  -113 10169    50    70 -9999 -9999     0
2021 02 06 06    37  -107 10173    70    60 -9999 -9999     0
2021 02 06 09     2  -124 10204    60    50 -9999 -9999     0
2021 02 06 12    -9  -131 10234    20    30 -9999 -9999     0
2021 02 06 18   -37  -145 10284    10    40 -9999 -9999     0
2021 02 06 21   -64  -144 10293    10    20 -9999 -9999     0
2021 02 07 00   -64  -172 10312     4    25 -9999 -9999 -9999
2021 02 07 03   -31  -195 10320   350    40 -9999 -9999     0
2021 02 07 06   -22  -206 10316   300    50 -9999 -9999     0
2021 02 07 09   -27  -206 10320   335    39 -9999 -9999 -9999
2021 02 07 12   -89  -210 10323   200    10 -9999 -9999     0
2021 02 07 18  -127  -201 10328   170    10 -9999 -9999     0
2021 02 07 21  -137  -201 10331   171    17 -9999 -9999 -9999
2021 02 08 00  -120  -180 10345   176    16 -9999 -9999 -9999
2021 02 08 03   -21  -174 10343   220    20 -9999 -9999     0
2021 02 08 06    18  -182 10313   360    30 -9999 -9999     0
2021 02 08 09    11  -183 10292   180    20 -9999 -9999     0
2021 02 08 12   -27  -175 10289   160    40 -9999 -9999     0
2021 02 08 18   -92  -164 10263   170    10 -9999 -9999     0
2021 02 08 21   -98  -167 10244   140    20 -9999 -9999     0
2021 02 09 00   -94  -151 10247   135    16 -9999 -9999 -9999
2021 02 09 03    44  -125 10232   220    40 -9999 -9999     0
2021 02 09 06    96  -143 10198   220    30 -9999 -9999     0
2021 02 09 12   -15  -161 10201   150    10 -9999 -9999     0
2021 02 09 18   -52  -141 10192   171    18 -9999 -9999 -9999
2021 02 09 21   -40  -124 10186   170    30 -9999 -9999     0
2021 02 10 00   -52  -122 10212   160    10 -9999 -9999     0
2021 02 10 03    61  -102 10229    40    20 -9999 -9999     0
2021 02 10 06    93  -125 10220   100    20 -9999 -9999     0
2021 02 10 09    89  -128 10214   190    20 -9999 -9999     0
2021 02 11 00    -8  -115 10188   180    40 -9999 -9999     0
2021 02 13 12    15  -103 10247    30    50 -9999 -9999     0
2021 02 13 18     1  -135 10237    51    33 -9999 -9999 -9999
2021 02 13 21   -15  -127 10227    50    50 -9999 -9999     0
2021 02 14 00   -35  -171 10231    60    60 -9999 -9999     0
2021 02 14 03   -39  -178 10230    50    60 -9999 -9999     0
2021 02 14 06   -25  -139 10215    30    50 -9999 -9999     0
2021 02 14 09   -60   -89 10233    30    40 -9999 -9999     3
2021 02 14 12   -67  -138 10250    10    50 -9999 -9999     6
2021 02 14 18   -94  -199 10254    10    30 -9999 -9999     0
2021 02 14 21   -99  -228 10239   300    40 -9999 -9999     0
2021 02 15 00   -89  -223 10233   310    30 -9999 -9999     0
2021 02 15 03   -44  -202 10211    56    26 -9999 -9999 -9999
2021 02 15 06   -17  -206 10176   330    20 -9999 -9999     0
2021 02 15 09   -25  -194 10163    10    30 -9999 -9999     0
2021 02 15 12   -49  -191 10186    40    40 -9999 -9999     0
2021 02 15 18   -82  -197 10205    20    40 -9999 -9999     0
2021 02 15 21   -94  -199 10209   340    20 -9999 -9999     0
2021 02 16 00   -88  -188 10232    30    20 -9999 -9999     0
2021 02 16 03   -63  -246 10240   330    60 -9999 -9999     0
2021 02 16 06   -70  -268 10249   302    73 -9999 -9999 -9999
2021 02 16 09   -85  -269 10259   344    54 -9999 -9999 -9999
2021 02 16 12  -102  -261 10276   330    60 -9999 -9999     0
2021 02 16 18  -132  -271 10291   300    20 -9999 -9999     0
2021 02 16 21  -136  -279 10286   310    40 -9999 -9999     0
2021 02 17 00  -130  -273 10297   330    40 -9999 -9999     0
2021 02 17 03   -83  -263 10289   350    70 -9999 -9999     0
2021 02 17 06   -52  -258 10276   350    80 -9999 -9999 -9999
2021 02 17 09   -50  -270 10281   330    50 -9999 -9999     0
2021 02 17 12   -70  -268 10293   300    20 -9999 -9999     0
2021 02 17 18  -110  -268 10294     0 -9999 -9999 -9999     0
2021 02 17 21  -154  -254 10292   160    20 -9999 -9999     0
2021 02 18 00  -110  -239 10294   163    25 -9999 -9999 -9999
2021 02 18 03   -22  -247 10269   230    30 -9999 -9999     0
2021 02 18 06    46  -215 10214   195    30 -9999 -9999 -9999
2021 02 18 09    38  -213 10188   160    50 -9999 -9999     0
2021 02 18 12   -12  -154 10171   180    40 -9999 -9999     0
2021 02 18 18   -28  -155 10116   140    20 -9999 -9999     0
2021 02 18 21    32  -131 10078   240    30 -9999 -9999     0
2021 02 19 00    47  -127 10058   220    50 -9999 -9999     0
2021 02 19 03    99  -126 10039   210    30 -9999 -9999     0
2021 02 19 06   155  -138 10007   230    50 -9999 -9999     0
2021 02 19 09   142  -105 10027   360    40 -9999 -9999     0
2021 02 20 18    10   -83 10019   159     7 -9999 -9999 -9999
2021 02 20 21    10   -71 10020   174     4 -9999 -9999 -9999
2021 02 21 00     5   -73 10031   155    17 -9999 -9999 -9999
2021 02 21 18     0  -120 10214    14    48 -9999 -9999 -9999
2021 02 21 21   -37  -124 10241    69     9 -9999 -9999 -9999
2021 02 22 00   -28  -120 10269    30    20 -9999 -9999     0
2021 02 22 03    13  -211 10280   360    80 -9999 -9999     0
2021 02 22 06    27  -193 10271   330    50 -9999 -9999     0
2021 02 22 09     6  -204 10281    10    50 -9999 -9999     0
2021 02 22 12   -31  -213 10309    20    40 -9999 -9999     0
2021 02 22 18   -66  -206 10330   280    10 -9999 -9999     0
2021 02 22 21   -95  -187 10340   170    20 -9999 -9999     0
2021 02 23 00   -73  -180 10346   150    20 -9999 -9999     0
2021 02 23 03   -15  -221 10336    50    30 -9999 -9999     0
2021 02 23 06    11  -220 10302   140    20 -9999 -9999     0
2021 02 23 09     5  -218 10285   170    30 -9999 -9999     0
2021 02 23 12   -45  -170 10298   160    50 -9999 -9999     0
2021 02 23 18   -75  -157 10299   171    35 -9999 -9999 -9999
2021 02 23 21   -80  -142 10278   200    20 -9999 -9999     0
2021 02 24 00   -85  -140 10277   242     9 -9999 -9999 -9999
2021 02 24 03    -4  -109 10252   240    20 -9999 -9999     0
2021 02 24 06    61   -98 10220   240    40 -9999 -9999 -9999
2021 02 24 09    59   -99 10217   160    20 -9999 -9999     0
2021 02 24 12     4   -99 10245   340    10 -9999 -9999     0
2021 02 24 18   -46   -98 10281     0 -9999 -9999 -9999     0
2021 02 24 21   -22  -137 10285    40    40 -9999 -9999     0
2021 02 25 00   -24  -169 10304    51    31 -9999 -9999 -9999
2021 02 25 03    12  -226 10303    40    40 -9999 -9999     0
2021 02 25 06    46  -215 10273   280    10 -9999 -9999     0
2021 02 25 09    47  -190 10260    60    10 -9999 -9999     0
2021 02 25 12     1  -197 10270   180    30 -9999 -9999     0
2021 02 25 18   -62  -179 10276   160    10 -9999 -9999     0
2021 02 25 21   -80  -173 10275   214     5 -9999 -9999 -9999
2021 02 26 00   -50  -149 10285   147    14 -9999 -9999 -9999
2021 02 26 03    47  -110 10284   111    15 -9999 -9999 -9999
2021 02 26 06   115  -127 10252   150    50 -9999 -9999     0
2021 02 26 09   101  -132 10243   150    50 -9999 -9999     0
2021 02 26 12    41  -132 10255   170    40 -9999 -9999     0
2021 02 26 18    -8  -115 10247   190    30 -9999 -9999     0
2021 02 26 21   -16  -109 10237   190    30 -9999 -9999     0
2021 02 27 00    -3   -97 10245   190    30 -9999 -9999     0
2021 02 27 03    96  -105 10233   180    50 -9999 -9999     0
2021 02 27 06   134  -119 10198   180    70 -9999 -9999     0
2021 02 27 09   124   -93 10207   220    50 -9999 -9999     0
2021 02 27 12    61  -106 10219   160    60 -9999 -9999     0
2021 02 27 18    27   -86 10223   170    40 -9999 -9999     0
2021 02 27 21    33  -103 10217   160    40 -9999 -9999     0
2021 02 28 00    32   -97 10237   200    10 -9999 -9999     0
2021 02 28 03   -11   -24 10279    50    70 -9999 -9999    20
2021 02 28 06   -14   -47 10299    40    60 -9999 -9999    20
2021 02 28 09   -12   -69 10304    40    60 -9999 -9999     3
2021 02 28 12   -21  -124 10327    20    60 -9999 -9999     1
2021 02 28 18   -50  -195 10342    40    50 -9999 -9999     0
2021 02 28 21   -57  -213 10343    20    60 -9999 -9999     0
2021 03 01 00   -62  -210 10348    25    56 -9999 -9999 -9999
2021 03 01 03   -34  -197 10333    10    70 -9999 -9999     0
2021 03 01 06    -8  -194 10302    20    50 -9999 -9999     0
2021 03 01 09   -24  -202 10295    40    50 -9999 -9999     0
2021 03 01 12   -51  -192 10302    50    40 -9999 -9999     0
2021 03 01 18  -120  -180 10291   160    20 -9999 -9999     0
2021 03 01 21  -128  -184 10295   160    20 -9999 -9999     0
2021 03 02 00   -98  -157 10299   140    20 -9999 -9999     0
2021 03 02 03   -12  -159 10285   179    29 -9999 -9999 -9999
2021 03 02 06    47  -132 10250   150    40 -9999 -9999     0
2021 03 02 09    37  -107 10230   140    50 -9999 -9999     0
2021 03 02 12   -15   -78 10231   170    50 -9999 -9999     0
2021 03 02 18   -22   -53 10199   200    30 -9999 -9999     0
2021 03 02 21    16   -33 10182   230    50 -9999 -9999     0
2021 03 03 00    39   -13 10175   230    50 -9999 -9999     0
2021 03 03 03    82    -8 10161   220    60 -9999 -9999     0
2021 03 03 06   131   -28 10131   240    50 -9999 -9999     0
2021 03 03 09   123   -27 10126   210    30 -9999 -9999     0
2021 03 03 12    59   -10 10153   230    50 -9999 -9999     0
2021 03 03 18    19    -8 10151   170    30 -9999 -9999     0
2021 03 03 21    16    -8 10133   180    30 -9999 -9999     0
2021 03 04 00    33    -3 10138   200    20 -9999 -9999     0
2021 03 04 03   117     8 10129   230    60 -9999 -9999     0
2021 03 04 06   170   -16 10110   220    40 -9999 -9999     0
2021 03 04 09   162   -28 10112   240    30 -9999 -9999     0
2021 03 04 12   122     0 10132   220    50 -9999 -9999     0
2021 03 04 18    66   -13 10180    40    70 -9999 -9999     0
2021 03 04 21    -5   -87 10241    49    83 -9999 -9999 -9999
2021 03 05 00   -30  -133 10298    30    70 -9999 -9999     0
2021 03 05 03   -20  -190 10329   360    80 -9999 -9999     0
2021 03 05 06     1  -228 10326    22    67 -9999 -9999 -9999
2021 03 05 09   -24  -242 10349    27    63 -9999 -9999 -9999
2021 03 05 12   -52  -226 10382    40    50 -9999 -9999     0
2021 03 05 18   -80  -237 10412    20    50 -9999 -9999     0
2021 03 05 21   -99  -231 10418   350    30 -9999 -9999     0
2021 03 06 00   -87  -248 10427    20    40 -9999 -9999     0
2021 03 06 03   -50  -245 10416    70    30 -9999 -9999     0
2021 03 06 06   -11  -245 10375    40    30 -9999 -9999     0
2021 03 06 09    -9  -243 10356    80    20 -9999 -9999     0
2021 03 06 12   -52  -227 10357   236    15 -9999 -9999 -9999
2021 03 06 18  -126  -218 10340   140    20 -9999 -9999     0
2021 03 06 21  -117  -203 10321   170    20 -9999 -9999     0
2021 03 07 00   -75  -188 10322   170    20 -9999 -9999     0
2021 03 07 03    22  -158 10306   175    25 -9999 -9999 -9999
2021 03 07 06    87  -182 10270   170    30 -9999 -9999     0
2021 03 07 09    74  -154 10263   150    40 -9999 -9999     0
2021 03 07 12    18   -92 10282   160    30 -9999 -9999     0
2021 03 07 18   -67  -104 10279   168    19 -9999 -9999 -9999
2021 03 07 21   -77  -110 10266   152    17 -9999 -9999 -9999
2021 03 08 00   -38   -92 10269   150    20 -9999 -9999     0
2021 03 08 03    65   -65 10250   200    20 -9999 -9999     0
2021 03 08 06   120   -55 10215   170    40 -9999 -9999     0
2021 03 08 09    97   -39 10208   150    50 -9999 -9999     0
2021 03 08 12    57   -52 10217   166    35 -9999 -9999 -9999
2021 03 08 18    22   -59 10212   188    31 -9999 -9999 -9999
2021 03 08 21    26   -63 10214   162    27 -9999 -9999 -9999
2021 03 09 00    35   -52 10236   180    30 -9999 -9999     0
2021 03 09 03   123   -35 10238   230    30 -9999 -9999     0
2021 03 09 06   179  -100 10224    40    30 -9999 -9999     0
2021 03 09 09   154  -103 10238    80    60 -9999 -9999     0
2021 03 09 12    74  -124 10274    70    20 -9999 -9999     0
2021 03 09 18   -16   -99 10278   160    10 -9999 -9999     0
2021 03 09 21   -13  -106 10271   340    10 -9999 -9999     0
2021 03 10 00    19   -94 10265   350    10 -9999 -9999     0
2021 03 10 03    80   -69 10243   190    30 -9999 -9999     0
2021 03 10 06   160     9 10200   234    59 -9999 -9999 -9999
2021 03 10 09   165     5 10190   213    36 -9999 -9999 -9999
2021 03 10 12   132    -4 10207   221    33 -9999 -9999 -9999
2021 03 10 18    87    16 10217   210    10 -9999 -9999     0
2021 03 10 21    62   -18 10236    48    31 -9999 -9999 -9999
2021 03 11 00    67   -41 10251    10    30 -9999 -9999     0
2021 03 11 03    97   -69 10256    60    32 -9999 -9999 -9999
2021 03 11 06   121   -84 10238    40    40 -9999 -9999     0
2021 03 11 09   109   -94 10237    70    30 -9999 -9999     0
2021 03 11 12    80  -103 10258    80    30 -9999 -9999     0
2021 03 11 18    50   -43 10269    38    23 -9999 -9999     1
2021 03 11 21    40   -14 10274    40    10 -9999 -9999     3
2021 03 12 00    44    -6 10289   330    10 -9999 -9999     2
2021 03 12 03    80   -51 10286    80    20 -9999 -9999     0
2021 03 12 06   100   -63 10258   251     9 -9999 -9999 -9999
2021 03 12 09   100   -51 10253   290    10 -9999 -9999     0
2021 03 12 12    85   -65 10259   227    28 -9999 -9999 -9999
2021 03 12 18    50     2 10248   220    30 -9999 -9999     0
2021 03 12 21    33     9 10238   170    10 -9999 -9999     0
2021 03 13 00    41    13 10245   220    20 -9999 -9999     0
2021 03 13 03    89     9 10237   200    20 -9999 -9999     0
2021 03 13 06   110    10 10207   220    20 -9999 -9999     0
2021 03 13 09   114     2 10193   190    20 -9999 -9999     0
2021 03 13 12    75     4 10199   192    22 -9999 -9999 -9999
2021 03 13 18     6   -16 10194   180    10 -9999 -9999     0
2021 03 13 21   -26   -36 10185   150    20 -9999 -9999     0
2021 03 14 00     7    -3 10190   190    20 -9999 -9999     0
2021 03 14 03    96    15 10164   200    20 -9999 -9999     0
2021 03 14 06   138    24 10125   180    40 -9999 -9999     0
2021 03 14 09   115    35 10114   180    50 -9999 -9999     0
2021 03 14 12    82    33 10111   170    60 -9999 -9999     0
2021 03 14 18    90    36 10073   189    52 -9999 -9999 -9999
2021 03 14 21    93    43 10057   200    40 -9999 -9999     0
2021 03 15 00   115    58 10083   230    60 -9999 -9999     0
2021 03 15 03   108  -175 10127   320    60 -9999 -9999     0
2021 03 15 06   122  -198 10120   350    60 -9999 -9999     0
2021 03 15 09   112  -182 10135   300    50 -9999 -9999     0
2021 03 15 12    71  -186 10181   320    40 -9999 -9999     0
2021 03 15 18    -7  -161 10214   150    20 -9999 -9999     0
2021 03 15 21    32  -182 10213   340    50 -9999 -9999     0
2021 03 16 00    51  -202 10234   290    30 -9999 -9999     0
2021 03 16 03    97  -230 10235   355    41 -9999 -9999 -9999
2021 03 16 06   118  -230 10214    80    40 -9999 -9999     0
2021 03 16 09   112  -219 10199    95    22 -9999 -9999 -9999
2021 03 16 12    57  -206 10214    40    20 -9999 -9999     0
2021 03 16 18    19  -165 10222   340    20 -9999 -9999     0
2021 03 16 21   -27  -141 10226    30    10 -9999 -9999     0
2021 03 17 00    12  -137 10244   143     9 -9999 -9999 -9999
2021 03 17 03    91  -170 10245    60    40 -9999 -9999     0
2021 03 17 06   120  -177 10236    46    37 -9999 -9999 -9999
2021 03 17 09   115  -169 10231    80    30 -9999 -9999     0
2021 03 17 12    50  -174 10257    86    21 -9999 -9999 -9999
2021 03 17 18    35  -142 10257   360    20 -9999 -9999     0
2021 03 17 21    16  -115 10255   150    10 -9999 -9999     0
2021 03 18 00    32  -119 10268   140    10 -9999 -9999     0
2021 03 18 03    73  -155 10273    40    30 -9999 -9999     0
2021 03 18 06   114  -161 10238    10    30 -9999 -9999     0
2021 03 18 09   111  -154 10222   150    20 -9999 -9999     0
2021 03 18 12    47  -137 10238   171    11 -9999 -9999 -9999
2021 03 18 18   -20  -123 10238   160    10 -9999 -9999     0
2021 03 18 21   -44  -125 10230   160    20 -9999 -9999     0
2021 03 19 00    -5  -104 10246   158    19 -9999 -9999 -9999
2021 03 19 03    87  -113 10216   130    10 -9999 -9999     0
2021 03 19 06   125  -105 10184    60    20 -9999 -9999     0
2021 03 19 09   114  -108 10174    80    30 -9999 -9999     0
2021 03 19 12    91  -127 10178   190    11 -9999 -9999 -9999
2021 03 19 18    42     0 10172   340    20 -9999 -9999     1
2021 03 19 21    28     5 10167   360    30 -9999 -9999     3
2021 03 20 00    35     5 10166   151     6 -9999 -9999     2
2021 03 20 03    54     6 10156   350    10 -9999 -9999     0
2021 03 20 06    97    -2 10121   220    20 -9999 -9999     0
2021 03 20 09    85   -16 10130    70    20 -9999 -9999     1
2021 03 20 12    60  -111 10159   280    30 -9999 -9999     1
2021 03 20 18    20   -99 10176   290    40 -9999 -9999     0
2021 03 20 21    21  -121 10185   310    50 -9999 -9999     0
2021 03 21 00    28  -144 10204   320    50 -9999 -9999     0
2021 03 21 03    57  -168 10211   338    64 -9999 -9999 -9999
2021 03 21 06    77  -173 10195   340    70 -9999 -9999     0
2021 03 21 09    83  -168 10187   300    40 -9999 -9999     0
2021 03 21 12    63  -163 10205   310    20 -9999 -9999     0
2021 03 21 18   -38  -145 10202   170    20 -9999 -9999     0
2021 03 21 21   -27  -127 10194   170    30 -9999 -9999 -9999
2021 03 22 00    32  -111 10196   145    35 -9999 -9999 -9999
2021 03 22 03   125  -126 10181   250    40 -9999 -9999     0
2021 03 22 06   167  -139 10142   230    50 -9999 -9999     0
2021 03 22 09   163  -142 10116   230    50 -9999 -9999     0
2021 03 22 12   145  -136 10117   230    50 -9999 -9999     0
2021 03 22 18   115  -113 10098   228    35 -9999 -9999 -9999
2021 03 22 21   112  -109 10091   230    40 -9999 -9999     0
2021 03 23 00   125   -98 10096   210    30 -9999 -9999     0
2021 03 23 03   177  -111 10083   250    30 -9999 -9999     0
2021 03 23 06   220  -138 10055   259    38 -9999 -9999 -9999
2021 03 23 09   209  -162 10056   350    50 -9999 -9999     0
2021 03 23 12   165   -95 10088    50    41 -9999 -9999 -9999
2021 03 23 18   101   -85 10139    40    20 -9999 -9999     0
2021 03 23 21    76   -84 10153   350    10 -9999 -9999     0
2021 03 24 00    75   -70 10185   160    20 -9999 -9999     0
2021 03 24 03   171  -106 10182    80    30 -9999 -9999     0
2021 03 24 06   192  -119 10156    92    35 -9999 -9999 -9999
2021 03 24 09   186  -124 10154    90    20 -9999 -9999     0
2021 03 24 12   120   -50 10171   160    70 -9999 -9999     0
2021 03 24 18    67   -77 10157   190    30 -9999 -9999     0
2021 03 24 21   102   -70 10150   200    40 -9999 -9999     0
2021 03 25 00   128   -73 10172   250    40 -9999 -9999     0
2021 03 25 03   189   -59 10170   220    30 -9999 -9999     0
2021 03 25 06   230   -79 10146   160    20 -9999 -9999     0
2021 03 25 09   202   -41 10139   146    64 -9999 -9999 -9999
2021 03 25 12   143   -55 10161    10    10 -9999 -9999     0
2021 03 25 18    45   -50 10163   170    10 -9999 -9999     0
2021 03 25 21    51   -22 10154   130    10 -9999 -9999     0
2021 03 26 00    77   -15 10150   280    10 -9999 -9999     0
2021 03 26 03   139     5 10134   160    40 -9999 -9999     0
2021 03 26 06   186    36 10103   170    50 -9999 -9999     0
2021 03 26 09   157    59 10109   230    50 -9999 -9999 -9999
2021 03 26 12   112    49 10116   170    36 -9999 -9999 -9999
2021 03 26 18    77    45 10107   170    40 -9999 -9999     0
2021 03 26 21    72    47 10093   170    30 -9999 -9999     0
2021 03 27 00    87    56 10095   170    30 -9999 -9999     0
2021 03 27 03   154    67 10079   170    40 -9999 -9999     0
2021 03 27 06   175    58 10046   151    69 -9999 -9999 -9999
2021 03 27 09   150    52 10027   160    70 -9999 -9999     0
2021 03 27 12    97    45 10037   158    58 -9999 -9999 -9999
2021 03 27 18    57    43  9996   180    34 -9999 -9999 -9999
2021 03 27 21    65    45  9978   180    30 -9999 -9999     0
2021 03 28 00   103    59  9989   290    10 -9999 -9999     0
2021 03 28 03   127   -85 10006   292    59 -9999 -9999 -9999
2021 03 28 06   155   -87  9995   310    50 -9999 -9999     0
2021 03 28 09   134   -91 10019   310    70 -9999 -9999     0
2021 03 28 12   113   -85 10046   310    40 -9999 -9999     0
2021 03 28 18    88  -129 10070   310    40 -9999 -9999     0
2021 03 28 21    68  -129 10079   310    30 -9999 -9999     0
2021 03 29 00    87  -136 10092   318    26 -9999 -9999 -9999
2021 03 29 03   132  -156 10085   310    40 -9999 -9999     0
2021 03 29 06   168  -163 10058   320    30 -9999 -9999     0
2021 03 29 09   169  -162 10051   340    30 -9999 -9999     0
2021 03 29 12    92  -132 10077   150    10 -9999 -9999     0
2021 03 29 18    -8  -124 10114   170    20 -9999 -9999     0
2021 03 29 21     4  -119 10121   170    20 -9999 -9999     0
2021 03 30 00    57  -105 10138   170    30 -9999 -9999     0
2021 03 30 03   168  -108 10120   220    20 -9999 -9999     0
2021 03 30 06   207  -120 10085   160    50 -9999 -9999     0
2021 03 30 09   177  -121 10074   160    70 -9999 -9999     0
2021 03 30 12   133  -120 10092   170    40 -9999 -9999     0
2021 03 30 18   115   -50 10086   190    30 -9999 -9999     0
2021 03 30 21   131   -16 10088   210    20 -9999 -9999     0
2021 03 31 00   159   -16 10116   310    40 -9999 -9999     0
2021 03 31 03   194    -6 10128   340    30 -9999 -9999     0
2021 03 31 06   211   -41 10127   310    30 -9999 -9999     0
2021 03 31 09   195   -28 10137    20    50 -9999 -9999     0
2021 03 31 12   172   -15 10159    40    40 -9999 -9999     0
2021 03 31 18   117   -49 10187   320    10 -9999 -9999     0
2021 03 31 21    69   -42 10193   170    20 -9999 -9999     0
2021 04 01 00    95   -34 10209   140    10 -9999 -9999     0
2021 04 01 03   170   -16 10199   339    18 -9999 -9999 -9999
2021 04 01 06   204   -14 10168   100    20 -9999 -9999     0
2021 04 01 09   199   -24 10162   140    40 -9999 -9999     0
2021 04 01 12   167   -19 10170   173    20 -9999 -9999 -9999
2021 04 01 18   138   -26 10171   170    30 -9999 -9999     0
2021 04 01 21   130   -37 10168   184    24 -9999 -9999 -9999
2021 04 02 00   138   -30 10180   160    30 -9999 -9999     0
2021 04 02 03   161   -19 10183   146    47 -9999 -9999 -9999
2021 04 02 06   180    -8 10175   170    30 -9999 -9999     0
2021 04 02 09   155    26 10181   177    25 -9999 -9999 -9999
2021 04 02 12   132    24 10200   170    20 -9999 -9999     0
2021 04 02 18   104   -60 10245   360    60 -9999 -9999     0
2021 04 02 21    85  -145 10262   360    70 -9999 -9999     0
2021 04 03 00    85  -168 10280    16    92 -9999 -9999 -9999
2021 04 03 03   115  -160 10274    20    90 -9999 -9999     0
2021 04 03 06   135  -164 10248    10    90 -9999 -9999     0
2021 04 03 09   131  -167 10237    10    70 -9999 -9999     0
2021 04 03 12    96  -158 10254    20    20 -9999 -9999     0
2021 04 03 18    10  -117 10262   150    20 -9999 -9999     0
2021 04 03 21   -15  -116 10262   170    20 -9999 -9999     0
2021 04 04 00    68  -109 10266   140    20 -9999 -9999     0
2021 04 04 03   149  -107 10244   100    20 -9999 -9999     0
2021 04 04 06   190  -121 10212    20    30 -9999 -9999     0
2021 04 04 09   191  -145 10198    10    40 -9999 -9999     0
2021 04 04 12   122  -121 10209   184    32 -9999 -9999 -9999
2021 04 04 18    46  -111 10219   180    20 -9999 -9999     0
2021 04 04 21    23  -106 10216   160    20 -9999 -9999     0
2021 04 05 00    97   -99 10215   160    30 -9999 -9999     0
2021 04 05 06   235  -162 10153   220    50 -9999 -9999     0
2021 04 05 09   214  -158 10139   220    50 -9999 -9999     0
2021 04 05 12   181  -107 10155   216    41 -9999 -9999 -9999
2021 04 05 18   109   -51 10188   170    10 -9999 -9999     0
2021 04 05 21    86   -72 10207    50    30 -9999 -9999     0
2021 04 06 00   125   -81 10227   360    20 -9999 -9999     0
2021 04 06 03   182   -80 10221    78    17 -9999 -9999 -9999
2021 04 06 06   207   -87 10192   135    40 -9999 -9999 -9999
2021 04 06 09   205   -88 10174   190    40 -9999 -9999     0
2021 04 06 12   158   -85 10200   160    60 -9999 -9999     0
2021 04 06 18   119   -91 10248    30    60 -9999 -9999     0
2021 04 06 21    69  -145 10264    30    70 -9999 -9999     0
2021 04 07 00    72  -170 10289    30    60 -9999 -9999     0
2021 04 07 03   110  -173 10284    60    50 -9999 -9999     0
2021 04 07 06   147  -179 10252    10    20 -9999 -9999     0
2021 04 07 09   137  -174 10237    40    50 -9999 -9999     0
2021 04 07 12    72  -170 10237    80    20 -9999 -9999     0
2021 04 07 18    31  -146 10228   180    20 -9999 -9999     0
2021 04 07 21    17  -129 10227   160    30 -9999 -9999     0
2021 04 08 00    87  -101 10246   200     8 -9999 -9999 -9999
2021 04 08 06   180  -108 10228    70    50 -9999 -9999     0
2021 04 08 09   163  -122 10217    60    50 -9999 -9999     0
2021 04 08 12    95  -117 10238   100    20 -9999 -9999     0
2021 04 08 18    65  -112 10253   150    20 -9999 -9999     0
2021 04 08 21    20  -105 10258   150    20 -9999 -9999     0
2021 04 09 00    69   -91 10276   330    10 -9999 -9999     0
2021 04 09 03   115  -113 10276   161    30 -9999 -9999 -9999
2021 04 09 06   156  -101 10251   153    46 -9999 -9999 -9999
2021 04 09 09   157   -79 10236   140    60 -9999 -9999     0
2021 04 09 12   118  -104 10249   170    50 -9999 -9999     0
2021 04 09 18    60   -94 10250   180    20 -9999 -9999     0
2021 04 09 21    60   -72 10247   200    20 -9999 -9999     0
2021 04 10 00    89   -61 10249   210    20 -9999 -9999     0
2021 04 10 03   170   -61 10232   190    40 -9999 -9999     0
2021 04 10 06   228    -6 10192   210    50 -9999 -9999     0
2021 04 10 09   224    -3 10180   220    60 -9999 -9999     0
2021 04 10 12   186   -29 10206   210    40 -9999 -9999     0
2021 04 10 18   135    32 10215   168    34 -9999 -9999 -9999
2021 04 10 21   130    27 10218   176    25 -9999 -9999 -9999
2021 04 11 00   151    20 10223   170    30 -9999 -9999     0
2021 04 11 03   198    17 10219   180    50 -9999 -9999     0
2021 04 11 06   206     4 10202   230    50 -9999 -9999     0
2021 04 11 09   182    33 10196   180    50 -9999 -9999     0
2021 04 11 12   134    20 10201   170    50 -9999 -9999     0
2021 04 11 18    90    21 10184   170    40 -9999 -9999     0
2021 04 11 21    74    23 10169   170    40 -9999 -9999     0
2021 04 12 00   111    41 10164   180    50 -9999 -9999     0
2021 04 12 03   119    66 10151   170    50 -9999 -9999     0
2021 04 12 06   133    73 10132   170    40 -9999 -9999 -9999
2021 04 12 09    66    43 10174    20    40 -9999 -9999    50
2021 04 12 12    70   -30 10195    10    50 -9999 -9999    60
2021 04 12 18    31   -98 10234   350    27 -9999 -9999 -9999
2021 04 12 21    12   -85 10236   316    19 -9999 -9999 -9999
2021 04 13 00    38  -103 10237   320    30 -9999 -9999     0
2021 04 13 03    75  -140 10220   320    20 -9999 -9999     0
2021 04 13 06   103  -160 10192   330    40 -9999 -9999     0
2021 04 13 09   116  -150 10166   360    20 -9999 -9999     0
2021 04 13 12    72   -96 10162   170    60 -9999 -9999     0
2021 04 13 18    19   -55 10156   180    20 -9999 -9999     0
2021 04 13 21    -9   -64 10165   210    10 -9999 -9999     0
2021 04 14 00    62   -58 10181   170    20 -9999 -9999     0
2021 04 14 03   138  -116 10158   200    30 -9999 -9999     0
2021 04 14 06   186  -124 10123   210    40 -9999 -9999     0
2021 04 14 09   155   -80 10103   160    90 -9999 -9999     0
2021 04 14 12   106   -67 10111   160    40 -9999 -9999     0
2021 04 14 18    27   -36 10099   140    10 -9999 -9999     0
2021 04 14 21    33   -26 10085   160    10 -9999 -9999     0
2021 04 15 00   150   -30 10074   158    40 -9999 -9999 -9999
2021 04 15 03   192    -8 10056   190    70 -9999 -9999     0
2021 04 15 06   200    19 10024   170    80 -9999 -9999     0
2021 04 15 09   158   -17 10021   190    90 -9999 -9999     0
2021 04 15 12    73    48 10076   220    40 -9999 -9999     6
2021 04 15 18    63   -16 10042   220    30 -9999 -9999    20
2021 04 15 21    64   -62 10053   270    30 -9999 -9999     0
2021 04 16 00    83   -59 10080   250    40 -9999 -9999     0
2021 04 16 03   123   -88 10089   280    60 -9999 -9999     0
2021 04 16 06   135  -111 10087   260    80 -9999 -9999     0
2021 04 16 09   129  -158 10099   310    60 -9999 -9999     0
2021 04 16 12   102  -153 10137   340    40 -9999 -9999     0
2021 04 16 18    75  -123 10128   293    23 -9999 -9999 -9999
2021 04 16 21    82  -107 10133   330    50 -9999 -9999     0
2021 04 17 00    87   -63 10159    12    49 -9999 -9999 -9999
2021 04 17 03   117   -77 10173   350    60 -9999 -9999     0
2021 04 17 06   152   -89 10163   344    54 -9999 -9999 -9999
2021 04 17 09   155  -119 10161   320    50 -9999 -9999     0
2021 04 17 12   105  -110 10183    10    10 -9999 -9999 -9999
2021 04 17 18    27   -78 10186   187    23 -9999 -9999 -9999
2021 04 17 21    12   -78 10182   170    18 -9999 -9999 -9999
2021 04 18 00    85   -65 10175   170    30 -9999 -9999     0
2021 04 18 03   193  -108 10143   230    40 -9999 -9999     0
2021 04 18 06   238  -110 10103   210    40 -9999 -9999     0
2021 04 18 09   250  -115 10073   200    40 -9999 -9999     0
2021 04 18 12   181   -28 10083   170    40 -9999 -9999     0
2021 04 18 18   171   -48 10081   220    30 -9999 -9999     0
2021 04 18 21   163   -37 10076   240    30 -9999 -9999     0
2021 04 19 00   190   -20 10084   240    30 -9999 -9999     0
2021 04 19 03   255   -83 10084   360    40 -9999 -9999     0
2021 04 19 06   293   -83 10077    70    30 -9999 -9999     0
2021 04 19 09   259   -57 10087    70    40 -9999 -9999     0
2021 04 19 12   225   -30 10126    50    50 -9999 -9999     0
2021 04 19 18   132   -93 10165    24    13 -9999 -9999 -9999
2021 04 19 21   103   -89 10180    40    30 -9999 -9999     0
2021 04 20 00   151   -53 10196    60    30 -9999 -9999     0
2021 04 20 03   209   -50 10187    70    20 -9999 -9999     0
2021 04 20 06   248   -19 10158   150    30 -9999 -9999     0
2021 04 20 09   236    19 10138   150    60 -9999 -9999     0
2021 04 20 12   187    59 10151   160    40 -9999 -9999     0
2021 04 20 18   150    55 10163   170    30 -9999 -9999     0
2021 04 20 21   141    55 10164   190    30 -9999 -9999     0
