2021 01 01 00  -164  -218 10293   117    14 -9999 -9999 -9999
2021 01 01 03  -114  -252 10286    96    20 -9999 -9999 -9999
2021 01 01 06   -95  -259 10274   309    22 -9999 -9999 -9999
2021 01 01 09  -122  -252 10287   352    22 -9999 -9999 -9999
2021 01 01 12  -140  -240 10302    78     9 -9999 -9999 -9999
2021 01 01 18  -184  -243 10318   111    19 -9999 -9999 -9999
2021 01 01 21  -199  -245 10317   115    19 -9999 -9999 -9999
2021 01 02 00  -200  -243 10330   115    20 -9999 -9999     1
2021 01 02 03  -124  -202 10330   121    10 -9999 -9999 -9999
2021 01 02 06   -95  -235 10316   314    26 -9999 -9999 -9999
2021 01 02 09  -117  -232 10340   303    18 -9999 -9999 -9999
2021 01 02 12  -145  -229 10349    47    12 -9999 -9999 -9999
2021 01 02 18  -180  -232 10358   109    20 -9999 -9999 -9999
2021 01 02 21  -194  -236 10365   117    19 -9999 -9999 -9999
2021 01 03 00  -194  -236 10371   114    19 -9999 -9999 -9999
2021 01 03 03  -110  -218 10365   291    20 -9999 -9999 -9999
2021 01 03 06   -87  -232 10346   264    19 -9999 -9999 -9999
2021 01 03 09  -102  -231 10346   311    17 -9999 -9999 -9999
2021 01 03 12  -134  -218 10354   108    15 -9999 -9999 -9999
2021 01 03 18  -169  -223 10352   117    22 -9999 -9999 -9999
2021 01 03 21  -174  -222 10340   113    24 -9999 -9999 -9999
2021 01 04 00  -170  -210 10342   111    24 -9999 -9999 -9999
2021 01 04 03  -107  -185 10336    88    12 -9999 -9999 -9999
2021 01 04 06   -67  -187 10314   316    33 -9999 -9999 -9999
2021 01 04 09   -99  -235 10333   309    27 -9999 -9999 -9999
2021 01 04 12  -130  -250 10352   325    14 -9999 -9999 -9999
2021 01 04 18  -180  -243 10353   110    18 -9999 -9999 -9999
2021 01 04 21  -198  -247 10357   115    17 -9999 -9999 -9999
2021 01 05 00  -200  -245 10375   111    12 -9999 -9999     1
2021 01 05 03  -132  -259 10369    44    13 -9999 -9999 -9999
2021 01 05 06  -115  -276 10341     9    26 -9999 -9999 -9999
2021 01 05 09  -132  -265 10341   312    19 -9999 -9999 -9999
2021 01 05 12  -154  -242 10344   102    13 -9999 -9999 -9999
2021 01 05 18  -189  -251 10305   119    22 -9999 -9999 -9999
2021 01 05 21  -193  -247 10280   112    19 -9999 -9999 -9999
2021 01 06 00  -187  -236 10279   114    19 -9999 -9999     2
2021 01 06 03  -130  -224 10267   323    26 -9999 -9999 -9999
2021 01 06 06  -140  -253 10259   309    32 -9999 -9999 -9999
2021 01 06 09  -170  -243 10281   302    47 -9999 -9999 -9999
2021 01 06 12  -187  -240 10297   302    41 -9999 -9999 -9999
2021 01 06 18  -213  -281 10323   312    34 -9999 -9999     1
2021 01 06 21  -217  -296 10321   315    23 -9999 -9999     1
2021 01 07 00  -223  -303 10329   281    23 -9999 -9999 -9999
2021 01 07 03  -203  -328 10325   325    26 -9999 -9999 -9999
2021 01 07 06  -185  -334 10301   274    39 -9999 -9999 -9999
2021 01 07 09  -194  -324 10309   304    25 -9999 -9999 -9999
2021 01 07 12  -198  -311 10311   270    18 -9999 -9999 -9999
2021 01 07 18  -202  -293 10290   277    17 -9999 -9999 -9999
2021 01 07 21  -202  -291 10278   277    18 -9999 -9999 -9999
2021 01 08 00  -207  -276 10281   337     7 -9999 -9999 -9999
2021 01 08 03  -167  -284 10272   275    35 -9999 -9999 -9999
2021 01 08 06  -152  -285 10255   260    40 -9999 -9999     0
2021 01 08 09  -154  -277 10254   270    20 -9999 -9999     0
2021 01 08 12  -174  -256 10262    90    10 -9999 -9999     0
2021 01 08 18  -205  -254 10258   120    20 -9999 -9999     0
2021 01 08 21  -219  -261 10249   119    23 -9999 -9999 -9999
2021 01 09 00  -222  -260 10261   118    19 -9999 -9999 -9999
2021 01 09 03  -134  -231 10266   245    37 -9999 -9999 -9999
2021 01 09 06  -102  -232 10252   288    29 -9999 -9999 -9999
2021 01 09 09  -112  -222 10259   286    10 -9999 -9999 -9999
2021 01 09 12  -142  -219 10265   114    19 -9999 -9999 -9999
2021 01 09 18  -165  -217 10269   117    19 -9999 -9999 -9999
2021 01 09 21  -154  -205 10263   104    12 -9999 -9999 -9999
2021 01 10 00  -147  -178 10279   121    12 -9999 -9999 -9999
2021 01 10 03   -80  -140 10288   250    24 -9999 -9999     1
2021 01 10 06   -60  -178 10281   278    39 -9999 -9999     1
2021 01 10 09   -84  -182 10297   300    16 -9999 -9999 -9999
2021 01 10 12  -115  -177 10308   114    17 -9999 -9999 -9999
2021 01 10 18  -157  -194 10306   112    20 -9999 -9999 -9999
2021 01 10 21  -157  -191 10294   114    25 -9999 -9999 -9999
2021 01 11 00  -152  -186 10283   112    25 -9999 -9999 -9999
2021 01 11 03   -95  -164 10260   117    21 -9999 -9999 -9999
2021 01 11 06   -27  -148 10219   226    30 -9999 -9999 -9999
2021 01 11 09   -45  -155 10216   188    26 -9999 -9999 -9999
2021 01 11 12   -59  -137 10214   259    15 -9999 -9999 -9999
2021 01 11 18   -95  -134 10176    49    11 -9999 -9999 -9999
2021 01 11 21  -114  -145 10147   114    22 -9999 -9999 -9999
2021 01 12 00   -67  -123 10127   210    28 -9999 -9999 -9999
2021 01 12 03   -40  -126 10110   221    31 -9999 -9999 -9999
2021 01 12 06   -19  -112 10076   203    30 -9999 -9999 -9999
2021 01 12 09   -17  -101 10079   192    40 -9999 -9999 -9999
2021 01 12 12   -22   -96 10087   233    24 -9999 -9999 -9999
2021 01 12 18   -22  -103 10066    46    11 -9999 -9999 -9999
2021 01 12 21   -34   -98 10069   119    15 -9999 -9999 -9999
2021 01 13 00   -45   -66 10104   349    16 -9999 -9999     1
2021 01 13 03   -59  -100 10141   356    18 -9999 -9999     3
2021 01 13 06   -45  -127 10158    12    19 -9999 -9999     2
2021 01 13 09   -65  -157 10195   309    24 -9999 -9999 -9999
2021 01 13 12   -97  -151 10212   108    19 -9999 -9999 -9999
2021 01 13 18  -144  -177 10236   122    21 -9999 -9999 -9999
2021 01 13 21  -150  -182 10256   113    31 -9999 -9999 -9999
2021 01 14 00  -147  -177 10253   105    28 -9999 -9999 -9999
2021 01 14 03   -85  -151 10241   116    20 -9999 -9999 -9999
2021 01 14 06   -32  -135 10205   112    22 -9999 -9999 -9999
2021 01 14 09   -29  -169 10199     6    15 -9999 -9999 -9999
2021 01 14 12   -34  -154 10189    47    13 -9999 -9999 -9999
2021 01 14 18     5  -132 10162   287    30 -9999 -9999 -9999
2021 01 14 21   -45   -63 10170   337    23 -9999 -9999    14
2021 01 15 00   -92  -124 10200   302    32 -9999 -9999    17
2021 01 15 03  -117  -158 10224   319    27 -9999 -9999     6
2021 01 15 06  -120  -164 10239   348    26 -9999 -9999     4
2021 01 15 09  -130  -171 10276   342    28 -9999 -9999     3
2021 01 15 12  -145  -201 10302     5    21 -9999 -9999     2
2021 01 15 18  -189  -221 10315   111    19 -9999 -9999 -9999
2021 01 15 21  -210  -242 10319   113    19 -9999 -9999 -9999
2021 01 16 00  -220  -253 10329   116    19 -9999 -9999 -9999
2021 01 16 03  -142  -205 10330   249    16 -9999 -9999 -9999
2021 01 16 06  -115  -224 10320   297    22 -9999 -9999 -9999
2021 01 16 09  -135  -227 10329   353    11 -9999 -9999 -9999
2021 01 16 12  -159  -213 10330   118    17 -9999 -9999 -9999
2021 01 16 18  -199  -232 10317   115    23 -9999 -9999 -9999
2021 01 16 21  -208  -239 10301   116    18 -9999 -9999 -9999
2021 01 17 00  -202  -233 10287   113    23 -9999 -9999 -9999
2021 01 17 03  -124  -190 10260   113    12 -9999 -9999 -9999
2021 01 17 06   -59  -192 10218   272    53 -9999 -9999 -9999
2021 01 17 09   -62  -192 10216   264    32 -9999 -9999 -9999
2021 01 17 12   -70  -180 10212   247    29 -9999 -9999 -9999
2021 01 17 18  -124  -176 10193   193     4 -9999 -9999 -9999
2021 01 17 21  -112  -177 10195    14    13 -9999 -9999 -9999
2021 01 18 00  -132  -220 10225   350    16 -9999 -9999 -9999
2021 01 18 03  -135  -227 10268   354    27 -9999 -9999 -9999
2021 01 18 06  -134  -253 10288   344    42 -9999 -9999 -9999
2021 01 18 09  -154  -249 10315   360    29 -9999 -9999 -9999
2021 01 18 12  -170  -255 10338    90    13 -9999 -9999 -9999
2021 01 18 18  -213  -258 10343   115    25 -9999 -9999 -9999
2021 01 18 21  -224  -264 10345   115    31 -9999 -9999 -9999
2021 01 19 00  -200  -252 10344   103    17 -9999 -9999 -9999
2021 01 19 03  -137  -251 10338   103    15 -9999 -9999 -9999
2021 01 19 06   -72  -230 10308   222    34 -9999 -9999 -9999
2021 01 19 09   -75  -221 10311   220    31 -9999 -9999 -9999
2021 01 19 12   -72  -201 10310   214    23 -9999 -9999 -9999
2021 01 19 18   -57  -108 10291   212    16 -9999 -9999 -9999
2021 01 19 21   -47   -95 10276   281    24 -9999 -9999 -9999
2021 01 20 00   -37   -84 10266   260    54 -9999 -9999 -9999
2021 01 20 03    -5   -74 10254   235    38 -9999 -9999 -9999
2021 01 20 06    -7   -69 10233   239    42 -9999 -9999 -9999
2021 01 20 09    -5   -60 10241   235    36 -9999 -9999 -9999
2021 01 20 12    -4   -50 10250   230    27 -9999 -9999 -9999
2021 01 20 18     0   -42 10250    93     7 -9999 -9999 -9999
2021 01 20 21     4   -44 10239   150    10 -9999 -9999     0
2021 01 21 00     1   -40 10226    50    10 -9999 -9999     0
2021 01 21 03    23   -26 10223   250    30 -9999 -9999     0
2021 01 21 06    34   -15 10199   210    20 -9999 -9999     0
2021 01 21 09    33   -13 10198    80    10 -9999 -9999     0
2021 01 21 12    23   -11 10213   310    10 -9999 -9999     0
2021 01 21 18    -7   -20 10231   350    20 -9999 -9999     0
2021 01 21 21   -18   -35 10238   330    10 -9999 -9999     0
2021 01 22 00   -47   -76 10260     3    16 -9999 -9999 -9999
2021 01 22 03   -54   -90 10266   126    22 -9999 -9999 -9999
2021 01 22 06   -25   -74 10246   351    20 -9999 -9999 -9999
2021 01 22 09   -30   -71 10252   353    15 -9999 -9999 -9999
2021 01 22 12   -52   -75 10256    73     8 -9999 -9999 -9999
2021 01 22 18   -90  -109 10251   113    22 -9999 -9999 -9999
2021 01 22 21   -99  -117 10246   110    19 -9999 -9999 -9999
2021 01 23 00   -97  -114 10250   105    32 -9999 -9999 -9999
2021 01 23 03   -37   -80 10243   107    23 -9999 -9999 -9999
2021 01 23 06    41   -51 10221   116    18 -9999 -9999 -9999
2021 01 23 09    32   -37 10226    31    13 -9999 -9999 -9999
2021 01 23 12   -15   -46 10244    38    14 -9999 -9999 -9999
2021 01 23 18   -55   -70 10257   118    21 -9999 -9999 -9999
2021 01 23 21   -57   -73 10254   111    13 -9999 -9999 -9999
2021 01 24 00   -55   -73 10275   114    21 -9999 -9999 -9999
2021 01 24 03     6   -46 10274   113    16 -9999 -9999 -9999
2021 01 24 06    86   -18 10259   292    15 -9999 -9999 -9999
2021 01 24 09    62   -34 10265   303     9 -9999 -9999 -9999
2021 01 24 12     7   -38 10284   110    17 -9999 -9999 -9999
2021 01 24 18   -40   -58 10299   120    20 -9999 -9999     0
2021 01 24 21   -50   -65 10284   110    10 -9999 -9999     0
2021 01 25 00   -47   -64 10281   112    25 -9999 -9999 -9999
2021 01 25 03    -5   -42 10271   124    18 -9999 -9999 -9999
2021 01 25 06    37   -23 10238   105    21 -9999 -9999 -9999
2021 01 25 09    57    -4 10229   161    13 -9999 -9999 -9999
2021 01 25 12    57    -6 10221   234    19 -9999 -9999 -9999
2021 01 25 18     5    -2 10218   196     4 -9999 -9999    49
2021 01 25 21     0    -8 10215   102     8 -9999 -9999    51
2021 01 26 00   -15   -25 10217   360     0 -9999 -9999    19
2021 01 26 03    11   -41 10220   300    12 -9999 -9999     1
2021 01 26 06    22   -65 10214   293    26 -9999 -9999 -9999
2021 01 26 09    -5  -104 10232   318    14 -9999 -9999 -9999
2021 01 26 12   -44   -70 10251    79    11 -9999 -9999 -9999
2021 01 26 18   -85  -110 10281   109    16 -9999 -9999 -9999
2021 01 26 21  -112  -135 10276   115    21 -9999 -9999 -9999
2021 01 27 00  -119  -151 10291   116    23 -9999 -9999 -9999
2021 01 27 03   -57  -140 10274   111    22 -9999 -9999 -9999
2021 01 27 06    -9  -176 10233    15    12 -9999 -9999 -9999
2021 01 27 09   -15  -146 10209   108    21 -9999 -9999 -9999
2021 01 27 12    -5  -149 10199   189    20 -9999 -9999 -9999
2021 01 27 18   -42   -56 10167   257    20 -9999 -9999    39
2021 01 27 21   -75  -103 10173   338    39 -9999 -9999    54
2021 01 28 00  -105  -134 10197   336    37 -9999 -9999    25
2021 01 28 03  -122  -182 10237   341    26 -9999 -9999     3
2021 01 28 06  -122  -215 10249   306    30 -9999 -9999     2
2021 01 28 09  -132  -219 10268   332    26 -9999 -9999 -9999
2021 01 28 12  -152  -226 10289   312    12 -9999 -9999 -9999
2021 01 28 18  -188  -223 10284   105    13 -9999 -9999 -9999
2021 01 28 21  -214  -248 10281   110    22 -9999 -9999 -9999
2021 01 29 00  -222  -259 10290   120    28 -9999 -9999 -9999
2021 01 29 03  -140  -219 10285   120    15 -9999 -9999 -9999
2021 01 29 06   -90  -220 10252   106    20 -9999 -9999 -9999
2021 01 29 09   -80  -211 10225   140    22 -9999 -9999 -9999
2021 01 29 12   -95  -207 10223   221    33 -9999 -9999 -9999
2021 01 29 18   -77  -131 10202   259    37 -9999 -9999 -9999
2021 01 29 21   -87  -113 10220   300    25 -9999 -9999     1
2021 01 30 00  -104  -146 10266   320    19 -9999 -9999     3
2021 01 30 03  -100  -213 10292   339    21 -9999 -9999     2
2021 01 30 06   -90  -214 10290    81    20 -9999 -9999 -9999
2021 01 30 09  -104  -236 10292    22    19 -9999 -9999 -9999
2021 01 30 12  -125  -212 10301   355    12 -9999 -9999 -9999
2021 01 30 18  -142  -202 10286   113    25 -9999 -9999 -9999
2021 01 30 21  -142  -201 10267   118    24 -9999 -9999 -9999
2021 01 31 00  -132  -195 10257   114    29 -9999 -9999 -9999
2021 01 31 03     1   -86 10227   255    36 -9999 -9999 -9999
2021 01 31 06    27   -38 10186   274    39 -9999 -9999 -9999
2021 01 31 09     6   -50 10170   318    23 -9999 -9999 -9999
2021 01 31 12    12   -27 10158   299    18 -9999 -9999 -9999
2021 01 31 18    17   -26 10124   273    27 -9999 -9999 -9999
2021 01 31 21   -12   -26 10144   287    21 -9999 -9999 -9999
2021 02 01 00   -67   -94 10192   288    30 -9999 -9999 -9999
2021 02 01 03  -104  -179 10231   336    35 -9999 -9999     2
2021 02 01 06   -99  -179 10236   322    28 -9999 -9999     2
2021 02 01 09  -119  -185 10258   344    25 -9999 -9999 -9999
2021 02 01 12  -135  -224 10285   317    20 -9999 -9999 -9999
2021 02 01 18  -167  -218 10303    67     9 -9999 -9999 -9999
2021 02 01 21  -188  -229 10296   107    15 -9999 -9999 -9999
2021 02 02 00  -192  -238 10300   116    15 -9999 -9999 -9999
2021 02 02 03  -127  -233 10291   242    38 -9999 -9999 -9999
2021 02 02 06   -95  -219 10266   286    33 -9999 -9999 -9999
2021 02 02 09  -104  -193 10268   283    23 -9999 -9999 -9999
2021 02 02 12  -127  -187 10279   109    18 -9999 -9999 -9999
2021 02 02 18  -174  -209 10278   114    24 -9999 -9999 -9999
2021 02 02 21  -187  -219 10272   116    25 -9999 -9999 -9999
2021 02 03 00  -187  -222 10270   112    30 -9999 -9999 -9999
2021 02 03 03  -125  -194 10259   111    22 -9999 -9999 -9999
2021 02 03 06   -62  -185 10227   132    12 -9999 -9999 -9999
2021 02 03 09   -77  -223 10241   338    25 -9999 -9999 -9999
2021 02 03 12  -115  -209 10264    38    10 -9999 -9999 -9999
2021 02 03 18  -164  -211 10278   113    13 -9999 -9999 -9999
2021 02 03 21  -185  -227 10275   118    26 -9999 -9999 -9999
2021 02 04 00  -172  -220 10270   116    25 -9999 -9999 -9999
2021 02 04 03   -62  -176 10243   113    16 -9999 -9999 -9999
2021 02 04 06     7  -129 10211   220    45 -9999 -9999 -9999
2021 02 04 09    -4  -133 10203   233    23 -9999 -9999 -9999
2021 02 04 12   -17  -116 10202   237    19 -9999 -9999 -9999
2021 02 04 18   -19   -97 10169   249    41 -9999 -9999 -9999
2021 02 04 21    -7   -92 10142   253    48 -9999 -9999 -9999
2021 02 05 00    -2   -81 10135   238    41 -9999 -9999 -9999
2021 02 05 03    30   -62 10125   224    36 -9999 -9999 -9999
2021 02 05 06    57   -56 10100   221    33 -9999 -9999 -9999
2021 02 05 09    40   -41 10101   222    19 -9999 -9999 -9999
2021 02 05 12    17   -35 10112   309     8 -9999 -9999 -9999
2021 02 05 18   -17   -42 10109   111    16 -9999 -9999 -9999
2021 02 05 21   -35   -50 10111   117    16 -9999 -9999 -9999
2021 02 06 00   -37   -53 10128   115    19 -9999 -9999 -9999
2021 02 06 03    30   -29 10141   113    16 -9999 -9999 -9999
2021 02 06 06    22   -87 10156   322    27 -9999 -9999 -9999
2021 02 06 09    -7   -89 10185   341    28 -9999 -9999 -9999
2021 02 06 12   -30   -86 10210    56    22 -9999 -9999 -9999
2021 02 06 18   -60   -93 10253   107    14 -9999 -9999 -9999
2021 02 06 21   -80  -106 10267   106    17 -9999 -9999 -9999
2021 02 07 00   -85  -147 10291     1    22 -9999 -9999 -9999
2021 02 07 03   -64  -164 10297   317    22 -9999 -9999 -9999
2021 02 07 06   -47  -157 10294   293    32 -9999 -9999 -9999
2021 02 07 09   -60  -172 10307   311    24 -9999 -9999 -9999
2021 02 07 12   -79  -175 10318   306    13 -9999 -9999 -9999
2021 02 07 18  -125  -174 10313   113    21 -9999 -9999 -9999
2021 02 07 21  -142  -183 10316   115    19 -9999 -9999 -9999
2021 02 08 00  -139  -180 10332   111    15 -9999 -9999 -9999
2021 02 08 03   -64  -184 10336   299    24 -9999 -9999 -9999
2021 02 08 06   -45  -177 10326   312    29 -9999 -9999 -9999
2021 02 08 09   -55  -176 10312   307    15 -9999 -9999 -9999
2021 02 08 12   -79  -163 10309   112    13 -9999 -9999 -9999
2021 02 08 18  -114  -168 10286   116    22 -9999 -9999 -9999
2021 02 08 21  -119  -170 10265   115    21 -9999 -9999 -9999
2021 02 09 00  -109  -168 10264   116    22 -9999 -9999 -9999
2021 02 09 03   -17  -127 10253    96    14 -9999 -9999 -9999
2021 02 09 06    42   -91 10219   220    27 -9999 -9999 -9999
2021 02 09 12     5   -82 10224   243    32 -9999 -9999 -9999
2021 02 09 18    -5   -61 10209   251    30 -9999 -9999 -9999
2021 02 09 21   -32   -72 10195    31    11 -9999 -9999 -9999
2021 02 10 00   -35   -70 10212   112    15 -9999 -9999 -9999
2021 02 10 03    41   -54 10216   238    22 -9999 -9999 -9999
2021 02 10 06    62   -64 10215   269    30 -9999 -9999 -9999
2021 02 10 09    42   -73 10224   293    16 -9999 -9999 -9999
2021 02 11 00   -37   -73 10230    49    15 -9999 -9999 -9999
2021 02 13 12    40    33 10227   351    15 -9999 -9999     3
2021 02 13 18     0    -6 10212     9     6 -9999 -9999    63
2021 02 13 21   -11   -17 10199   350    10 -9999 -9999   100
2021 02 14 00   -17   -25 10194     3    13 -9999 -9999    63
2021 02 14 03   -29   -43 10193   344    20 -9999 -9999    44
2021 02 14 06   -35   -58 10183   348    13 -9999 -9999    38
2021 02 14 09   -40   -57 10188   332    15 -9999 -9999    18
2021 02 14 12   -67   -88 10197   332    18 -9999 -9999    10
2021 02 14 18  -102  -128 10202   356    18 -9999 -9999    28
2021 02 14 21  -125  -173 10198    11    16 -9999 -9999     1
2021 02 15 00  -120  -172 10204    14    18 -9999 -9999 -9999
2021 02 15 03   -89  -165 10197   324    18 -9999 -9999 -9999
2021 02 15 06   -80  -168 10181   290    25 -9999 -9999 -9999
2021 02 15 09   -87  -169 10181   258    21 -9999 -9999 -9999
2021 02 15 12  -117  -151 10187    98    13 -9999 -9999 -9999
2021 02 15 18  -145  -173 10198   117    17 -9999 -9999 -9999
2021 02 15 21  -162  -188 10189   113    17 -9999 -9999 -9999
2021 02 16 00  -157  -187 10210   106     8 -9999 -9999 -9999
2021 02 16 03   -99  -179 10214   281    43 -9999 -9999 -9999
2021 02 16 06   -87  -185 10211   300    44 -9999 -9999 -9999
2021 02 16 09  -102  -210 10226   305    45 -9999 -9999 -9999
2021 02 16 12  -117  -224 10238   299    36 -9999 -9999 -9999
2021 02 16 18  -152  -238 10247   303    29 -9999 -9999 -9999
2021 02 16 21  -165  -244 10250   286    22 -9999 -9999 -9999
2021 02 17 00  -164  -238 10257   281    21 -9999 -9999 -9999
2021 02 17 03  -132  -231 10260   312    30 -9999 -9999 -9999
2021 02 17 06  -114  -226 10251   324    37 -9999 -9999 -9999
2021 02 17 09  -105  -216 10258   303    26 -9999 -9999 -9999
2021 02 17 12  -117  -190 10264    75     5 -9999 -9999 -9999
2021 02 17 18  -157  -196 10274   113    15 -9999 -9999 -9999
2021 02 17 21  -169  -203 10276   117    14 -9999 -9999 -9999
2021 02 18 00  -159  -201 10291   113    13 -9999 -9999 -9999
2021 02 18 03   -85  -188 10280   273    21 -9999 -9999 -9999
2021 02 18 06   -42  -201 10250   282    20 -9999 -9999 -9999
2021 02 18 09   -37  -185 10225   242    24 -9999 -9999 -9999
2021 02 18 12   -67  -143 10210   108    13 -9999 -9999 -9999
2021 02 18 18   -80  -155 10154   200    20 -9999 -9999 -9999
2021 02 18 21   -22  -134 10123   237    41 -9999 -9999 -9999
2021 02 19 00    -9   -71 10098   206    30 -9999 -9999 -9999
2021 02 19 03    21   -51 10075   221    63 -9999 -9999 -9999
2021 02 19 06    35   -41 10042   226    53 -9999 -9999 -9999
2021 02 19 09    35   -29 10046   257    17 -9999 -9999 -9999
2021 02 20 18    30   -47 10033   100    15 -9999 -9999 -9999
2021 02 20 21    27   -43 10027   128    14 -9999 -9999 -9999
2021 02 21 00    32   -29 10032    77     9 -9999 -9999 -9999
2021 02 21 03    95   -21 10037   241    21 -9999 -9999 -9999
2021 02 21 09    82    -5 10069   317    27 -9999 -9999 -9999
2021 02 21 12    30   -54 10123   349    23 -9999 -9999 -9999
2021 02 21 18   -15   -85 10190    55    18 -9999 -9999 -9999
2021 02 21 21   -37  -135 10222    24    37 -9999 -9999 -9999
2021 02 22 00   -37  -180 10254    23    39 -9999 -9999 -9999
2021 02 22 03   -20  -155 10257   323    33 -9999 -9999 -9999
2021 02 22 06   -17  -192 10258   318    38 -9999 -9999 -9999
2021 02 22 09   -39  -206 10277   305    47 -9999 -9999 -9999
2021 02 22 12   -60  -205 10302   334    19 -9999 -9999 -9999
2021 02 22 18   -87  -205 10319   336    17 -9999 -9999 -9999
2021 02 22 21  -100  -209 10327   343    19 -9999 -9999 -9999
2021 02 23 00  -102  -212 10345   346    24 -9999 -9999 -9999
2021 02 23 03   -70  -218 10340    18    16 -9999 -9999 -9999
2021 02 23 06   -40  -207 10315   315    21 -9999 -9999 -9999
2021 02 23 09   -45  -207 10303     4    19 -9999 -9999 -9999
2021 02 23 12   -67  -172 10315    93     9 -9999 -9999 -9999
2021 02 23 18  -100  -162 10306   115    18 -9999 -9999 -9999
2021 02 23 21  -110  -167 10302   104    28 -9999 -9999 -9999
2021 02 24 00   -92  -162 10302   120    20 -9999 -9999 -9999
2021 02 24 03   -10  -156 10275    14    10 -9999 -9999 -9999
2021 02 24 06    42  -150 10245   183    18 -9999 -9999 -9999
2021 02 24 09    40  -125 10237   283    15 -9999 -9999 -9999
2021 02 24 12     2  -115 10260   263     9 -9999 -9999 -9999
2021 02 24 18   -42   -95 10275   105    13 -9999 -9999 -9999
2021 02 24 21   -55   -98 10282   101    18 -9999 -9999 -9999
2021 02 25 00   -52   -96 10292   107    14 -9999 -9999 -9999
2021 02 25 03    17   -76 10285   153    15 -9999 -9999 -9999
2021 02 25 06    45  -154 10273   328    19 -9999 -9999 -9999
2021 02 25 09    32  -154 10264     1    16 -9999 -9999 -9999
2021 02 25 12    -9  -119 10269    80     8 -9999 -9999 -9999
2021 02 25 18   -50  -106 10275   113    27 -9999 -9999 -9999
2021 02 25 21   -62  -108 10280   117    19 -9999 -9999 -9999
2021 02 26 00   -44  -110 10285   119    22 -9999 -9999 -9999
2021 02 26 03    42  -114 10284    83    13 -9999 -9999 -9999
2021 02 26 06    91  -115 10265   135    12 -9999 -9999 -9999
2021 02 26 09    85  -121 10260    35    10 -9999 -9999 -9999
2021 02 26 12    21   -78 10277   107    14 -9999 -9999 -9999
2021 02 26 18   -22   -80 10273   115    20 -9999 -9999 -9999
2021 02 26 21   -27   -84 10265   113    23 -9999 -9999 -9999
2021 02 27 00   -10   -81 10273   119    19 -9999 -9999 -9999
2021 02 27 03   105  -115 10257   207    53 -9999 -9999 -9999
2021 02 27 06   121   -96 10246   187    46 -9999 -9999 -9999
2021 02 27 09   105   -87 10243   213    28 -9999 -9999 -9999
2021 02 27 12    70   -60 10267   191    25 -9999 -9999 -9999
2021 02 27 18    60   -36 10254   244    27 -9999 -9999 -9999
2021 02 27 21    50   -29 10248   294    19 -9999 -9999 -9999
2021 02 28 00    52   -29 10246   219    23 -9999 -9999 -9999
2021 02 28 03    65   -12 10262   214    19 -9999 -9999 -9999
2021 02 28 06    46    16 10260   322    15 -9999 -9999 -9999
2021 02 28 09    -5   -19 10276   347    19 -9999 -9999     9
2021 02 28 12   -22   -43 10292   349    19 -9999 -9999    11
2021 02 28 18   -35   -76 10292    58    26 -9999 -9999     4
2021 02 28 21   -39   -95 10293    57    22 -9999 -9999     1
2021 03 01 00   -37  -121 10290    46    29 -9999 -9999 -9999
2021 03 01 03   -20  -133 10283    25    35 -9999 -9999 -9999
2021 03 01 06   -10  -152 10252    31    47 -9999 -9999 -9999
2021 03 01 09   -15  -150 10251    16    41 -9999 -9999 -9999
2021 03 01 12   -35  -191 10262    31    27 -9999 -9999 -9999
2021 03 01 18   -89  -155 10274   100    21 -9999 -9999 -9999
2021 03 01 21  -102  -151 10278   108    17 -9999 -9999 -9999
2021 03 02 00   -85  -144 10291   106    13 -9999 -9999 -9999
2021 03 02 03   -17  -123 10287   233    17 -9999 -9999 -9999
2021 03 02 06    27  -192 10268   291    34 -9999 -9999 -9999
2021 03 02 09    22  -152 10264   284    20 -9999 -9999 -9999
2021 03 02 12   -15  -113 10259   103    11 -9999 -9999 -9999
2021 03 02 18     7  -126 10233   235    21 -9999 -9999 -9999
2021 03 02 21    -4   -81 10230   214    61 -9999 -9999 -9999
2021 03 03 00    10   -47 10225   218    40 -9999 -9999 -9999
2021 03 03 03    30   -29 10215   222    50 -9999 -9999 -9999
2021 03 03 06    41   -19 10197   189    51 -9999 -9999 -9999
2021 03 03 09    55   -21 10188   213    51 -9999 -9999 -9999
2021 03 03 12    42   -29 10204   231    16 -9999 -9999 -9999
2021 03 03 18    40   -36 10203   196    39 -9999 -9999 -9999
2021 03 03 21    37   -47 10188   196    54 -9999 -9999 -9999
2021 03 04 00    46   -34 10186   201    55 -9999 -9999 -9999
2021 03 04 03    60   -19 10185   197    60 -9999 -9999 -9999
2021 03 04 06    80   -13 10168   196    55 -9999 -9999 -9999
2021 03 04 09    77    -8 10170   206    40 -9999 -9999 -9999
2021 03 04 12    60   -12 10180   257    22 -9999 -9999 -9999
2021 03 04 18    52    -6 10178   214    32 -9999 -9999 -9999
2021 03 04 21    57    11 10195   237    22 -9999 -9999 -9999
2021 03 05 00     0   -14 10245   355    34 -9999 -9999     1
2021 03 05 03   -34   -67 10289   348    29 -9999 -9999     3
2021 03 05 06   -40   -84 10307    26    31 -9999 -9999     4
2021 03 05 09   -40  -131 10319    29    24 -9999 -9999     2
2021 03 05 12   -72  -152 10353    14    43 -9999 -9999 -9999
2021 03 05 18  -104  -179 10379    52    30 -9999 -9999 -9999
2021 03 05 21  -112  -216 10384    99    22 -9999 -9999 -9999
2021 03 06 00  -105  -224 10395     3    29 -9999 -9999 -9999
2021 03 06 03   -45  -207 10384    19    21 -9999 -9999 -9999
2021 03 06 06   -12  -188 10354   349    25 -9999 -9999 -9999
2021 03 06 09   -20  -199 10347   360    23 -9999 -9999 -9999
2021 03 06 12   -52  -191 10347   340    13 -9999 -9999 -9999
2021 03 06 18   -94  -157 10335   108    16 -9999 -9999 -9999
2021 03 06 21  -109  -160 10323   108    23 -9999 -9999 -9999
2021 03 07 00   -85  -154 10328   114    24 -9999 -9999 -9999
2021 03 07 03    15  -155 10310    95    10 -9999 -9999 -9999
2021 03 07 06    61  -212 10283   244    20 -9999 -9999 -9999
2021 03 07 09    56  -190 10280   272    19 -9999 -9999 -9999
2021 03 07 12     1  -135 10294   104    12 -9999 -9999 -9999
2021 03 07 18   -52  -117 10296   118    21 -9999 -9999 -9999
2021 03 08 00   -40  -115 10292   118    19 -9999 -9999 -9999
2021 03 08 03    57  -113 10268    81    10 -9999 -9999 -9999
2021 03 08 06   115  -135 10240   155    24 -9999 -9999 -9999
2021 03 08 09    97   -66 10237   280    28 -9999 -9999 -9999
2021 03 08 12    62   -85 10243   206    18 -9999 -9999 -9999
2021 03 08 18    40   -45 10229   220    38 -9999 -9999 -9999
2021 03 08 21    32   -78 10225   234    33 -9999 -9999 -9999
2021 03 09 00    42   -73 10240   261    23 -9999 -9999 -9999
2021 03 09 03    92   -37 10242   283    21 -9999 -9999 -9999
2021 03 09 06   132   -43 10232   319    20 -9999 -9999 -9999
2021 03 09 09   115   -50 10244   310    19 -9999 -9999 -9999
2021 03 09 12    67   -76 10275   121    14 -9999 -9999 -9999
2021 03 09 18   -10   -85 10284   122    22 -9999 -9999 -9999
2021 03 09 21   -15   -91 10289   107    26 -9999 -9999 -9999
2021 03 10 00     5   -85 10286   105    26 -9999 -9999 -9999
2021 03 10 03   116   -94 10263   192    34 -9999 -9999 -9999
2021 03 10 06   155   -67 10234   210    38 -9999 -9999 -9999
2021 03 10 09   132   -48 10227   188    34 -9999 -9999 -9999
2021 03 10 12    95   -15 10243   235    29 -9999 -9999 -9999
2021 03 10 18    71     5 10241   250    20 -9999 -9999     0
2021 03 10 21    50     2 10243   353    10 -9999 -9999 -9999
2021 03 11 00    50     3 10253   101    14 -9999 -9999 -9999
2021 03 11 03   105    18 10251   245    33 -9999 -9999 -9999
2021 03 11 06   120    26 10235   207    25 -9999 -9999 -9999
2021 03 11 09   105    28 10240   259    28 -9999 -9999 -9999
2021 03 11 12    77    24 10251   303    16 -9999 -9999 -9999
2021 03 11 18    50     8 10252   251     8 -9999 -9999 -9999
2021 03 11 21    36     6 10254    90     9 -9999 -9999 -9999
2021 03 12 00    31     3 10263   108    20 -9999 -9999 -9999
2021 03 12 03    82    19 10260   334    12 -9999 -9999 -9999
2021 03 12 06   110    27 10237   324    23 -9999 -9999 -9999
2021 03 12 09    90    18 10242   334    19 -9999 -9999 -9999
2021 03 12 12    65    12 10251    85     8 -9999 -9999 -9999
2021 03 12 18    32     4 10241   116    17 -9999 -9999 -9999
2021 03 12 21    22     0 10235   113    15 -9999 -9999 -9999
2021 03 13 00    26     2 10243   115    14 -9999 -9999 -9999
2021 03 13 03    95   -45 10232   230    11 -9999 -9999 -9999
2021 03 13 06   112   -21 10206   209    13 -9999 -9999 -9999
2021 03 13 09   102   -31 10197   313    20 -9999 -9999 -9999
2021 03 13 12    65   -29 10206    74     7 -9999 -9999 -9999
2021 03 13 18    10   -38 10199   115    19 -9999 -9999 -9999
2021 03 13 21    -5   -37 10201   116    19 -9999 -9999 -9999
2021 03 14 00    16   -29 10204   114    22 -9999 -9999 -9999
2021 03 14 03   120    -2 10194   217    21 -9999 -9999 -9999
2021 03 14 06   145    -1 10160   192    29 -9999 -9999 -9999
2021 03 14 09   126    22 10153   158    27 -9999 -9999 -9999
2021 03 14 12    91     5 10148   198    27 -9999 -9999 -9999
2021 03 14 18    85    21 10110   193    44 -9999 -9999 -9999
2021 03 14 21    75    13 10106   227    46 -9999 -9999 -9999
2021 03 15 00    80    19 10111   201    44 -9999 -9999 -9999
2021 03 15 03    65    39 10110   248    32 -9999 -9999    45
2021 03 15 06    32    13 10127   117    19 -9999 -9999   108
2021 03 15 09    42    15 10130   103    13 -9999 -9999    63
2021 03 15 12    22    10 10158   271    10 -9999 -9999 -9999
2021 03 15 18    20  -130 10192   291    34 -9999 -9999 -9999
2021 03 15 21     2  -153 10210   324    38 -9999 -9999 -9999
2021 03 16 00     5  -164 10226   353    47 -9999 -9999 -9999
2021 03 16 03    30  -157 10223   327    32 -9999 -9999 -9999
2021 03 16 06    60  -147 10213   302    28 -9999 -9999 -9999
2021 03 16 09    60  -148 10208   297    26 -9999 -9999 -9999
2021 03 16 12    22  -103 10221   107    15 -9999 -9999 -9999
2021 03 16 18   -14   -84 10232   114    16 -9999 -9999 -9999
2021 03 16 21   -29   -86 10235   114    24 -9999 -9999 -9999
2021 03 17 00   -10   -85 10247   110    29 -9999 -9999 -9999
2021 03 17 03    77  -126 10241   114    24 -9999 -9999 -9999
2021 03 17 06   105  -129 10228   337    29 -9999 -9999 -9999
2021 03 17 09    91  -127 10229   327    25 -9999 -9999 -9999
2021 03 17 12    56   -94 10246   118     5 -9999 -9999 -9999
2021 03 17 18    -5   -77 10242   122    30 -9999 -9999 -9999
2021 03 17 21    -4   -72 10244   113    21 -9999 -9999 -9999
2021 03 18 00     7   -65 10248   115    31 -9999 -9999 -9999
2021 03 18 03    82  -111 10244    70    11 -9999 -9999 -9999
2021 03 18 06    90  -116 10229    31    23 -9999 -9999 -9999
2021 03 18 09    93  -125 10218    40    20 -9999 -9999     0
2021 03 18 12    56   -90 10224   109    18 -9999 -9999 -9999
2021 03 18 18    -9   -75 10221   116    19 -9999 -9999 -9999
2021 03 18 21   -20   -71 10221   110    14 -9999 -9999 -9999
2021 03 19 00    20   -69 10234   124    15 -9999 -9999 -9999
2021 03 19 03    90   -81 10204    98    17 -9999 -9999 -9999
2021 03 19 06   155  -103 10178   317    19 -9999 -9999 -9999
2021 03 19 09   116   -94 10175   344    16 -9999 -9999 -9999
2021 03 19 12    92   -58 10176   107    11 -9999 -9999 -9999
2021 03 19 18    57   -44 10138   342     6 -9999 -9999 -9999
2021 03 19 21    40    19 10135   296    10 -9999 -9999    21
2021 03 20 00    15     5 10143   256    27 -9999 -9999    61
2021 03 20 03    10     4 10144   254    25 -9999 -9999    43
2021 03 20 06    15     6 10130   282    22 -9999 -9999     4
2021 03 20 09    22     8 10137   298    14 -9999 -9999     1
2021 03 20 12    27     9 10143   281    13 -9999 -9999 -9999
2021 03 20 18    20   -43 10143   285    30 -9999 -9999     5
2021 03 20 21     7   -61 10139   287    20 -9999 -9999 -9999
2021 03 21 00     2   -20 10158   291    26 -9999 -9999     4
2021 03 21 03    12   -17 10168   307    28 -9999 -9999     5
2021 03 21 06    27   -26 10172   270    15 -9999 -9999     2
2021 03 21 09    41   -80 10175   308    51 -9999 -9999     1
2021 03 21 12    20   -97 10194   295    11 -9999 -9999 -9999
2021 03 21 18   -29   -65 10191    98    13 -9999 -9999 -9999
2021 03 21 21   -40   -69 10191   116    14 -9999 -9999 -9999
2021 03 22 00    -5   -68 10194   115    13 -9999 -9999 -9999
2021 03 22 03    80   -77 10184   279    29 -9999 -9999 -9999
2021 03 22 06   110   -73 10163   282    42 -9999 -9999 -9999
2021 03 22 09   112   -86 10149   252    31 -9999 -9999 -9999
2021 03 22 12    90  -105 10147   221    44 -9999 -9999 -9999
2021 03 22 18    90  -106 10115   240    41 -9999 -9999 -9999
2021 03 22 21    76   -80 10106   255    39 -9999 -9999 -9999
2021 03 23 00    72   -48 10119   253    44 -9999 -9999 -9999
2021 03 23 03   117   -28 10110   235    48 -9999 -9999 -9999
2021 03 23 06   150   -21 10092   190    42 -9999 -9999 -9999
2021 03 23 09   147    -2 10090   165    34 -9999 -9999 -9999
2021 03 23 12   117    -1 10113   260    17 -9999 -9999 -9999
2021 03 23 18    71    -6 10136   172    10 -9999 -9999 -9999
2021 03 23 21    55    -5 10151    94    11 -9999 -9999 -9999
2021 03 24 00    71     5 10178   110    12 -9999 -9999 -9999
2021 03 24 03   101    15 10186    57    12 -9999 -9999 -9999
2021 03 24 06   141   -32 10172   166    12 -9999 -9999 -9999
2021 03 24 09   137   -59 10169   357    15 -9999 -9999 -9999
2021 03 24 12    87   -38 10192    94     6 -9999 -9999 -9999
2021 03 24 18    35   -14 10185   331    11 -9999 -9999 -9999
2021 03 24 21    25   -22 10168   103    17 -9999 -9999 -9999
2021 03 25 00   102     0 10179   226    36 -9999 -9999 -9999
2021 03 25 03   162   -44 10179   285    47 -9999 -9999 -9999
2021 03 25 06   177   -37 10169   261    43 -9999 -9999 -9999
2021 03 25 09   171   -36 10173   280    32 -9999 -9999 -9999
2021 03 25 12   115   -16 10185   118    16 -9999 -9999 -9999
2021 03 25 18    46   -18 10193   117    18 -9999 -9999 -9999
2021 03 25 21    35   -18 10188   118    15 -9999 -9999 -9999
2021 03 26 00    61    -6 10185   111    16 -9999 -9999 -9999
2021 03 26 03   146   -42 10174   231    28 -9999 -9999 -9999
2021 03 26 06   167   -24 10150   189    45 -9999 -9999 -9999
2021 03 26 09   135     4 10148   227    50 -9999 -9999 -9999
2021 03 26 12   125    11 10149   213    23 -9999 -9999 -9999
2021 03 26 18   111    24 10136   258    24 -9999 -9999 -9999
2021 03 26 21   110     0 10121   215    25 -9999 -9999 -9999
2021 03 27 00   112    -3 10118   115    12 -9999 -9999 -9999
2021 03 27 03   140    19 10109   133    23 -9999 -9999 -9999
2021 03 27 06   137    35 10082   187    26 -9999 -9999 -9999
2021 03 27 09   117    43 10063   217    20 -9999 -9999 -9999
2021 03 27 12    96    42 10059   228    17 -9999 -9999 -9999
2021 03 27 18    46    25 10017   115    19 -9999 -9999 -9999
2021 03 27 21    45    24 10009   113    14 -9999 -9999 -9999
2021 03 28 00    57    30  9996   109    21 -9999 -9999 -9999
2021 03 28 03    86    46  9997   287     8 -9999 -9999 -9999
2021 03 28 06    97    52  9993   273    29 -9999 -9999 -9999
2021 03 28 09   102    23  9994   345     5 -9999 -9999 -9999
2021 03 28 12    95     3 10025   273    34 -9999 -9999 -9999
2021 03 28 18    70   -53 10047   265    32 -9999 -9999 -9999
2021 03 28 21    65   -79 10061   275    38 -9999 -9999 -9999
2021 03 29 00    77   -96 10073   276    46 -9999 -9999 -9999
2021 03 29 03   106   -97 10068   293    43 -9999 -9999 -9999
2021 03 29 06   132   -99 10058   280    39 -9999 -9999 -9999
2021 03 29 09   126  -118 10055   285    32 -9999 -9999 -9999
2021 03 29 12   102   -84 10077   280    33 -9999 -9999 -9999
2021 03 29 18    37   -62 10104    75    10 -9999 -9999 -9999
2021 03 29 21     7   -72 10113   115    20 -9999 -9999 -9999
2021 03 30 00    51   -68 10132   111    17 -9999 -9999 -9999
2021 03 30 03   137   -88 10127   256    18 -9999 -9999 -9999
2021 03 30 06   165  -103 10114   183    20 -9999 -9999 -9999
2021 03 30 09   165  -111 10101   294    19 -9999 -9999 -9999
2021 03 30 12   117   -71 10124    72     9 -9999 -9999 -9999
2021 03 30 18    46   -60 10126   118    18 -9999 -9999 -9999
2021 03 30 21    35   -54 10122   117    15 -9999 -9999 -9999
2021 03 31 00    75   -43 10138   114    16 -9999 -9999 -9999
2021 03 31 03   172   -47 10137   219    43 -9999 -9999 -9999
2021 03 31 06   200   -17 10128   276    30 -9999 -9999 -9999
2021 03 31 09   180     1 10141   294    29 -9999 -9999 -9999
2021 03 31 12   137     7 10161   104    12 -9999 -9999 -9999
2021 03 31 18    71     3 10185   116    23 -9999 -9999 -9999
2021 03 31 21    55     0 10192   110    20 -9999 -9999 -9999
2021 04 01 00    85     4 10205   110    25 -9999 -9999 -9999
2021 04 01 03   190    14 10192   135    11 -9999 -9999 -9999
2021 04 01 06   227   -44 10167   167    31 -9999 -9999 -9999
2021 04 01 09   215   -38 10167   148    33 -9999 -9999 -9999
2021 04 01 12   191   -50 10185   161    24 -9999 -9999 -9999
2021 04 01 18   140    -9 10185   346     9 -9999 -9999 -9999
2021 04 01 21   155    -8 10186   218    33 -9999 -9999 -9999
2021 04 02 00   157    -8 10194   224    47 -9999 -9999 -9999
2021 04 02 03   175   -12 10195   213    35 -9999 -9999 -9999
2021 04 02 06   185    -9 10183   276    33 -9999 -9999 -9999
2021 04 02 09   165     2 10181   311    22 -9999 -9999 -9999
2021 04 02 12   125    45 10209    16    11 -9999 -9999 -9999
2021 04 02 18    86    78 10213    28     9 -9999 -9999    36
2021 04 02 21    75    38 10218    40    31 -9999 -9999    53
2021 04 03 00    61    20 10237    39    26 -9999 -9999    26
2021 04 03 03    75     2 10235    48    37 -9999 -9999     8
2021 04 03 06   105   -32 10218    29    42 -9999 -9999     5
2021 04 03 09   107   -80 10206    34    37 -9999 -9999 -9999
2021 04 03 12    72  -120 10231    29    21 -9999 -9999 -9999
2021 04 03 18    35   -86 10231   111    22 -9999 -9999 -9999
2021 04 03 21     5   -67 10235   107    25 -9999 -9999 -9999
2021 04 04 00    42   -69 10244   111    18 -9999 -9999 -9999
2021 04 04 03   107  -133 10234    44    39 -9999 -9999 -9999
2021 04 04 06   122  -113 10217   331    29 -9999 -9999 -9999
2021 04 04 09   126  -126 10212   317    30 -9999 -9999 -9999
2021 04 04 12    86   -68 10227   105    15 -9999 -9999 -9999
2021 04 04 18    21   -62 10237   115    20 -9999 -9999 -9999
2021 04 04 21    11   -62 10230   111    21 -9999 -9999 -9999
2021 04 05 00    65   -53 10228   114    20 -9999 -9999 -9999
2021 04 05 06   202  -111 10177   278    42 -9999 -9999 -9999
2021 04 05 09   190  -100 10168   268    47 -9999 -9999 -9999
2021 04 05 12   157   -65 10177   216    33 -9999 -9999 -9999
2021 04 05 18   112   -45 10175   244    30 -9999 -9999 -9999
2021 04 05 21    86   -24 10189   120    17 -9999 -9999 -9999
2021 04 06 00   105   -13 10209   105    11 -9999 -9999 -9999
2021 04 06 03   152   -64 10215   344    30 -9999 -9999 -9999
2021 04 06 06   172   -66 10202   348    37 -9999 -9999 -9999
2021 04 06 09   170   -83 10194   305    24 -9999 -9999 -9999
2021 04 06 12   121   -49 10206    90    10 -9999 -9999     0
2021 04 06 18    67   -38 10228   123    16 -9999 -9999 -9999
2021 04 06 21    65  -107 10236   334    22 -9999 -9999 -9999
2021 04 07 00    75  -113 10254    14    27 -9999 -9999 -9999
2021 04 07 03   110  -125 10258   351    27 -9999 -9999 -9999
2021 04 07 06   117  -157 10236   331    32 -9999 -9999 -9999
2021 04 07 09    97  -164 10230   324    38 -9999 -9999 -9999
2021 04 07 12    65  -137 10245   353    18 -9999 -9999 -9999
2021 04 07 18    12  -100 10221   115    21 -9999 -9999 -9999
2021 04 07 21    -2   -99 10228   115    18 -9999 -9999 -9999
2021 04 08 00    45   -89 10237   116    18 -9999 -9999 -9999
2021 04 08 06   141   -99 10216    79    25 -9999 -9999 -9999
2021 04 08 09   125  -126 10217   355    37 -9999 -9999 -9999
2021 04 08 12    86  -119 10243    35    22 -9999 -9999 -9999
2021 04 08 18    25   -85 10251   114    26 -9999 -9999 -9999
2021 04 08 21     2   -75 10266   129    15 -9999 -9999 -9999
2021 04 09 00    47   -77 10281   122    17 -9999 -9999 -9999
2021 04 09 03   130  -149 10275    71    21 -9999 -9999 -9999
2021 04 09 06   161  -105 10254   136    31 -9999 -9999 -9999
2021 04 09 09   165   -94 10242   176     7 -9999 -9999 -9999
2021 04 09 12   121   -79 10257   125    25 -9999 -9999 -9999
2021 04 09 18    60   -60 10267   121    22 -9999 -9999 -9999
2021 04 09 21    50   -52 10270   115    23 -9999 -9999 -9999
2021 04 10 00    76   -45 10276   108    13 -9999 -9999 -9999
2021 04 10 03   160   -98 10269   217    48 -9999 -9999 -9999
2021 04 10 06   167   -39 10252   191    44 -9999 -9999 -9999
2021 04 10 09   160   -16 10244   160    34 -9999 -9999 -9999
2021 04 10 12   132   -48 10257   195    37 -9999 -9999 -9999
2021 04 10 18   116   -19 10263   246    35 -9999 -9999 -9999
2021 04 10 21   112     3 10263   235    32 -9999 -9999 -9999
2021 04 11 00   125    20 10274   264    39 -9999 -9999 -9999
2021 04 11 03   162    20 10268   188    41 -9999 -9999 -9999
2021 04 11 06   172   -19 10255   196    56 -9999 -9999 -9999
2021 04 11 09   152    34 10248   186    48 -9999 -9999 -9999
2021 04 11 12   132     9 10245   226    41 -9999 -9999 -9999
2021 04 11 18   116    -5 10218   282    20 -9999 -9999 -9999
2021 04 11 21   120   -22 10198   190    49 -9999 -9999 -9999
2021 04 12 00   121     2 10200   210    52 -9999 -9999 -9999
2021 04 12 03   115    42 10183   229    31 -9999 -9999 -9999
2021 04 12 06   100    45 10162   180    34 -9999 -9999 -9999
2021 04 12 09   100    47 10137   240    12 -9999 -9999     4
2021 04 12 12    82    69 10152   292    27 -9999 -9999    22
2021 04 12 18    17    -8 10194    18    25 -9999 -9999    11
2021 04 12 21     2   -34 10196   344    28 -9999 -9999     5
2021 04 13 00    20   -34 10205     3    31 -9999 -9999     1
2021 04 13 03    27   -45 10201    37    28 -9999 -9999 -9999
2021 04 13 06    67  -101 10185   333    38 -9999 -9999 -9999
2021 04 13 09    62  -118 10181   342    29 -9999 -9999 -9999
2021 04 13 12    40   -94 10187   111    14 -9999 -9999 -9999
2021 04 13 18    31  -116 10163   226    29 -9999 -9999 -9999
2021 04 13 21    27   -86 10159   271    18 -9999 -9999 -9999
2021 04 14 00    60   -19 10174   273    28 -9999 -9999 -9999
2021 04 14 03   105   -93 10170   314    24 -9999 -9999 -9999
2021 04 14 06   130  -108 10152   286    37 -9999 -9999 -9999
2021 04 14 09   132  -120 10146   287    28 -9999 -9999 -9999
2021 04 14 12    92   -75 10150   104    20 -9999 -9999 -9999
2021 04 14 18    42   -61 10135   103    15 -9999 -9999 -9999
2021 04 14 21    87   -58 10125   286    15 -9999 -9999 -9999
2021 04 15 00   126   -21 10124   275    25 -9999 -9999 -9999
2021 04 15 03   151     2 10122   205    53 -9999 -9999 -9999
2021 04 15 06   165    -8 10096   199    58 -9999 -9999 -9999
2021 04 15 09   150   -30 10084   176    56 -9999 -9999 -9999
2021 04 15 12   115   -73 10089   197    64 -9999 -9999 -9999
2021 04 15 18    47    -4 10066   195    75 -9999 -9999     2
2021 04 15 21    57     7 10057   240    25 -9999 -9999     4
2021 04 16 00    82    -2 10067   224    54 -9999 -9999     2
2021 04 16 03   100   -44 10082   257    54 -9999 -9999 -9999
2021 04 16 06   101   -32 10085   255    51 -9999 -9999 -9999
2021 04 16 09   110   -46 10086   225    48 -9999 -9999 -9999
2021 04 16 12   102   -99 10121   303    39 -9999 -9999 -9999
2021 04 16 18    75  -119 10119   231    28 -9999 -9999 -9999
2021 04 16 21    57   -97 10114   282    24 -9999 -9999 -9999
2021 04 17 00    56   -32 10134   297    43 -9999 -9999 -9999
2021 04 17 03    40    18 10148   268    25 -9999 -9999     7
2021 04 17 06    47    26 10152   299    21 -9999 -9999     9
2021 04 17 09    55    27 10160   323    29 -9999 -9999     9
2021 04 17 12    45    14 10183     3    15 -9999 -9999    24
2021 04 17 18    12     5 10188   110    12 -9999 -9999 -9999
2021 04 17 21     0    -5 10195   105    21 -9999 -9999 -9999
2021 04 18 00    21    18 10198   115    23 -9999 -9999 -9999
2021 04 18 03   122    25 10175   338    14 -9999 -9999 -9999
2021 04 18 06   172   -47 10138   291    33 -9999 -9999 -9999
2021 04 18 09   182   -50 10113   252    22 -9999 -9999 -9999
2021 04 18 12   152   -69 10115   209    21 -9999 -9999 -9999
2021 04 18 18   127   -15 10094   262    24 -9999 -9999 -9999
2021 04 18 21   110    -2 10089   274    29 -9999 -9999 -9999
2021 04 19 00   142     8 10090   247    44 -9999 -9999 -9999
2021 04 19 03   206    33 10091   205    27 -9999 -9999 -9999
2021 04 19 06   232    10 10088   275    42 -9999 -9999 -9999
2021 04 19 09   230    19 10100   258    25 -9999 -9999 -9999
2021 04 19 12   186    33 10132   113     4 -9999 -9999 -9999
2021 04 19 18   100    41 10169   114    22 -9999 -9999 -9999
2021 04 19 21    75    34 10180   131     9 -9999 -9999 -9999
2021 04 20 00   135    36 10192   109    13 -9999 -9999 -9999
2021 04 20 03   220   -13 10188   315    17 -9999 -9999 -9999
2021 04 20 06   250   -10 10168   239    29 -9999 -9999 -9999
2021 04 20 09   250    -2 10157   275    21 -9999 -9999 -9999
2021 04 20 12   202    44 10175   270    17 -9999 -9999 -9999
2021 04 20 18   140    48 10188   347    10 -9999 -9999 -9999
2021 04 20 21   107    49 10196   112    15 -9999 -9999 -9999
