2021 01 01 00  -166  -244 10298   120    10 -9999 -9999     0
2021 01 01 03  -118  -252 10293   150    20 -9999 -9999     0
2021 01 01 06   -97  -252 10281   330    20 -9999 -9999     0
2021 01 01 09  -120  -247 10293    10    20 -9999 -9999     0
2021 01 01 12  -166  -242 10304   120    10 -9999 -9999     0
2021 01 01 15  -191  -244 10316     0 -9999 -9999 -9999     0
2021 01 01 18  -211  -251 10320     0 -9999 -9999 -9999     0
2021 01 01 21  -220  -252 10317   110    10 -9999 -9999     0
2021 01 02 00  -217  -249 10329    70    10 -9999 -9999     0
2021 01 02 03  -118  -221 10333   260    20 -9999 -9999     0
2021 01 02 06   -96  -232 10322   260    20 -9999 -9999     0
2021 01 02 09  -113  -237 10341   250    20 -9999 -9999     0
2021 01 02 12  -133  -252 10347   290    20 -9999 -9999     0
2021 01 02 15  -183  -242 10354    50    10 -9999 -9999     0
2021 01 02 18  -196  -240 10357   190    10 -9999 -9999     0
2021 01 02 21  -205  -247 10361   190    10 -9999 -9999     0
2021 01 03 00  -198  -229 10365   200    10 -9999 -9999     0
2021 01 03 03  -108  -230 10365   280    30 -9999 -9999     0
2021 01 03 06   -80  -237 10345   250    30 -9999 -9999     0
2021 01 03 09  -103  -225 10344   210    10 -9999 -9999     0
2021 01 03 12  -157  -225 10350     0 -9999 -9999 -9999     0
2021 01 03 15  -182  -233 10348   160    10 -9999 -9999     0
2021 01 03 18  -192  -235 10351    50    10 -9999 -9999     0
2021 01 03 21  -192  -231 10337    60    20 -9999 -9999     0
2021 01 04 00  -178  -213 10343    40    20 -9999 -9999     0
2021 01 04 03  -115  -201 10342    30    10 -9999 -9999     0
2021 01 04 06   -71  -234 10323   330    30 -9999 -9999     0
2021 01 04 09  -107  -261 10341   320    40 -9999 -9999     0
2021 01 04 12  -131  -254 10355   360    20 -9999 -9999     0
2021 01 04 15  -181  -251 10357   100    10 -9999 -9999     0
2021 01 04 18  -211  -258 10355   110    10 -9999 -9999     0
2021 01 04 21  -225  -260 10361    60    10 -9999 -9999     0
2021 01 05 00  -224  -256 10377   110    10 -9999 -9999     0
2021 01 05 03  -129  -249 10370    30    10 -9999 -9999     0
2021 01 05 06  -108  -270 10343   280    20 -9999 -9999     0
2021 01 05 09  -122  -266 10342   270    20 -9999 -9999     0
2021 01 05 12  -174  -256 10336   180    10 -9999 -9999     0
2021 01 05 15  -197  -262 10323   130    10 -9999 -9999     0
2021 01 05 18  -201  -259 10301     0 -9999 -9999 -9999     0
2021 01 05 21  -203  -250 10275    60    10 -9999 -9999     0
2021 01 06 00  -185  -243 10277    50    20 -9999 -9999     0
2021 01 06 03  -132  -258 10274   280    40 -9999 -9999     0
2021 01 06 06  -139  -278 10265   290    50 -9999 -9999     0
2021 01 06 09  -167  -247 10286   310    40 -9999 -9999 -9999
2021 01 06 12  -181  -262 10304   300    40 -9999 -9999     1
2021 01 06 15  -194  -296 10319   310    40 -9999 -9999     1
2021 01 06 18  -203  -302 10328   310    30 -9999 -9999     0
2021 01 06 21  -210  -313 10323   310    40 -9999 -9999     0
2021 01 07 00  -216  -330 10332   280    30 -9999 -9999     0
2021 01 07 03  -195  -346 10327   290    30 -9999 -9999     0
2021 01 07 06  -177  -343 10304   270    40 -9999 -9999     0
2021 01 07 09  -185  -322 10308   310    30 -9999 -9999     0
2021 01 07 12  -188  -299 10309   230    20 -9999 -9999     0
2021 01 07 15  -209  -295 10298   250    20 -9999 -9999     0
2021 01 07 18  -196  -283 10290   220    20 -9999 -9999     0
2021 01 07 21  -210  -294 10277   220    20 -9999 -9999     0
2021 01 08 00  -203  -292 10279   240    20 -9999 -9999     0
2021 01 08 03  -162  -288 10272   290    30 -9999 -9999     0
2021 01 08 06  -140  -286 10253   270    30 -9999 -9999     0
2021 01 08 09  -139  -278 10253   280    30 -9999 -9999     0
2021 01 08 12  -162  -264 10257   230    10 -9999 -9999     0
2021 01 08 15  -190  -273 10255   230    20 -9999 -9999     0
2021 01 08 18  -194  -264 10253   210    20 -9999 -9999     0
2021 01 08 21  -224  -267 10245   120    10 -9999 -9999     0
2021 01 09 00  -219  -257 10256   200    10 -9999 -9999     0
2021 01 09 03  -125  -228 10265   260    30 -9999 -9999     0
2021 01 09 06   -95  -235 10250   250    30 -9999 -9999     0
2021 01 09 09  -107  -217 10253   180    10 -9999 -9999     0
2021 01 09 12  -153  -227 10256   120    10 -9999 -9999     0
2021 01 09 15  -138  -213 10257   210    10 -9999 -9999     0
2021 01 09 18  -128  -200 10263   240    20 -9999 -9999     0
2021 01 09 21  -127  -187 10258   170    10 -9999 -9999     0
2021 01 10 00  -131  -183 10275   170    10 -9999 -9999     0
2021 01 10 03   -74  -178 10287   310    20 -9999 -9999     0
2021 01 10 06   -58  -185 10283   310    30 -9999 -9999     0
2021 01 10 09   -73  -189 10297   270    20 -9999 -9999     0
2021 01 10 12  -131  -190 10303   110    10 -9999 -9999     0
2021 01 10 15  -161  -206 10313   110    10 -9999 -9999     0
2021 01 10 18  -174  -205 10302   110    10 -9999 -9999     0
2021 01 10 21  -182  -207 10284    40    10 -9999 -9999     0
2021 01 11 00  -150  -189 10270    40    20 -9999 -9999     0
2021 01 11 03   -54  -172 10248   150    20 -9999 -9999     0
2021 01 11 06   -16  -117 10211   220    40 -9999 -9999     0
2021 01 11 09   -30   -93 10208   190    30 -9999 -9999     0
2021 01 11 12   -64  -108 10209   230    20 -9999 -9999     0
2021 01 11 15  -108  -128 10192   210    10 -9999 -9999     0
2021 01 11 18  -142  -157 10169   110    10 -9999 -9999     0
2021 01 11 21  -135  -152 10139   290    10 -9999 -9999     0
2021 01 12 00  -120  -134 10119   140    10 -9999 -9999     0
2021 01 12 03   -21  -114 10097   200    50 -9999 -9999     0
2021 01 12 06     8  -122 10063   220    60 -9999 -9999     0
2021 01 12 09     0   -84 10071   240    50 -9999 -9999     0
2021 01 12 12   -28   -68 10082   210    20 -9999 -9999     0
2021 01 12 15   -35   -97 10080   230    20 -9999 -9999     0
2021 01 12 18   -27   -92 10070   280    20 -9999 -9999     0
2021 01 12 21   -30   -58 10076   360    30 -9999 -9999 -9999
2021 01 13 00   -81  -113 10122    10    40 -9999 -9999 -9999
2021 01 13 03   -64  -142 10153   320    30 -9999 -9999     1
2021 01 13 06   -50  -162 10166    20    20 -9999 -9999     1
2021 01 13 09   -64  -166 10198   270    10 -9999 -9999     0
2021 01 13 12  -122  -171 10213    30    10 -9999 -9999     0
2021 01 13 15  -145  -173 10226     0 -9999 -9999 -9999     0
2021 01 13 18  -142  -172 10240    70    10 -9999 -9999     0
2021 01 13 21  -164  -183 10259    70    10 -9999 -9999     0
2021 01 14 00  -153  -178 10252    60    30 -9999 -9999     0
2021 01 14 03   -97  -154 10245    70    20 -9999 -9999     0
2021 01 14 06   -46  -132 10203    60    20 -9999 -9999     0
2021 01 14 09   -47  -119 10193    60    20 -9999 -9999     0
2021 01 14 12   -50  -131 10186    40    10 -9999 -9999     0
2021 01 14 15   -39  -125 10175   130    10 -9999 -9999     0
2021 01 14 18   -24  -122 10175   340    30 -9999 -9999     0
2021 01 14 21   -51   -72 10182   300    40 -9999 -9999    20
2021 01 15 00  -120  -151 10214   320    40 -9999 -9999    40
2021 01 15 03  -117  -162 10236   340    40 -9999 -9999    10
2021 01 15 06  -111  -162 10251   360    40 -9999 -9999     1
2021 01 15 09  -123  -191 10287   340    40 -9999 -9999     0
2021 01 15 12  -141  -216 10307   350    30 -9999 -9999     0
2021 01 15 15  -192  -225 10318     0 -9999 -9999 -9999     0
2021 01 15 18  -235  -261 10322     0 -9999 -9999 -9999     0
2021 01 15 21  -253  -282 10320    80    10 -9999 -9999     0
2021 01 16 00  -256  -279 10332    90    10 -9999 -9999     0
2021 01 16 03  -142  -211 10332   180    20 -9999 -9999     0
2021 01 16 06  -112  -213 10320   230    40 -9999 -9999     0
2021 01 16 09  -134  -199 10325   130    10 -9999 -9999     0
2021 01 16 12  -185  -221 10325   110    10 -9999 -9999     0
2021 01 16 15  -207  -234 10319   140    10 -9999 -9999     0
2021 01 16 18  -220  -244 10310    90    10 -9999 -9999     0
2021 01 16 21  -224  -249 10292   100    10 -9999 -9999     0
2021 01 17 00  -224  -248 10277   110    10 -9999 -9999     0
2021 01 17 03   -89  -179 10250   200    30 -9999 -9999     0
2021 01 17 06   -53  -180 10209   220    60 -9999 -9999     0
2021 01 17 09   -58  -178 10208   220    30 -9999 -9999     0
2021 01 17 12  -116  -176 10204   240    10 -9999 -9999     0
2021 01 17 15  -105  -174 10195   290    10 -9999 -9999     0
2021 01 17 18   -86  -187 10192   340    20 -9999 -9999     0
2021 01 17 21  -107  -209 10207   360    30 -9999 -9999     0
2021 01 18 00  -146  -250 10237    10    30 -9999 -9999     0
2021 01 18 03  -136  -243 10279   320    30 -9999 -9999     0
2021 01 18 06  -129  -249 10296   330    40 -9999 -9999     0
2021 01 18 09  -145  -260 10322    10    30 -9999 -9999     0
2021 01 18 12  -164  -256 10343    30    10 -9999 -9999     0
2021 01 18 15  -219  -267 10353   110    10 -9999 -9999     0
2021 01 18 18  -238  -270 10349    40    10 -9999 -9999     0
2021 01 18 21  -232  -267 10349    50    20 -9999 -9999     0
2021 01 19 00  -223  -261 10341    50    20 -9999 -9999     0
2021 01 19 03  -137  -244 10338   170    10 -9999 -9999     0
2021 01 19 06   -86  -238 10307   180    30 -9999 -9999     0
2021 01 19 09   -84  -199 10303   130    10 -9999 -9999     0
2021 01 19 12   -83  -174 10297    50    10 -9999 -9999     0
2021 01 19 15   -66  -137 10283   140    10 -9999 -9999     0
2021 01 19 18   -55  -105 10273   160    20 -9999 -9999     0
2021 01 19 21   -40   -87 10256   140    20 -9999 -9999     0
2021 01 20 00   -18   -71 10245   180    40 -9999 -9999     0
2021 01 20 03    -7   -65 10230   190    40 -9999 -9999     0
2021 01 20 06    18   -45 10211   200    60 -9999 -9999     0
2021 01 20 09    12   -42 10226   150    20 -9999 -9999     0
2021 01 20 12     9   -41 10238   180    30 -9999 -9999     0
2021 01 20 15     5   -32 10245    20    10 -9999 -9999     0
2021 01 20 18    -8   -35 10242     0 -9999 -9999 -9999     0
2021 01 20 21   -19   -38 10232    70    10 -9999 -9999     0
2021 01 21 00    -8   -30 10222     0 -9999 -9999 -9999     0
2021 01 21 03    23   -20 10218   180    10 -9999 -9999     0
2021 01 21 06    32   -15 10197   230    10 -9999 -9999     0
2021 01 21 09    25   -13 10203   360     0 -9999 -9999 -9999
2021 01 21 12    23    -6 10219   320    20 -9999 -9999     0
2021 01 21 15     4   -20 10228   330    30 -9999 -9999     0
2021 01 21 18   -12   -39 10242    20    30 -9999 -9999     0
2021 01 21 21   -79  -106 10257   350    30 -9999 -9999     0
2021 01 22 00   -71   -89 10274   360    30 -9999 -9999     0
2021 01 22 03   -48   -80 10275   350    20 -9999 -9999     0
2021 01 22 06   -26   -75 10256   330    20 -9999 -9999     0
2021 01 22 09   -31   -76 10257   360    20 -9999 -9999     0
2021 01 22 12   -42   -92 10259   340    30 -9999 -9999     0
2021 01 22 15   -91  -109 10252   350    20 -9999 -9999     0
2021 01 22 18  -119  -135 10255   130    10 -9999 -9999     0
2021 01 22 21  -124  -141 10247    70    10 -9999 -9999     0
2021 01 23 00  -124  -134 10251    60    20 -9999 -9999     0
2021 01 23 03   -48   -84 10245    50    20 -9999 -9999     0
2021 01 23 06    21   -67 10227   310    10 -9999 -9999     0
2021 01 23 09     6   -52 10228   100    10 -9999 -9999     0
2021 01 23 12   -52   -75 10240   110    10 -9999 -9999     0
2021 01 23 15   -80   -92 10249    90    10 -9999 -9999     0
2021 01 23 18   -98  -110 10258   360    10 -9999 -9999     0
2021 01 23 21  -105  -118 10255    50    10 -9999 -9999     0
2021 01 24 00   -95  -103 10273    80    10 -9999 -9999     0
2021 01 24 03    -5   -51 10275    80    10 -9999 -9999     0
2021 01 24 06    69   -28 10262   210    20 -9999 -9999     0
2021 01 24 09    33   -29 10268   140    10 -9999 -9999     0
2021 01 24 12   -31   -56 10283   130    10 -9999 -9999     0
2021 01 24 15   -58   -78 10296   120    10 -9999 -9999     0
2021 01 24 18   -74   -85 10299     0 -9999 -9999 -9999     0
2021 01 24 21   -86   -97 10289    50    10 -9999 -9999     0
2021 01 25 00   -75   -82 10281    50    10 -9999 -9999     0
2021 01 25 03   -10   -43 10270    40    20 -9999 -9999     0
2021 01 25 06    32   -36 10238   220    10 -9999 -9999     0
2021 01 25 09    25   -26 10231    90    10 -9999 -9999     0
2021 01 25 12     8   -33 10229   220    10 -9999 -9999 -9999
2021 01 25 15    -8   -18 10229     0 -9999 -9999 -9999    20
2021 01 25 18   -24   -32 10228    20    10 -9999 -9999    50
2021 01 25 21   -33   -41 10223     0 -9999 -9999 -9999    30
2021 01 26 00   -42   -45 10223   230    10 -9999 -9999     3
2021 01 26 03   -36   -41 10228   210    20 -9999 -9999     0
2021 01 26 06   -16   -51 10225   160    20 -9999 -9999     0
2021 01 26 09   -51   -65 10238   180    10 -9999 -9999     0
2021 01 26 12   -67   -74 10257     0 -9999 -9999 -9999 -9999
2021 01 26 15   -94  -105 10271   100    10 -9999 -9999     0
2021 01 26 18  -108  -120 10288   180    10 -9999 -9999     0
2021 01 26 21  -119  -133 10279   110    10 -9999 -9999     0
2021 01 27 00  -176  -195 10294   110    10 -9999 -9999     1
2021 01 27 03   -88  -101 10281    70    10 -9999 -9999     0
2021 01 27 06   -20  -158 10238   130    10 -9999 -9999     0
2021 01 27 09   -33  -135 10209    80    10 -9999 -9999     0
2021 01 27 12   -35  -115 10198   360    10 -9999 -9999     0
2021 01 27 15   -33   -44 10188   280    20 -9999 -9999    10
2021 01 27 18   -56   -74 10181   340    20 -9999 -9999    40
2021 01 27 21   -81  -106 10186   340    40 -9999 -9999    30
2021 01 28 00  -117  -187 10216   340    40 -9999 -9999 -9999
2021 01 28 03  -127  -222 10250   330    40 -9999 -9999     0
2021 01 28 06  -116  -225 10255   320    60 -9999 -9999     0
2021 01 28 09  -123  -229 10276   340    50 -9999 -9999     0
2021 01 28 12  -134  -233 10290   360    20 -9999 -9999     0
2021 01 28 15  -147  -256 10280   360    20 -9999 -9999     0
2021 01 28 18  -204  -249 10286   100    10 -9999 -9999     0
2021 01 28 21  -254  -281 10281     0 -9999 -9999 -9999     0
2021 01 29 00  -244  -265 10290    50    10 -9999 -9999     0
2021 01 29 03  -147  -226 10286   110    10 -9999 -9999     0
2021 01 29 06  -100  -216 10253   120    20 -9999 -9999     0
2021 01 29 09   -98  -200 10215    90    10 -9999 -9999     0
2021 01 29 12  -117  -189 10203   140    10 -9999 -9999     0
2021 01 29 15   -85  -155 10195   160    20 -9999 -9999     0
2021 01 29 18  -106  -150 10194   180    10 -9999 -9999     0
2021 01 29 21   -81  -130 10226   330    30 -9999 -9999     0
2021 01 30 00  -108  -224 10278   360    50 -9999 -9999     0
2021 01 30 03  -109  -240 10301   350    40 -9999 -9999     0
2021 01 30 06   -99  -228 10301    40    30 -9999 -9999     0
2021 01 30 09  -112  -213 10300    20    20 -9999 -9999     0
2021 01 30 12  -139  -192 10305    30    10 -9999 -9999     0
2021 01 30 15  -149  -193 10301    70    20 -9999 -9999     0
2021 01 30 18  -151  -197 10286    60    20 -9999 -9999     0
2021 01 30 21  -144  -194 10265    60    20 -9999 -9999     0
2021 01 31 00  -121  -177 10254    60    20 -9999 -9999     0
2021 01 31 03   -78  -150 10223    60    20 -9999 -9999     0
2021 01 31 06    31   -74 10176   160    10 -9999 -9999     0
2021 01 31 09    10   -39 10153   150    20 -9999 -9999     0
2021 01 31 12   -41   -59 10145   210    20 -9999 -9999     0
2021 01 31 15     6   -31 10137   220    30 -9999 -9999     0
2021 01 31 18     9   -18 10133   250    40 -9999 -9999     0
2021 01 31 21   -48   -65 10159   320    40 -9999 -9999     1
2021 02 01 00   -99  -145 10210   340    40 -9999 -9999     0
2021 02 01 03  -107  -189 10244   350    50 -9999 -9999     0
2021 02 01 06   -97  -192 10247    10    30 -9999 -9999     0
2021 02 01 09  -104  -211 10265    10    30 -9999 -9999     0
2021 02 01 12  -130  -235 10291   330    20 -9999 -9999     0
2021 02 01 15  -137  -250 10301   330    30 -9999 -9999     0
2021 02 01 18  -151  -260 10303    50    10 -9999 -9999     0
2021 02 01 21  -220  -261 10298   100    10 -9999 -9999     0
2021 02 02 00  -210  -250 10296   130    10 -9999 -9999     0
2021 02 02 03  -132  -245 10290   220    40 -9999 -9999     0
2021 02 02 06  -102  -218 10267   220    40 -9999 -9999     0
2021 02 02 09  -105  -180 10267   190    10 -9999 -9999     0
2021 02 02 12  -129  -214 10274    60    10 -9999 -9999     0
2021 02 02 15  -192  -221 10276    90    10 -9999 -9999     0
2021 02 02 18  -213  -238 10274    40    10 -9999 -9999     0
2021 02 02 21  -224  -246 10268    60    10 -9999 -9999     0
2021 02 03 00  -197  -226 10267    60    10 -9999 -9999     0
2021 02 03 03  -115  -190 10257    50    20 -9999 -9999     0
2021 02 03 06   -61  -217 10232    60    10 -9999 -9999     0
2021 02 03 09   -72  -230 10244   310    20 -9999 -9999     0
2021 02 03 12  -136  -211 10259    90    10 -9999 -9999     0
2021 02 03 15  -188  -229 10268   150    10 -9999 -9999     0
2021 02 03 18  -204  -231 10276   160    10 -9999 -9999     0
2021 02 03 21  -214  -238 10269    30    10 -9999 -9999     0
2021 02 04 00  -191  -226 10260    40    20 -9999 -9999     0
2021 02 04 03   -50  -171 10235   150    20 -9999 -9999     0
2021 02 04 06    11   -58 10199   220    80 -9999 -9999     0
2021 02 04 09     5   -55 10191   220    40 -9999 -9999     0
2021 02 04 12   -34   -90 10185   200    10 -9999 -9999     0
2021 02 04 15   -75  -122 10170   220    10 -9999 -9999     0
2021 02 04 18   -94  -120 10153   170    10 -9999 -9999     0
2021 02 04 21   -96  -116 10128   190    10 -9999 -9999     0
2021 02 05 00   -76  -103 10125   200    10 -9999 -9999     0
2021 02 05 03    37   -66 10115   210    40 -9999 -9999     0
2021 02 05 06    59   -40 10096   200    30 -9999 -9999     0
2021 02 05 09    46   -27 10096   230    30 -9999 -9999     0
2021 02 05 12     0   -27 10108     0 -9999 -9999 -9999     0
2021 02 05 15   -25   -42 10108     0 -9999 -9999 -9999     0
2021 02 05 18   -49   -60 10109     0 -9999 -9999 -9999     0
2021 02 05 21   -67   -76 10109     0 -9999 -9999 -9999     0
2021 02 06 00   -69   -78 10131    30    10 -9999 -9999     0
2021 02 06 03     6   -86 10152   340    30 -9999 -9999     0
2021 02 06 06    14   -95 10168   340    40 -9999 -9999     0
2021 02 06 09    -6   -78 10193   360    30 -9999 -9999     0
2021 02 06 12   -28   -89 10214   360    40 -9999 -9999     0
2021 02 06 15   -48   -98 10242   350    20 -9999 -9999     0
2021 02 06 18   -70  -114 10263   330    10 -9999 -9999     0
2021 02 06 21   -64  -135 10273   340    30 -9999 -9999     0
2021 02 07 00   -82  -170 10297   320    40 -9999 -9999     0
2021 02 07 03   -64  -164 10304   350    20 -9999 -9999     0
2021 02 07 06   -43  -168 10303   320    40 -9999 -9999     0
2021 02 07 09   -50  -181 10309   340    30 -9999 -9999     0
2021 02 07 12   -70  -183 10320   340    10 -9999 -9999     0
2021 02 07 15  -126  -171 10313     0 -9999 -9999 -9999     0
2021 02 07 18  -140  -175 10314   110    10 -9999 -9999     0
2021 02 07 21  -156  -180 10316   110    10 -9999 -9999     0
2021 02 08 00  -147  -172 10332   110    10 -9999 -9999     0
2021 02 08 03   -60  -187 10338   280    20 -9999 -9999     0
2021 02 08 06   -41  -184 10325   290    40 -9999 -9999     0
2021 02 08 09   -42  -181 10309   270    30 -9999 -9999     0
2021 02 08 12   -94  -161 10302     0 -9999 -9999 -9999     0
2021 02 08 15  -123  -161 10297   120    10 -9999 -9999     0
2021 02 08 18  -132  -165 10276   140    10 -9999 -9999     0
2021 02 08 21  -134  -161 10253    50    10 -9999 -9999     0
2021 02 09 00  -101  -140 10252   110    10 -9999 -9999     0
2021 02 09 03     3   -70 10243   210    30 -9999 -9999     0
2021 02 09 06    51   -53 10211   220    50 -9999 -9999     0
2021 02 09 12    14   -55 10213   220    30 -9999 -9999     0
2021 02 09 15   -26   -81 10209   200    20 -9999 -9999     0
2021 02 09 18   -53   -77 10200   170    10 -9999 -9999     0
2021 02 09 21   -63   -77 10189   350    10 -9999 -9999     0
2021 02 10 00   -63   -74 10202     0 -9999 -9999 -9999     0
2021 02 10 03    36   -48 10215   240    30 -9999 -9999     0
2021 02 10 06    59   -99 10217   320    30 -9999 -9999     0
2021 02 10 09    50   -88 10225   310    10 -9999 -9999     0
2021 02 11 00   -68   -76 10211   210    10 -9999 -9999     0
2021 02 13 12     9    -6 10237    10    20 -9999 -9999    10
2021 02 13 15   -14   -30 10229   360    30 -9999 -9999    10
2021 02 13 18   -19   -38 10223   350    30 -9999 -9999     4
2021 02 13 21   -28   -54 10211   350    40 -9999 -9999     4
2021 02 14 00   -35   -71 10205   360    40 -9999 -9999     0
2021 02 14 03   -36   -83 10202   360    50 -9999 -9999     0
2021 02 14 06   -25   -70 10192   360    40 -9999 -9999     2
2021 02 14 09   -47   -91 10200   360    50 -9999 -9999     2
2021 02 14 12   -72   -99 10212   350    60 -9999 -9999     2
2021 02 14 15   -85  -118 10216   360    60 -9999 -9999    10
2021 02 14 18   -93  -176 10213   360    40 -9999 -9999     8
2021 02 14 21  -102  -182 10206   350    30 -9999 -9999     0
2021 02 15 00  -109  -198 10210   350    30 -9999 -9999     0
2021 02 15 03   -77  -184 10201   320    20 -9999 -9999     0
2021 02 15 06   -59  -196 10178   270    30 -9999 -9999     0
2021 02 15 09   -60  -204 10176   270    30 -9999 -9999     0
2021 02 15 12   -77  -199 10185   350    20 -9999 -9999     0
2021 02 15 15   -99  -170 10200   170    10 -9999 -9999     0
2021 02 15 18  -143  -174 10196   130    10 -9999 -9999     0
2021 02 15 21  -152  -180 10188   120    10 -9999 -9999     0
2021 02 16 00  -104  -188 10207   310    30 -9999 -9999     0
2021 02 16 03   -83  -201 10212   310    40 -9999 -9999     0
2021 02 16 06   -85  -223 10214   320    50 -9999 -9999     0
2021 02 16 09   -91  -231 10227   290    60 -9999 -9999     0
2021 02 16 12  -104  -243 10237   300    40 -9999 -9999     0
2021 02 16 15  -122  -249 10247   310    40 -9999 -9999     0
2021 02 16 18  -139  -246 10250   310    40 -9999 -9999     0
2021 02 16 21  -150  -251 10252   300    40 -9999 -9999     0
2021 02 17 00  -147  -250 10258   300    40 -9999 -9999     0
2021 02 17 03  -120  -250 10261   280    40 -9999 -9999     0
2021 02 17 06   -96  -240 10251   290    50 -9999 -9999     0
2021 02 17 09   -85  -216 10255   310    30 -9999 -9999     0
2021 02 17 12   -94  -214 10260   230    20 -9999 -9999     0
2021 02 17 15   -86  -217 10262   310    20 -9999 -9999     0
2021 02 17 18  -100  -223 10270   320    30 -9999 -9999     0
2021 02 17 21  -110  -222 10274   320    10 -9999 -9999     0
2021 02 18 00  -137  -208 10285   120    10 -9999 -9999     0
2021 02 18 03   -75  -200 10278   180    30 -9999 -9999     0
2021 02 18 06   -47  -182 10247   210    40 -9999 -9999     0
2021 02 18 09   -50  -178 10219   200    30 -9999 -9999     0
2021 02 18 12   -91  -161 10202    70    10 -9999 -9999     0
2021 02 18 15  -106  -165 10176    70    10 -9999 -9999     0
2021 02 18 18  -101  -160 10141   190    10 -9999 -9999     0
2021 02 18 21   -62  -142 10104   160    20 -9999 -9999     0
2021 02 19 00   -27  -110 10075   180    30 -9999 -9999     0
2021 02 19 03    50   -38 10049   200    50 -9999 -9999     0
2021 02 19 06    62   -32 10026   220    50 -9999 -9999     0
2021 02 19 09    51   -27 10035   190    10 -9999 -9999     0
2021 02 20 15    32   -33 10034    42    10 -9999 -9999 -9999
2021 02 20 18    21   -40 10032    36    17 -9999 -9999 -9999
2021 02 20 21    16   -47 10026    35    31 -9999 -9999 -9999
2021 02 21 00    16   -41 10031   349    10 -9999 -9999 -9999
2021 02 21 03    87   -17 10036   219    33 -9999 -9999 -9999
2021 02 21 09    75   -50 10076   332    33 -9999 -9999 -9999
2021 02 21 12    20   -61 10132   347    41 -9999 -9999 -9999
2021 02 21 15    -4   -76 10169   360    30 -9999 -9999     0
2021 02 21 18   -20   -86 10204    21    29 -9999 -9999 -9999
2021 02 21 21   -37  -148 10234    25    16 -9999 -9999 -9999
2021 02 22 00   -35  -187 10263     4    31 -9999 -9999 -9999
2021 02 22 03   -16  -195 10266   320    50 -9999 -9999     0
2021 02 22 06   -17  -217 10267   310    40 -9999 -9999     0
2021 02 22 09   -34  -221 10286   340    50 -9999 -9999     0
2021 02 22 12   -50  -216 10303   330    30 -9999 -9999     0
2021 02 22 15   -63  -210 10314   330    30 -9999 -9999     0
2021 02 22 18   -79  -214 10323   350    30 -9999 -9999     0
2021 02 22 21   -94  -220 10333   340    30 -9999 -9999     0
2021 02 23 00   -92  -236 10348   350    30 -9999 -9999     0
2021 02 23 03   -64  -237 10344    10    30 -9999 -9999     0
2021 02 23 06   -35  -227 10320    40    30 -9999 -9999     0
2021 02 23 09   -37  -213 10306   100    10 -9999 -9999     0
2021 02 23 12   -84  -185 10309   210    10 -9999 -9999     0
2021 02 23 15  -109  -164 10310     0 -9999 -9999 -9999     0
2021 02 23 18  -127  -169 10305    40    10 -9999 -9999     0
2021 02 23 21  -135  -167 10299    40    10 -9999 -9999     0
2021 02 24 00  -102  -163 10300    70    20 -9999 -9999     0
2021 02 24 03    11  -167 10272   170    30 -9999 -9999     0
2021 02 24 06    39  -148 10243   220    50 -9999 -9999     0
2021 02 24 09    30  -117 10237   240    50 -9999 -9999     0
2021 02 24 12     6  -163 10256   240    30 -9999 -9999     0
2021 02 24 15   -34  -118 10265   130    10 -9999 -9999     0
2021 02 24 18   -67  -120 10275     0 -9999 -9999 -9999     0
2021 02 24 21   -46  -127 10287   360    30 -9999 -9999     0
2021 02 25 00   -45  -183 10300    20    40 -9999 -9999     0
2021 02 25 03    -3  -170 10297   330    30 -9999 -9999     0
2021 02 25 06    27  -206 10283   350    30 -9999 -9999     0
2021 02 25 09    26  -187 10270    10    20 -9999 -9999     0
2021 02 25 12    -9  -185 10271   350    20 -9999 -9999     0
2021 02 25 15   -50  -168 10277     0 -9999 -9999 -9999     0
2021 02 25 18   -85  -145 10277   110    10 -9999 -9999     0
2021 02 25 21   -89  -134 10279    50    20 -9999 -9999     0
2021 02 26 00   -60  -125 10284    50    20 -9999 -9999     0
2021 02 26 03    41  -128 10287   350    10 -9999 -9999     0
2021 02 26 06    82  -147 10271   140    10 -9999 -9999     0
2021 02 26 09    87  -130 10263   320    10 -9999 -9999     0
2021 02 26 12   -11  -130 10273   130    10 -9999 -9999     0
2021 02 26 15   -39  -107 10273     0 -9999 -9999 -9999     0
2021 02 26 18   -62  -104 10268   100    10 -9999 -9999     0
2021 02 26 21   -77  -105 10260   110    10 -9999 -9999     0
2021 02 27 00   -40  -100 10269   160    10 -9999 -9999     0
2021 02 27 03    97   -99 10251   210    50 -9999 -9999     0
2021 02 27 06   132  -106 10236   230    60 -9999 -9999     0
2021 02 27 09   108   -84 10242   240    40 -9999 -9999     0
2021 02 27 12    66   -78 10254   210    30 -9999 -9999     0
2021 02 27 15    11   -74 10250   200    20 -9999 -9999     0
2021 02 27 18    10   -63 10245   160    20 -9999 -9999     0
2021 02 27 21    -2   -52 10233   170    10 -9999 -9999     0
2021 02 28 00    48   -37 10245   300    20 -9999 -9999     0
2021 02 28 03    64   -13 10265   260    30 -9999 -9999     0
2021 02 28 06    33   -13 10271   350    40 -9999 -9999 -9999
2021 02 28 09   -17   -40 10290   360    40 -9999 -9999    10
2021 02 28 12   -25   -65 10305    10    50 -9999 -9999    10
2021 02 28 15   -31   -82 10321    20    50 -9999 -9999     0
2021 02 28 18   -33  -108 10315    20    40 -9999 -9999     0
2021 02 28 21   -42  -106 10311   352    41 -9999 -9999 -9999
2021 03 01 00   -47  -119 10311    20    50 -9999 -9999     0
2021 03 01 03   -31  -118 10303    10    40 -9999 -9999     0
2021 03 01 06    -4  -147 10270    20    50 -9999 -9999     0
2021 03 01 09   -27  -157 10268   360    60 -9999 -9999     0
2021 03 01 12   -69  -168 10276   360    40 -9999 -9999     0
2021 03 01 15   -86  -167 10276   350    30 -9999 -9999     0
2021 03 01 18   -98  -176 10282    10    20 -9999 -9999     0
2021 03 01 21  -125  -174 10284    70    10 -9999 -9999     0
2021 03 02 00   -88  -173 10296    80    20 -9999 -9999     0
2021 03 02 03   -26  -182 10290   190    20 -9999 -9999     0
2021 03 02 06    23  -203 10271   210    40 -9999 -9999     0
2021 03 02 09    21  -198 10262   230    30 -9999 -9999     0
2021 03 02 12    -9  -148 10257   220    30 -9999 -9999     0
2021 03 02 15   -31  -109 10251   190    20 -9999 -9999     0
2021 03 02 18   -58  -115 10232   200    10 -9999 -9999     0
2021 03 02 21     9   -76 10209   200    50 -9999 -9999     0
2021 03 03 00    26   -42 10201   190    50 -9999 -9999     0
2021 03 03 03    47   -22 10194   200    50 -9999 -9999     0
2021 03 03 06    69   -10 10175   190    50 -9999 -9999     0
2021 03 03 09    78   -14 10170   190    30 -9999 -9999     0
2021 03 03 12    45   -24 10187   200    30 -9999 -9999     0
2021 03 03 15    27   -20 10194   140    20 -9999 -9999     0
2021 03 03 18    34   -28 10184   190    30 -9999 -9999     0
2021 03 03 21    34   -32 10168   200    30 -9999 -9999     0
2021 03 04 00    48   -37 10165   180    40 -9999 -9999     0
2021 03 04 03   101   -16 10161   190    70 -9999 -9999     0
2021 03 04 06   114    -7 10147   200    60 -9999 -9999     0
2021 03 04 09    97    -5 10158   200    50 -9999 -9999     0
2021 03 04 12    44    -8 10169   150    20 -9999 -9999     0
2021 03 04 15    24   -12 10170   150    20 -9999 -9999     0
2021 03 04 18    20    -3 10177    50    10 -9999 -9999     0
2021 03 04 21    50     4 10207   320    20 -9999 -9999     0
2021 03 05 00   -13   -45 10267    10    60 -9999 -9999     1
2021 03 05 03   -48  -102 10316    20    60 -9999 -9999     1
2021 03 05 06   -36  -149 10320    30    60 -9999 -9999     0
2021 03 05 09   -44  -157 10338    10    60 -9999 -9999     0
2021 03 05 12   -73  -172 10373    10    50 -9999 -9999     0
2021 03 05 15   -90  -183 10387    40    40 -9999 -9999     0
2021 03 05 18  -101  -198 10394    50    30 -9999 -9999     0
2021 03 05 21  -111  -197 10402    30    30 -9999 -9999     0
2021 03 06 00  -104  -193 10412    20    40 -9999 -9999     0
2021 03 06 03   -50  -229 10400    50    40 -9999 -9999     0
2021 03 06 06   -19  -225 10367    20    40 -9999 -9999     0
2021 03 06 09   -23  -211 10355   350    30 -9999 -9999     0
2021 03 06 12   -48  -209 10351   360    30 -9999 -9999     0
2021 03 06 15   -65  -198 10348   340    20 -9999 -9999     0
2021 03 06 18  -117  -183 10336   100    10 -9999 -9999     0
2021 03 06 21  -144  -179 10324    30    20 -9999 -9999     0
2021 03 07 00   -95  -175 10329    50    10 -9999 -9999     0
2021 03 07 03    -2  -194 10314   190    20 -9999 -9999     0
2021 03 07 06    44  -192 10288   230    30 -9999 -9999     0
2021 03 07 09    47  -183 10281   220    20 -9999 -9999     0
2021 03 07 12   -30  -154 10289   132     5 -9999 -9999 -9999
2021 03 07 15   -62  -147 10296   160    10 -9999 -9999     0
2021 03 07 18   -89  -139 10297   170    10 -9999 -9999     0
2021 03 07 21   -96  -130 10288    70    10 -9999 -9999     0
2021 03 08 00   -53  -134 10283    50    10 -9999 -9999     0
2021 03 08 03    60   -56 10269   210    40 -9999 -9999     0
2021 03 08 06   102   -62 10241   220    40 -9999 -9999     0
2021 03 08 09    84   -54 10234   220    50 -9999 -9999     0
2021 03 08 12    45   -50 10241   240    30 -9999 -9999     0
2021 03 08 15     8   -52 10231   200    10 -9999 -9999     0
2021 03 08 18   -21   -56 10228   200    10 -9999 -9999     0
2021 03 08 21     4   -42 10223   220    20 -9999 -9999     0
2021 03 09 00    27   -52 10234   210    30 -9999 -9999     0
2021 03 09 03    93   -36 10241   250    40 -9999 -9999     0
2021 03 09 06   133   -48 10236   270    20 -9999 -9999     0
2021 03 09 09   122  -164 10248    20    50 -9999 -9999     0
2021 03 09 12    71  -144 10279    10    20 -9999 -9999     0
2021 03 09 15    13  -144 10286    40    20 -9999 -9999     0
2021 03 09 18   -31  -121 10287    30    20 -9999 -9999     0
2021 03 09 21   -21  -104 10286    60    20 -9999 -9999     0
2021 03 10 00    -3  -100 10279    60    20 -9999 -9999     0
2021 03 10 03   123  -100 10253   210    50 -9999 -9999     0
2021 03 10 06   154   -25 10224   220    70 -9999 -9999     0
2021 03 10 09   140    38 10215   220    70 -9999 -9999     0
2021 03 10 12   104   -16 10229   210    20 -9999 -9999     0
2021 03 10 15    83    10 10232   210    20 -9999 -9999     0
2021 03 10 18    30    -3 10234   160    10 -9999 -9999     0
2021 03 10 21    10    -8 10237    70    10 -9999 -9999     0
2021 03 11 00    45    -3 10249   120    10 -9999 -9999     0
2021 03 11 03   106    19 10250   220    40 -9999 -9999     0
2021 03 11 06   112    30 10237   250    40 -9999 -9999     0
2021 03 11 09    94    16 10241   250    30 -9999 -9999     0
2021 03 11 12    48     6 10252   130    10 -9999 -9999     0
2021 03 11 15    20    -3 10255    80    10 -9999 -9999     0
2021 03 11 18     8    -8 10256    60    10 -9999 -9999     0
2021 03 11 21     0   -10 10260   110    10 -9999 -9999     0
2021 03 12 00    14    -4 10270   110    10 -9999 -9999     0
2021 03 12 03    73     1 10270   360    10 -9999 -9999     0
2021 03 12 06    96    -6 10247    20    30 -9999 -9999     0
2021 03 12 09    93   -11 10245   360    10 -9999 -9999     0
2021 03 12 12    56    -7 10250   120    10 -9999 -9999     0
2021 03 12 15    19   -17 10247     0 -9999 -9999 -9999     0
2021 03 12 18    -4   -23 10241     0 -9999 -9999 -9999     0
2021 03 12 21   -21   -31 10236     0 -9999 -9999 -9999     0
2021 03 13 00     4    -6 10241    60    10 -9999 -9999     0
2021 03 13 03    93   -23 10234   360    10 -9999 -9999     0
2021 03 13 06   118   -48 10210   310    10 -9999 -9999     0
2021 03 13 09   111   -46 10199   220    20 -9999 -9999     0
2021 03 13 12    42   -40 10205   130    10 -9999 -9999     0
2021 03 13 15    -1   -42 10202     0 -9999 -9999 -9999     0
2021 03 13 18   -19   -44 10200   130    10 -9999 -9999     0
2021 03 13 21   -28   -36 10202     0 -9999 -9999 -9999     0
2021 03 14 00     3   -24 10203    50    10 -9999 -9999     0
2021 03 14 03    99     8 10195   210    30 -9999 -9999     0
2021 03 14 06   131    23 10160   220    50 -9999 -9999     0
2021 03 14 09   125    29 10144   240    30 -9999 -9999     0
2021 03 14 12    85    25 10135   210    20 -9999 -9999     0
2021 03 14 15    66    -4 10123   170    20 -9999 -9999     0
2021 03 14 18    70    15 10099   160    30 -9999 -9999     0
2021 03 14 21    87    11 10099   190    50 -9999 -9999     0
2021 03 15 00    93    26 10095   200    40 -9999 -9999 -9999
2021 03 15 03    71    54 10113   250    30 -9999 -9999    -1
2021 03 15 06    64   -69 10122   350    20 -9999 -9999    20
2021 03 15 09    85  -126 10129   310    30 -9999 -9999    20
2021 03 15 12    70  -138 10159   290    50 -9999 -9999     0
2021 03 15 15    49  -140 10174   280    40 -9999 -9999     0
2021 03 15 18    29  -147 10192   300    40 -9999 -9999     0
2021 03 15 21     9  -160 10214   290    40 -9999 -9999     0
2021 03 16 00    14  -180 10226   330    40 -9999 -9999     0
2021 03 16 03    40  -176 10225   310    40 -9999 -9999     0
2021 03 16 06    70  -171 10210   330    40 -9999 -9999     0
2021 03 16 09    75  -175 10208   320    20 -9999 -9999     0
2021 03 16 12     7  -141 10219     0 -9999 -9999 -9999     0
2021 03 16 15   -17   -93 10222     0 -9999 -9999 -9999     0
2021 03 16 18   -38   -88 10234    60    10 -9999 -9999     0
2021 03 16 21   -61   -85 10237    50    20 -9999 -9999     0
2021 03 17 00   -13   -78 10247    50    10 -9999 -9999     0
2021 03 17 03    76  -117 10244    20    20 -9999 -9999     0
2021 03 17 06   108  -165 10233   320    30 -9999 -9999     0
2021 03 17 09   103  -144 10231   360    30 -9999 -9999     0
2021 03 17 12    63  -128 10248   340    20 -9999 -9999     0
2021 03 17 15    45  -116 10254   360    20 -9999 -9999     0
2021 03 17 18    12   -89 10248    50    20 -9999 -9999     0
2021 03 17 21    17   -87 10247    40    10 -9999 -9999     0
2021 03 18 00    20   -87 10258    70    10 -9999 -9999     0
2021 03 18 03    90  -134 10254    20    40 -9999 -9999     0
2021 03 18 06    96  -129 10237   350    30 -9999 -9999     0
2021 03 18 09    91   -94 10225    30    30 -9999 -9999     0
2021 03 18 12    59   -95 10232   360    20 -9999 -9999     0
2021 03 18 15    15   -89 10237    40    10 -9999 -9999     0
2021 03 18 18   -23   -90 10225   350    20 -9999 -9999     0
2021 03 18 21    -7   -82 10229    20    20 -9999 -9999     0
2021 03 19 00    17   -71 10234    70    20 -9999 -9999     0
2021 03 19 03    82   -92 10212    70    20 -9999 -9999     0
2021 03 19 06   128   -90 10188   340    30 -9999 -9999     0
2021 03 19 09   116   -94 10177    10    30 -9999 -9999     0
2021 03 19 12    92   -75 10176   360    20 -9999 -9999     0
2021 03 19 15    79   -62 10158    10    20 -9999 -9999     0
2021 03 19 18    72   -52 10143   360    20 -9999 -9999     0
2021 03 19 21    42    21 10142   320    10 -9999 -9999    20
2021 03 20 00    28    15 10146   320    30 -9999 -9999    60
2021 03 20 03    26    10 10146   330    10 -9999 -9999    40
2021 03 20 06    34    14 10131   250    30 -9999 -9999     4
2021 03 20 09    40    19 10132   190    20 -9999 -9999     0
2021 03 20 12    32    20 10140   190    20 -9999 -9999 -9999
2021 03 20 15    26    17 10137   230    30 -9999 -9999    10
2021 03 20 18    13   -45 10136   280    40 -9999 -9999    10
2021 03 20 21     7   -45 10138   240    30 -9999 -9999     0
2021 03 21 00     8   -10 10160   290    30 -9999 -9999     9
2021 03 21 03    23   -17 10171   330    20 -9999 -9999     9
2021 03 21 06    44   -51 10170   320    30 -9999 -9999     1
2021 03 21 09    57  -101 10176   310    50 -9999 -9999     1
2021 03 21 12    35  -105 10190   270    10 -9999 -9999     0
2021 03 21 15   -25   -72 10192   200    10 -9999 -9999     0
2021 03 21 18   -36   -69 10187   240    10 -9999 -9999     0
2021 03 21 21   -37   -70 10182   190    10 -9999 -9999     0
2021 03 22 00    15   -56 10188   220    30 -9999 -9999     0
2021 03 22 03    82   -67 10178   220    50 -9999 -9999     0
2021 03 22 06   119   -65 10154   240    60 -9999 -9999     0
2021 03 22 09   115   -68 10137   220    60 -9999 -9999     0
2021 03 22 12    71   -66 10134   210    30 -9999 -9999     0
2021 03 22 15    73   -83 10115   220    30 -9999 -9999     0
2021 03 22 18    69   -68 10104   220    30 -9999 -9999     0
2021 03 22 21    65   -58 10098   210    20 -9999 -9999     0
2021 03 23 00    86   -53 10105   210    30 -9999 -9999     0
2021 03 23 03   135   -24 10099   200    40 -9999 -9999     0
2021 03 23 06   163    -4 10088   230    60 -9999 -9999     0
2021 03 23 09   152   -22 10085   250    30 -9999 -9999     0
2021 03 23 12   109     3 10110   220    10 -9999 -9999     0
2021 03 23 15    52    15 10118    20    10 -9999 -9999     0
2021 03 23 18    34    -4 10135   340    30 -9999 -9999     0
2021 03 23 21    26     0 10149    90    10 -9999 -9999     0
2021 03 24 00    46     2 10180     0 -9999 -9999 -9999     0
2021 03 24 03   107    -4 10189   110    20 -9999 -9999     0
2021 03 24 06   153   -69 10172    30    30 -9999 -9999     0
2021 03 24 09   155   -50 10168   120    10 -9999 -9999     0
2021 03 24 12    72   -36 10184   110    10 -9999 -9999     0
2021 03 24 15    27   -38 10179   130    10 -9999 -9999     0
2021 03 24 18    23   -19 10176   200    20 -9999 -9999     0
2021 03 24 21    26   -12 10161   210    20 -9999 -9999     0
2021 03 25 00    89     4 10171   210    50 -9999 -9999     0
2021 03 25 03   135    18 10181   240    60 -9999 -9999     0
2021 03 25 06   176   -32 10170   280    20 -9999 -9999     0
2021 03 25 09   178    -9 10169   220    40 -9999 -9999     0
2021 03 25 12   135     2 10183   220    10 -9999 -9999     0
2021 03 25 15    59     7 10199     0 -9999 -9999 -9999     0
2021 03 25 18    23    -8 10188   120    10 -9999 -9999     0
2021 03 25 21    34   -14 10181    60    20 -9999 -9999     0
2021 03 26 00    54   -11 10178    50    10 -9999 -9999     0
2021 03 26 03   161    -2 10161   190    30 -9999 -9999     0
2021 03 26 06   179    -4 10138   190    30 -9999 -9999     0
2021 03 26 09   156    24 10132   200    30 -9999 -9999     0
2021 03 26 12   129    25 10142   200    30 -9999 -9999     0
2021 03 26 15   115    28 10136   180    30 -9999 -9999 -9999
2021 03 26 18   112    28 10128   190    30 -9999 -9999     0
2021 03 26 21    94    38 10114   130    10 -9999 -9999     0
2021 03 27 00    94    16 10114   120    10 -9999 -9999     0
2021 03 27 03   157     3 10103   180    40 -9999 -9999     0
2021 03 27 06   162    26 10078   180    40 -9999 -9999     0
2021 03 27 09   149    46 10056   200    30 -9999 -9999     0
2021 03 27 12   107    46 10057   210    20 -9999 -9999     0
2021 03 27 15    65    45 10038     0 -9999 -9999 -9999     0
2021 03 27 18    33    23 10017   130    10 -9999 -9999     0
2021 03 27 21    53    46 10007   210    20 -9999 -9999     0
2021 03 28 00    69    46  9996   220    20 -9999 -9999     0
2021 03 28 03    79    62  9998   230    40 -9999 -9999     0
2021 03 28 06    90    54  9991   220    30 -9999 -9999     0
2021 03 28 09   102    41  9990   220    20 -9999 -9999     0
2021 03 28 12    91    10 10021   270    30 -9999 -9999     0
2021 03 28 15    90   -56 10038   270    50 -9999 -9999     0
2021 03 28 18    51   -53 10046   240    20 -9999 -9999     0
2021 03 28 21    70   -82 10055   270    40 -9999 -9999     0
2021 03 29 00    78   -87 10066   260    50 -9999 -9999     0
2021 03 29 03   115  -120 10065   290    60 -9999 -9999     0
2021 03 29 06   142  -129 10052   280    50 -9999 -9999     0
2021 03 29 09   146  -155 10049   280    60 -9999 -9999     0
2021 03 29 12   106   -81 10074   240    30 -9999 -9999     0
2021 03 29 15    62   -64 10094   220    20 -9999 -9999     0
2021 03 29 18    42   -56 10104   240    20 -9999 -9999     0
2021 03 29 21   -13   -50 10110   140    10 -9999 -9999     0
2021 03 30 00    63   -42 10133   190    20 -9999 -9999     0
2021 03 30 03   132   -86 10132   300    30 -9999 -9999     0
2021 03 30 06   160  -115 10115   230    10 -9999 -9999     0
2021 03 30 09   160   -83 10105   150    10 -9999 -9999     0
2021 03 30 12    91   -55 10121   120    10 -9999 -9999     0
2021 03 30 15    39   -43 10122   160    10 -9999 -9999     0
2021 03 30 18    13   -52 10121    40    10 -9999 -9999     0
2021 03 30 21    17   -46 10118    40    20 -9999 -9999     0
2021 03 31 00    62   -46 10131    30    10 -9999 -9999     0
2021 03 31 03   176   -50 10132   210    40 -9999 -9999     0
2021 03 31 06   188    -6 10133   230    40 -9999 -9999     0
2021 03 31 09   190    -9 10139   250    20 -9999 -9999     0
2021 03 31 12   114     8 10159    90    10 -9999 -9999     0
2021 03 31 15    65     6 10175   130    10 -9999 -9999     0
2021 03 31 18    38     8 10187    60    10 -9999 -9999     0
2021 03 31 21    37     2 10191    60    10 -9999 -9999     0
2021 04 01 00    91     3 10207    60    20 -9999 -9999     0
2021 04 01 03   173     0 10196    30    20 -9999 -9999     0
2021 04 01 06   225   -23 10170    10    20 -9999 -9999     0
2021 04 01 09   213    -7 10163    20    30 -9999 -9999     0
2021 04 01 12   147    13 10182    70    10 -9999 -9999     0
2021 04 01 15    97    14 10178     0 -9999 -9999 -9999     0
2021 04 01 18    94     6 10187    50    10 -9999 -9999     0
2021 04 01 21    86     6 10188   110    10 -9999 -9999     0
2021 04 02 00   128    15 10192   250    10 -9999 -9999     0
2021 04 02 03   174     1 10194   210    40 -9999 -9999     0
2021 04 02 06   187    -2 10186   240    50 -9999 -9999     0
2021 04 02 09   153    28 10193   310    20 -9999 -9999     0
2021 04 02 12   129    78 10210   310    10 -9999 -9999     1
2021 04 02 15    97    83 10219   350    10 -9999 -9999     8
2021 04 02 18    88    84 10218    70    10 -9999 -9999    20
2021 04 02 21    87   -41 10230    10    40 -9999 -9999    10
2021 04 03 00    70   -63 10248   360    50 -9999 -9999     5
2021 04 03 03    85   -61 10248    20    60 -9999 -9999     0
2021 04 03 06   113   -96 10229    30    60 -9999 -9999     0
2021 04 03 09   107  -141 10219    20    60 -9999 -9999     0
2021 04 03 12    78  -120 10239    10    20 -9999 -9999     0
2021 04 03 15    66  -111 10243    50    20 -9999 -9999     0
2021 04 03 18    48   -87 10237    50    10 -9999 -9999     0
2021 04 03 21     4   -83 10241   360    20 -9999 -9999     0
2021 04 04 00    63  -104 10250    10    20 -9999 -9999     0
2021 04 04 03   110  -124 10241   170    20 -9999 -9999     0
2021 04 04 06   137  -125 10218   340    30 -9999 -9999     0
2021 04 04 09   142  -121 10209    30    20 -9999 -9999     0
2021 04 04 12    71   -70 10220   140    10 -9999 -9999     0
2021 04 04 15    33   -75 10230   190    10 -9999 -9999     0
2021 04 04 18    13   -41 10227   100    10 -9999 -9999     0
2021 04 04 21    -7   -55 10218     0 -9999 -9999 -9999     0
2021 04 05 00    77   -61 10220   110    10 -9999 -9999     0
2021 04 05 06   216   -90 10172   220    60 -9999 -9999     0
2021 04 05 09   192   -50 10163   230    70 -9999 -9999     0
2021 04 05 12   151   -53 10171   230    50 -9999 -9999     0
2021 04 05 15   140   -37 10169   220    60 -9999 -9999     0
2021 04 05 18   117    14 10178   260    30 -9999 -9999     0
2021 04 05 21    60    19 10189   100    10 -9999 -9999     0
2021 04 06 00   113   -65 10216   360    40 -9999 -9999     0
2021 04 06 03   151   -83 10222   330    30 -9999 -9999     0
2021 04 06 06   178   -83 10206   360    30 -9999 -9999     0
2021 04 06 09   175   -94 10195   350    30 -9999 -9999     0
2021 04 06 12   102   -62 10206   220    10 -9999 -9999     0
2021 04 06 15   142   -40 10218   320    30 -9999 -9999     0
2021 04 06 18   112  -122 10231   350    40 -9999 -9999     0
2021 04 06 21    55  -103 10249   360    40 -9999 -9999     0
2021 04 07 00    52   -90 10270   340    40 -9999 -9999     0
2021 04 07 03    94  -137 10272   350    50 -9999 -9999     0
2021 04 07 06   107  -166 10252   350    50 -9999 -9999     0
2021 04 07 09   101  -154 10240    20    40 -9999 -9999     0
2021 04 07 12    76  -133 10248   360    20 -9999 -9999     0
2021 04 07 15    13  -118 10232   170    10 -9999 -9999     0
2021 04 07 18   -14   -97 10220   140    10 -9999 -9999     0
2021 04 07 21   -27   -94 10224   110    10 -9999 -9999     0
2021 04 08 00    53   -97 10236   290    10 -9999 -9999     0
2021 04 08 06   141  -121 10228   360    40 -9999 -9999     0
2021 04 08 09   122  -129 10228    20    40 -9999 -9999     0
2021 04 08 12    91  -127 10247    40    20 -9999 -9999     0
2021 04 08 15    30   -99 10252   110    10 -9999 -9999     0
2021 04 08 18     0   -94 10256    50    10 -9999 -9999     0
2021 04 08 21   -12   -78 10269   210    10 -9999 -9999     0
2021 04 09 00    54   -81 10283    60    20 -9999 -9999     0
2021 04 09 03   131  -107 10279    80    30 -9999 -9999     0
2021 04 09 06   164  -103 10259    60    30 -9999 -9999     0
2021 04 09 09   168   -84 10246    90    20 -9999 -9999     0
2021 04 09 12    95   -68 10258     0 -9999 -9999 -9999     0
2021 04 09 15    51   -53 10261   120    10 -9999 -9999     0
2021 04 09 18    24   -50 10264   150    10 -9999 -9999     0
2021 04 09 21    29   -22 10266   100    10 -9999 -9999     0
2021 04 10 00    90   -46 10270    90    10 -9999 -9999     0
2021 04 10 03   173   -40 10258   200    40 -9999 -9999     0
2021 04 10 06   193   -18 10240   200    50 -9999 -9999     0
2021 04 10 09   185    -8 10227   190    40 -9999 -9999     0
2021 04 10 12   130   -21 10242   170    20 -9999 -9999     0
2021 04 10 15    89   -27 10248    90    10 -9999 -9999     0
2021 04 10 18   109   -29 10249   170    20 -9999 -9999     0
2021 04 10 21    80    -5 10252   210    20 -9999 -9999     0
2021 04 11 00   140    20 10262   190    40 -9999 -9999     0
2021 04 11 06   198    17 10240   190    50 -9999 -9999     0
2021 04 11 09   166    19 10235   200    50 -9999 -9999     0
2021 04 11 12   146     5 10231   190    30 -9999 -9999     0
2021 04 11 15   128    -1 10227   190    30 -9999 -9999     0
2021 04 11 18    84    11 10212   160    10 -9999 -9999     0
2021 04 11 21   105     0 10196   180    30 -9999 -9999     0
2021 04 12 00   137    26 10188   200    50 -9999 -9999     0
2021 04 12 03   151    33 10172   190    40 -9999 -9999     0
2021 04 12 06   128    45 10154   190    40 -9999 -9999     0
2021 04 12 09   111    64 10140   210    20 -9999 -9999 -9999
2021 04 12 12    63    40 10168   350    50 -9999 -9999    20
2021 04 12 15    34    18 10191    10    40 -9999 -9999    20
2021 04 12 18    27    -9 10199   340    40 -9999 -9999     7
2021 04 12 21    12   -29 10203   350    40 -9999 -9999     1
2021 04 13 00    19   -26 10213   350    20 -9999 -9999     0
2021 04 13 03    54   -85 10203    20    50 -9999 -9999     0
2021 04 13 06    76  -112 10187    10    50 -9999 -9999     0
2021 04 13 09    82  -128 10180   330    40 -9999 -9999     0
2021 04 13 12    27   -95 10178   150     7 -9999 -9999 -9999
2021 04 13 15    34   -89 10174   200    20 -9999 -9999     0
2021 04 13 18    26   -73 10157   210    40 -9999 -9999     0
2021 04 13 21    26   -51 10158   240    30 -9999 -9999     0
2021 04 14 00    59   -22 10173   270    30 -9999 -9999     0
2021 04 14 03   105  -115 10169   350    30 -9999 -9999     0
2021 04 14 06   132  -137 10151   200    30 -9999 -9999     0
2021 04 14 09   145  -110 10140   220    30 -9999 -9999     0
2021 04 14 12    79   -74 10143     0 -9999 -9999 -9999     0
2021 04 14 15    41   -77 10139   100    10 -9999 -9999     0
2021 04 14 18    30   -67 10121     0 -9999 -9999 -9999     0
2021 04 14 21    27   -41 10112    50    10 -9999 -9999     0
2021 04 15 00   140   -29 10109   190    40 -9999 -9999     0
2021 04 15 03   185     1 10104   210    70 -9999 -9999     0
2021 04 15 06   186    -7 10077   200    50 -9999 -9999     0
2021 04 15 09   169   -32 10066   180    60 -9999 -9999     0
2021 04 15 12   128  -109 10082   190    30 -9999 -9999     0
2021 04 15 15   103   -57 10065   150    30 -9999 -9999     0
2021 04 15 18    61    16 10056   200    40 -9999 -9999 -9999
2021 04 15 21    61    22 10047   200    30 -9999 -9999     0
2021 04 16 00    78    31 10060   230    60 -9999 -9999     0
2021 04 16 03   106   -46 10075   250    70 -9999 -9999     0
2021 04 16 06   128   -78 10070   240    70 -9999 -9999     0
2021 04 16 09   128   -84 10080   270    70 -9999 -9999     0
2021 04 16 12   103   -89 10116   280    40 -9999 -9999     0
2021 04 16 15    91   -94 10117   260    30 -9999 -9999     0
2021 04 16 18    56   -87 10109   190    10 -9999 -9999     0
2021 04 16 21    68   -62 10108   260    50 -9999 -9999     0
2021 04 17 00    39    14 10134   260    30 -9999 -9999     2
2021 04 17 03    57    14 10144   270    30 -9999 -9999     2
2021 04 17 06    60    38 10154   330    20 -9999 -9999     3
2021 04 17 09    77    26 10162   320    40 -9999 -9999    10
2021 04 17 12    60    10 10183   350    20 -9999 -9999    10
2021 04 17 15    17     5 10191   200    10 -9999 -9999     0
2021 04 17 18    -7   -13 10188   110    10 -9999 -9999     0
2021 04 17 21   -15   -19 10190   140    10 -9999 -9999     0
2021 04 18 00    51    16 10191   140    20 -9999 -9999     0
2021 04 18 03   125     9 10172   200    30 -9999 -9999     0
2021 04 18 06   178   -30 10133   210    40 -9999 -9999     0
2021 04 18 09   189   -67 10106   230    50 -9999 -9999     0
2021 04 18 12   152   -83 10107   230    40 -9999 -9999     0
2021 04 18 15   118   -44 10094   200    20 -9999 -9999     0
2021 04 18 18   123    -9 10082   220    40 -9999 -9999     0
2021 04 18 21   126     7 10077   220    30 -9999 -9999     0
2021 04 19 00   165    21 10082   210    40 -9999 -9999     0
2021 04 19 03   218    39 10084   230    70 -9999 -9999     0
2021 04 19 06   247    -4 10088   280    40 -9999 -9999     0
2021 04 19 09   248    35 10094   230    40 -9999 -9999     0
2021 04 19 12   193    50 10134   230    10 -9999 -9999     0
2021 04 19 15   116    53 10158   160    10 -9999 -9999     0
2021 04 19 18    69    47 10175    30    10 -9999 -9999     0
2021 04 19 21    82    16 10183    50    20 -9999 -9999     0
2021 04 20 00   147   -14 10197    60    40 -9999 -9999     0
2021 04 20 03   208   -51 10198    50    20 -9999 -9999     0
2021 04 20 06   239   -52 10175    10    30 -9999 -9999     0
2021 04 20 09   243   -49 10155   210    10 -9999 -9999     0
2021 04 20 12   191    -3 10171   360    10 -9999 -9999     0
2021 04 20 15   131    32 10187   200    10 -9999 -9999     0
2021 04 20 18   105    63 10187   120    10 -9999 -9999     0
2021 04 20 21    72    57 10193     0 -9999 -9999 -9999     0
