2021 01 01 00  -157  -255 10274   270    20 -9999 -9999     0
2021 01 01 03  -127  -267 10270   190    40 -9999 -9999     0
2021 01 01 06  -106  -273 10254   210    40 -9999 -9999     0
2021 01 01 09  -138  -273 10267   300    20 -9999 -9999     0
2021 01 01 12  -175  -255 10288    20    10 -9999 -9999     0
2021 01 01 15  -202  -258 10311    20    30 -9999 -9999     0
2021 01 01 18  -227  -265 10323    10    20 -9999 -9999     0
2021 01 01 21  -241  -276 10333    10    10 -9999 -9999     0
2021 01 02 00  -241  -279 10347    30    10 -9999 -9999     0
2021 01 02 03  -175  -257 10337   120    10 -9999 -9999     0
2021 01 02 06  -124  -268 10313   180    10 -9999 -9999     0
2021 01 02 09  -153  -256 10327    20    10 -9999 -9999     0
2021 01 02 12  -184  -249 10343    20    10 -9999 -9999     0
2021 01 02 15  -206  -250 10352    10    20 -9999 -9999     0
2021 01 02 18  -225  -253 10359    10    20 -9999 -9999     0
2021 01 02 21  -236  -264 10375    20    10 -9999 -9999     0
2021 01 03 00  -232  -264 10385    10    10 -9999 -9999     0
2021 01 03 03  -159  -235 10365   100    10 -9999 -9999     0
2021 01 03 06  -103  -239 10334   190    40 -9999 -9999     0
2021 01 03 09  -136  -235 10341   290    20 -9999 -9999     0
2021 01 03 12  -178  -235 10357    10    20 -9999 -9999     0
2021 01 03 15  -202  -238 10365    10    20 -9999 -9999     0
2021 01 03 18  -220  -245 10370    10    20 -9999 -9999     0
2021 01 03 21  -233  -258 10367   360    20 -9999 -9999     0
2021 01 04 00  -230  -259 10382    30    20 -9999 -9999     0
2021 01 04 03  -165  -241 10359   100    10 -9999 -9999     0
2021 01 04 06   -99  -219 10320   170    10 -9999 -9999     0
2021 01 04 09  -130  -215 10317    30    20 -9999 -9999     0
2021 01 04 12  -165  -212 10330   360    20 -9999 -9999     0
2021 01 04 15  -184  -212 10335    20    20 -9999 -9999     0
2021 01 04 18  -201  -223 10336     0 -9999 -9999 -9999     0
2021 01 04 21  -217  -240 10343    30    10 -9999 -9999     0
2021 01 05 00  -210  -236 10369   190    10 -9999 -9999     0
2021 01 05 03  -153  -236 10351   140    10 -9999 -9999     0
2021 01 05 06  -119  -272 10328    70    20 -9999 -9999     0
2021 01 05 09  -159  -254 10332    20    10 -9999 -9999     0
2021 01 05 12  -193  -257 10337    20    20 -9999 -9999     0
2021 01 05 15  -218  -263 10335   360    20 -9999 -9999     0
2021 01 05 18  -232  -266 10322    10    20 -9999 -9999     0
2021 01 05 21  -226  -266 10305    30    20 -9999 -9999     0
2021 01 06 00  -224  -258 10306    30    20 -9999 -9999     0
2021 01 06 03  -166  -253 10270   140    10 -9999 -9999     0
2021 01 06 06  -120  -238 10218   180    30 -9999 -9999     0
2021 01 06 09  -131  -214 10218   280    30 -9999 -9999     0
2021 01 06 12  -164  -224 10239    10    50 -9999 -9999     0
2021 01 06 15  -193  -295 10254   300    60 -9999 -9999     0
2021 01 06 18  -204  -288 10259   270    10 -9999 -9999     0
2021 01 06 21  -209  -267 10263   230    10 -9999 -9999     0
2021 01 07 00  -216  -314 10283   310    30 -9999 -9999     0
2021 01 07 03  -199  -309 10277   200    30 -9999 -9999     0
2021 01 07 06  -199  -318 10269   270    40 -9999 -9999     0
2021 01 07 09  -218  -329 10288   270    30 -9999 -9999     0
2021 01 07 12  -235  -319 10298   280    20 -9999 -9999     0
2021 01 07 15  -240  -301 10293   350    20 -9999 -9999     0
2021 01 07 18  -259  -306 10286    10    20 -9999 -9999     0
2021 01 07 21  -265  -305 10281    30    20 -9999 -9999     0
2021 01 08 00  -270  -321 10291    70    20 -9999 -9999     0
2021 01 08 03  -222  -288 10271    40    10 -9999 -9999     0
2021 01 08 06  -201  -261 10255   190    30 -9999 -9999     0
2021 01 08 09  -206  -275 10261   240    20 -9999 -9999     0
2021 01 08 12  -238  -273 10280    10    20 -9999 -9999     0
2021 01 08 15  -236  -267 10279    40    20 -9999 -9999     0
2021 01 08 18  -258  -297 10281    30    20 -9999 -9999     0
2021 01 08 21  -265  -307 10276    40    20 -9999 -9999     0
2021 01 09 00  -267  -318 10287    60    20 -9999 -9999     0
2021 01 09 03  -210  -269 10272    50    10 -9999 -9999     0
2021 01 09 06  -152  -231 10249   210    20 -9999 -9999     0
2021 01 09 09  -170  -209 10266   280    30 -9999 -9999     0
2021 01 09 12  -198  -216 10284    10    20 -9999 -9999     0
2021 01 09 15  -219  -238 10289    10    20 -9999 -9999     0
2021 01 09 18  -231  -258 10298    20    20 -9999 -9999     0
2021 01 09 21  -234  -260 10300    30    20 -9999 -9999     1
2021 01 10 00  -226  -258 10312    60    20 -9999 -9999     2
2021 01 10 03  -171  -225 10311   120    10 -9999 -9999     1
2021 01 10 06  -122  -192 10286   170    10 -9999 -9999     0
2021 01 10 09  -141  -168 10307   360    10 -9999 -9999     0
2021 01 10 12  -170  -179 10328   360    10 -9999 -9999     0
2021 01 10 15  -192  -203 10337    20    20 -9999 -9999     0
2021 01 10 18  -211  -226 10337    20    20 -9999 -9999     0
2021 01 10 21  -216  -233 10330    10    20 -9999 -9999     0
2021 01 11 00  -221  -240 10335   350    10 -9999 -9999     0
2021 01 11 03  -162  -211 10309   140    10 -9999 -9999     0
2021 01 11 06  -121  -189 10270   190    10 -9999 -9999     0
2021 01 11 09  -138  -174 10261     0 -9999 -9999 -9999     0
2021 01 11 12  -170  -181 10262    10    20 -9999 -9999     0
2021 01 11 15  -187  -197 10248    20    20 -9999 -9999     0
2021 01 11 18  -189  -199 10227     0 -9999 -9999 -9999     0
2021 01 11 21  -208  -222 10207   360    20 -9999 -9999     0
2021 01 12 00  -195  -207 10201     0 -9999 -9999 -9999     0
2021 01 12 03  -147  -182 10174   150    10 -9999 -9999     0
2021 01 12 06  -103  -166 10132   270    10 -9999 -9999     0
2021 01 12 09  -105  -148 10123     0 -9999 -9999 -9999     0
2021 01 12 12  -103  -136 10121    70    10 -9999 -9999     0
2021 01 12 15   -92   -95 10117    20    10 -9999 -9999    10
2021 01 12 18  -108  -109 10111    10    10 -9999 -9999    20
2021 01 12 21   -98  -101 10092    20    10 -9999 -9999    10
2021 01 13 00   -87   -88 10097    60    10 -9999 -9999    20
2021 01 13 03   -71   -78 10099     0 -9999 -9999 -9999    60
2021 01 13 06   -34  -126 10119   280    30 -9999 -9999    40
2021 01 13 09   -83  -171 10166   320    30 -9999 -9999     1
2021 01 13 12  -145  -159 10203    10    20 -9999 -9999     0
2021 01 13 15  -177  -185 10236    20    10 -9999 -9999     0
2021 01 13 18  -204  -214 10250    10    20 -9999 -9999     0
2021 01 13 21  -224  -240 10275    30    10 -9999 -9999     0
2021 01 14 00  -219  -235 10310    30    10 -9999 -9999     0
2021 01 14 03  -159  -201 10291   140    10 -9999 -9999     0
2021 01 14 06  -117  -179 10270   170    10 -9999 -9999     0
2021 01 14 09  -124  -168 10263    10    10 -9999 -9999     0
2021 01 14 12  -147  -157 10263    10    10 -9999 -9999     0
2021 01 14 15  -151  -159 10251     0 -9999 -9999 -9999     0
2021 01 14 18  -146  -154 10226     0 -9999 -9999 -9999     0
2021 01 14 21  -136  -145 10198    30    10 -9999 -9999     0
2021 01 15 00  -127  -133 10189     0 -9999 -9999 -9999     3
2021 01 15 03   -98  -116 10175     0 -9999 -9999 -9999    20
2021 01 15 06   -84   -96 10168     0 -9999 -9999 -9999    30
2021 01 15 09   -79  -117 10204   330    10 -9999 -9999    20
2021 01 15 12  -126  -184 10257    30    40 -9999 -9999     2
2021 01 15 15  -174  -202 10279   340    20 -9999 -9999     0
2021 01 15 18  -214  -230 10298    20    20 -9999 -9999     0
2021 01 15 21  -237  -257 10307    20    20 -9999 -9999     0
2021 01 16 00  -249  -272 10326    10    10 -9999 -9999     0
2021 01 16 03  -181  -240 10316   170    10 -9999 -9999     0
2021 01 16 06  -131  -231 10294   170    10 -9999 -9999     0
2021 01 16 09  -168  -212 10312   330    10 -9999 -9999     0
2021 01 16 12  -207  -224 10327    10    20 -9999 -9999     0
2021 01 16 15  -235  -253 10330    20    10 -9999 -9999     0
2021 01 16 18  -255  -278 10330    20    20 -9999 -9999     0
2021 01 16 21  -270  -297 10328    30    20 -9999 -9999     0
2021 01 17 00  -270  -298 10324    20    10 -9999 -9999     0
2021 01 17 03  -205  -251 10292   130    10 -9999 -9999     0
2021 01 17 06  -129  -216 10243   160    10 -9999 -9999     0
2021 01 17 09  -164  -200 10241    10    10 -9999 -9999     0
2021 01 17 12  -196  -211 10249    20    20 -9999 -9999     0
2021 01 17 15  -210  -222 10232    10    20 -9999 -9999     0
2021 01 17 18  -206  -222 10207    50    10 -9999 -9999     0
2021 01 17 21  -192  -206 10196    60    10 -9999 -9999     0
2021 01 18 00  -181  -192 10207     0 -9999 -9999 -9999     0
2021 01 18 03  -129  -234 10213   310    50 -9999 -9999     0
2021 01 18 06  -151  -252 10252   330    40 -9999 -9999     0
2021 01 18 09  -183  -284 10300   310    30 -9999 -9999     0
2021 01 18 12  -226  -281 10330    10    20 -9999 -9999     0
2021 01 18 15  -251  -286 10355    10    20 -9999 -9999     0
2021 01 18 18  -274  -304 10377   360    10 -9999 -9999     0
2021 01 18 21  -289  -322 10391   360    20 -9999 -9999     0
2021 01 19 00  -283  -317 10404    10    10 -9999 -9999     0
2021 01 19 03  -223  -289 10389   190    20 -9999 -9999     0
2021 01 19 06  -157  -263 10357   190    10 -9999 -9999     0
2021 01 19 09  -182  -257 10362   230    10 -9999 -9999     0
2021 01 19 12  -209  -240 10374    10    20 -9999 -9999     0
2021 01 19 15  -226  -250 10376    20    20 -9999 -9999     0
2021 01 19 18  -232  -254 10376    20    20 -9999 -9999     0
2021 01 19 21  -203  -222 10374   110    10 -9999 -9999     0
2021 01 20 00  -184  -206 10360    10    10 -9999 -9999     0
2021 01 20 03  -151  -178 10328   190    20 -9999 -9999     0
2021 01 20 06  -101  -160 10285   220    10 -9999 -9999     0
2021 01 20 09  -107  -144 10285    20    10 -9999 -9999     0
2021 01 20 12   -79   -98 10289    30    20 -9999 -9999     0
2021 01 20 15   -56   -71 10288    30    10 -9999 -9999     0
2021 01 20 18   -60   -70 10290   170    10 -9999 -9999     0
2021 01 20 21   -51   -59 10274    40    10 -9999 -9999     0
2021 01 21 00   -48   -56 10269    10    10 -9999 -9999     0
2021 01 21 03   -13   -41 10245     0 -9999 -9999 -9999     0
2021 01 21 06    -8   -32 10231   190    10 -9999 -9999     0
2021 01 21 09   -15   -24 10225   360     1 -9999 -9999 -9999
2021 01 21 12   -22   -25 10228   210    10 -9999 -9999     0
2021 01 21 15   -27   -27 10226     0 -9999 -9999 -9999     0
2021 01 21 18   -32   -32 10226     0 -9999 -9999 -9999     0
2021 01 21 21   -36   -36 10231    30    10 -9999 -9999     0
2021 01 22 00   -32   -32 10244     0 -9999 -9999 -9999 -9999
2021 01 22 03    -4   -20 10244   120    10 -9999 -9999     0
2021 01 22 06    32   -52 10225   190    10 -9999 -9999     0
2021 01 22 09   -15   -50 10236    10    20 -9999 -9999     0
2021 01 22 12   -44   -77 10256    20    20 -9999 -9999     0
2021 01 22 15   -78   -94 10261    20    20 -9999 -9999     0
2021 01 22 18  -103  -111 10270    10    20 -9999 -9999     0
2021 01 22 21  -114  -122 10276    10    20 -9999 -9999     0
2021 01 23 03   -57   -94 10275   150    10 -9999 -9999     0
2021 01 23 06    -4   -83 10249   180    10 -9999 -9999     0
2021 01 23 09   -31   -59 10256     0 -9999 -9999 -9999     0
2021 01 23 12   -65   -72 10275    20    10 -9999 -9999     0
2021 01 23 15   -94   -95 10286     0 -9999 -9999 -9999     0
2021 01 23 18  -110  -111 10293    40    10 -9999 -9999     0
2021 01 23 21  -126  -129 10305    30    10 -9999 -9999     0
2021 01 24 00  -126  -129 10326     0 -9999 -9999 -9999     0
2021 01 24 03   -59   -90 10322   190    10 -9999 -9999     0
2021 01 24 06     0   -62 10295   150    10 -9999 -9999     0
2021 01 24 09   -24   -52 10304     0 -9999 -9999 -9999     0
2021 01 24 12   -54   -59 10322    20    20 -9999 -9999     0
2021 01 24 15   -82   -82 10328    20    10 -9999 -9999     0
2021 01 24 18   -99   -99 10331    20    20 -9999 -9999     0
2021 01 24 21  -111  -112 10335    10    10 -9999 -9999     0
2021 01 25 00  -100  -103 10337    20    10 -9999 -9999     0
2021 01 25 03   -56   -67 10313   170    10 -9999 -9999     0
2021 01 25 06   -17   -55 10272   200    10 -9999 -9999     0
2021 01 25 09   -22   -45 10268     0 -9999 -9999 -9999     0
2021 01 25 12   -33   -47 10252   160    10 -9999 -9999     0
2021 01 25 15   -50   -55 10242    20    10 -9999 -9999     0
2021 01 25 18   -54   -57 10225     0 -9999 -9999 -9999     0
2021 01 25 21   -50   -53 10205     0 -9999 -9999 -9999     0
2021 01 26 00   -45   -45 10199     0 -9999 -9999 -9999    20
2021 01 26 03   -28   -28 10200   200    10 -9999 -9999    40
2021 01 26 06    22    -9 10182   120    10 -9999 -9999    30
2021 01 26 09     2   -78 10197   300    30 -9999 -9999     4
2021 01 26 12   -31  -151 10234   290    40 -9999 -9999     0
2021 01 26 15   -98  -129 10250    20    30 -9999 -9999     0
2021 01 26 18  -131  -151 10265    10    20 -9999 -9999     0
2021 01 26 21  -158  -166 10273    10    10 -9999 -9999     0
2021 01 27 00  -153  -158 10291     0 -9999 -9999 -9999     0
2021 01 27 03   -95  -158 10284   130    10 -9999 -9999     0
2021 01 27 06   -25  -236 10239   170    10 -9999 -9999     0
2021 01 27 09   -68  -201 10245    80    10 -9999 -9999     0
2021 01 27 12  -117  -183 10245    20    30 -9999 -9999     0
2021 01 27 15  -113  -175 10220    70    10 -9999 -9999     0
2021 01 27 18  -108  -165 10188     0 -9999 -9999 -9999     0
2021 01 27 21  -113  -118 10144     0 -9999 -9999 -9999    10
2021 01 28 00  -109  -113 10129     0 -9999 -9999 -9999    40
2021 01 28 03   -82  -142 10143   300    20 -9999 -9999    30
2021 01 28 06  -103  -164 10168   270    40 -9999 -9999     5
2021 01 28 09  -144  -226 10217   290    30 -9999 -9999     0
2021 01 28 12  -170  -269 10255   290    40 -9999 -9999     0
2021 01 28 15  -182  -259 10259   240    20 -9999 -9999     0
2021 01 28 18  -207  -237 10267    20    20 -9999 -9999     0
2021 01 28 21  -218  -235 10271    20    10 -9999 -9999     0
2021 01 29 00  -221  -246 10294    60    10 -9999 -9999     0
2021 01 29 03  -156  -254 10280   130    10 -9999 -9999     0
2021 01 29 06  -127  -267 10266   200    40 -9999 -9999     0
2021 01 29 09  -158  -266 10273   230    10 -9999 -9999     0
2021 01 29 12  -204  -245 10270    20    30 -9999 -9999     0
2021 01 29 15  -194  -223 10257    60    10 -9999 -9999     0
2021 01 29 18  -181  -195 10250    20    20 -9999 -9999     6
2021 01 29 21  -175  -186 10233   190    10 -9999 -9999    10
2021 01 30 00  -161  -172 10260    40    10 -9999 -9999    20
2021 01 30 03  -105  -149 10274    90    10 -9999 -9999    10
2021 01 30 06   -63  -177 10263   240    20 -9999 -9999     2
2021 01 30 09   -95  -212 10282   280    20 -9999 -9999     0
2021 01 30 12  -151  -194 10309    10    20 -9999 -9999     0
2021 01 30 15  -183  -204 10324    10    20 -9999 -9999     0
2021 01 30 18  -201  -217 10330    10    20 -9999 -9999     0
2021 01 30 21  -194  -213 10329     0 -9999 -9999 -9999     0
2021 01 31 00  -183  -202 10327     0 -9999 -9999 -9999     0
2021 01 31 03  -140  -186 10303   160    10 -9999 -9999     0
2021 01 31 06   -85  -173 10253   170    10 -9999 -9999     0
2021 01 31 09   -80  -136 10229   220    10 -9999 -9999     0
2021 01 31 12   -71  -122 10211    40    10 -9999 -9999     0
2021 01 31 15   -59  -103 10187    20    10 -9999 -9999     0
2021 01 31 18   -44   -69 10147    60    10 -9999 -9999     0
2021 01 31 21   -37   -40 10120    20    20 -9999 -9999     0
2021 02 01 00    11   -34 10111   230    30 -9999 -9999     0
2021 02 01 03   -16   -71 10121   310    50 -9999 -9999 -9999
2021 02 01 06   -48  -147 10153   330    30 -9999 -9999     0
2021 02 01 09  -119  -220 10209   340    80 -9999 -9999     0
2021 02 01 12  -151  -244 10241   320    40 -9999 -9999     0
2021 02 01 15  -169  -232 10261   330    10 -9999 -9999     0
2021 02 01 18  -185  -242 10275   290    20 -9999 -9999     0
2021 02 01 21  -211  -247 10282    10    20 -9999 -9999     0
2021 02 02 00  -213  -241 10290    20    20 -9999 -9999     0
2021 02 02 03  -150  -256 10273   200    40 -9999 -9999     0
2021 02 02 06  -122  -263 10245   270    40 -9999 -9999     0
2021 02 02 09  -140  -259 10253   220    30 -9999 -9999     0
2021 02 02 12  -146  -267 10271   240    30 -9999 -9999     0
2021 02 02 15  -149  -240 10275   270    20 -9999 -9999     0
2021 02 02 18  -193  -239 10277   350    20 -9999 -9999     0
2021 02 02 21  -228  -252 10282    10    30 -9999 -9999     0
2021 02 03 00  -223  -250 10286    30    10 -9999 -9999     0
2021 02 03 03  -170  -228 10268   150    10 -9999 -9999     0
2021 02 03 06   -90  -214 10230   210    30 -9999 -9999     0
2021 02 03 09   -97  -197 10230   270    30 -9999 -9999     0
2021 02 03 12  -129  -191 10242    20    20 -9999 -9999     0
2021 02 03 15  -123  -250 10247   310    40 -9999 -9999     0
2021 02 03 18  -186  -243 10256    20    40 -9999 -9999     0
2021 02 03 21  -202  -251 10264    10    30 -9999 -9999     0
2021 02 04 00  -187  -253 10280    20    30 -9999 -9999     0
2021 02 04 03   -97  -237 10269   200    40 -9999 -9999     0
2021 02 04 06   -76  -211 10241   180    20 -9999 -9999     0
2021 02 04 09   -82  -203 10236   250    20 -9999 -9999     0
2021 02 04 12  -136  -192 10250    20    30 -9999 -9999     0
2021 02 04 15  -158  -192 10245    10    30 -9999 -9999     0
2021 02 04 18  -174  -193 10234    20    20 -9999 -9999     0
2021 02 04 21  -169  -186 10210    20    20 -9999 -9999     0
2021 02 05 00  -148  -178 10198    50    20 -9999 -9999     0
2021 02 05 03   -77  -145 10165    20    20 -9999 -9999     0
2021 02 05 06    22   -77 10125   200    20 -9999 -9999     0
2021 02 05 09    23   -63 10123   240    40 -9999 -9999     0
2021 02 05 12     5   -59 10137   260    30 -9999 -9999     0
2021 02 05 15   -33   -53 10136    10    20 -9999 -9999     0
2021 02 05 18   -45   -58 10122    20    30 -9999 -9999     0
2021 02 05 21   -51   -61 10119    20    20 -9999 -9999     0
2021 02 06 00   -56   -63 10132    20    20 -9999 -9999     0
2021 02 06 03    -4   -45 10128    20    10 -9999 -9999     0
2021 02 06 06    28   -25 10125   240    20 -9999 -9999 -9999
2021 02 06 09    13   -70 10154   330    40 -9999 -9999     0
2021 02 06 12   -14   -88 10186   350    20 -9999 -9999    -1
2021 02 06 15   -42  -112 10210    40    20 -9999 -9999     0
2021 02 06 18   -89  -151 10236   350    20 -9999 -9999     0
2021 02 06 21  -134  -155 10250    20    20 -9999 -9999     0
2021 02 07 00  -134  -163 10269    20    20 -9999 -9999     0
2021 02 07 03   -70  -145 10255   130    10 -9999 -9999     0
2021 02 07 06   -42  -174 10247   290    60 -9999 -9999     0
2021 02 07 09   -75  -177 10281   320    50 -9999 -9999     0
2021 02 07 12  -107  -209 10306   300    30 -9999 -9999     0
2021 02 07 15  -148  -217 10307   330    10 -9999 -9999     0
2021 02 07 18  -182  -217 10311    30    20 -9999 -9999     0
2021 02 07 21  -201  -224 10319    10    20 -9999 -9999     0
2021 02 08 00  -200  -227 10336    20    20 -9999 -9999     0
2021 02 08 03  -126  -204 10323   170    10 -9999 -9999     0
2021 02 08 06   -65  -201 10299   290    30 -9999 -9999     0
2021 02 08 09   -79  -221 10297   280    30 -9999 -9999     0
2021 02 08 12  -123  -208 10311   270    10 -9999 -9999     0
2021 02 08 15  -163  -210 10318    20    20 -9999 -9999     0
2021 02 08 18  -187  -212 10317    20    20 -9999 -9999     0
2021 02 08 21  -196  -212 10309    20    20 -9999 -9999     0
2021 02 09 00  -171  -213 10306    20    10 -9999 -9999     0
2021 02 09 03  -103  -188 10285   130    10 -9999 -9999     0
2021 02 09 06   -16  -138 10241   200    20 -9999 -9999     0
2021 02 09 12   -77  -128 10251    20    30 -9999 -9999     0
2021 02 09 15  -108  -130 10256    20    20 -9999 -9999     0
2021 02 09 18  -130  -138 10252    10    20 -9999 -9999     0
2021 02 09 21  -120  -132 10247    10    20 -9999 -9999     0
2021 02 10 00  -112  -132 10251    90    10 -9999 -9999     0
2021 02 10 03   -55  -114 10234   120    10 -9999 -9999     0
2021 02 10 06    23   -84 10212   170    10 -9999 -9999     0
2021 02 10 09    18   -73 10226   270    30 -9999 -9999     0
2021 02 11 00  -105  -110 10292    50    10 -9999 -9999     0
2021 02 13 12     1   -21 10239    40    10 -9999 -9999     0
2021 02 13 15    -4   -17 10226   360    10 -9999 -9999     0
2021 02 13 18    -8    -8 10213     0 -9999 -9999 -9999    30
2021 02 13 21    -8    -8 10195     0 -9999 -9999 -9999    70
2021 02 14 00    -1    -1 10192     0 -9999 -9999 -9999    80
2021 02 14 03    18    17 10177     0 -9999 -9999 -9999    60
2021 02 14 06    18    18 10149     0 -9999 -9999 -9999    30
2021 02 14 09     8     8 10140   240    10 -9999 -9999    20
2021 02 14 12     2    -9 10137    30    40 -9999 -9999     8
2021 02 14 15   -28   -45 10134    20    50 -9999 -9999    10
2021 02 14 18   -53   -63 10135    50    30 -9999 -9999    20
2021 02 14 21   -83  -104 10130    20    30 -9999 -9999    30
2021 02 15 00   -98  -125 10137    40    20 -9999 -9999    20
2021 02 15 03   -85  -157 10133    30    20 -9999 -9999     5
2021 02 15 06   -77  -168 10126   270    40 -9999 -9999     2
2021 02 15 09  -109  -203 10149   310    10 -9999 -9999     0
2021 02 15 12  -158  -182 10174    30    10 -9999 -9999     0
2021 02 15 15  -169  -186 10185    10    10 -9999 -9999     0
2021 02 15 18  -176  -186 10190   280    10 -9999 -9999     0
2021 02 15 21  -204  -215 10187    10    20 -9999 -9999     0
2021 02 16 00  -193  -208 10194   220    10 -9999 -9999     0
2021 02 16 03  -141  -170 10175   110    10 -9999 -9999     3
2021 02 16 06  -109  -191 10163   340    40 -9999 -9999     3
2021 02 16 09  -127  -227 10187   280    30 -9999 -9999 -9999
2021 02 16 12  -143  -225 10210   280    40 -9999 -9999     0
2021 02 16 15  -156  -222 10206   240    20 -9999 -9999     0
2021 02 16 18  -165  -214 10200   270    10 -9999 -9999     0
2021 02 16 21  -182  -205 10200     0 -9999 -9999 -9999     0
2021 02 17 00  -167  -192 10206   210    10 -9999 -9999     0
2021 02 17 03  -141  -237 10207   330    40 -9999 -9999     0
2021 02 17 06  -132  -227 10207   340    40 -9999 -9999     0
2021 02 17 09  -145  -229 10235   260    10 -9999 -9999     0
2021 02 17 12  -152  -216 10251   230    10 -9999 -9999     0
2021 02 17 15  -186  -201 10255    20    20 -9999 -9999     0
2021 02 17 18  -198  -212 10263    10    10 -9999 -9999     1
2021 02 17 21  -202  -216 10275    20    10 -9999 -9999     1
2021 02 18 00  -175  -197 10289   120    10 -9999 -9999     0
2021 02 18 03  -115  -201 10277   170    10 -9999 -9999     0
2021 02 18 06   -72  -188 10247   170    10 -9999 -9999     0
2021 02 18 09   -85  -162 10237   250    20 -9999 -9999     0
2021 02 18 12  -130  -151 10242    20    20 -9999 -9999     0
2021 02 18 15  -158  -167 10230    20    20 -9999 -9999     0
2021 02 18 18  -175  -181 10214    50    10 -9999 -9999     0
2021 02 18 21  -192  -201 10197    10    20 -9999 -9999     0
2021 02 19 00  -166  -183 10171    40    10 -9999 -9999     0
2021 02 19 03   -89  -161 10124    30    20 -9999 -9999     0
2021 02 19 06    16   -60 10064   210    60 -9999 -9999     0
2021 02 19 09    18   -51 10067   250    50 -9999 -9999     0
2021 02 20 15   -17   -56 10080    22    17 -9999 -9999 -9999
2021 02 20 18   -27   -55 10082     9    17 -9999 -9999 -9999
2021 02 20 21   -32   -49 10082    26     8 -9999 -9999 -9999
2021 02 21 00   -22   -42 10075   360     0 -9999 -9999 -9999
2021 02 21 09    42   -22 10057    56     7 -9999 -9999 -9999
2021 02 21 12     7   -12 10084    10    20 -9999 -9999 -9999
2021 02 21 15    -7   -15 10108   348    10 -9999 -9999 -9999
2021 02 21 18    15   -59 10139   314    25 -9999 -9999 -9999
2021 02 21 21   -20  -102 10168    21    41 -9999 -9999 -9999
2021 02 22 00   -30  -100 10201   311    35 -9999 -9999 -9999
2021 02 22 03   -18  -202 10200   270    30 -9999 -9999     0
2021 02 22 06   -15  -173 10193   340    60 -9999 -9999     0
2021 02 22 09   -52  -193 10236   330    40 -9999 -9999     0
2021 02 22 12   -79  -210 10272   330    30 -9999 -9999     0
2021 02 22 15   -96  -204 10289   320    20 -9999 -9999     0
2021 02 22 18  -126  -204 10294   330    10 -9999 -9999     0
2021 02 22 21  -153  -199 10303    20    20 -9999 -9999     0
2021 02 23 00  -135  -194 10322    30    10 -9999 -9999     0
2021 02 23 03   -78  -213 10309   190    20 -9999 -9999     0
2021 02 23 06   -54  -224 10292   290    40 -9999 -9999     0
2021 02 23 09   -66  -234 10296   330    30 -9999 -9999     0
2021 02 23 12  -115  -201 10311    20    20 -9999 -9999     0
2021 02 23 15  -148  -207 10327    20    20 -9999 -9999     0
2021 02 23 18  -175  -207 10335    10    20 -9999 -9999     0
2021 02 23 21  -189  -208 10342    30    20 -9999 -9999     0
2021 02 24 00  -167  -223 10350    40    20 -9999 -9999     0
2021 02 24 03   -92  -187 10321   150    10 -9999 -9999     0
2021 02 24 06   -25  -190 10281   100    10 -9999 -9999     0
2021 02 24 09   -29  -143 10264   280    20 -9999 -9999     0
2021 02 24 12   -79  -141 10269    20    20 -9999 -9999     0
2021 02 24 15   -86  -136 10275    20    20 -9999 -9999     0
2021 02 24 18   -99  -130 10278    30    10 -9999 -9999     0
2021 02 24 21  -124  -139 10293    20    20 -9999 -9999     0
2021 02 25 00  -108  -130 10308    10    10 -9999 -9999     0
2021 02 25 03   -30  -125 10289   130    10 -9999 -9999     0
2021 02 25 06    30  -137 10262   190    30 -9999 -9999     0
2021 02 25 09    13  -152 10268   290    30 -9999 -9999     0
2021 02 25 12   -42  -138 10284   350    20 -9999 -9999     0
2021 02 25 15   -72  -149 10292    10    20 -9999 -9999     0
2021 02 25 18  -101  -151 10292    30    20 -9999 -9999     0
2021 02 25 21  -123  -152 10302    10    20 -9999 -9999     0
2021 02 26 00  -102  -157 10322    10    10 -9999 -9999     0
2021 02 26 03   -24  -125 10304   140    10 -9999 -9999     0
2021 02 26 06    42  -114 10279   170    10 -9999 -9999     0
2021 02 26 09    26   -93 10280   270    20 -9999 -9999     0
2021 02 26 12   -27   -90 10304    20    10 -9999 -9999     0
2021 02 26 15   -57   -91 10314    10    10 -9999 -9999     0
2021 02 26 18   -80   -98 10315    30    10 -9999 -9999     0
2021 02 26 21  -103  -115 10325    20    20 -9999 -9999     0
2021 02 27 00   -75  -105 10331    90    10 -9999 -9999     0
2021 02 27 03    -9   -90 10306   170    20 -9999 -9999     0
2021 02 27 06    67   -77 10268   100    10 -9999 -9999     0
2021 02 27 09    55   -58 10260     0 -9999 -9999 -9999     0
2021 02 27 12    -8   -66 10285   350    10 -9999 -9999     0
2021 02 27 15   -33   -59 10294    20    10 -9999 -9999     0
2021 02 27 18   -51   -63 10285    10    10 -9999 -9999     0
2021 02 27 21   -66   -74 10285    30    10 -9999 -9999     0
2021 02 28 00   -50   -64 10289    30    10 -9999 -9999     0
2021 02 28 03    17   -44 10266   190    10 -9999 -9999     0
2021 02 28 06    53   -43 10242   170    10 -9999 -9999     0
2021 02 28 09    63   -48 10250   250    20 -9999 -9999     0
2021 02 28 12    16   -20 10257   360    20 -9999 -9999     0
2021 02 28 15    24   -10 10262    20    30 -9999 -9999     0
2021 02 28 18   -17   -70 10289    10    50 -9999 -9999     2
2021 02 28 21   -35   -60 10285    55    36 -9999 -9999     5
2021 03 01 00   -52   -69 10299    30    30 -9999 -9999     6
2021 03 01 03   -43   -74 10286   190    10 -9999 -9999     3
2021 03 01 06   -50   -93 10267   110    20 -9999 -9999    -1
2021 03 01 09   -42  -158 10252    20    30 -9999 -9999     0
2021 03 01 12   -63  -169 10261    20    20 -9999 -9999     0
2021 03 01 15  -100  -152 10262   360    20 -9999 -9999     0
2021 03 01 18  -124  -166 10271    30    10 -9999 -9999     0
2021 03 01 21  -147  -171 10291    20    10 -9999 -9999     0
2021 03 02 00  -124  -175 10310   120    10 -9999 -9999     0
2021 03 02 03   -65  -152 10299   180    10 -9999 -9999     0
2021 03 02 06    -9  -185 10274   150    20 -9999 -9999     0
2021 03 02 09    -5  -168 10274   240    20 -9999 -9999     0
2021 03 02 12   -58  -132 10285    10    20 -9999 -9999     0
2021 03 02 15   -90  -131 10286    10    20 -9999 -9999     0
2021 03 02 18  -112  -135 10291    10    20 -9999 -9999     0
2021 03 02 21  -125  -141 10284    10    20 -9999 -9999     0
2021 03 03 00   -94  -146 10279    70    10 -9999 -9999     0
2021 03 03 03     3  -103 10245   180    30 -9999 -9999     0
2021 03 03 06    30   -69 10223   230    70 -9999 -9999     0
2021 03 03 09    30   -56 10221   230    40 -9999 -9999     0
2021 03 03 12    32   -60 10230   240    40 -9999 -9999     0
2021 03 03 15    25   -74 10231   230    30 -9999 -9999     0
2021 03 03 18   -12   -64 10232    50    20 -9999 -9999     0
2021 03 03 21   -41   -66 10225    20    20 -9999 -9999     0
2021 03 04 00   -26   -68 10221    20    10 -9999 -9999     0
2021 03 04 03    59  -126 10192   220    70 -9999 -9999     0
2021 03 04 06    73   -75 10179   210    60 -9999 -9999     0
2021 03 04 09    60   -31 10187   230    60 -9999 -9999     0
2021 03 04 12    53   -23 10201   230    40 -9999 -9999     0
2021 03 04 15    25   -15 10201    30    10 -9999 -9999     0
2021 03 04 18    -2   -18 10201    20    20 -9999 -9999     0
2021 03 04 21    -7   -21 10211    30    20 -9999 -9999     0
2021 03 05 00     0   -16 10213    20    20 -9999 -9999     0
2021 03 05 03     8   -19 10227    30    40 -9999 -9999     2
2021 03 05 06   -22   -55 10265    50    30 -9999 -9999    10
2021 03 05 09   -40  -122 10301    30    30 -9999 -9999    20
2021 03 05 12   -81  -165 10340   360    60 -9999 -9999     6
2021 03 05 15  -104  -177 10364   340    50 -9999 -9999     0
2021 03 05 18  -130  -220 10388    30    30 -9999 -9999     0
2021 03 05 21  -154  -224 10408    60    20 -9999 -9999     0
2021 03 06 00  -139  -228 10422    80    20 -9999 -9999     0
2021 03 06 03   -84  -185 10398   160    20 -9999 -9999     0
2021 03 06 06   -35  -217 10355   170    20 -9999 -9999     0
2021 03 06 09   -29  -198 10340   250    10 -9999 -9999     0
2021 03 06 12   -77  -156 10353    20    20 -9999 -9999     0
2021 03 06 15  -106  -165 10354   360    10 -9999 -9999     0
2021 03 06 18  -131  -173 10349    10    10 -9999 -9999     0
2021 03 06 21  -154  -175 10349    10    20 -9999 -9999     0
2021 03 07 00  -122  -192 10352   120    20 -9999 -9999     0
2021 03 07 03   -49  -159 10328   170    20 -9999 -9999     0
2021 03 07 06    36  -141 10286   120    10 -9999 -9999     0
2021 03 07 09    26  -125 10282   280    20 -9999 -9999     0
2021 03 07 12   -35   -99 10304    10    20 -9999 -9999     0
2021 03 07 15   -63  -105 10314    10    20 -9999 -9999     0
2021 03 07 18   -86  -114 10316    10    20 -9999 -9999     0
2021 03 07 21  -107  -126 10322    10    20 -9999 -9999     0
2021 03 08 00   -69  -128 10330    90    10 -9999 -9999     0
2021 03 08 03     3  -105 10298   130    10 -9999 -9999     0
2021 03 08 06    66  -102 10256   140    10 -9999 -9999     0
2021 03 08 09    67  -110 10248   250    10 -9999 -9999     0
2021 03 08 12   -11   -85 10262    20    20 -9999 -9999     0
2021 03 08 15   -38   -81 10255    30    10 -9999 -9999     0
2021 03 08 18   -57   -80 10250    10    20 -9999 -9999     0
2021 03 08 21   -72   -86 10249    20    20 -9999 -9999     0
2021 03 09 00   -51   -88 10257    80    10 -9999 -9999     0
2021 03 09 03    47   -71 10237   110    10 -9999 -9999     0
2021 03 09 06    99   -52 10209   210    50 -9999 -9999     0
2021 03 09 09    95   -81 10220   300    20 -9999 -9999     0
2021 03 09 12    41   -74 10280    30    30 -9999 -9999     0
2021 03 09 15   -12   -96 10298    20    30 -9999 -9999     0
2021 03 09 18   -34   -92 10302    40    10 -9999 -9999     0
2021 03 09 21   -57   -99 10321    20    20 -9999 -9999     0
2021 03 10 00   -28  -113 10331   110    10 -9999 -9999     0
2021 03 10 03    38   -86 10299   160    10 -9999 -9999     0
2021 03 10 06    77   -84 10264   190    10 -9999 -9999     0
2021 03 10 09    78   -53 10249     0 -9999 -9999 -9999     0
2021 03 10 12     7   -41 10262    10    20 -9999 -9999     0
2021 03 10 15     2   -39 10262    10    10 -9999 -9999     0
2021 03 10 18    -5   -30 10260    20    20 -9999 -9999     0
2021 03 10 21   -15   -28 10271    10    20 -9999 -9999     0
2021 03 11 00     7   -20 10286     0 -9999 -9999 -9999     0
2021 03 11 03    29   -18 10282     0 -9999 -9999 -9999     0
2021 03 11 06    64   -13 10257    40    10 -9999 -9999     0
2021 03 11 09    63     8 10249   250    10 -9999 -9999     0
2021 03 11 12    42     9 10259    10    10 -9999 -9999     0
2021 03 11 15    31    11 10261    10    10 -9999 -9999     0
2021 03 11 18    22    10 10254    30    10 -9999 -9999     0
2021 03 11 21    18     9 10258   360    10 -9999 -9999     0
2021 03 12 00    21    14 10268     0 -9999 -9999 -9999     0
2021 03 12 03    65    24 10257   180    10 -9999 -9999     0
2021 03 12 06    91    29 10237   170    10 -9999 -9999 -9999
2021 03 12 09    82    37 10236     0 -9999 -9999 -9999     0
2021 03 12 12    48    23 10250    40    10 -9999 -9999    -1
2021 03 12 15    35    20 10245    30    10 -9999 -9999     0
2021 03 12 18    24    20 10239    30    10 -9999 -9999 -9999
2021 03 12 21    15    15 10236    10    10 -9999 -9999     0
2021 03 13 00    20    20 10241   220    10 -9999 -9999     1
2021 03 13 03    28    28 10237     0 -9999 -9999 -9999     7
2021 03 13 06    49    48 10213   210    10 -9999 -9999     6
2021 03 13 09    54    50 10206   350    10 -9999 -9999     0
2021 03 13 12    22    22 10216    20    20 -9999 -9999     0
2021 03 13 15    24    24 10213   310    10 -9999 -9999     0
2021 03 13 18    19    19 10208     0 -9999 -9999 -9999     0
2021 03 13 21    18    18 10210     0 -9999 -9999 -9999     0
2021 03 14 00    23    23 10227     0 -9999 -9999 -9999     0
2021 03 14 03    66    44 10208   190    20 -9999 -9999     0
2021 03 14 06   116     7 10178   200    20 -9999 -9999     0
2021 03 14 09   106    17 10162   200    10 -9999 -9999     0
2021 03 14 12    36    18 10174    10    20 -9999 -9999     0
2021 03 14 15     4     3 10166    20    30 -9999 -9999     0
2021 03 14 18   -10   -10 10158    10    10 -9999 -9999     0
2021 03 14 21    -9    -9 10156    30    10 -9999 -9999     0
2021 03 15 00     6     6 10154    90    10 -9999 -9999     0
2021 03 15 03    25    19 10136   150    10 -9999 -9999     1
2021 03 15 06    53    53 10102   120    10 -9999 -9999    20
2021 03 15 09    52    46 10103   250    30 -9999 -9999    40
2021 03 15 12    27    -7 10141   280    20 -9999 -9999    30
2021 03 15 15    -5   -42 10150   280    20 -9999 -9999    20
2021 03 15 18   -20   -42 10140   320    10 -9999 -9999     0
2021 03 15 21   -11  -110 10169   300    20 -9999 -9999     0
2021 03 16 00   -22   -91 10192   280    30 -9999 -9999     0
2021 03 16 03     7  -108 10191   270    50 -9999 -9999     0
2021 03 16 06    33  -111 10186   330    30 -9999 -9999     0
2021 03 16 09    27  -112 10196   340    30 -9999 -9999     0
2021 03 16 12   -14   -90 10226   100    10 -9999 -9999     0
2021 03 16 15   -38   -79 10238    20    20 -9999 -9999     0
2021 03 16 18   -54   -82 10247   360    20 -9999 -9999     0
2021 03 16 21   -73   -87 10259    20    20 -9999 -9999     0
2021 03 17 00   -31   -82 10271    40    10 -9999 -9999     0
2021 03 17 03    41  -100 10254   170    10 -9999 -9999     0
2021 03 17 06    75  -129 10228   210    30 -9999 -9999     0
2021 03 17 09    77  -106 10226   270    20 -9999 -9999     0
2021 03 17 12    14   -87 10247    50    10 -9999 -9999     0
2021 03 17 15   -16   -84 10259    20    20 -9999 -9999     0
2021 03 17 18   -34   -69 10264    10    20 -9999 -9999     0
2021 03 17 21   -46   -67 10261    10    20 -9999 -9999     0
2021 03 18 00    -4   -79 10269   120    10 -9999 -9999     0
2021 03 18 03    56   -76 10245   170    20 -9999 -9999     0
2021 03 18 06    86  -103 10228   190    30 -9999 -9999     0
2021 03 18 09    77  -106 10224   240    10 -9999 -9999     0
2021 03 18 15   -16   -65 10242    10    20 -9999 -9999     0
2021 03 18 18   -37   -60 10248   360    10 -9999 -9999     0
2021 03 18 21   -49   -66 10243    10    20 -9999 -9999     0
2021 03 19 00   -12   -65 10251    90    10 -9999 -9999     0
2021 03 19 03    58   -74 10230   140    10 -9999 -9999     0
2021 03 19 06   122   -78 10185   150    10 -9999 -9999     0
2021 03 19 09   116   -30 10174   350    10 -9999 -9999     0
2021 03 19 12    51   -34 10189    20    20 -9999 -9999     0
2021 03 19 15    27   -30 10184    30    10 -9999 -9999     0
2021 03 19 18    20   -29 10158   360    10 -9999 -9999     0
2021 03 19 21    16   -16 10139   320    20 -9999 -9999 -9999
2021 03 20 00     4     4 10152     0 -9999 -9999 -9999    70
2021 03 20 03    10    10 10132     0 -9999 -9999 -9999   110
2021 03 20 06    30    26 10116     0 -9999 -9999 -9999    60
2021 03 20 09    15    15 10115   210    10 -9999 -9999    30
2021 03 20 12    14    14 10119    10    10 -9999 -9999     8
2021 03 20 15    13    13 10116   200    10 -9999 -9999     3
2021 03 20 18    15    -3 10110   230    30 -9999 -9999     2
2021 03 20 21     7    -3 10100   220    20 -9999 -9999     0
2021 03 21 00     7   -12 10103   210    50 -9999 -9999     0
2021 03 21 03     1   -13 10114   240    30 -9999 -9999     1
2021 03 21 06    18   -58 10117   270    40 -9999 -9999     2
2021 03 21 09    -2   -18 10139   230    40 -9999 -9999     1
2021 03 21 12    -8   -15 10166   210    40 -9999 -9999    -1
2021 03 21 15   -15   -18 10175   300    10 -9999 -9999     0
2021 03 21 18   -21   -48 10170   280    20 -9999 -9999     0
2021 03 21 21   -56   -59 10188    10    20 -9999 -9999     0
2021 03 22 00   -20   -47 10193    80    10 -9999 -9999     0
2021 03 22 03    28   -80 10174   180    50 -9999 -9999     0
2021 03 22 06    56   -87 10154   230    50 -9999 -9999     0
2021 03 22 09    62   -74 10147   230    30 -9999 -9999     0
2021 03 22 12     6   -41 10165    20    20 -9999 -9999     0
2021 03 22 15   -17   -34 10161    20    20 -9999 -9999     0
2021 03 22 18   -28   -38 10145    20    20 -9999 -9999     0
2021 03 22 21   -32   -40 10140    30    20 -9999 -9999     0
2021 03 23 00     4   -28 10147    60    10 -9999 -9999     0
2021 03 23 03    94   -57 10131   200    40 -9999 -9999     0
2021 03 23 06   119   -43 10109   210    50 -9999 -9999     0
2021 03 23 09   120   -42 10110   240    30 -9999 -9999     0
2021 03 23 12    59   -10 10133    20    30 -9999 -9999     0
2021 03 23 15    28    -5 10139    20    30 -9999 -9999     0
2021 03 23 18     8    -8 10150    10    30 -9999 -9999     0
2021 03 23 21    -3   -13 10164    10    20 -9999 -9999     0
2021 03 24 00    20    -6 10188     0 -9999 -9999 -9999     0
2021 03 24 03   102   -15 10176   180    30 -9999 -9999     0
2021 03 24 06   121    -7 10162   200    40 -9999 -9999     0
2021 03 24 09   112   -19 10172   240    30 -9999 -9999     0
2021 03 24 12    41   -11 10198    20    20 -9999 -9999     0
2021 03 24 15     4   -10 10203    10    20 -9999 -9999     0
2021 03 24 18   -14   -14 10201   360    20 -9999 -9999     0
2021 03 24 21   -23   -23 10207   340    10 -9999 -9999     0
2021 03 25 00     8    -4 10206    40    10 -9999 -9999     0
2021 03 25 03    90    19 10174   190    20 -9999 -9999     0
2021 03 25 06   153   -26 10141   250    60 -9999 -9999     0
2021 03 25 09   131   -50 10158   310    30 -9999 -9999     0
2021 03 25 12   115   -59 10187   320    40 -9999 -9999     0
2021 03 25 15    33   -51 10212    20    30 -9999 -9999     0
2021 03 25 18     3   -47 10222    20    20 -9999 -9999     0
2021 03 25 21   -17   -44 10229    20    20 -9999 -9999     0
2021 03 26 00    18   -39 10231   110    10 -9999 -9999     0
2021 03 26 03    98   -49 10212   130    10 -9999 -9999     0
2021 03 26 06   144   -34 10171   330    10 -9999 -9999     0
2021 03 26 09   147   -62 10163   230    40 -9999 -9999     0
2021 03 26 12    94   -16 10168    80    10 -9999 -9999     0
2021 03 26 15    65    -9 10162    10    10 -9999 -9999     0
2021 03 26 18    50     0 10152    30    10 -9999 -9999     0
2021 03 26 21    28    -5 10145   360    20 -9999 -9999     0
2021 03 27 00    56    -9 10143    10    10 -9999 -9999     0
2021 03 27 03   127   -12 10119   150    10 -9999 -9999     0
2021 03 27 06   134    14 10097   210    50 -9999 -9999     0
2021 03 27 09   109    32 10090   240    20 -9999 -9999     0
2021 03 27 12    63    35 10076   360    20 -9999 -9999     0
2021 03 27 15    41    28 10056    10    20 -9999 -9999     0
2021 03 27 18    39    27 10025    20    20 -9999 -9999     0
2021 03 27 21    33    32 10003   350    10 -9999 -9999     1
2021 03 28 00    43    43 10002     0 -9999 -9999 -9999     7
2021 03 28 03    98    69  9984   130    10 -9999 -9999     6
2021 03 28 06   136    62  9957   200    40 -9999 -9999     0
2021 03 28 09   115    54  9964   220    40 -9999 -9999     0
2021 03 28 12    75    60  9997   240    20 -9999 -9999    10
2021 03 28 15    49    49 10003    20    20 -9999 -9999    10
2021 03 28 18    60   -19 10009   270    40 -9999 -9999     0
2021 03 28 21    39     8 10025   270    30 -9999 -9999     2
2021 03 29 00    56   -40 10040   220    40 -9999 -9999     2
2021 03 29 03    83   -66 10031   200    60 -9999 -9999     0
2021 03 29 06   120   -79 10017   260    50 -9999 -9999     0
2021 03 29 09   108   -95 10034   250    30 -9999 -9999     0
2021 03 29 12    65   -82 10066   280    30 -9999 -9999     0
2021 03 29 15    11   -60 10082    20    30 -9999 -9999     0
2021 03 29 18   -13   -53 10096    20    20 -9999 -9999     0
2021 03 29 21   -27   -53 10108    10    10 -9999 -9999     0
2021 03 30 00    29   -55 10130   130    10 -9999 -9999     0
2021 03 30 03   118   -76 10119   180    50 -9999 -9999     0
2021 03 30 06   150   -71 10105   230    30 -9999 -9999     0
2021 03 30 09   145   -76 10106   250    20 -9999 -9999     0
2021 03 30 12    74   -38 10130    20    20 -9999 -9999     0
2021 03 30 15    37   -33 10148    10    30 -9999 -9999     0
2021 03 30 18     3   -29 10159    10    20 -9999 -9999     0
2021 03 30 21   -19   -33 10169    20    10 -9999 -9999     0
2021 03 31 00    37   -29 10181   120    10 -9999 -9999     0
2021 03 31 03   142   -45 10160   140    10 -9999 -9999     0
2021 03 31 06   177   -93 10141   190    30 -9999 -9999     0
2021 03 31 09   173   -65 10147   200    10 -9999 -9999     0
2021 03 31 12    86   -33 10181    20    30 -9999 -9999     0
2021 03 31 15    41   -32 10194    20    20 -9999 -9999     0
2021 03 31 18     9   -32 10215   360    20 -9999 -9999     0
2021 03 31 21    -9   -33 10231    10    20 -9999 -9999     0
2021 04 01 00    54   -27 10244    80    10 -9999 -9999     0
2021 04 01 03   159   -36 10219   120    10 -9999 -9999     0
2021 04 01 06   207   -37 10188   160    20 -9999 -9999     0
2021 04 01 09   203    -4 10180   270    10 -9999 -9999     0
2021 04 01 12   112    -3 10203    20    20 -9999 -9999     0
2021 04 01 15    70     0 10213    10    30 -9999 -9999     0
2021 04 01 18    51    -1 10217    10    20 -9999 -9999     0
2021 04 01 21    35     2 10227    20    20 -9999 -9999     0
2021 04 02 00    87    -3 10228   150    10 -9999 -9999     0
2021 04 02 03   163   -43 10207   110    20 -9999 -9999     0
2021 04 02 06   198   -45 10175   190    30 -9999 -9999     0
2021 04 02 09   192   -36 10168     0 -9999 -9999 -9999     0
2021 04 02 12   137     7 10177    10    20 -9999 -9999     0
2021 04 02 15   140     3 10188   190    30 -9999 -9999     0
2021 04 02 18    77    77 10205    19    14 -9999 -9999    20
2021 04 02 21    68    68 10202    60    10 -9999 -9999    40
2021 04 03 00    68    68 10212   190    10 -9999 -9999    40
2021 04 03 03    65    48 10216    20    40 -9999 -9999    40
2021 04 03 06    70    41 10216    70    20 -9999 -9999    30
2021 04 03 09    77   -21 10202    60    20 -9999 -9999     7
2021 04 03 12    36   -20 10220    40    20 -9999 -9999     0
2021 04 03 15     5   -53 10235    60    10 -9999 -9999     0
2021 04 03 18   -12   -34 10235    60    10 -9999 -9999     0
2021 04 03 21   -30   -50 10234    10    20 -9999 -9999     0
2021 04 04 00    17   -52 10239   170    10 -9999 -9999     0
2021 04 04 03    76  -112 10220   150    30 -9999 -9999     0
2021 04 04 06   105  -151 10199    10    40 -9999 -9999     0
2021 04 04 09   102  -118 10199   360    30 -9999 -9999     0
2021 04 04 12    33   -93 10232    30    20 -9999 -9999     0
2021 04 04 15    -7   -77 10248    20    20 -9999 -9999     0
2021 04 04 18   -31   -62 10251    20    20 -9999 -9999     0
2021 04 04 21   -45   -65 10264    20    20 -9999 -9999     0
2021 04 05 00    10   -57 10269   160    10 -9999 -9999     0
2021 04 05 03   104   -73 10235   180    10 -9999 -9999     0
2021 04 05 06   164   -80 10189   190    50 -9999 -9999     0
2021 04 05 09   156   -73 10180   230    30 -9999 -9999     0
2021 04 05 12    77   -41 10196    20    30 -9999 -9999     0
2021 04 05 15    39   -36 10192    10    20 -9999 -9999     0
2021 04 05 18     6   -37 10187    10    20 -9999 -9999     0
2021 04 05 21    -5   -34 10196    10    20 -9999 -9999     0
2021 04 06 00    50   -38 10201   120    10 -9999 -9999     0
2021 04 06 03   156   -38 10175   200    50 -9999 -9999     0
2021 04 06 06   163  -104 10170   320    50 -9999 -9999     0
2021 04 06 09   130  -108 10194   300    30 -9999 -9999     0
2021 04 06 12    65   -75 10210    20    30 -9999 -9999     0
2021 04 06 15    15   -59 10212    20    20 -9999 -9999     0
2021 04 06 18    11   -58 10210    10    20 -9999 -9999     0
2021 04 06 21    -9   -50 10220    20    20 -9999 -9999     0
2021 04 07 00    48   -53 10232   150    10 -9999 -9999     0
2021 04 07 03    99  -173 10226   330    40 -9999 -9999     0
2021 04 07 06   100  -192 10217   310    30 -9999 -9999     0
2021 04 07 09    79  -189 10220   320    20 -9999 -9999     0
2021 04 07 12    24  -138 10246    10    20 -9999 -9999     0
2021 04 07 15   -20  -110 10235    20    20 -9999 -9999     0
2021 04 07 18   -37  -101 10228    10    20 -9999 -9999     0
2021 04 07 21   -54   -91 10229    10    20 -9999 -9999     0
2021 04 08 00     5   -95 10232   160    10 -9999 -9999     0
2021 04 08 03   101  -125 10211    70    30 -9999 -9999     0
2021 04 08 06    98  -149 10212    10    30 -9999 -9999     0
2021 04 08 09    78  -189 10225   310    50 -9999 -9999     0
2021 04 08 12    18  -157 10255    10    10 -9999 -9999     0
2021 04 08 15   -21  -127 10266    20    20 -9999 -9999     0
2021 04 08 18   -40  -117 10277    20    20 -9999 -9999     0
2021 04 08 21   -58  -106 10293   360    20 -9999 -9999     0
2021 04 09 00     2  -118 10305   130    10 -9999 -9999     0
2021 04 09 03    85  -145 10291   180    20 -9999 -9999     0
2021 04 09 06   122  -137 10268   190    20 -9999 -9999     0
2021 04 09 09   124  -135 10261   190    20 -9999 -9999     0
2021 04 09 12    40   -94 10284    10    30 -9999 -9999     0
2021 04 09 15     2   -90 10295    20    20 -9999 -9999     0
2021 04 09 18   -24   -89 10300    20    30 -9999 -9999     0
2021 04 09 21   -38   -78 10315    10    20 -9999 -9999     0
2021 04 10 00    23   -81 10324    40    10 -9999 -9999     0
2021 04 10 03   120   -79 10292   170    20 -9999 -9999     0
2021 04 10 06   170   -98 10259   180    50 -9999 -9999     0
2021 04 10 09   161   -56 10256   210    30 -9999 -9999     0
2021 04 10 12   107   -45 10274    70    10 -9999 -9999     0
2021 04 10 15    50   -30 10285    10    40 -9999 -9999     0
2021 04 10 18    26   -16 10291    20    30 -9999 -9999     0
2021 04 10 21    13    -9 10300    10    20 -9999 -9999     0
2021 04 11 00    74    -6 10303    70    10 -9999 -9999     0
2021 04 11 03   152   -14 10282   190    30 -9999 -9999     0
2021 04 11 06   188   -16 10255   200    40 -9999 -9999     0
2021 04 11 09   175   -17 10249   210    30 -9999 -9999     0
2021 04 11 12   145   -16 10255   230    20 -9999 -9999     0
2021 04 11 15    91     3 10252    40    10 -9999 -9999     0
2021 04 11 18    81    15 10236    30    10 -9999 -9999     0
2021 04 11 21    63    18 10217    60    10 -9999 -9999     0
2021 04 12 00    88    15 10213    90    10 -9999 -9999     0
2021 04 12 03   125    47 10196   190    40 -9999 -9999 -9999
2021 04 12 06    98    74 10174   240    30 -9999 -9999     4
2021 04 12 09    81    81 10155   190    10 -9999 -9999    30
2021 04 12 12    69    69 10141     0 -9999 -9999 -9999    40
2021 04 12 15    62    62 10117     0 -9999 -9999 -9999    20
2021 04 12 18    46    25 10119   240    20 -9999 -9999    20
2021 04 12 21    14   -39 10145   320    20 -9999 -9999    10
2021 04 13 00     5   -68 10165   270    20 -9999 -9999     2
2021 04 13 03    25   -91 10167    60    30 -9999 -9999     0
2021 04 13 06    32   -88 10163   320    40 -9999 -9999     0
2021 04 13 09    28   -95 10167    20    30 -9999 -9999     0
2021 04 13 12    -3   -80 10187   290    20 -9999 -9999     0
2021 04 13 15   -31   -57 10189    10    20 -9999 -9999     0
2021 04 13 18   -47   -59 10175    10    20 -9999 -9999     0
2021 04 13 21   -41   -51 10165   360    10 -9999 -9999     0
2021 04 14 00    14   -49 10164   150    10 -9999 -9999     0
2021 04 14 03    63   -73 10158   270    70 -9999 -9999     0
2021 04 14 06    83   -83 10148   300    40 -9999 -9999     0
2021 04 14 09   103  -117 10141   270    30 -9999 -9999     0
2021 04 14 12    29   -73 10165    20    20 -9999 -9999     0
2021 04 14 15    -5   -71 10179    10    20 -9999 -9999     0
2021 04 14 18   -26   -70 10185    10    20 -9999 -9999     0
2021 04 14 21   -42   -62 10183    20    30 -9999 -9999     0
2021 04 15 00    22   -54 10184   160    20 -9999 -9999     0
2021 04 15 03   143   -60 10146   220    60 -9999 -9999     0
2021 04 15 06   169   -56 10114   210    60 -9999 -9999     0
2021 04 15 09   155   -61 10107   240    40 -9999 -9999     0
2021 04 15 12   125   -55 10118   230    40 -9999 -9999     0
2021 04 15 15    92   -51 10105   220    20 -9999 -9999     0
2021 04 15 18    75   -49 10084   210    20 -9999 -9999     0
2021 04 15 21    70   -74 10054   210    10 -9999 -9999     0
2021 04 16 00    98   -38 10056   210    80 -9999 -9999     0
2021 04 16 03   108   -16 10068   210    90 -9999 -9999 -9999
2021 04 16 06    97   -11 10069   210    70 -9999 -9999    -1
2021 04 16 09    83   -12 10080   270    30 -9999 -9999 -9999
2021 04 16 12    31    22 10115   290    10 -9999 -9999     4
2021 04 16 15    18    17 10130   290    20 -9999 -9999     4
2021 04 16 18    -6    -6 10126    20    30 -9999 -9999     0
2021 04 16 21   -15   -15 10126    20    20 -9999 -9999     0
2021 04 17 00    50    22 10130   120    10 -9999 -9999     0
2021 04 17 03   108   -84 10111   180    30 -9999 -9999     0
2021 04 17 06    99   -64 10112    10    30 -9999 -9999     0
2021 04 17 09    83   -52 10122   350    40 -9999 -9999     0
2021 04 17 12    60   -26 10148    40    20 -9999 -9999     0
2021 04 17 15    18   -15 10161    10    20 -9999 -9999     0
2021 04 17 18    -8   -18 10170    10    20 -9999 -9999     0
2021 04 17 21   -19   -23 10183    10    20 -9999 -9999     0
2021 04 18 00    35    -3 10189   260    10 -9999 -9999     0
2021 04 18 03    90   -17 10172   190    30 -9999 -9999     0
2021 04 18 06   134   -25 10135   150    20 -9999 -9999     0
2021 04 18 09   143   -44 10116   240    40 -9999 -9999     0
2021 04 18 12    67   -27 10132    20    30 -9999 -9999     0
2021 04 18 15    24   -27 10135    10    30 -9999 -9999     0
2021 04 18 18    -1   -26 10134    10    20 -9999 -9999     0
2021 04 18 21   -16   -29 10119    20    20 -9999 -9999     0
2021 04 19 00    62   -10 10115   120    10 -9999 -9999     0
2021 04 19 03   187   -17 10084   190    50 -9999 -9999     0
2021 04 19 06   230   -11 10068   210    40 -9999 -9999     0
2021 04 19 09   224   -38 10081   270    30 -9999 -9999     0
2021 04 19 12   187   -28 10114   320    30 -9999 -9999     0
2021 04 19 15   144    -5 10146   340    20 -9999 -9999     0
2021 04 19 18    77   -23 10173   350    20 -9999 -9999     0
2021 04 19 21    36   -12 10205    40    20 -9999 -9999     0
2021 04 20 00   110   -17 10215    90    10 -9999 -9999     0
2021 04 20 03   184   -56 10198   180    20 -9999 -9999     0
2021 04 20 06   188   -53 10187   200    40 -9999 -9999     0
2021 04 20 09   185   -42 10194    10    20 -9999 -9999     0
2021 04 20 12   113   -18 10211    20    30 -9999 -9999     0
2021 04 20 15    74   -16 10219    20    20 -9999 -9999     0
2021 04 20 18    46   -12 10225    20    20 -9999 -9999     0
2021 04 20 21    21   -12 10242    20    20 -9999 -9999     0
