2021 01 01 00  -165  -250 10297   210    10 -9999 -9999     0
2021 01 01 03   -86  -227 10293   260    20 -9999 -9999     0
2021 01 01 06   -35  -198 10266   300    50 -9999 -9999     0
2021 01 01 09   -51  -172 10282   360    60 -9999 -9999     0
2021 01 01 12   -66  -183 10308   340    50 -9999 -9999     0
2021 01 01 15   -98  -190 10313   340    30 -9999 -9999     0
2021 01 01 18  -117  -196 10304   330    30 -9999 -9999     0
2021 01 01 21  -136  -205 10318   310    20 -9999 -9999     0
2021 01 02 00  -140  -207 10338   210    10 -9999 -9999     0
2021 01 02 03   -64  -208 10335   340    50 -9999 -9999     0
2021 01 02 06   -58  -222 10341   320    60 -9999 -9999     0
2021 01 02 09   -81  -238 10358   350    60 -9999 -9999     0
2021 01 02 12  -110  -228 10388   330    30 -9999 -9999     0
2021 01 02 15  -128  -233 10392   340    20 -9999 -9999     0
2021 01 02 18  -133  -235 10396   340    30 -9999 -9999     0
2021 01 02 21  -144  -245 10397   320    20 -9999 -9999     0
2021 01 03 00  -166  -248 10404   340    30 -9999 -9999     0
2021 01 03 03  -111  -236 10385   290    30 -9999 -9999     0
2021 01 03 06   -60  -229 10339   180    20 -9999 -9999     0
2021 01 03 09   -63  -223 10335   180    10 -9999 -9999     0
2021 01 03 12   -77  -223 10350    30    20 -9999 -9999     0
2021 01 03 15   -72  -127 10344   340    30 -9999 -9999     0
2021 01 03 18   -81  -179 10343   340    30 -9999 -9999     0
2021 01 03 21  -114  -205 10367   350    50 -9999 -9999     0
2021 01 04 00  -142  -231 10391   340    40 -9999 -9999     0
2021 01 04 03  -121  -241 10393   330    50 -9999 -9999     0
2021 01 04 06   -99  -250 10375    10    60 -9999 -9999     0
2021 01 04 09  -116  -261 10393   330    70 -9999 -9999     0
2021 01 04 12  -137  -259 10417   330    60 -9999 -9999     0
2021 01 04 15  -159  -267 10433   310    30 -9999 -9999     0
2021 01 04 18  -167  -259 10430   350    40 -9999 -9999     0
2021 01 04 21  -188  -264 10436   330    20 -9999 -9999     0
2021 01 05 00  -197  -269 10440   290    20 -9999 -9999     0
2021 01 05 03  -133  -252 10416   280    20 -9999 -9999     0
2021 01 05 06   -85  -250 10366   290    50 -9999 -9999     0
2021 01 05 09   -91  -235 10365   300    40 -9999 -9999     0
2021 01 05 12  -105  -207 10373   350    50 -9999 -9999     0
2021 01 05 15  -133  -252 10363   320    70 -9999 -9999     0
2021 01 05 18  -150  -265 10353   330    70 -9999 -9999     0
2021 01 05 21  -186  -319 10380   330    50 -9999 -9999     0
2021 01 06 00  -216  -319 10415   310    60 -9999 -9999     0
2021 01 06 03  -208  -335 10427   300    80 -9999 -9999     0
2021 01 06 06  -234  -372 10453   320    80 -9999 -9999     0
2021 01 06 09  -254  -379 10486   330    90 -9999 -9999     0
2021 01 06 12  -261  -371 10508   310    50 -9999 -9999     0
2021 01 06 15  -260  -354 10496   330    30 -9999 -9999     0
2021 01 06 18  -252  -346 10476   320    30 -9999 -9999     0
2021 01 06 21  -231  -338 10445   350    40 -9999 -9999     0
2021 01 07 00  -220  -317 10443   330    30 -9999 -9999     0
2021 01 07 03  -176  -277 10433   300    70 -9999 -9999     0
2021 01 07 06  -162  -301 10406   310    90 -9999 -9999     0
2021 01 07 09  -163  -260 10414   310    70 -9999 -9999     0
2021 01 07 12  -173  -274 10425   320    40 -9999 -9999     0
2021 01 07 15  -166  -263 10400   320    40 -9999 -9999     0
2021 01 07 18  -158  -261 10377   320    60 -9999 -9999     0
2021 01 07 21  -170  -266 10371   310    50 -9999 -9999     0
2021 01 08 00  -181  -269 10382   340    30 -9999 -9999     0
2021 01 08 03  -143  -261 10376   320    60 -9999 -9999     0
2021 01 08 06  -123  -246 10342   320    80 -9999 -9999     0
2021 01 08 09  -121  -235 10349   310    80 -9999 -9999     0
2021 01 08 12  -131  -236 10376   320    50 -9999 -9999     0
2021 01 08 15  -142  -231 10363   310    10 -9999 -9999     0
2021 01 08 18  -139  -223 10352   320    20 -9999 -9999     0
2021 01 08 21  -123  -216 10347   320    40 -9999 -9999     0
2021 01 09 00  -135  -224 10368   320    30 -9999 -9999     0
2021 01 09 03   -97  -211 10363   330    50 -9999 -9999     0
2021 01 09 06   -64  -200 10326   340    60 -9999 -9999     0
2021 01 09 09   -72  -188 10317   350    60 -9999 -9999     0
2021 01 09 12   -90  -201 10352   310    60 -9999 -9999     0
2021 01 09 15   -98  -198 10351   300    40 -9999 -9999     0
2021 01 09 18  -110  -209 10358   310    40 -9999 -9999     0
2021 01 09 21  -133  -215 10361   350    20 -9999 -9999     0
2021 01 10 00  -159  -221 10377   300    20 -9999 -9999     0
2021 01 10 03   -97  -208 10388   290    10 -9999 -9999     0
2021 01 10 06   -65  -208 10353   230    20 -9999 -9999     0
2021 01 10 09   -66  -206 10350   350    20 -9999 -9999     0
2021 01 10 12   -72  -197 10356   310    20 -9999 -9999     0
2021 01 10 15   -74  -202 10345   310    40 -9999 -9999     0
2021 01 10 18   -97  -208 10344   330    40 -9999 -9999     0
2021 01 10 21  -112  -208 10330   340    30 -9999 -9999     0
2021 01 11 00  -130  -210 10332   340    20 -9999 -9999     0
2021 01 11 03   -91  -211 10319   290    50 -9999 -9999     0
2021 01 11 06   -60  -216 10278   300    50 -9999 -9999     0
2021 01 11 09   -55  -207 10255   280    40 -9999 -9999     0
2021 01 11 12   -69  -205 10254   330    10 -9999 -9999     0
2021 01 11 15  -104  -203 10224    30    20 -9999 -9999     0
2021 01 11 18  -122  -205 10193    40    10 -9999 -9999     0
2021 01 11 21  -129  -205 10168   330    10 -9999 -9999     0
2021 01 12 00  -120  -199 10155   350    20 -9999 -9999     0
2021 01 12 03   -45  -199 10143   290    10 -9999 -9999     0
2021 01 12 06   -15  -195 10105   180    10 -9999 -9999     0
2021 01 12 09   -11  -186 10094   140    20 -9999 -9999     0
2021 01 12 12   -22  -187 10105   350    20 -9999 -9999     0
2021 01 12 15     3  -179 10099   300    60 -9999 -9999     0
2021 01 12 18   -21  -159 10123   330    20 -9999 -9999     0
2021 01 12 21   -33  -138 10149   310    40 -9999 -9999     0
2021 01 13 00   -48  -152 10168   310    40 -9999 -9999     0
2021 01 13 03   -22  -149 10175   300    30 -9999 -9999     0
2021 01 13 06     3  -157 10154   310    20 -9999 -9999     0
2021 01 13 09    -3  -166 10172     0 -9999 -9999 -9999     0
2021 01 13 12   -30  -163 10185    80    10 -9999 -9999     0
2021 01 13 15   -41  -157 10181   270    10 -9999 -9999     0
2021 01 13 18   -63  -166 10168   320    10 -9999 -9999     0
2021 01 13 21   -35  -161 10141   130    30 -9999 -9999     0
2021 01 14 00   -43  -142 10155   120    40 -9999 -9999     0
2021 01 14 03   -32  -114 10149   160    40 -9999 -9999     0
2021 01 14 06   -17   -98 10138   200    10 -9999 -9999     0
2021 01 14 09   -19  -102 10144   260    10 -9999 -9999     0
2021 01 14 12   -61  -124 10180    40    20 -9999 -9999     0
2021 01 14 15   -20  -126 10198   340    60 -9999 -9999     0
2021 01 14 18   -58  -146 10217   340    30 -9999 -9999     0
2021 01 14 21   -75  -159 10253   350    40 -9999 -9999     0
2021 01 15 00   -98  -190 10293   310    50 -9999 -9999     0
2021 01 15 03   -79  -191 10303    10    50 -9999 -9999     0
2021 01 15 06   -58  -218 10305   360    50 -9999 -9999     0
2021 01 15 09   -81  -230 10329   360    50 -9999 -9999     0
2021 01 15 12  -105  -233 10357   320    30 -9999 -9999     0
2021 01 15 15  -129  -234 10365   330    20 -9999 -9999     0
2021 01 15 18  -129  -229 10371   310    50 -9999 -9999     0
2021 01 15 21  -142  -236 10383   340    40 -9999 -9999     0
2021 01 16 00  -155  -245 10400   350    30 -9999 -9999     0
2021 01 16 03  -110  -238 10408   280    20 -9999 -9999     0
2021 01 16 06   -75  -233 10375   320    60 -9999 -9999     0
2021 01 16 09   -96  -243 10399   330    60 -9999 -9999     0
2021 01 16 12  -118  -233 10415   330    20 -9999 -9999     0
2021 01 16 15  -111  -226 10410   340    30 -9999 -9999     0
2021 01 16 18  -123  -218 10374   330    20 -9999 -9999     0
2021 01 16 21  -116  -228 10347   330    20 -9999 -9999     0
2021 01 17 00  -132  -224 10327   340    20 -9999 -9999     0
2021 01 17 03   -75  -214 10294   290    30 -9999 -9999     0
2021 01 17 06   -30  -228 10238   290    80 -9999 -9999     0
2021 01 17 09   -27  -205 10233   330    40 -9999 -9999     0
2021 01 17 12   -56  -193 10253   340    50 -9999 -9999     0
2021 01 17 15   -63  -196 10237   350    40 -9999 -9999     0
2021 01 17 18   -85  -209 10235   340    20 -9999 -9999     0
2021 01 17 21   -79  -214 10246   350    40 -9999 -9999     0
2021 01 18 00   -74  -206 10265   310    40 -9999 -9999     0
2021 01 18 03   -37  -204 10267   320    30 -9999 -9999     0
2021 01 18 06     2  -201 10243   240    20 -9999 -9999     0
2021 01 18 09    -4  -201 10237   150    30 -9999 -9999     0
2021 01 18 12   -21  -205 10245   110    50 -9999 -9999     0
2021 01 18 15   -38  -201 10243   110    50 -9999 -9999     0
2021 01 18 18   -65  -194 10252   130    30 -9999 -9999     0
2021 01 18 21   -88  -162 10262   120    30 -9999 -9999     0
2021 01 19 00  -126  -180 10284    40    10 -9999 -9999     0
2021 01 19 03   -78  -146 10281   140    30 -9999 -9999     0
2021 01 19 06   -50  -151 10249   160    20 -9999 -9999     0
2021 01 19 09   -58  -151 10249   150    20 -9999 -9999     0
2021 01 19 12   -85  -145 10272    90    20 -9999 -9999     0
2021 01 19 15   -99  -142 10273   140    20 -9999 -9999     0
2021 01 19 18  -131  -164 10271    50    20 -9999 -9999     0
2021 01 19 21  -142  -175 10272   350    10 -9999 -9999     0
2021 01 20 00  -136  -179 10282   340    20 -9999 -9999     0
2021 01 20 03   -70  -139 10281   210    10 -9999 -9999     0
2021 01 20 06    -9  -128 10248   190    10 -9999 -9999     0
2021 01 20 09    -9  -128 10246   180    10 -9999 -9999     0
2021 01 20 12   -58  -156 10266    30    10 -9999 -9999     0
2021 01 20 15   -76  -155 10260    40    10 -9999 -9999     0
2021 01 20 18   -77  -152 10245   330    10 -9999 -9999     0
2021 01 20 21   -89  -155 10239   350    10 -9999 -9999     0
2021 01 21 00  -103  -160 10264   330    10 -9999 -9999     0
2021 01 21 03   -17  -152 10257   280    20 -9999 -9999     0
2021 01 21 06    51  -154 10219   300    20 -9999 -9999     0
2021 01 21 09    42  -146 10230   359    42 -9999 -9999 -9999
2021 01 21 12     2  -138 10261   230    10 -9999 -9999     0
2021 01 21 15   -27  -138 10262   320    40 -9999 -9999     0
2021 01 21 18   -58  -148 10262   320    30 -9999 -9999     0
2021 01 21 21   -79  -151 10266     0 -9999 -9999 -9999     0
2021 01 22 00  -103  -162 10285     0 -9999 -9999 -9999     0
2021 01 22 03   -23  -147 10275   240    10 -9999 -9999     0
2021 01 22 06    30  -142 10230   170    20 -9999 -9999     0
2021 01 22 09    18  -131 10229   140    20 -9999 -9999     0
2021 01 22 12   -27  -144 10253    80    10 -9999 -9999     0
2021 01 22 15   -65  -145 10254   320    10 -9999 -9999     0
2021 01 22 18   -82  -146 10248   330    10 -9999 -9999     0
2021 01 22 21   -89  -141 10237   350    10 -9999 -9999     0
2021 01 23 00   -97  -147 10255    10    10 -9999 -9999     0
2021 01 23 03   -38  -122 10258   210    10 -9999 -9999     0
2021 01 23 06     3  -105 10228   200    10 -9999 -9999     0
2021 01 23 09    -6  -100 10232   190    10 -9999 -9999     0
2021 01 23 12   -52  -115 10262    50    20 -9999 -9999     0
2021 01 23 15   -70  -115 10269   360    10 -9999 -9999     0
2021 01 23 18   -86  -124 10267   340    10 -9999 -9999     0
2021 01 23 21   -97  -131 10269   340    10 -9999 -9999     0
2021 01 24 00  -109  -143 10297    50    10 -9999 -9999     0
2021 01 24 03   -36  -120 10291   190    10 -9999 -9999     0
2021 01 24 06    10  -114 10263   170    10 -9999 -9999     0
2021 01 24 09     0  -105 10265   110    10 -9999 -9999     0
2021 01 24 12   -34  -116 10294    50    10 -9999 -9999     0
2021 01 24 15   -54  -115 10295   330    10 -9999 -9999     0
2021 01 24 18   -59  -112 10282     0 -9999 -9999 -9999     0
2021 01 24 21   -57  -122 10269   240    10 -9999 -9999     0
2021 01 25 00   -43  -113 10282   330    20 -9999 -9999     0
2021 01 25 03   -16   -99 10280   290    20 -9999 -9999     0
2021 01 25 06    26   -87 10253   290    40 -9999 -9999     0
2021 01 25 09    13   -88 10257   340    20 -9999 -9999     0
2021 01 25 12   -20  -144 10270   320    10 -9999 -9999     0
2021 01 25 15   -56  -144 10281   320    10 -9999 -9999     0
2021 01 25 18   -77  -139 10277   310    20 -9999 -9999     0
2021 01 25 21   -49  -187 10271   360    30 -9999 -9999     0
2021 01 26 00   -83  -179 10294     0 -9999 -9999 -9999     0
2021 01 26 03    -8  -179 10288   290    50 -9999 -9999     0
2021 01 26 06    10  -207 10262   280    80 -9999 -9999     0
2021 01 26 09    -7  -198 10259   350    60 -9999 -9999     0
2021 01 26 12   -37  -204 10287   330    30 -9999 -9999     0
2021 01 26 15   -71  -196 10283   330    20 -9999 -9999     0
2021 01 26 18  -106  -200 10278    10    10 -9999 -9999     0
2021 01 26 21  -119  -198 10271   330    10 -9999 -9999     0
2021 01 27 00  -123  -195 10274   350    10 -9999 -9999     0
2021 01 27 03   -61  -181 10253   240    10 -9999 -9999     0
2021 01 27 06   -29  -173 10214   220    10 -9999 -9999     0
2021 01 27 09   -32  -162 10240   330    60 -9999 -9999     0
2021 01 27 12   -65  -176 10280   310    40 -9999 -9999     0
2021 01 27 15   -91  -174 10282   320    30 -9999 -9999     0
2021 01 27 18  -110  -199 10302   330    60 -9999 -9999     0
2021 01 27 21  -133  -284 10311   300    70 -9999 -9999     0
2021 01 28 00  -154  -287 10357   290    60 -9999 -9999     0
2021 01 28 03  -131  -294 10378   330    60 -9999 -9999     0
2021 01 28 06   -89  -278 10336   330    70 -9999 -9999     0
2021 01 28 09   -57  -251 10303   310    30 -9999 -9999     0
2021 01 28 12   -79  -236 10307   330    10 -9999 -9999     0
2021 01 28 15  -116  -234 10297   330    10 -9999 -9999     0
2021 01 28 18  -119  -228 10282   330    20 -9999 -9999     0
2021 01 28 21  -124  -222 10256   310    20 -9999 -9999     0
2021 01 29 00  -132  -214 10263   340    10 -9999 -9999     0
2021 01 29 03   -28  -184 10250   310    20 -9999 -9999     0
2021 01 29 06    26  -165 10202   270    10 -9999 -9999     0
2021 01 29 09    35  -157 10202   320    50 -9999 -9999     0
2021 01 29 12     2  -153 10232   330    40 -9999 -9999     0
2021 01 29 15   -20  -147 10231   340    20 -9999 -9999     0
2021 01 29 18   -14  -149 10226   340    50 -9999 -9999     0
2021 01 29 21   -42  -161 10229   330    20 -9999 -9999     0
2021 01 30 00   -62  -165 10250   320    20 -9999 -9999     0
2021 01 30 03     1  -150 10249   330    20 -9999 -9999     0
2021 01 30 06    46  -153 10208   210    10 -9999 -9999     0
2021 01 30 09    47  -152 10205   120    20 -9999 -9999     0
2021 01 30 12    -7  -161 10227    50    30 -9999 -9999     0
2021 01 30 15   -35  -161 10226    50    20 -9999 -9999     0
2021 01 30 18   -62  -159 10222    60    10 -9999 -9999     0
2021 01 30 21   -88  -160 10212   320    10 -9999 -9999     0
2021 01 31 00  -107  -168 10220    90    10 -9999 -9999     0
2021 01 31 03    -9  -144 10195   210    10 -9999 -9999     0
2021 01 31 06    51  -143 10145   230    20 -9999 -9999     0
2021 01 31 09    59  -166 10143   270    50 -9999 -9999     0
2021 01 31 12    36  -161 10169   320    50 -9999 -9999     0
2021 01 31 15     3  -145 10199   300    90 -9999 -9999     0
2021 01 31 18   -47  -146 10216   290    40 -9999 -9999     0
2021 01 31 21   -66  -163 10221   320    70 -9999 -9999     0
2021 02 01 00  -115  -206 10275   340    60 -9999 -9999     0
2021 02 01 03   -83  -217 10288   350    50 -9999 -9999     0
2021 02 01 06   -61  -234 10286   310    60 -9999 -9999     0
2021 02 01 09   -81  -251 10320   320    70 -9999 -9999     0
2021 02 01 12  -125  -248 10372   330    70 -9999 -9999     0
2021 02 01 15  -148  -254 10381   350    20 -9999 -9999     0
2021 02 01 18  -152  -255 10362   310    30 -9999 -9999     0
2021 02 01 21  -171  -262 10348   320    40 -9999 -9999     0
2021 02 02 00  -164  -271 10355   310    30 -9999 -9999     0
2021 02 02 03   -83  -268 10337   280    10 -9999 -9999     0
2021 02 02 06   -25  -249 10290   280    60 -9999 -9999     0
2021 02 02 09   -26  -243 10278   320    30 -9999 -9999     0
2021 02 02 12   -47  -232 10282   310    10 -9999 -9999     0
2021 02 02 15   -98  -227 10266   310    10 -9999 -9999     0
2021 02 02 18  -106  -228 10246   310    10 -9999 -9999     0
2021 02 02 21  -100  -223 10236   320    10 -9999 -9999     0
2021 02 03 00  -110  -217 10265     0 -9999 -9999 -9999     0
2021 02 03 03   -34  -216 10286   320    70 -9999 -9999     0
2021 02 03 06   -24  -212 10300   300    80 -9999 -9999     0
2021 02 03 09   -23  -206 10311   310    70 -9999 -9999     0
2021 02 03 12   -52  -190 10331   330    30 -9999 -9999     0
2021 02 03 15   -72  -191 10318   310    20 -9999 -9999     0
2021 02 03 18   -96  -193 10314   320    20 -9999 -9999     0
2021 02 03 21   -93  -196 10300   320    10 -9999 -9999     0
2021 02 04 00  -110  -196 10303   330    10 -9999 -9999     0
2021 02 04 03    -4  -195 10286   310    30 -9999 -9999     0
2021 02 04 06    56  -198 10235   270    40 -9999 -9999     0
2021 02 04 09    71  -204 10205   290    10 -9999 -9999     0
2021 02 04 12   -13  -203 10232   350    10 -9999 -9999     0
2021 02 04 15    11  -206 10211   340    20 -9999 -9999     0
2021 02 04 18   -24  -184 10190    20    10 -9999 -9999     0
2021 02 04 21   -37  -176 10179   330    20 -9999 -9999     0
2021 02 05 00   -53  -168 10191   340    20 -9999 -9999     0
2021 02 05 03    43  -145 10163   330    10 -9999 -9999     0
2021 02 05 06    88  -117 10127   280    70 -9999 -9999     0
2021 02 05 09    83  -116 10128   290    70 -9999 -9999     0
2021 02 05 12    37   -96 10153   330    20 -9999 -9999     0
2021 02 05 15    20  -102 10143   300    30 -9999 -9999     0
2021 02 05 18    14  -110 10141   330    20 -9999 -9999     0
2021 02 05 21    13  -115 10138   300    40 -9999 -9999     0
2021 02 06 00   -31  -121 10171   120    20 -9999 -9999     0
2021 02 06 03    36  -112 10170   210    10 -9999 -9999     0
2021 02 06 06    87  -118 10139   270    30 -9999 -9999     0
2021 02 06 09    74  -113 10154   340    70 -9999 -9999     0
2021 02 06 12    16   -90 10226   310    70 -9999 -9999     0
2021 02 06 15   -18  -101 10258   340    60 -9999 -9999     0
2021 02 06 18   -44  -114 10270   320    40 -9999 -9999     0
2021 02 06 21   -73  -144 10299   320    40 -9999 -9999     0
2021 02 07 00   -89  -159 10339   300    20 -9999 -9999     0
2021 02 07 03   -43  -171 10357    10    40 -9999 -9999     0
2021 02 07 06    -9  -200 10337   310    50 -9999 -9999     0
2021 02 07 09   -10  -195 10334   350    50 -9999 -9999     0
2021 02 07 12   -35  -198 10354   350    40 -9999 -9999     0
2021 02 07 15   -65  -188 10358   330    20 -9999 -9999     0
2021 02 07 18   -87  -188 10356   320    20 -9999 -9999     0
2021 02 07 21  -100  -185 10355   300    20 -9999 -9999     0
2021 02 08 00   -90  -171 10363   320    30 -9999 -9999     0
2021 02 08 03   -12  -158 10356   250    20 -9999 -9999     0
2021 02 08 06    20  -165 10325   250    10 -9999 -9999     0
2021 02 08 09    30  -178 10306   340    10 -9999 -9999     0
2021 02 08 12   -24  -176 10319    50    30 -9999 -9999     0
2021 02 08 15   -54  -175 10309    10    10 -9999 -9999     0
2021 02 08 18   -76  -170 10293   360    10 -9999 -9999     0
2021 02 08 21   -89  -172 10280   350    10 -9999 -9999     0
2021 02 09 00   -92  -168 10291     0 -9999 -9999 -9999     0
2021 02 09 03    -2  -161 10270   220    10 -9999 -9999     0
2021 02 09 06    55  -157 10235   240    10 -9999 -9999     0
2021 02 09 12     0  -147 10247    50    20 -9999 -9999     0
2021 02 09 15   -31  -139 10243     0 -9999 -9999 -9999     0
2021 02 09 18   -53  -134 10242   340    10 -9999 -9999     0
2021 02 09 21   -58  -132 10243   300    10 -9999 -9999     0
2021 02 10 00   -59  -133 10273   280    10 -9999 -9999     0
2021 02 10 03    34  -125 10268   270    10 -9999 -9999     0
2021 02 10 06    98  -141 10231    50    10 -9999 -9999     0
2021 02 10 09   101  -146 10209   130    20 -9999 -9999     0
2021 02 11 00   -63  -143 10208   320    10 -9999 -9999     0
2021 02 13 12    38  -122 10196    50    20 -9999 -9999     0
2021 02 13 15   -13  -120 10188   310    10 -9999 -9999     0
2021 02 13 18   -34  -123 10174   320    10 -9999 -9999     0
2021 02 13 21   -29  -119 10170    50    10 -9999 -9999     0
2021 02 14 00   -38  -111 10193   310    10 -9999 -9999     0
2021 02 14 03    17   -66 10202   340    50 -9999 -9999     0
2021 02 14 06     9  -106 10208   330    50 -9999 -9999 -9999
2021 02 14 09   -17  -159 10234   350    80 -9999 -9999     0
2021 02 14 12   -60  -160 10283   340    70 -9999 -9999     0
2021 02 14 15   -92  -200 10301   340    70 -9999 -9999     0
2021 02 14 18  -109  -210 10300   330    10 -9999 -9999     0
2021 02 14 21  -109  -193 10285   320    30 -9999 -9999     0
2021 02 15 00   -98  -203 10277   330    30 -9999 -9999     0
2021 02 15 03   -31  -195 10239   110    10 -9999 -9999     0
2021 02 15 06    24  -183 10179   280    50 -9999 -9999     0
2021 02 15 09    13   -88 10165   340    90 -9999 -9999     0
2021 02 15 12   -20  -115 10206   300    40 -9999 -9999     0
2021 02 15 15   -47  -121 10218   360    40 -9999 -9999     0
2021 02 15 18   -72  -171 10226   330    30 -9999 -9999     0
2021 02 15 21  -103  -197 10264   290    50 -9999 -9999     0
2021 02 16 00  -124  -257 10304   290    50 -9999 -9999     0
2021 02 16 03   -94  -258 10316   310    70 -9999 -9999     0
2021 02 16 06   -74  -250 10303   320    70 -9999 -9999     0
2021 02 16 09   -77  -219 10310   320    70 -9999 -9999     0
2021 02 16 12   -93  -230 10346   310    50 -9999 -9999     0
2021 02 16 15  -111  -204 10347   320    40 -9999 -9999     0
2021 02 16 18  -135  -232 10357   350    50 -9999 -9999     0
2021 02 16 21  -147  -248 10370   330    60 -9999 -9999     0
2021 02 17 00  -155  -263 10394   330    40 -9999 -9999     0
2021 02 17 03   -93  -271 10381   350    40 -9999 -9999     0
2021 02 17 06   -49  -269 10356   310    50 -9999 -9999     0
2021 02 17 09   -22  -247 10344   320    40 -9999 -9999     0
2021 02 17 12   -46  -236 10351    10    50 -9999 -9999     0
2021 02 17 15   -68  -219 10344   330    30 -9999 -9999     0
2021 02 17 18   -88  -209 10331   330    20 -9999 -9999     0
2021 02 17 21  -102  -194 10321   330    10 -9999 -9999     0
2021 02 18 00  -102  -180 10322    40    10 -9999 -9999     0
2021 02 18 03     4  -144 10291   250    10 -9999 -9999     0
2021 02 18 06    85  -132 10236   190    10 -9999 -9999     0
2021 02 18 09   113  -136 10208     0 -9999 -9999 -9999     0
2021 02 18 12    22  -144 10223    30    20 -9999 -9999     0
2021 02 18 15    48  -157 10189   350    30 -9999 -9999     0
2021 02 18 18    27  -154 10163    10    20 -9999 -9999     0
2021 02 18 21   -12  -151 10143   330    20 -9999 -9999     0
2021 02 19 00   -12  -147 10152   320    20 -9999 -9999     0
2021 02 19 03    88  -142 10122   310    30 -9999 -9999     0
2021 02 19 06   143  -138 10089   270    70 -9999 -9999     0
2021 02 19 09   131  -114 10104   320    70 -9999 -9999     0
2021 02 20 15   137  -199 10034   320    47 -9999 -9999 -9999
2021 02 20 18   100  -192 10034   334    24 -9999 -9999 -9999
2021 02 20 21    91  -170 10029   308    17 -9999 -9999 -9999
2021 02 21 00    42  -156 10079   344    10 -9999 -9999 -9999
2021 02 21 03   137  -152 10075   269    26 -9999 -9999 -9999
2021 02 21 09   155   -94 10074   337    67 -9999 -9999 -9999
2021 02 21 12   107   -80 10138   333    58 -9999 -9999 -9999
2021 02 21 15    61   -55 10155   340    50 -9999 -9999     0
2021 02 21 18    15   -60 10206   344    49 -9999 -9999 -9999
2021 02 21 21     1   -81 10238   320    30 -9999 -9999     0
2021 02 22 00   -10   -99 10275   311    38 -9999 -9999 -9999
2021 02 22 03    23  -116 10286   340    30 -9999 -9999     0
2021 02 22 06    48  -146 10270   330    50 -9999 -9999     0
2021 02 22 09    49  -145 10265    20    50 -9999 -9999     0
2021 02 22 12    10  -159 10281   290    10 -9999 -9999     0
2021 02 22 15   -11  -150 10287   360    20 -9999 -9999     0
2021 02 22 18   -31  -151 10279   360    10 -9999 -9999     0
2021 02 22 21    -8  -144 10271   140    10 -9999 -9999     0
2021 02 23 00   -25   -72 10287   120    50 -9999 -9999     0
2021 02 23 03    -6   -72 10285   150    50 -9999 -9999     0
2021 02 23 06    15   -75 10254   150    50 -9999 -9999     0
2021 02 23 09    -4   -79 10248   140    40 -9999 -9999     0
2021 02 23 12   -30   -86 10266   130    40 -9999 -9999     0
2021 02 23 15   -44   -90 10275   120    20 -9999 -9999     0
2021 02 23 18   -53   -92 10274   100    20 -9999 -9999     0
2021 02 23 21   -51   -90 10269   130    10 -9999 -9999     0
2021 02 24 00   -54   -86 10282   140    10 -9999 -9999     0
2021 02 24 03   -35   -89 10281   170    20 -9999 -9999     0
2021 02 24 06     2   -80 10239   260    20 -9999 -9999     0
2021 02 24 09    23   -76 10222   160    20 -9999 -9999     0
2021 02 24 12   -16   -86 10244   360    10 -9999 -9999     0
2021 02 24 15   -37   -89 10262    50    20 -9999 -9999     0
2021 02 24 18   -39   -87 10259   100    10 -9999 -9999     0
2021 02 24 21   -60   -94 10265    40    20 -9999 -9999     0
2021 02 25 00   -59   -91 10287    50    10 -9999 -9999     0
2021 02 25 03    15   -70 10279    10    10 -9999 -9999     0
2021 02 25 06    70   -82 10245   250    10 -9999 -9999     0
2021 02 25 09    98  -109 10235   220    10 -9999 -9999     0
2021 02 25 12    11  -113 10270    40    20 -9999 -9999     0
2021 02 25 15   -19  -114 10276    40    10 -9999 -9999     0
2021 02 25 18   -45  -117 10273   360    10 -9999 -9999     0
2021 02 25 21   -59  -101 10273    10    10 -9999 -9999     0
2021 02 26 00   -58  -111 10297   310    10 -9999 -9999     0
2021 02 26 03    24   -80 10284   180    20 -9999 -9999     0
2021 02 26 06   102  -124 10233   130    60 -9999 -9999     0
2021 02 26 09   101  -132 10220   150    70 -9999 -9999     0
2021 02 26 12    51   -95 10242   130    70 -9999 -9999     0
2021 02 26 15    26  -106 10244   120    50 -9999 -9999     0
2021 02 26 18    10  -108 10225   120    40 -9999 -9999     0
2021 02 26 21     7   -96 10209   120    50 -9999 -9999     0
2021 02 27 00    10   -96 10218   120    40 -9999 -9999     0
2021 02 27 03    58  -100 10209   130    60 -9999 -9999     0
2021 02 27 06    90   -72 10188   130    50 -9999 -9999     0
2021 02 27 09    93   -61 10166   140    60 -9999 -9999     0
2021 02 27 12    57   -72 10200   120    70 -9999 -9999     0
2021 02 27 15    47   -74 10196   120    60 -9999 -9999     0
2021 02 27 18    45   -76 10200   110    30 -9999 -9999     0
2021 02 27 21    10    -2 10203   100    30 -9999 -9999     6
2021 02 28 00     8     2 10223     0 -9999 -9999 -9999    10
2021 02 28 03    28    10 10247   260    20 -9999 -9999     5
2021 02 28 06    56   -37 10217   340    30 -9999 -9999     0
2021 02 28 09    32   -55 10231   350    40 -9999 -9999     0
2021 02 28 12    16   -67 10269   340    30 -9999 -9999     0
2021 02 28 15    -8   -54 10289   310    30 -9999 -9999     2
2021 02 28 18   -21  -102 10293   310    30 -9999 -9999     3
2021 02 28 21   -25  -128 10296   315    32 -9999 -9999     1
2021 03 01 00   -40  -136 10315   310    40 -9999 -9999     0
2021 03 01 03     7  -117 10302   250    30 -9999 -9999     0
2021 03 01 06    42  -141 10264   300    40 -9999 -9999     0
2021 03 01 09    49  -145 10244   280    50 -9999 -9999     0
2021 03 01 12    19  -123 10266   360    30 -9999 -9999     0
2021 03 01 15    -2  -110 10277   330    10 -9999 -9999     0
2021 03 01 18   -17  -105 10275   340    30 -9999 -9999     0
2021 03 01 21   -42  -121 10268   340    10 -9999 -9999     0
2021 03 02 00   -53  -116 10279   330    10 -9999 -9999     0
2021 03 02 03    38   -96 10262   210    10 -9999 -9999     0
2021 03 02 06    83   -87 10218   290    10 -9999 -9999     0
2021 03 02 09    96   -85 10194   130    40 -9999 -9999     0
2021 03 02 12    60   -59 10209   120    30 -9999 -9999     0
2021 03 02 15    -5   -55 10211   130    10 -9999 -9999     0
2021 03 02 18   -32   -46 10211   260    10 -9999 -9999     0
2021 03 02 21   -32   -43 10202    10    10 -9999 -9999     0
2021 03 03 00   -32   -45 10212   360    20 -9999 -9999     0
2021 03 03 03     6   -35 10206   220    10 -9999 -9999     0
2021 03 03 06    93   -39 10159   210    10 -9999 -9999     0
2021 03 03 09   116   -45 10134   130    20 -9999 -9999     0
2021 03 03 12    60   -59 10161    20    10 -9999 -9999     0
2021 03 03 15    15   -68 10168   280    10 -9999 -9999     0
2021 03 03 18    -8   -58 10165     0 -9999 -9999 -9999     0
2021 03 03 21   -35   -82 10162    30    10 -9999 -9999     0
2021 03 04 00   -33   -41 10187   130    10 -9999 -9999     0
2021 03 04 03    44   -31 10183   230    10 -9999 -9999     0
2021 03 04 06   137   -60 10143   200    10 -9999 -9999     0
2021 03 04 09   148   -86 10136   140    20 -9999 -9999     0
2021 03 04 12    98   -83 10157    70    30 -9999 -9999     0
2021 03 04 15    40   -90 10165   360    20 -9999 -9999     0
2021 03 04 18    11   -87 10158    10    10 -9999 -9999     0
2021 03 04 21    -1   -93 10165   310    10 -9999 -9999     0
2021 03 05 00    18   -75 10202   140    20 -9999 -9999     0
2021 03 05 03    56   -48 10236   340    80 -9999 -9999     0
2021 03 05 06    74   -82 10240   330    70 -9999 -9999     0
2021 03 05 09    58  -148 10263   340    40 -9999 -9999     0
2021 03 05 12    30  -172 10292   360    40 -9999 -9999     0
2021 03 05 15     9  -156 10314   360    40 -9999 -9999     0
2021 03 05 18    -3  -129 10326   210    10 -9999 -9999     0
2021 03 05 21   -14   -69 10334   120    40 -9999 -9999     0
2021 03 06 00   -21   -78 10357   140    20 -9999 -9999     0
2021 03 06 03   -12   -69 10364   160    20 -9999 -9999     1
2021 03 06 06    24   -70 10328   160    30 -9999 -9999     1
2021 03 06 09    28   -63 10315   140    30 -9999 -9999     0
2021 03 06 12    -5   -63 10331   100    30 -9999 -9999     0
2021 03 06 15   -29   -72 10336    40    10 -9999 -9999     0
2021 03 06 18   -39   -77 10326     0 -9999 -9999 -9999     0
2021 03 06 21   -36   -72 10312   170    10 -9999 -9999     0
2021 03 07 00   -29   -72 10323     0 -9999 -9999 -9999     0
2021 03 07 03     4   -62 10317   240    20 -9999 -9999     0
2021 03 07 06    49   -57 10276   240    10 -9999 -9999     0
2021 03 07 09    77  -116 10252   160    20 -9999 -9999     0
2021 03 07 12    41   -68 10266   108    25 -9999 -9999 -9999
2021 03 07 15    23   -63 10275   110    10 -9999 -9999     0
2021 03 07 18   -25   -72 10274   360    10 -9999 -9999     0
2021 03 07 21   -33   -78 10260    30    10 -9999 -9999     0
2021 03 08 00   -32   -75 10277     0 -9999 -9999 -9999     0
2021 03 08 03    24   -50 10267   200    10 -9999 -9999     0
2021 03 08 06    73   -38 10234   170    20 -9999 -9999     0
2021 03 08 09    88   -34 10218   160    20 -9999 -9999     0
2021 03 08 12    53   -38 10242    70    10 -9999 -9999     0
2021 03 08 15    26   -35 10251   280    10 -9999 -9999     0
2021 03 08 18    -4   -43 10250    20    10 -9999 -9999     0
2021 03 08 21   -19   -46 10253    10    10 -9999 -9999     0
2021 03 09 00    -8   -33 10276    30    10 -9999 -9999     0
2021 03 09 03    67   -19 10269   240    10 -9999 -9999     0
2021 03 09 06   139    -5 10235   220    20 -9999 -9999     0
2021 03 09 09   150   -71 10228   180    20 -9999 -9999     0
2021 03 09 12   113   -32 10246   110    40 -9999 -9999     0
2021 03 09 15   102   -21 10239   110    50 -9999 -9999     0
2021 03 09 18    39   -46 10239   320    10 -9999 -9999     0
2021 03 09 21    14   -49 10237   360    10 -9999 -9999     0
2021 03 10 00    12   -39 10258   330    10 -9999 -9999     0
2021 03 10 03    84     1 10239   180    20 -9999 -9999     0
2021 03 10 06   141    -7 10210   170    20 -9999 -9999     0
2021 03 10 09   143   -13 10202   160    30 -9999 -9999     0
2021 03 10 12   111     8 10218   120    30 -9999 -9999     0
2021 03 10 15    84    15 10223   120    20 -9999 -9999     0
2021 03 10 18    66    21 10219   150    10 -9999 -9999     0
2021 03 10 21    23     2 10219    50    10 -9999 -9999     0
2021 03 11 00    57    35 10233   120    20 -9999 -9999     0
2021 03 11 03    61    27 10241   230    10 -9999 -9999     0
2021 03 11 06   112    33 10203   140    20 -9999 -9999     0
2021 03 11 09   125    24 10191   150    40 -9999 -9999     0
2021 03 11 12    96    34 10214   130    30 -9999 -9999     0
2021 03 11 15    79    34 10230   120    30 -9999 -9999     0
2021 03 11 18    73    35 10221   130    20 -9999 -9999     0
2021 03 11 21    73    35 10210   120    30 -9999 -9999     0
2021 03 12 00    58    49 10226   100    10 -9999 -9999     8
2021 03 12 03    52    37 10240    40    30 -9999 -9999   120
2021 03 12 06    51    36 10236   310    20 -9999 -9999   140
2021 03 12 09    74    40 10228   150    30 -9999 -9999    30
2021 03 12 12    41    35 10254    80    10 -9999 -9999     1
2021 03 12 15    39    32 10264     0 -9999 -9999 -9999     0
2021 03 12 18    42    35 10258     0 -9999 -9999 -9999     0
2021 03 12 21    24    20 10251    50    10 -9999 -9999     0
2021 03 13 00    30    -1 10259   310    20 -9999 -9999     0
2021 03 13 03    76   -16 10246   270    20 -9999 -9999     0
2021 03 13 06   108   -23 10209   100    10 -9999 -9999     0
2021 03 13 09   124   -47 10186   150    10 -9999 -9999     0
2021 03 13 12    81   -28 10184    50    30 -9999 -9999     0
2021 03 13 15    56   -27 10180   280    10 -9999 -9999     0
2021 03 13 18    40   -10 10168   320    10 -9999 -9999     0
2021 03 13 21    40    17 10145   120    40 -9999 -9999     0
2021 03 14 00    49     3 10152   110    50 -9999 -9999     0
2021 03 14 03    82    22 10139   130    40 -9999 -9999     0
2021 03 14 06   111    34 10103   130    60 -9999 -9999     0
2021 03 14 09    88    40 10088   140    50 -9999 -9999     0
2021 03 14 12    61    39 10098   120    50 -9999 -9999     0
2021 03 14 15    58    33 10089   120    40 -9999 -9999     0
2021 03 14 18    57    35 10111   260    10 -9999 -9999     0
2021 03 14 21    40  -153 10152   300    80 -9999 -9999     0
2021 03 15 00    -9  -200 10214   320    40 -9999 -9999     0
2021 03 15 03     0  -192 10231   320    30 -9999 -9999     0
2021 03 15 06    24  -202 10227   300    60 -9999 -9999     0
2021 03 15 09    41  -210 10229   300    60 -9999 -9999     0
2021 03 15 12    15  -209 10268   330    30 -9999 -9999     0
2021 03 15 15    -3  -206 10289   350    20 -9999 -9999     0
2021 03 15 18   -27  -183 10289   350    20 -9999 -9999     0
2021 03 15 21   -27  -183 10274   310    50 -9999 -9999     0
2021 03 16 00   -19  -176 10284   290    20 -9999 -9999     0
2021 03 16 03    30  -184 10267   220    10 -9999 -9999     0
2021 03 16 06    70  -171 10218   140    30 -9999 -9999     0
2021 03 16 09    78  -144 10197   200    10 -9999 -9999     0
2021 03 16 12    67  -110 10212    40    10 -9999 -9999     0
2021 03 16 15    61   -82 10223   110    10 -9999 -9999     0
2021 03 16 18    42  -114 10209    70    20 -9999 -9999     0
2021 03 16 21    22   -71 10213   330    10 -9999 -9999     0
2021 03 17 00    18   -65 10226     0 -9999 -9999 -9999     0
2021 03 17 03    74   -78 10219   150    20 -9999 -9999     0
2021 03 17 06    86   -60 10203   150    20 -9999 -9999     0
2021 03 17 09    83   -52 10213   120    30 -9999 -9999     0
2021 03 17 12    35    -3 10236   140    40 -9999 -9999 -9999
2021 03 17 15    31     7 10229   180    10 -9999 -9999     0
2021 03 17 18     6    -1 10238   140    30 -9999 -9999     3
2021 03 17 21     3     0 10227   130    20 -9999 -9999    20
2021 03 18 00     4     1 10257   140    20 -9999 -9999    20
2021 03 18 03    14    -5 10254   130    40 -9999 -9999    20
2021 03 18 06    35   -11 10234   140    50 -9999 -9999    10
2021 03 18 09    37   -21 10233   140    30 -9999 -9999     0
2021 03 18 12    30   -19 10247   130    20 -9999 -9999     0
2021 03 18 15    26   -21 10248   120    20 -9999 -9999     0
2021 03 18 18    24   -19 10236    50    10 -9999 -9999     0
2021 03 18 21    21   -22 10240   200    10 -9999 -9999     0
2021 03 19 00    23   -24 10233     0 -9999 -9999 -9999     0
2021 03 19 03    41   -17 10207   250    10 -9999 -9999     0
2021 03 19 06    48    -6 10185   230    20 -9999 -9999     0
2021 03 19 09    24    14 10192   360    10 -9999 -9999    30
2021 03 19 12    27    24 10203   280    30 -9999 -9999    40
2021 03 19 15    37   -11 10204   310    30 -9999 -9999    20
2021 03 19 18    32   -43 10203   330    30 -9999 -9999     1
2021 03 19 21    23   -32 10212   300    20 -9999 -9999     0
2021 03 20 00    13   -88 10237   300    70 -9999 -9999     0
2021 03 20 03    23  -109 10235   310    90 -9999 -9999     0
2021 03 20 06    38  -130 10221   300    90 -9999 -9999     0
2021 03 20 09    25  -107 10236   310    70 -9999 -9999     0
2021 03 20 12    -9   -81 10278   300    40 -9999 -9999     0
2021 03 20 15   -24   -83 10294   340    60 -9999 -9999     0
2021 03 20 18   -32  -117 10296   300    40 -9999 -9999     0
2021 03 20 21   -45  -131 10300   290    40 -9999 -9999     0
2021 03 21 00   -27  -141 10311   310    60 -9999 -9999     0
2021 03 21 03    20  -146 10307   320    70 -9999 -9999     0
2021 03 21 06    46  -142 10281   300    80 -9999 -9999     0
2021 03 21 09    66  -167 10258   320    70 -9999 -9999     0
2021 03 21 12    37  -155 10266   340    30 -9999 -9999     0
2021 03 21 15    14  -143 10265   300    10 -9999 -9999     0
2021 03 21 18    24  -130 10256   320    30 -9999 -9999     0
2021 03 21 21    26  -137 10244   310    40 -9999 -9999     0
2021 03 22 00    37  -131 10261   310    30 -9999 -9999     0
2021 03 22 03    90  -128 10251   260    30 -9999 -9999     0
2021 03 22 06   127  -125 10205   240    40 -9999 -9999     0
2021 03 22 09   148  -154 10172   280    40 -9999 -9999     0
2021 03 22 12   104  -129 10182   300    20 -9999 -9999     0
2021 03 22 15    78  -110 10175   320    30 -9999 -9999     0
2021 03 22 18    53   -89 10165   320    20 -9999 -9999     0
2021 03 22 21    41   -86 10150   310    10 -9999 -9999     0
2021 03 23 00    27   -69 10162   320    10 -9999 -9999     0
2021 03 23 03   123   -82 10138   290    20 -9999 -9999     0
2021 03 23 06   180   -74 10097   230    20 -9999 -9999     0
2021 03 23 09   193  -119 10079   270    20 -9999 -9999     0
2021 03 23 12   135   -90 10102   320    20 -9999 -9999     0
2021 03 23 15   105  -135 10116   280    20 -9999 -9999     0
2021 03 23 18    81  -129 10135   320    40 -9999 -9999     0
2021 03 23 21    61   -90 10161   310    40 -9999 -9999     0
2021 03 24 00    63   -77 10201   300    30 -9999 -9999     0
2021 03 24 03   126   -74 10199   260    40 -9999 -9999     0
2021 03 24 06   160  -106 10177   230    30 -9999 -9999     0
2021 03 24 09   166  -129 10170   210    30 -9999 -9999     0
2021 03 24 12   106  -108 10180    60    30 -9999 -9999     0
2021 03 24 15    66   -89 10190   360    10 -9999 -9999     0
2021 03 24 18    27   -80 10196   340    10 -9999 -9999     0
2021 03 24 21    10   -80 10196   340    10 -9999 -9999     0
2021 03 25 00    34   -71 10217   300    10 -9999 -9999     0
2021 03 25 03   124   -61 10197   170    10 -9999 -9999     0
2021 03 25 06   187   -54 10156   160    30 -9999 -9999     0
2021 03 25 09   197   -60 10132   140    30 -9999 -9999     0
2021 03 25 12   153   -31 10143   110    50 -9999 -9999     0
2021 03 25 15   133   -26 10138   120    50 -9999 -9999     0
2021 03 25 18   124   -19 10127   110    50 -9999 -9999     0
2021 03 25 21   104    25 10131   260    10 -9999 -9999 -9999
2021 03 26 00    91    45 10137   150    10 -9999 -9999     0
2021 03 26 03   110    47 10137   220    10 -9999 -9999     2
2021 03 26 06   133    45 10111   220    10 -9999 -9999     2
2021 03 26 09   139    45 10098   190    20 -9999 -9999     0
2021 03 26 12   104    39 10114    60    30 -9999 -9999     0
2021 03 26 15    69    28 10130    30    10 -9999 -9999     0
2021 03 26 18    43    20 10121   330    10 -9999 -9999     0
2021 03 26 21    25    15 10105   320    10 -9999 -9999     0
2021 03 27 00    41    18 10119   320    10 -9999 -9999     0
2021 03 27 03   124    39 10096   160    10 -9999 -9999     0
2021 03 27 06   188    18 10040   160    20 -9999 -9999     0
2021 03 27 09   203    -4 10010   120    30 -9999 -9999     0
2021 03 27 12   141   -23 10015    60    20 -9999 -9999     0
2021 03 27 15   150  -152 10020   360    60 -9999 -9999     0
2021 03 27 18   104  -122 10046   290    70 -9999 -9999     0
2021 03 27 21    58  -109 10068   290    80 -9999 -9999     0
2021 03 28 00    37  -103 10103   300    80 -9999 -9999     0
2021 03 28 03    70  -107 10105   310    70 -9999 -9999     0
2021 03 28 06   107  -176 10087   310    80 -9999 -9999     0
2021 03 28 09   106  -176 10097   310    70 -9999 -9999     0
2021 03 28 12    84  -160 10127   300    40 -9999 -9999     0
2021 03 28 15    61  -179 10130   320    40 -9999 -9999     0
2021 03 28 18    29  -157 10145   290    10 -9999 -9999     0
2021 03 28 21    14  -165 10138   340    20 -9999 -9999     0
2021 03 29 00    13  -148 10147   310    20 -9999 -9999     0
2021 03 29 03    91  -154 10130   260    30 -9999 -9999     0
2021 03 29 06   127  -150 10104   270    20 -9999 -9999     0
2021 03 29 09   135  -164 10090   250    20 -9999 -9999     0
2021 03 29 12    76  -146 10117    50    30 -9999 -9999     0
2021 03 29 15    33  -126 10124   330    10 -9999 -9999     0
2021 03 29 18     9  -121 10126     0 -9999 -9999 -9999     0
2021 03 29 21    -4  -120 10122   360    10 -9999 -9999     0
2021 03 30 00    34  -113 10140    50    10 -9999 -9999     0
2021 03 30 03   112  -103 10120   240    20 -9999 -9999     0
2021 03 30 06   178   -68 10084   140    20 -9999 -9999     0
2021 03 30 09   189   -52 10063   130    20 -9999 -9999     0
2021 03 30 12   153   -36 10087   100    40 -9999 -9999     0
2021 03 30 15   103   -34 10114   260    10 -9999 -9999     0
2021 03 30 18    66   -48 10117    50    10 -9999 -9999     0
2021 03 30 21    43   -44 10129    90    10 -9999 -9999     0
2021 03 31 00    92   -55 10144   320    20 -9999 -9999     0
2021 03 31 03   163   -74 10150   290    30 -9999 -9999     0
2021 03 31 06   187   -68 10127   300    20 -9999 -9999     0
2021 03 31 09   186   -62 10114   140    10 -9999 -9999     0
2021 03 31 12   162   -81 10129   110    30 -9999 -9999     0
2021 03 31 15   151   -77 10135   100    60 -9999 -9999     0
2021 03 31 18   134   -73 10132   120    40 -9999 -9999     0
2021 03 31 21   123   -20 10148   130    30 -9999 -9999     0
2021 04 01 00   118     0 10166   130    40 -9999 -9999     0
2021 04 01 03   133   -22 10165   140    60 -9999 -9999     0
2021 04 01 06   131   -20 10166   170    30 -9999 -9999     0
2021 04 01 09    91    39 10186   180    30 -9999 -9999 -9999
2021 04 01 12    69    51 10191   120    30 -9999 -9999    20
2021 04 01 15    69    40 10195   120    20 -9999 -9999    20
2021 04 01 18    54    27 10194     0 -9999 -9999 -9999     0
2021 04 01 21    53    36 10204   310    10 -9999 -9999     0
2021 04 02 00    66    34 10220   320    10 -9999 -9999     0
2021 04 02 03   107    35 10213   270    30 -9999 -9999     0
2021 04 02 06   143    46 10186   260    30 -9999 -9999     0
2021 04 02 09   150   -78 10191   350    50 -9999 -9999     0
2021 04 02 12   112   -53 10221   320    50 -9999 -9999     0
2021 04 02 15    93   -20 10243   340    40 -9999 -9999     0
2021 04 02 18    55   -33 10257   320    40 -9999 -9999     0
2021 04 02 21    45   -61 10264   320    30 -9999 -9999     0
2021 04 03 00    49  -130 10295   340    30 -9999 -9999     0
2021 04 03 03    94  -159 10282   320    60 -9999 -9999     0
2021 04 03 06   121  -186 10257   340    50 -9999 -9999     0
2021 04 03 09   115  -180 10257   350    50 -9999 -9999     0
2021 04 03 12    84  -194 10275   360    50 -9999 -9999     0
2021 04 03 15    59  -173 10286   350    30 -9999 -9999     0
2021 04 03 18    20  -160 10296   340    20 -9999 -9999     0
2021 04 03 21     6  -138 10289   290    30 -9999 -9999     0
2021 04 04 00    30  -129 10310   190    10 -9999 -9999     0
2021 04 04 03    94  -137 10294   270    10 -9999 -9999     0
2021 04 04 06   135  -188 10256   210    20 -9999 -9999     0
2021 04 04 09   153  -188 10231   200    10 -9999 -9999     0
2021 04 04 12    88  -173 10242    50    40 -9999 -9999     0
2021 04 04 15    55  -151 10245   320    10 -9999 -9999     0
2021 04 04 18    39  -134 10236   310    10 -9999 -9999     0
2021 04 04 21    14  -120 10226    10    10 -9999 -9999     0
2021 04 05 00    53  -113 10237   290    10 -9999 -9999     0
2021 04 05 03   108  -107 10219   190    20 -9999 -9999     0
2021 04 05 06   161   -56 10174   180    30 -9999 -9999     0
2021 04 05 09   151   -77 10166   140    40 -9999 -9999     0
2021 04 05 12   106   -38 10202   100    20 -9999 -9999     0
2021 04 05 15    63   -31 10214    50    20 -9999 -9999     0
2021 04 05 18    45   -11 10211    30    10 -9999 -9999     0
2021 04 05 21    29   -32 10222   310    30 -9999 -9999     0
2021 04 06 00    50   -33 10250   320    30 -9999 -9999     0
2021 04 06 03   122     0 10243   280    30 -9999 -9999     0
2021 04 06 06   166   -46 10214   250    30 -9999 -9999     0
2021 04 06 09   178   -92 10202   300    40 -9999 -9999     0
2021 04 06 12   145   -53 10225   330    20 -9999 -9999     0
2021 04 06 15   105   -43 10235   230    10 -9999 -9999     0
2021 04 06 18    69   -48 10236   320    30 -9999 -9999     0
2021 04 06 21    46   -52 10239   330    30 -9999 -9999     0
2021 04 07 00    82   -63 10254   300    40 -9999 -9999     0
2021 04 07 03   146   -88 10249   310    50 -9999 -9999     0
2021 04 07 06   173  -114 10220   340    40 -9999 -9999     0
2021 04 07 09   172  -115 10207   350    50 -9999 -9999     0
2021 04 07 12   122  -107 10215    70    30 -9999 -9999     0
2021 04 07 15    93   -65 10217    60    20 -9999 -9999     0
2021 04 07 18    90   -14 10210   120    30 -9999 -9999     0
2021 04 07 21    31   -74 10225   320    10 -9999 -9999     0
2021 04 08 00    56   -54 10242   260    10 -9999 -9999     0
2021 04 08 06   186   -48 10180   150    20 -9999 -9999     0
2021 04 08 09   201   -92 10159   130    40 -9999 -9999     0
2021 04 08 12   145   -29 10180   110    60 -9999 -9999     0
2021 04 08 15   121   -29 10187   110    30 -9999 -9999     0
2021 04 08 18    98   -16 10193   100    20 -9999 -9999     0
2021 04 08 21    84   -20 10200   110    20 -9999 -9999     0
2021 04 09 00    90     7 10228   140    30 -9999 -9999     0
2021 04 09 03   132    -8 10223   140    40 -9999 -9999     0
2021 04 09 06   172   -10 10194   140    40 -9999 -9999     0
2021 04 09 09   167   -14 10186   130    50 -9999 -9999     0
2021 04 09 12   126   -28 10212   120    60 -9999 -9999     0
2021 04 09 15   101   -29 10227   120    40 -9999 -9999     0
2021 04 09 18    85   -27 10223   140    20 -9999 -9999     0
2021 04 09 21    49   -27 10235   320    10 -9999 -9999     0
2021 04 10 00    67   -19 10248   310    10 -9999 -9999     0
2021 04 10 03   118   -28 10237   150    30 -9999 -9999     0
2021 04 10 06   170    18 10196   170    30 -9999 -9999     0
2021 04 10 09   170    -2 10186   130    50 -9999 -9999     0
2021 04 10 12   141   -11 10205   120    50 -9999 -9999     0
2021 04 10 15   125    -1 10208   110    60 -9999 -9999     0
2021 04 10 18   121     5 10200   110    50 -9999 -9999     0
2021 04 10 21   117    11 10197   110    40 -9999 -9999     0
2021 04 11 00   121     5 10211   120    40 -9999 -9999     0
2021 04 11 03    94    54 10232   100    40 -9999 -9999     2
2021 04 11 06    98    72 10214   100    30 -9999 -9999    20
2021 04 11 09   121    59 10182   110    40 -9999 -9999    20
2021 04 11 12   116    46 10187   110    20 -9999 -9999     6
2021 04 11 15   107    18 10187   120    40 -9999 -9999     0
2021 04 11 18   103    14 10173   110    40 -9999 -9999     0
2021 04 11 21    86    32 10160   260    10 -9999 -9999     0
2021 04 12 00    93    37 10172   330    40 -9999 -9999 -9999
2021 04 12 03    62    32 10206   320    40 -9999 -9999    10
2021 04 12 06    69   -20 10217   330    70 -9999 -9999    30
2021 04 12 09    56   -57 10229   310    70 -9999 -9999    20
2021 04 12 12    39   -85 10250   310    40 -9999 -9999     0
2021 04 12 15    21   -95 10268   290    20 -9999 -9999     0
2021 04 12 18     1  -107 10274   300    20 -9999 -9999     0
2021 04 12 21   -28  -101 10281     0 -9999 -9999 -9999     0
2021 04 13 00    -3  -108 10282   310    30 -9999 -9999     0
2021 04 13 03    55  -199 10257   320    50 -9999 -9999     0
2021 04 13 06    92  -169 10227   290    70 -9999 -9999     0
2021 04 13 09   112  -162 10203   300    50 -9999 -9999     0
2021 04 13 12    82  -140 10209   290    50 -9999 -9999 -9999
2021 04 13 15    70  -122 10206   310    50 -9999 -9999     0
2021 04 13 18    47  -110 10203   330    20 -9999 -9999     0
2021 04 13 21    -2   -96 10204   350    10 -9999 -9999     0
2021 04 14 00    41   -83 10208   240    10 -9999 -9999     0
2021 04 14 03   122  -107 10180   240    20 -9999 -9999     0
2021 04 14 06   174  -104 10135   280    10 -9999 -9999     0
2021 04 14 09   189  -111 10108   260    20 -9999 -9999     0
2021 04 14 12   131  -100 10105    60    30 -9999 -9999     0
2021 04 14 15   124   -99 10098   110    40 -9999 -9999     0
2021 04 14 18   107   -90 10082    60    10 -9999 -9999     0
2021 04 14 21    42   -76 10072   330    10 -9999 -9999     0
2021 04 15 00    88   -70 10066   130    10 -9999 -9999     0
2021 04 15 03   162   -44 10028   140    30 -9999 -9999     0
2021 04 15 06   117   -62 10061   310    70 -9999 -9999     0
2021 04 15 09    93   -97 10123   300    90 -9999 -9999     0
2021 04 15 12    61   -75 10142   300    80 -9999 -9999     0
2021 04 15 15    39   -69 10153   350    20 -9999 -9999     0
2021 04 15 18    27   -95 10141   340    30 -9999 -9999     0
2021 04 15 21    34  -134 10136   330    20 -9999 -9999     0
2021 04 16 00    42  -114 10157   330    10 -9999 -9999     0
2021 04 16 03    84  -127 10165   310    70 -9999 -9999     0
2021 04 16 06    75   -81 10191   330    90 -9999 -9999 -9999
2021 04 16 09    86  -183 10184   320    80 -9999 -9999     0
2021 04 16 12    58  -148 10216   310    40 -9999 -9999    -1
2021 04 16 15    22  -110 10231   180    20 -9999 -9999     0
2021 04 16 18    25   -94 10232   320    30 -9999 -9999     0
2021 04 16 21     7   -99 10243   350    10 -9999 -9999     0
2021 04 17 00    40  -104 10261   300    30 -9999 -9999     0
2021 04 17 03   101  -162 10245   310    60 -9999 -9999     0
2021 04 17 06   142  -182 10209   330    60 -9999 -9999     0
2021 04 17 09   157  -147 10192   330    40 -9999 -9999     0
2021 04 17 12   116  -126 10203     0 -9999 -9999 -9999     0
2021 04 17 15    69  -118 10209   350    20 -9999 -9999     0
2021 04 17 18    36  -112 10206   350    10 -9999 -9999     0
2021 04 17 21    14   -98 10205    30    10 -9999 -9999     0
2021 04 18 00    69   -95 10206   270    10 -9999 -9999     0
2021 04 18 03   157  -100 10178   220    10 -9999 -9999     0
2021 04 18 06   207  -120 10133   310    30 -9999 -9999     0
2021 04 18 09   221  -137 10104   130    20 -9999 -9999     0
2021 04 18 12   153  -120 10114    50    30 -9999 -9999     0
2021 04 18 15   121  -115 10117    50    40 -9999 -9999     0
2021 04 18 18    82   -97 10116    10    10 -9999 -9999     0
2021 04 18 21    57   -97 10123   360    10 -9999 -9999     0
2021 04 19 00   104   -83 10146   310    20 -9999 -9999     0
2021 04 19 03   199   -75 10129   250    20 -9999 -9999     0
2021 04 19 06   248  -174 10099   190    20 -9999 -9999     0
2021 04 19 09   254  -148 10088   210    20 -9999 -9999     0
2021 04 19 12   209  -107 10101   120    40 -9999 -9999     0
2021 04 19 15   195   -40 10103   110    40 -9999 -9999     0
2021 04 19 18   166   -35 10105   270    10 -9999 -9999     0
2021 04 19 21   102   -42 10116     0 -9999 -9999 -9999     0
2021 04 20 00   158   -13 10135   190    10 -9999 -9999     0
2021 04 20 03   225     4 10123   140    50 -9999 -9999     0
2021 04 20 06   257    18 10098   150    60 -9999 -9999     0
2021 04 20 09   236    40 10103   140    70 -9999 -9999     0
2021 04 20 12   190    28 10131   130    50 -9999 -9999     0
2021 04 20 15   161    22 10145   120    40 -9999 -9999     0
2021 04 20 18   144    29 10143   120    30 -9999 -9999     0
2021 04 20 21   117    32 10147     0 -9999 -9999 -9999     0
