2021 01 08 06   -87  -282 10276    70    10 -9999 -9999     0
2021 01 08 09   -90  -259 10276   230    10 -9999 -9999     0
2021 01 08 12  -135  -254 10288   170    10 -9999 -9999     0
2021 01 08 18  -154  -252 10284   330    10 -9999 -9999     0
2021 01 08 21  -177  -248 10281    20    10 -9999 -9999     0
2021 01 20 21   -85  -101 10230    10    10 -9999 -9999     0
2021 01 21 00   -82   -98 10233    20    10 -9999 -9999     0
2021 01 21 03   -19   -78 10226   200    10 -9999 -9999     0
2021 01 21 06    39   -78 10195    70    10 -9999 -9999     0
2021 01 21 09    21   -67 10202   250    20 -9999 -9999     0
2021 01 21 12   -45   -86 10227   340    10 -9999 -9999     0
2021 01 21 18   -75  -102 10251   260    10 -9999 -9999     0
2021 01 21 21   -26  -113 10259    80    40 -9999 -9999     0
2021 01 22 00   -23  -126 10277    60    30 -9999 -9999     0
2021 01 24 18   -45   -97 10295   360    10 -9999 -9999     0
2021 01 24 21   -55   -97 10275     0 -9999 -9999 -9999     0
2021 02 02 00  -145  -239 10314    19     9 -9999 -9999 -9999
2021 02 04 00   -44  -202 10274   230    40 -9999 -9999     0
2021 02 13 21    12  -111 10194    46    34 -9999 -9999     1
2021 02 20 18    25   -85 10024    85     6 -9999 -9999 -9999
2021 02 20 21    21   -83 10025   218     3 -9999 -9999 -9999
2021 02 21 00    35   -73 10036   222     8 -9999 -9999 -9999
2021 02 21 18    46   -75 10182    31    66 -9999 -9999 -9999
2021 02 22 00     6  -114 10259    46    38 -9999 -9999 -9999
2021 02 24 06    47  -106 10240   207    37 -9999 -9999 -9999
2021 02 26 03    52   -80 10292    78    10 -9999 -9999 -9999
2021 03 05 06    -3  -146 10296    50    90 -9999 -9999     0
2021 03 06 00   -72  -227 10408    57    62 -9999 -9999 -9999
2021 03 10 18    44    24 10243    50    10 -9999 -9999     0
2021 03 10 21    35    22 10236     0 -9999 -9999 -9999     0
2021 03 13 12    80    34 10207   356     7 -9999 -9999 -9999
2021 03 16 03    97  -156 10246   149    26 -9999 -9999 -9999
2021 03 17 18    77   -61 10249    59    23 -9999 -9999 -9999
2021 03 18 09    84   -23 10232   260    10 -9999 -9999     1
2021 03 24 09   162   -67 10166   229    76 -9999 -9999 -9999
2021 03 25 18    79   -16 10170     0 -9999 -9999 -9999     0
2021 03 27 00    92    77 10105   273     6 -9999 -9999 -9999
2021 04 12 12    78    10 10194    50    30 -9999 -9999     1
