2021 01 08 06   -61  -254 10281   300    60 -9999 -9999     0
2021 01 08 09   -69  -251 10280   290    40 -9999 -9999     0
2021 01 08 12   -87  -243 10286   280    40 -9999 -9999     0
2021 01 08 18  -133  -240 10289   300    20 -9999 -9999     0
2021 01 08 21  -162  -236 10285   200    10 -9999 -9999     0
2021 01 10 09   -24  -189 10305   250    13 -9999 -9999 -9999
2021 01 20 21   -63   -92 10222     0 -9999 -9999 -9999     0
2021 01 21 00   -47   -84 10226   170    10 -9999 -9999     0
2021 01 21 03     0   -89 10226   290    20 -9999 -9999     0
2021 01 21 06    36   -84 10197   270    30 -9999 -9999     0
2021 01 21 09    19   -82 10202   250    20 -9999 -9999     0
2021 01 21 12   -49   -99 10217   270    10 -9999 -9999     0
2021 01 21 18   -85  -112 10237    90    10 -9999 -9999     0
2021 01 21 21   -27   -55 10251   120    20 -9999 -9999     0
2021 01 22 00   -28   -56 10269   130    40 -9999 -9999     0
2021 01 24 18   -31   -72 10288   150    10 -9999 -9999     0
2021 01 24 21   -42   -75 10267   340    10 -9999 -9999     0
2021 02 02 00  -135  -215 10315   262    11 -9999 -9999 -9999
2021 02 04 00  -104  -169 10277     0 -9999 -9999 -9999     0
2021 02 04 06    85  -152 10222   257    55 -9999 -9999 -9999
2021 02 13 21    25    18 10178    99    28 -9999 -9999    69
2021 02 14 03    17    -9 10183    94    28 -9999 -9999 -9999
2021 02 20 18    22   -36 10013    16     7 -9999 -9999 -9999
2021 02 20 21    21   -30 10006   296     6 -9999 -9999 -9999
2021 02 21 00    37   -19 10028   101     3 -9999 -9999 -9999
2021 02 21 03   105   -26 10044   250     5 -9999 -9999 -9999
2021 02 21 12   117   -40 10072   118    33 -9999 -9999 -9999
2021 02 21 18    51   -45 10168   106    27 -9999 -9999 -9999
2021 02 22 00     5   -30 10255   136     4 -9999 -9999 -9999
2021 02 23 03     2   -84 10330    96    36 -9999 -9999 -9999
2021 03 01 12   -17   -98 10291   225    13 -9999 -9999 -9999
2021 03 05 06    18   -78 10272    60    60 -9999 -9999     0
2021 03 10 18    80    46 10242   160    10 -9999 -9999     0
2021 03 10 21    72    45 10235   170    10 -9999 -9999     0
2021 03 18 09    82    14 10240    66    14 -9999 -9999 -9999
2021 03 24 12   126   -28 10195   130    40 -9999 -9999     0
2021 03 27 00   100    66 10105   112    13 -9999 -9999 -9999
2021 04 19 00   155    42 10130   235    31 -9999 -9999 -9999
