2021 01 01 00   -84  -328 10279   250    80 -9999 -9999     0
2021 01 01 03   -76  -291 10279   280    90 -9999 -9999     0
2021 01 01 06   -75  -233 10269   340   100 -9999 -9999     0
2021 01 01 09   -77  -205 10278   350    90 -9999 -9999     0
2021 01 01 12   -71  -207 10294   350    80 -9999 -9999     0
2021 01 01 18   -68  -211 10299   260   100 -9999 -9999     0
2021 01 01 21   -78  -200 10308   260    60 -9999 -9999     0
2021 01 02 00   -50  -207 10308   300    90 -9999 -9999     0
2021 01 02 03   -32  -158 10309   260    20 -9999 -9999     0
2021 01 02 06   -12  -154 10296   265    42 -9999 -9999 -9999
2021 01 02 09   -35  -203 10311   326    29 -9999 -9999 -9999
2021 01 02 12   -48  -205 10322   250    30 -9999 -9999     0
2021 01 02 18   -52  -210 10325   264    34 -9999 -9999 -9999
2021 01 02 21   -53  -206 10329   250    20 -9999 -9999     0
2021 01 03 00   -68  -167 10348   240    40 -9999 -9999     0
2021 01 03 03   -60  -155 10330   240    70 -9999 -9999     0
2021 01 03 06   -36  -138 10313   260    40 -9999 -9999     0
2021 01 03 09   -57  -145 10318   240    40 -9999 -9999     0
2021 01 03 12   -67  -196 10331   240    80 -9999 -9999     0
2021 01 03 18   -69  -205 10301   230   130 -9999 -9999     0
2021 01 03 21   -74   -82 10304   240    80 -9999 -9999     0
2021 01 04 00   -67  -173 10317   255   118 -9999 -9999 -9999
2021 01 04 03   -52  -173 10328   270    90 -9999 -9999     0
2021 01 04 06   -39  -168 10302   320    80 -9999 -9999     0
2021 01 04 09   -55  -179 10317   360    40 -9999 -9999     0
2021 01 04 12   -63  -227 10337   360    70 -9999 -9999     0
2021 01 04 18   -94  -184 10342   359    24 -9999 -9999 -9999
2021 01 04 21   -97  -189 10346   270    50 -9999 -9999     0
2021 01 05 00  -116  -199 10372   360    40 -9999 -9999     0
2021 01 05 03  -102  -180 10372   349    32 -9999 -9999 -9999
2021 01 05 06   -98  -174 10346   230    10 -9999 -9999     0
2021 01 05 09  -119  -179 10358   250    20 -9999 -9999     0
2021 01 05 12  -124  -272 10367   350    60 -9999 -9999     0
2021 01 05 18  -139  -169 10330   240    70 -9999 -9999     0
2021 01 05 21  -140  -153 10316   270   130 -9999 -9999     0
2021 01 06 00  -140  -206 10323   302   128 -9999 -9999 -9999
2021 01 06 03  -151  -223 10320   360    80 -9999 -9999     0
2021 01 06 06  -164  -253 10319   355    60 -9999 -9999 -9999
2021 01 06 09  -204  -300 10340    10    90 -9999 -9999     0
2021 01 06 12  -230  -331 10362   360    90 -9999 -9999     0
2021 01 06 18  -268  -406 10383   360   160 -9999 -9999     0
2021 01 06 21  -269  -400 10397   360   110 -9999 -9999     0
2021 01 07 00  -255  -362 10421   340   130 -9999 -9999     0
2021 01 07 03  -239  -348 10430   340   110 -9999 -9999     0
2021 01 07 06  -201  -323 10406   300    70 -9999 -9999     0
2021 01 07 09  -217  -317 10412   300   110 -9999 -9999     0
2021 01 07 12  -196  -321 10406   340   140 -9999 -9999     0
2021 01 07 18  -195  -309 10382   286    76 -9999 -9999 -9999
2021 01 07 21  -199  -306 10371   300   100 -9999 -9999     0
2021 01 08 00  -196  -295 10359   310   120 -9999 -9999     0
2021 01 08 03  -173  -280 10357   290    80 -9999 -9999     0
2021 01 08 06  -142  -260 10329   270    50 -9999 -9999     0
2021 01 08 09  -160  -260 10340   280    70 -9999 -9999     0
2021 01 08 12  -157  -265 10350   330   120 -9999 -9999     0
2021 01 08 18  -149  -255 10326   320   110 -9999 -9999     0
2021 01 08 21  -155  -255 10332   333    98 -9999 -9999 -9999
2021 01 09 00  -154  -252 10339   330   120 -9999 -9999     0
2021 01 09 03  -134  -236 10342   320   100 -9999 -9999     0
2021 01 09 06  -100  -229 10317   270    30 -9999 -9999     0
2021 01 09 09  -109  -231 10324   320    60 -9999 -9999     0
2021 01 09 12  -114  -229 10340   360    30 -9999 -9999     0
2021 01 09 18  -111  -223 10324   340    80 -9999 -9999     0
2021 01 09 21  -119  -231 10321   310   140 -9999 -9999     0
2021 01 10 00  -118  -224 10334   340   100 -9999 -9999     0
2021 01 10 03  -102  -231 10344   340    50 -9999 -9999     0
2021 01 10 06   -91  -224 10334   310    40 -9999 -9999     0
2021 01 10 09  -110  -209 10339   360    30 -9999 -9999     0
2021 01 10 12  -102  -234 10347   320   100 -9999 -9999     0
2021 01 10 18  -110  -235 10332   302   112 -9999 -9999 -9999
2021 01 10 21  -121  -221 10325   280    70 -9999 -9999     0
2021 01 11 00  -130  -210 10311   300   111 -9999 -9999 -9999
2021 01 11 03  -113  -209 10304   290    60 -9999 -9999     0
2021 01 11 06   -97  -211 10277   290    50 -9999 -9999     0
2021 01 11 09  -125  -222 10290   270    70 -9999 -9999     0
2021 01 11 12  -130  -222 10291   280   120 -9999 -9999     0
2021 01 11 18  -105  -215 10233   270   130 -9999 -9999     0
2021 01 11 21   -99  -222 10212   270   120 -9999 -9999     0
2021 01 12 00   -86  -210 10197   260   100 -9999 -9999     0
2021 01 12 03   -58  -222 10182   260   110 -9999 -9999     0
2021 01 12 06   -47  -227 10156   260   110 -9999 -9999     0
2021 01 12 09   -52  -213 10155   260   140 -9999 -9999     0
2021 01 12 12   -40  -207 10157   240   110 -9999 -9999     0
2021 01 12 18     6  -187 10124   256   123 -9999 -9999 -9999
2021 01 12 21    15  -196 10133   270   110 -9999 -9999     0
2021 01 13 00     5  -193 10151   330   120 -9999 -9999     0
2021 01 13 03    22  -197 10160   320    90 -9999 -9999     0
2021 01 13 06    45  -178 10145   290    40 -9999 -9999     0
2021 01 13 09    22  -197 10158   270    50 -9999 -9999     0
2021 01 13 12    -9  -125 10185   230    70 -9999 -9999     0
2021 01 13 18     1  -197 10179   230    80 -9999 -9999     0
2021 01 13 21    -5  -168 10172   230    90 -9999 -9999     0
2021 01 14 00    -2  -101 10176   220   110 -9999 -9999     0
2021 01 14 03    24  -108 10167   220   130 -9999 -9999     0
2021 01 14 06    27   -99 10135   230   130 -9999 -9999     0
2021 01 14 09    12   -97 10126   210   110 -9999 -9999     0
2021 01 14 12     8   -65 10144   220   160 -9999 -9999     0
2021 01 14 18     6   -86 10161   332   140 -9999 -9999 -9999
2021 01 14 21   -25  -189 10156   360   160 -9999 -9999     0
2021 01 15 00   -37  -196 10190   360   140 -9999 -9999     0
2021 01 15 03   -40  -186 10215    10   100 -9999 -9999     0
2021 01 15 06   -66  -155 10220    10   100 -9999 -9999     0
2021 01 15 09   -84  -156 10246    17   110 -9999 -9999 -9999
2021 01 15 12   -86  -227 10281    20   120 -9999 -9999     0
2021 01 15 18  -100  -198 10324    17   107 -9999 -9999 -9999
2021 01 15 21  -102  -204 10332   360    40 -9999 -9999     0
2021 01 16 00  -107  -186 10347   350    50 -9999 -9999     0
2021 01 16 03   -77  -176 10355   310    30 -9999 -9999     0
2021 01 16 06   -75  -157 10339   290    40 -9999 -9999     0
2021 01 16 09  -103  -172 10365   300    30 -9999 -9999     0
2021 01 16 12  -112  -182 10381   360    50 -9999 -9999     0
2021 01 16 18  -126  -173 10378   300   110 -9999 -9999     0
2021 01 16 21  -126  -164 10372   280   100 -9999 -9999     0
2021 01 17 00  -128  -230 10359   300   130 -9999 -9999     0
2021 01 17 03   -97  -233 10342   260    90 -9999 -9999     0
2021 01 17 06   -75  -215 10294   208    43 -9999 -9999 -9999
2021 01 17 09   -90  -201 10279   240    90 -9999 -9999     0
2021 01 17 12   -90  -210 10272   260   120 -9999 -9999     0
2021 01 17 18   -71  -243 10242   290   120 -9999 -9999     0
2021 01 17 21   -64  -263 10245   320   120 -9999 -9999     0
2021 01 18 00   -59  -247 10256   310   120 -9999 -9999     0
2021 01 18 03   -25  -242 10272   270    40 -9999 -9999     0
2021 01 18 06    -2  -211 10250   260    30 -9999 -9999 -9999
2021 01 18 09   -19  -208 10263   230    10 -9999 -9999     0
2021 01 18 12   -47  -204 10288   154    51 -9999 -9999 -9999
2021 01 18 18   -70  -189 10272   210   100 -9999 -9999     0
2021 01 18 21   -77  -168 10282   210    80 -9999 -9999     0
2021 01 19 00   -71  -158 10297   210    90 -9999 -9999     0
2021 01 19 03   -43  -107 10296   200    70 -9999 -9999     0
2021 01 19 06   -25   -94 10276   220    80 -9999 -9999     0
2021 01 19 09   -37   -91 10283   200    80 -9999 -9999     0
2021 01 19 12   -59   -64 10283   210   120 -9999 -9999     0
2021 01 19 18   -53   -58 10263   210    80 -9999 -9999     0
2021 01 19 21   -61   -69 10259   230    90 -9999 -9999     0
2021 01 20 00   -10  -164 10256   230   110 -9999 -9999     0
2021 01 20 03     8  -156 10256   230    70 -9999 -9999     0
2021 01 20 06    12  -109 10236   230    72 -9999 -9999 -9999
2021 01 20 09     7  -120 10243   230    90 -9999 -9999     0
2021 01 20 12     0  -136 10233   230    90 -9999 -9999     0
2021 01 20 18     4  -126 10221   240    80 -9999 -9999     0
2021 01 20 21     9  -169 10210   250    60 -9999 -9999     0
2021 01 21 00     5   -98 10218   250    90 -9999 -9999     0
2021 01 21 03    15  -113 10218   240    50 -9999 -9999     0
2021 01 21 06    17  -125 10196   260   100 -9999 -9999     0
2021 01 21 09    20  -108 10202   280   100 -9999 -9999     0
2021 01 21 12    23  -139 10218   310   100 -9999 -9999     0
2021 01 21 18    -2  -188 10225    30    70 -9999 -9999     0
2021 01 21 21   -12  -202 10215    40   100 -9999 -9999     0
2021 01 22 00   -12  -198 10228    33   107 -9999 -9999 -9999
2021 01 22 03     7  -191 10240    40    70 -9999 -9999     0
2021 01 22 06    -2  -179 10222    27    70 -9999 -9999 -9999
2021 01 22 09   -19  -180 10229    36    86 -9999 -9999 -9999
2021 01 22 12   -31  -190 10236    50    80 -9999 -9999     0
2021 01 22 18   -19  -184 10230    30    70 -9999 -9999     0
2021 01 22 21   -24  -184 10227    50    60 -9999 -9999     0
2021 01 23 00   -17  -197 10237    49    60 -9999 -9999 -9999
2021 01 23 03    18  -182 10230    50    30 -9999 -9999     0
2021 01 23 06    36  -161 10215   315     8 -9999 -9999 -9999
2021 01 23 09    15  -203 10225    50    20 -9999 -9999     0
2021 01 23 12    -2  -194 10248   271    44 -9999 -9999 -9999
2021 01 23 18    10  -207 10238   130    30 -9999 -9999     0
2021 01 23 21     0  -203 10243   190    40 -9999 -9999     0
2021 01 24 00    17  -247 10255   170    30 -9999 -9999     0
2021 01 24 03    19  -245 10262   200    30 -9999 -9999     0
2021 01 24 06     6  -204 10246   150    40 -9999 -9999     0
2021 01 24 09    -8  -222 10256   140    60 -9999 -9999     0
2021 01 24 12    10  -297 10254   146    80 -9999 -9999 -9999
2021 01 24 18    -5   -96 10271   210    70 -9999 -9999     0
2021 01 24 21   -13   -20 10261   220    50 -9999 -9999 -9999
2021 01 25 00   -11   -12 10255   170    30 -9999 -9999    10
2021 01 25 03   -10   -11 10263   170    20 -9999 -9999    50
2021 01 25 06   -11   -11 10232   200    60 -9999 -9999    70
2021 01 25 09   -15   -15 10235   260    40 -9999 -9999    40
2021 01 25 12    -9    -9 10237   330    19 -9999 -9999    12
2021 01 25 18   -45   -49 10253    19   107 -9999 -9999 -9999
2021 01 25 21   -37   -76 10235    42    99 -9999 -9999 -9999
2021 01 26 00   -43  -113 10266    30   110 -9999 -9999     0
2021 01 26 03   -26  -121 10283    20    40 -9999 -9999     0
2021 01 26 06   -15   -98 10266   350    30 -9999 -9999     1
2021 01 26 09   -28  -145 10269   330    30 -9999 -9999     1
2021 01 26 12   -40  -179 10288    60    60 -9999 -9999     0
2021 01 26 18   -38  -181 10279   220    30 -9999 -9999     0
2021 01 26 21   -47   -53 10266   223    84 -9999 -9999 -9999
2021 01 27 00   -47   -52 10270   233   109 -9999 -9999 -9999
2021 01 27 03   -48  -166 10261   230   140 -9999 -9999     0
2021 01 27 06   -47  -143 10235   225   139 -9999 -9999 -9999
2021 01 27 09   -46  -168 10223   230   130 -9999 -9999     0
2021 01 27 12   -42  -108 10228   235   122 -9999 -9999 -9999
2021 01 27 18   -75   -84 10247     2    69 -9999 -9999 -9999
2021 01 27 21  -123  -147 10256    10    70 -9999 -9999     0
2021 01 28 00  -127  -170 10283   360    60 -9999 -9999     0
2021 01 28 03  -113  -168 10303   340    60 -9999 -9999     0
2021 01 28 06   -99  -207 10306   280    40 -9999 -9999     1
2021 01 28 09  -104  -236 10333   230    30 -9999 -9999     0
2021 01 28 12   -97  -252 10331   280   100 -9999 -9999     0
2021 01 28 18   -96  -204 10310   240   100 -9999 -9999     0
2021 01 28 21   -96  -153 10293   240   110 -9999 -9999     0
2021 01 29 00   -91  -148 10294   250   120 -9999 -9999     0
2021 01 29 03   -40  -184 10276   264   103 -9999 -9999 -9999
2021 01 29 06   -24  -165 10255   240    60 -9999 -9999     0
2021 01 29 09   -39  -114 10250   250    80 -9999 -9999     0
2021 01 29 12   -34   -83 10252   240    90 -9999 -9999     0
2021 01 29 18   -19  -109 10244   310   130 -9999 -9999     0
2021 01 29 21   -17  -178 10251   356    79 -9999 -9999 -9999
2021 01 30 00    -9  -167 10262    10    60 -9999 -9999     0
2021 01 30 03    22  -136 10264   120    10 -9999 -9999     0
2021 01 30 06    21  -125 10247   210    20 -9999 -9999     0
2021 01 30 09   -10  -149 10251   220    60 -9999 -9999     0
2021 01 30 12   -15  -108 10252   230    70 -9999 -9999     0
2021 01 30 18   -21   -99 10240   240    80 -9999 -9999     0
2021 01 30 21    -9  -144 10235   230    80 -9999 -9999     0
2021 01 31 00    -9  -125 10229   210    80 -9999 -9999     0
2021 01 31 03    16  -163 10220   240    70 -9999 -9999     0
2021 01 31 06    13  -108 10199   210    20 -9999 -9999     0
2021 01 31 09    -3  -184 10195   240    70 -9999 -9999     0
2021 01 31 12    -5  -186 10197   247    94 -9999 -9999 -9999
2021 01 31 18     7  -186 10183   304   161 -9999 -9999 -9999
2021 01 31 21     7  -197 10193   330   140 -9999 -9999     0
2021 02 01 00   -15  -172 10207   355    87 -9999 -9999 -9999
2021 02 01 03    -1  -144 10215    50    20 -9999 -9999     0
2021 02 01 06     7  -166 10202   260    40 -9999 -9999     0
2021 02 01 09   -20  -177 10218   290    40 -9999 -9999     0
2021 02 01 12   -54  -160 10264   280    60 -9999 -9999     0
2021 02 01 18   -78  -169 10282   330    90 -9999 -9999     0
2021 02 01 21   -94  -202 10293   300    60 -9999 -9999     0
2021 02 02 00   -95  -209 10319   260    50 -9999 -9999     0
2021 02 02 03   -71  -203 10323   260    60 -9999 -9999     0
2021 02 02 06   -55  -168 10294   239    42 -9999 -9999 -9999
2021 02 02 09   -60  -140 10296   250    50 -9999 -9999     0
2021 02 02 12   -59 -9999 10303   290    90 -9999 -9999     0
2021 02 02 18   -75   -94 10265   235    89 -9999 -9999 -9999
2021 02 02 21   -50  -141 10241   240   120 -9999 -9999     0
2021 02 03 00   -47   -77 10238   232   136 -9999 -9999 -9999
2021 02 03 03   -36   -40 10242   250    60 -9999 -9999     0
2021 02 03 06   -21  -116 10244   330   120 -9999 -9999     0
2021 02 03 09   -37  -101 10266   360    50 -9999 -9999     0
2021 02 03 12   -44  -215 10293    10   110 -9999 -9999     0
2021 02 03 18   -40  -232 10306   353    75 -9999 -9999 -9999
2021 02 03 21   -39  -242 10306   330   100 -9999 -9999     0
2021 02 04 00   -44  -215 10320   265    74 -9999 -9999 -9999
2021 02 04 03   -47  -143 10318   230   100 -9999 -9999     0
2021 02 04 06   -37  -166 10279   230    90 -9999 -9999     0
2021 02 04 09   -33  -192 10261   230   140 -9999 -9999     0
2021 02 04 12   -26  -178 10256   240   120 -9999 -9999     0
2021 02 04 18   -21  -182 10233   240   130 -9999 -9999     0
2021 02 04 21   -33   -85 10220   240   110 -9999 -9999     0
2021 02 05 00   -19  -109 10215   250   110 -9999 -9999     0
2021 02 05 03    29  -185 10217   270    60 -9999 -9999     0
2021 02 05 06    46  -148 10171   260    60 -9999 -9999     0
2021 02 05 09    26  -141 10174   250    70 -9999 -9999     0
2021 02 05 12     5   -87 10181   230   110 -9999 -9999     0
2021 02 05 18    26  -150 10150   300   130 -9999 -9999     0
2021 02 05 21    18  -152 10150   300   130 -9999 -9999     0
2021 02 06 00    21  -150 10177   274    99 -9999 -9999 -9999
2021 02 06 03    38  -139 10178   270    70 -9999 -9999     0
2021 02 06 06    58  -154 10158   270    80 -9999 -9999     0
2021 02 06 09    45  -138 10174   270    60 -9999 -9999     0
2021 02 06 12    36  -141 10185   240    70 -9999 -9999     0
2021 02 06 18    39   -95 10187   240   100 -9999 -9999     0
2021 02 06 21    49  -181 10191   330    90 -9999 -9999     0
2021 02 07 00    27   -85 10223    38    73 -9999 -9999 -9999
2021 02 07 03    42  -118 10239   350    30 -9999 -9999     0
2021 02 07 06     3  -100 10252   360    20 -9999 -9999     0
2021 02 07 09   -27  -122 10266    14    63 -9999 -9999 -9999
2021 02 07 12   -54  -124 10301    30   100 -9999 -9999     0
2021 02 07 18   -73  -219 10318    30   130 -9999 -9999     0
2021 02 07 21   -69  -201 10329    14   104 -9999 -9999 -9999
2021 02 08 00   -62  -171 10358    16    69 -9999 -9999 -9999
2021 02 08 03   -27  -171 10372   330    20 -9999 -9999     0
2021 02 08 06    -9  -167 10344   270    10 -9999 -9999     0
2021 02 08 09   -34  -148 10342   250    10 -9999 -9999     0
2021 02 08 12   -38  -167 10345   250    30 -9999 -9999     0
2021 02 08 18   -61  -169 10304   240    80 -9999 -9999     0
2021 02 08 21   -57  -191 10291   230   120 -9999 -9999     0
2021 02 09 00   -60  -178 10298   230   133 -9999 -9999 -9999
2021 02 09 03   -35  -207 10295   230   100 -9999 -9999     0
2021 02 09 06     1  -214 10261   230   130 -9999 -9999     0
2021 02 09 12   -32  -126 10276   230   100 -9999 -9999     0
2021 02 09 18    12   -77 10242   294   117 -9999 -9999 -9999
2021 02 09 21    25  -151 10242   360    30 -9999 -9999     0
2021 02 10 00    38  -149 10260   350    40 -9999 -9999     0
2021 02 10 03    63  -139 10262   340    30 -9999 -9999     0
2021 02 10 06    74   -47 10237   190    10 -9999 -9999     0
2021 02 10 09    49  -125 10237   230    20 -9999 -9999     0
2021 02 11 00    21   -55 10236   230   100 -9999 -9999     0
2021 02 13 12    25    25 10214   220    90 -9999 -9999     0
2021 02 13 18    21    21 10190   214    34 -9999 -9999     2
2021 02 13 21    17    17 10166   210    50 -9999 -9999   100
2021 02 14 00     9     9 10167   180    40 -9999 -9999   130
2021 02 14 03    28    28 10162    90    20 -9999 -9999    30
2021 02 14 06    37    33 10144   320    20 -9999 -9999     2
2021 02 14 09    25   -20 10152   290    80 -9999 -9999     0
2021 02 14 12     9     8 10178   310   100 -9999 -9999     0
2021 02 14 18   -61   -65 10195    40   110 -9999 -9999     0
2021 02 14 21   -88   -97 10210    20    90 -9999 -9999     0
2021 02 15 00  -103  -125 10231   360   100 -9999 -9999     0
2021 02 15 03   -70  -145 10238   360    60 -9999 -9999 -9999
2021 02 15 06   -44  -186 10233   280    20 -9999 -9999     0
2021 02 15 09   -48  -179 10226   280   100 -9999 -9999     0
2021 02 15 12   -73  -131 10235   250    90 -9999 -9999     0
2021 02 15 18   -63   -77 10198   270   160 -9999 -9999     0
2021 02 15 21   -52   -93 10198   340    90 -9999 -9999     0
2021 02 16 00   -58  -125 10220    10   120 -9999 -9999     0
2021 02 16 03   -55  -145 10234   360    80 -9999 -9999     0
2021 02 16 06   -57  -160 10236     5    45 -9999 -9999 -9999
2021 02 16 09   -65  -188 10244   342    25 -9999 -9999 -9999
2021 02 16 12   -96  -216 10279   360    40 -9999 -9999     0
2021 02 16 18  -121  -232 10294   360   120 -9999 -9999     0
2021 02 16 21  -110  -211 10294   340    70 -9999 -9999     0
2021 02 17 00  -104  -211 10317   300   110 -9999 -9999     0
2021 02 17 03   -84  -208 10339   310    60 -9999 -9999     0
2021 02 17 06   -65  -189 10327   301   101 -9999 -9999 -9999
2021 02 17 09   -79  -281 10325    10    70 -9999 -9999     0
2021 02 17 12   -80  -295 10329   360   120 -9999 -9999     0
2021 02 17 18   -75  -242 10330   360    60 -9999 -9999     0
2021 02 17 21   -56  -171 10326   320   130 -9999 -9999     0
2021 02 18 00   -27  -154 10329   320   112 -9999 -9999 -9999
2021 02 18 03    -6  -145 10324   310    80 -9999 -9999     0
2021 02 18 06    25  -137 10292   275    56 -9999 -9999 -9999
2021 02 18 09    14  -151 10277   250    70 -9999 -9999     0
2021 02 18 12    -6  -132 10260   250   100 -9999 -9999     0
2021 02 18 18   -16   -22 10224   250   100 -9999 -9999     0
2021 02 18 21    25  -133 10195   270   130 -9999 -9999     0
2021 02 19 00    44  -172 10189   270    90 -9999 -9999     0
2021 02 19 03    70  -151 10178   270    80 -9999 -9999     0
2021 02 19 06    70  -127 10145   250    80 -9999 -9999     0
2021 02 19 09    62   -46 10123   240   110 -9999 -9999     0
2021 02 20 18    87  -130 10070   258   176 -9999 -9999 -9999
2021 02 20 21    97  -193 10077   283   145 -9999 -9999 -9999
2021 02 21 00   107  -186 10084   263   116 -9999 -9999 -9999
2021 02 21 18    96  -184 10114    30   107 -9999 -9999 -9999
2021 02 21 21    99  -155 10130    20    20 -9999 -9999     0
2021 02 22 00    42  -106 10173    40   140 -9999 -9999     0
2021 02 22 03    24   -86 10211    50   120 -9999 -9999     0
2021 02 22 06    27  -112 10220    30    80 -9999 -9999     0
2021 02 22 09    22  -132 10221    20    70 -9999 -9999     0
2021 02 22 12     8  -148 10259    50    80 -9999 -9999     0
2021 02 22 18   -22  -178 10293    50    20 -9999 -9999     0
2021 02 22 21    -7  -150 10273   250    10 -9999 -9999     0
2021 02 23 00     0  -151 10281   360    30 -9999 -9999     0
2021 02 23 03    17  -201 10273     0 -9999 -9999 -9999     0
2021 02 23 06     2  -128 10266    90    10 -9999 -9999     0
2021 02 23 09   -25  -125 10260    90    30 -9999 -9999     0
2021 02 23 12   -52  -107 10271   100    60 -9999 -9999     0
2021 02 23 18   -22  -228 10264   101     8 -9999 -9999 -9999
2021 02 23 21   -32  -200 10264   130    20 -9999 -9999     0
2021 02 24 00   -40  -203 10282   153    39 -9999 -9999 -9999
2021 02 24 03   -41  -163 10277   150    70 -9999 -9999     0
2021 02 24 06   -40  -248 10228   146    67 -9999 -9999 -9999
2021 02 24 09   -38  -160 10237   120    70 -9999 -9999 -9999
2021 02 24 12   -55   -69 10250   130    80 -9999 -9999     1
2021 02 24 18   -51   -56 10245   120    90 -9999 -9999   250
2021 02 24 21   -51   -56 10241   110    40 -9999 -9999   270
2021 02 25 00   -35   -40 10257    84    27 -9999 -9999   111
2021 02 25 03   -46   -51 10257    70    50 -9999 -9999    10
2021 02 25 06   -36   -40 10250    80    30 -9999 -9999     4
2021 02 25 09   -31   -34 10252    70    50 -9999 -9999     0
2021 02 25 12   -43   -47 10268    80    70 -9999 -9999     0
2021 02 25 18   -45   -50 10266    60    60 -9999 -9999     0
2021 02 25 21   -47   -53 10262    69    49 -9999 -9999 -9999
2021 02 26 00   -30   -87 10277    75   108 -9999 -9999 -9999
2021 02 26 03   -25   -80 10289    86    73 -9999 -9999 -9999
2021 02 26 06   -10  -112 10279   120    90 -9999 -9999     0
2021 02 26 09   -21   -84 10284   140    70 -9999 -9999     0
2021 02 26 12   -22   -87 10288   130    60 -9999 -9999     0
2021 02 26 18   -17  -162 10282   200    80 -9999 -9999     0
2021 02 26 21   -13  -208 10276   200    60 -9999 -9999     0
2021 02 27 00    -2  -205 10276   150    70 -9999 -9999     0
2021 02 27 03     8  -185 10280   130    50 -9999 -9999     0
2021 02 27 06     6  -121 10258   130    40 -9999 -9999     0
2021 02 27 09     9   -94 10249   130    30 -9999 -9999     0
2021 02 27 12   -16   -49 10264   170    50 -9999 -9999     0
2021 02 27 18   -10   -11 10249   180    50 -9999 -9999     0
2021 02 27 21    -8    -8 10237   190    40 -9999 -9999     0
2021 02 28 00    -8    -8 10245   190    60 -9999 -9999     0
2021 02 28 03    -2    -5 10249   118    37 -9999 -9999 -9999
2021 02 28 06    -2    -6 10226   130    29 -9999 -9999     6
2021 02 28 09    -4    -5 10206   100    90 -9999 -9999    60
2021 02 28 12    -1    -1 10212   120    60 -9999 -9999   140
2021 02 28 18    -8    -8 10212    40    30 -9999 -9999   100
2021 02 28 21   -23   -23 10213    50    20 -9999 -9999    50
2021 03 01 00   -42   -47 10224    57    80 -9999 -9999    22
2021 03 01 03   -55   -60 10244    44   104 -9999 -9999    10
2021 03 01 06   -67   -74 10256    20    60 -9999 -9999     0
2021 03 01 09   -71   -79 10269    10    40 -9999 -9999     0
2021 03 01 12   -66  -139 10295    10   120 -9999 -9999     0
2021 03 01 18   -39  -114 10313   340    80 -9999 -9999     0
2021 03 01 21   -31   -78 10308   330    90 -9999 -9999     0
2021 03 02 00   -20   -87 10323   330    80 -9999 -9999     0
2021 03 02 03    16   -85 10318   200    10 -9999 -9999     0
2021 03 02 06     2   -71 10301   220    50 -9999 -9999     0
2021 03 02 09   -13   -76 10286   230   110 -9999 -9999     0
2021 03 02 12   -29   -71 10282   230   150 -9999 -9999     0
2021 03 02 18   -47  -165 10267   230   180 -9999 -9999     0
2021 03 02 21   -35  -186 10253   240   140 -9999 -9999     0
2021 03 03 00   -30  -135 10255   230   150 -9999 -9999     0
2021 03 03 03   -19  -123 10258   230   140 -9999 -9999     0
2021 03 03 06    -5   -96 10232   230   140 -9999 -9999     0
2021 03 03 09    -7   -86 10222   230   140 -9999 -9999     0
2021 03 03 12   -21   -63 10234   230   120 -9999 -9999     0
2021 03 03 18    -2   -54 10213   240    90 -9999 -9999     0
2021 03 03 21    -2   -23 10204   240    70 -9999 -9999     0
2021 03 04 00    31  -112 10214   260    60 -9999 -9999     0
2021 03 04 03    45   -19 10223   260    30 -9999 -9999     0
2021 03 04 06    71    -1 10196   260    40 -9999 -9999     0
2021 03 04 09    55   -21 10206   240    50 -9999 -9999     0
2021 03 04 12    42   -36 10204   230    80 -9999 -9999     0
2021 03 04 18    40   -33 10197   240   110 -9999 -9999     7
2021 03 04 21    56   -76 10195   239    92 -9999 -9999     7
2021 03 05 00    77  -133 10198   240    60 -9999 -9999     0
2021 03 05 03    72   -65 10210   230    80 -9999 -9999     0
2021 03 05 06    86     6 10207    95    24 -9999 -9999 -9999
2021 03 05 09    61     4 10211    47    21 -9999 -9999 -9999
2021 03 05 12    51   -22 10224   140    40 -9999 -9999     0
2021 03 05 18    23     5 10253   300    10 -9999 -9999     0
2021 03 05 21    17     4 10269   250    10 -9999 -9999     0
2021 03 06 00   -10   -11 10302    70    30 -9999 -9999     0
2021 03 06 03   -25   -60 10316    70    50 -9999 -9999     0
2021 03 06 06   -28  -176 10309   100    60 -9999 -9999     0
2021 03 06 09   -24  -169 10311   150    40 -9999 -9999     0
2021 03 06 12   -19  -231 10329   185    34 -9999 -9999 -9999
2021 03 06 18   -21   -40 10324   250    40 -9999 -9999     0
2021 03 06 21   -11   -12 10308   270    80 -9999 -9999     0
2021 03 07 00   -13   -20 10314   270    50 -9999 -9999     0
2021 03 07 03    22   -26 10307   291    21 -9999 -9999 -9999
2021 03 07 06    23   -51 10288   270    10 -9999 -9999     0
2021 03 07 09    12   -33 10284   250    20 -9999 -9999     0
2021 03 07 12    -6   -25 10304   250    50 -9999 -9999     0
2021 03 07 18    -7   -26 10289   260    43 -9999 -9999 -9999
2021 03 07 21    -5   -29 10281   251    20 -9999 -9999 -9999
2021 03 08 00    21   -44 10289   210    30 -9999 -9999     0
2021 03 08 03    32   -21 10290   200    20 -9999 -9999     0
2021 03 08 06    26   -21 10271   220    50 -9999 -9999     0
2021 03 08 09     6   -28 10269   220    30 -9999 -9999     0
2021 03 08 12    -5   -40 10270   206    53 -9999 -9999 -9999
2021 03 08 18    20   -85 10261   235    51 -9999 -9999 -9999
2021 03 08 21    10   -64 10267   307    12 -9999 -9999 -9999
2021 03 09 00    24   -60 10282    30    20 -9999 -9999     0
2021 03 09 03    58    -9 10281   110    10 -9999 -9999     0
2021 03 09 06    56    -5 10267   140    10 -9999 -9999     0
2021 03 09 09    33     4 10283   220    10 -9999 -9999     0
2021 03 09 12    19    -8 10296   110    60 -9999 -9999     0
2021 03 09 18    24   -67 10286   220    60 -9999 -9999     0
2021 03 09 21    10   -16 10289   210    70 -9999 -9999     0
2021 03 10 00     3    -6 10307   210    70 -9999 -9999     0
2021 03 10 03    15   -17 10300   214    80 -9999 -9999 -9999
2021 03 10 06    27    12 10283   204    52 -9999 -9999 -9999
2021 03 10 09    32   -17 10272   185    47 -9999 -9999 -9999
2021 03 10 12    20     4 10284   194    73 -9999 -9999 -9999
2021 03 10 18     0    -4 10266   210    70 -9999 -9999     0
2021 03 10 21    -5   -21 10255   206    50 -9999 -9999 -9999
2021 03 11 00   -10   -16 10268   160    46 -9999 -9999     5
2021 03 11 03   -15   -16 10273    93    58 -9999 -9999    37
2021 03 11 06   -13   -14 10253   100   110 -9999 -9999    50
2021 03 11 09   -19   -20 10254   100    60 -9999 -9999    20
2021 03 11 12   -18   -19 10269    70    30 -9999 -9999     0
2021 03 11 18   -12   -39 10275    61    94 -9999 -9999 -9999
2021 03 11 21    -3   -35 10274    70    90 -9999 -9999     0
2021 03 12 00    16   -31 10289   100    90 -9999 -9999     0
2021 03 12 03    27   -18 10296   130    50 -9999 -9999     0
2021 03 12 06    35    -7 10274   224    18 -9999 -9999 -9999
2021 03 12 09    19     0 10267   220    40 -9999 -9999     0
2021 03 12 12     7     2 10280   164    42 -9999 -9999 -9999
2021 03 12 18     3     0 10270   130    20 -9999 -9999     0
2021 03 12 21    -1    -2 10258   210    50 -9999 -9999     0
2021 03 13 00     0    -1 10273   250    20 -9999 -9999     0
2021 03 13 03    31    18 10264   170    10 -9999 -9999     0
2021 03 13 06    46    15 10246    60    10 -9999 -9999     0
2021 03 13 09    29    16 10241    50    10 -9999 -9999     0
2021 03 13 12    21     2 10242   106    66 -9999 -9999 -9999
2021 03 13 18    16   -20 10210   220    70 -9999 -9999     0
2021 03 13 21    -2   -16 10208   220    90 -9999 -9999     0
2021 03 14 00    24   -72 10212   220   110 -9999 -9999     0
2021 03 14 03    42   -31 10199   210    70 -9999 -9999     0
2021 03 14 06    41     4 10174   230    80 -9999 -9999     0
2021 03 14 09    36    26 10171   210    80 -9999 -9999     0
2021 03 14 12    31    30 10147   200    70 -9999 -9999     0
2021 03 14 18    37 -9999 10131   196    69 -9999 -9999 -9999
2021 03 14 21    46    46 10113   200    70 -9999 -9999     0
2021 03 15 00    67    67 10133   230    70 -9999 -9999     3
2021 03 15 03    70    70 10146   290    40 -9999 -9999     4
2021 03 15 06    67    67 10143    30    30 -9999 -9999     1
2021 03 15 09    51    51 10154    10    50 -9999 -9999     0
2021 03 15 12    12  -122 10187    31   121 -9999 -9999 -9999
2021 03 15 18     0  -236 10200    20    90 -9999 -9999     0
2021 03 15 21    39 -9999 10201    40    70 -9999 -9999     0
2021 03 16 00    64 -9999 10221    60    60 -9999 -9999     0
2021 03 16 03    45  -159 10228    40    20 -9999 -9999 -9999
2021 03 16 06    58  -109 10221   260    20 -9999 -9999     0
2021 03 16 09    40  -101 10208   226     7 -9999 -9999 -9999
2021 03 16 12    19  -123 10210   200    80 -9999 -9999     0
2021 03 16 18    56  -312 10207   300    40 -9999 -9999     0
2021 03 16 21    43  -236 10210   350    20 -9999 -9999     0
2021 03 17 00    41  -147 10220   131    32 -9999 -9999 -9999
2021 03 17 03    62   -67 10226   120    10 -9999 -9999     0
2021 03 17 06    71   -73 10201   119    17 -9999 -9999 -9999
2021 03 17 09    66   -78 10207   110    20 -9999 -9999     0
2021 03 17 12    32   -78 10222   187    37 -9999 -9999 -9999
2021 03 17 18    12   -61 10214   210    50 -9999 -9999     0
2021 03 17 21    28   -98 10208   110    40 -9999 -9999     0
2021 03 18 00    20   -79 10234    70    40 -9999 -9999     0
2021 03 18 03    -5   -32 10240    70    50 -9999 -9999    20
2021 03 18 06    -7   -46 10229    80    70 -9999 -9999    20
2021 03 18 09    15  -100 10215    60    30 -9999 -9999     0
2021 03 18 12    11  -104 10227    67    31 -9999 -9999 -9999
2021 03 18 18     5   -92 10237   120    40 -9999 -9999     0
2021 03 18 21    10  -114 10217   300    10 -9999 -9999     0
2021 03 19 00    10  -125 10225    64    13 -9999 -9999 -9999
2021 03 19 03    34   -96 10210   120    20 -9999 -9999     0
2021 03 19 06    19   -59 10194   180    10 -9999 -9999     0
2021 03 19 09    18   -73 10177   170    10 -9999 -9999     0
2021 03 19 12    -2   -44 10198   145    23 -9999 -9999 -9999
2021 03 19 18   -26   -39 10182   290    70 -9999 -9999    50
2021 03 19 21   -30   -31 10179   350    50 -9999 -9999    30
2021 03 20 00   -22   -25 10195   356    95 -9999 -9999 -9999
2021 03 20 03   -19   -22 10219    20   100 -9999 -9999     0
2021 03 20 06    -7   -37 10218    26    51 -9999 -9999 -9999
2021 03 20 09    -9   -44 10225   360    50 -9999 -9999     0
2021 03 20 12   -10   -76 10239   340   100 -9999 -9999     0
2021 03 20 18   -45  -131 10257    10    90 -9999 -9999     0
2021 03 20 21   -66  -141 10264    10    90 -9999 -9999     0
2021 03 21 00   -64  -133 10270   360   110 -9999 -9999     0
2021 03 21 03   -45  -146 10284   352    71 -9999 -9999 -9999
2021 03 21 06   -16  -141 10283   310    60 -9999 -9999     0
2021 03 21 09   -26  -143 10295   290    50 -9999 -9999     0
2021 03 21 12   -44  -154 10313   340   110 -9999 -9999     0
2021 03 21 18   -27  -151 10293   310   140 -9999 -9999     0
2021 03 21 21   -25  -140 10292   293   129 -9999 -9999 -9999
2021 03 22 00   -14  -149 10301   313   120 -9999 -9999 -9999
2021 03 22 03    21  -159 10296   280    60 -9999 -9999     0
2021 03 22 06    49  -125 10270   270    50 -9999 -9999     0
2021 03 22 09    36  -112 10256   230    60 -9999 -9999     0
2021 03 22 12    12  -115 10259   260   120 -9999 -9999     0
2021 03 22 18    17   -98 10208   256   155 -9999 -9999 -9999
2021 03 22 21    20  -105 10182   250   150 -9999 -9999     0
2021 03 23 00    44  -139 10194   230   130 -9999 -9999     0
2021 03 23 03    54  -131 10185   230   160 -9999 -9999     0
2021 03 23 06    67   -44 10157   228   143 -9999 -9999 -9999
2021 03 23 09    58   -18 10152   230   140 -9999 -9999     0
2021 03 23 12    30    10 10158   237   130 -9999 -9999 -9999
2021 03 23 18    28   -12 10148   240   100 -9999 -9999     0
2021 03 23 21    55   -95 10140   240   100 -9999 -9999     0
2021 03 24 00   108  -148 10164   360    20 -9999 -9999     0
2021 03 24 03   119   -70 10185    60    40 -9999 -9999     0
2021 03 24 06   111    16 10184   103    18 -9999 -9999 -9999
2021 03 24 09   101    17 10189   260    20 -9999 -9999     0
2021 03 24 12    68     3 10198   140    30 -9999 -9999     0
2021 03 24 18    66  -142 10204   260    30 -9999 -9999     0
2021 03 24 21    55   -26 10217   240    30 -9999 -9999     0
2021 03 25 00    63   -21 10239   230    80 -9999 -9999     0
2021 03 25 03    85     0 10242   210    40 -9999 -9999     0
2021 03 25 06   104   -60 10216   210    40 -9999 -9999     0
2021 03 25 09   102    18 10205   217    28 -9999 -9999 -9999
2021 03 25 12    66    21 10210   210    80 -9999 -9999     0
2021 03 25 18    49    16 10182   190    60 -9999 -9999     0
2021 03 25 21    44    18 10170   210    80 -9999 -9999     0
2021 03 26 00    46    16 10181   200    80 -9999 -9999     0
2021 03 26 03    48    18 10179   220    90 -9999 -9999     0
2021 03 26 06    62    17 10153   220    50 -9999 -9999     0
2021 03 26 09    65    20 10141   190    20 -9999 -9999 -9999
2021 03 26 12    52    23 10143   128    43 -9999 -9999     1
2021 03 26 18    37    36 10119   240    30 -9999 -9999    60
2021 03 26 21    36    36 10099   300    60 -9999 -9999    30
2021 03 27 00    41    41 10106    10    30 -9999 -9999     2
2021 03 27 03    56    56 10113    30    20 -9999 -9999     0
2021 03 27 06    56    52 10097   285    30 -9999 -9999 -9999
2021 03 27 09    53    50 10092   270    30 -9999 -9999     0
2021 03 27 12    70   -61 10093   343    73 -9999 -9999 -9999
2021 03 27 18    70    33 10071   247   106 -9999 -9999 -9999
2021 03 27 21    84    11 10046   260   150 -9999 -9999     0
2021 03 28 00    98    -7 10056   270   120 -9999 -9999     0
2021 03 28 03   106   -42 10071     2    83 -9999 -9999 -9999
2021 03 28 06   116   -22 10071   350    30 -9999 -9999     0
2021 03 28 09    94   -96 10069   340    70 -9999 -9999     0
2021 03 28 12    79  -164 10085   360    70 -9999 -9999     0
2021 03 28 18    54  -131 10101    30    80 -9999 -9999     0
2021 03 28 21    33   -84 10114    60    60 -9999 -9999     0
2021 03 29 00    55  -135 10122    35    59 -9999 -9999 -9999
2021 03 29 03    71  -102 10131   180    10 -9999 -9999     0
2021 03 29 06    54  -116 10116    80    20 -9999 -9999     0
2021 03 29 09    45   -13 10115   100    40 -9999 -9999 -9999
2021 03 29 12    58   -85 10116   200    40 -9999 -9999    -1
2021 03 29 18    54   -78 10138   350    30 -9999 -9999     0
2021 03 29 21    43   -81 10139    10    50 -9999 -9999     0
2021 03 30 00    78   -75 10138    50    30 -9999 -9999     0
2021 03 30 03    97   -29 10145   140    10 -9999 -9999     0
2021 03 30 06   112   -45 10130   120    20 -9999 -9999     0
2021 03 30 09    90   -60 10136   120    20 -9999 -9999     0
2021 03 30 12    72   -39 10138   200    50 -9999 -9999     0
2021 03 30 18    84   -91 10115    40    60 -9999 -9999     0
2021 03 30 21    69   -61 10119    70    70 -9999 -9999     0
2021 03 31 00    67   -50 10140    90   120 -9999 -9999     0
2021 03 31 03   103   -61 10133    90    90 -9999 -9999     0
2021 03 31 06   120   -34 10117   100    40 -9999 -9999     0
2021 03 31 09    96   -63 10123    90    50 -9999 -9999     0
2021 03 31 12    65   -75 10143   100    80 -9999 -9999     0
2021 03 31 18    62  -221 10133   110   120 -9999 -9999     0
2021 03 31 21    57  -236 10141   102    99 -9999 -9999 -9999
2021 04 01 00    49  -140 10164   100   120 -9999 -9999     0
2021 04 01 03    67   -83 10171    95    76 -9999 -9999 -9999
2021 04 01 06    64   -47 10166   100    40 -9999 -9999     0
2021 04 01 09    57   -10 10165    90    60 -9999 -9999     0
2021 04 01 12    41   -19 10180   105    51 -9999 -9999 -9999
2021 04 01 18    46    45 10175   130    40 -9999 -9999     0
2021 04 01 21    50    48 10174   164    55 -9999 -9999    17
2021 04 02 00    51    51 10187   100    10 -9999 -9999    20
2021 04 02 03    57 -9999 10190   297     8 -9999 -9999     5
2021 04 02 06    40    40 10175    60    50 -9999 -9999    30
2021 04 02 09    40    40 10170    41    53 -9999 -9999    77
2021 04 02 12    37    37 10175    60    60 -9999 -9999    70
2021 04 02 18    20    20 10181    30   100 -9999 -9999    90
2021 04 02 21     7     7 10173    40   180 -9999 -9999   130
2021 04 03 00     2     2 10205    54   157 -9999 -9999    70
2021 04 03 03    -6    -6 10206    60   150 -9999 -9999    30
2021 04 03 06   -19   -19 10224    60   110 -9999 -9999    20
2021 04 03 09   -51   -56 10248    60   110 -9999 -9999     0
2021 04 03 12   -22  -110 10249    40   200 -9999 -9999     0
2021 04 03 18   -22  -128 10282    40   140 -9999 -9999     0
2021 04 03 21   -22   -98 10297    40   140 -9999 -9999     0
2021 04 04 00     1   -91 10308    60   110 -9999 -9999     0
2021 04 04 03    36   -84 10304    60    40 -9999 -9999     0
2021 04 04 06    53   -79 10293    80    30 -9999 -9999     0
2021 04 04 09    39   -95 10291    30    10 -9999 -9999     0
2021 04 04 12    37  -155 10288   131    41 -9999 -9999 -9999
2021 04 04 18    27  -105 10271   210    40 -9999 -9999     0
2021 04 04 21    25  -104 10266   210    70 -9999 -9999     0
2021 04 05 00    29  -107 10275   210    90 -9999 -9999     0
2021 04 05 03    51  -102 10262   200    50 -9999 -9999     0
2021 04 05 06    56   -87 10248   190    30 -9999 -9999     0
2021 04 05 09    43   -72 10236   210    30 -9999 -9999     0
2021 04 05 12    17   -61 10245   225    80 -9999 -9999 -9999
2021 04 05 18     5   -47 10229   200    50 -9999 -9999     0
2021 04 05 21     1   -45 10237   230    80 -9999 -9999     0
2021 04 06 00    47   -87 10249   230    10 -9999 -9999     0
2021 04 06 03    67   -43 10257   123    24 -9999 -9999 -9999
2021 04 06 06    92   -47 10248   131    14 -9999 -9999 -9999
2021 04 06 09    75   -22 10248   190    10 -9999 -9999     0
2021 04 06 12    46   -20 10260   130    10 -9999 -9999     0
2021 04 06 18    47   -46 10236   300    40 -9999 -9999     0
2021 04 06 21    60   -69 10230    50    50 -9999 -9999     0
2021 04 07 00    67   -35 10251    50    40 -9999 -9999     0
2021 04 07 03    95   -34 10245    90    40 -9999 -9999     0
2021 04 07 06   113   -44 10225    90    60 -9999 -9999     0
2021 04 07 09    86   -33 10223   100    30 -9999 -9999     0
2021 04 07 12    59    18 10238   200    40 -9999 -9999     0
2021 04 07 18    53    -3 10223   340    50 -9999 -9999     0
2021 04 07 21    47   -26 10233    30    50 -9999 -9999     0
2021 04 08 00    81   -50 10245    53    40 -9999 -9999 -9999
2021 04 08 06    95   -18 10243   260    10 -9999 -9999     0
2021 04 08 09    82   -16 10238   220    10 -9999 -9999     0
2021 04 08 12    64   -30 10240   250    30 -9999 -9999     0
2021 04 08 18    40    17 10236   240    60 -9999 -9999     0
2021 04 08 21    39    33 10246   250    70 -9999 -9999     0
2021 04 09 00    58    -5 10266   240    40 -9999 -9999     0
2021 04 09 03    88   -19 10272   190    20 -9999 -9999     0
2021 04 09 06    95    -2 10259   207    24 -9999 -9999 -9999
2021 04 09 09    75    14 10262   210    40 -9999 -9999     0
2021 04 09 12    64     1 10269   240    50 -9999 -9999     0
2021 04 09 18    45    19 10262   200    40 -9999 -9999     0
2021 04 09 21    40     0 10279   220    70 -9999 -9999     0
2021 04 10 00    42   -26 10293   220    70 -9999 -9999     0
2021 04 10 03    89     1 10289   170    30 -9999 -9999     0
2021 04 10 06   107   -23 10265   140    30 -9999 -9999     0
2021 04 10 09    82   -39 10264   150    40 -9999 -9999     0
2021 04 10 12    60   -56 10277   160    40 -9999 -9999     0
2021 04 10 18    30    28 10247   195    94 -9999 -9999 -9999
2021 04 10 21    12   -54 10252   194    83 -9999 -9999 -9999
2021 04 11 00    25    24 10266   190    60 -9999 -9999     0
2021 04 11 03    49    31 10264   160    60 -9999 -9999     0
2021 04 11 06    52    48 10254   150    40 -9999 -9999     0
2021 04 11 09    50    49 10242   180    30 -9999 -9999     0
2021 04 11 12    37    36 10241   190    60 -9999 -9999     0
2021 04 11 18    38    -8 10209   250    20 -9999 -9999     3
2021 04 11 21    40    22 10190   350    10 -9999 -9999     3
2021 04 12 00    59    36 10183   340    20 -9999 -9999     0
2021 04 12 03    79    47 10178   280    10 -9999 -9999     0
2021 04 12 06    98    35 10162   270    20 -9999 -9999     0
2021 04 12 09   102    21 10159   330    20 -9999 -9999     0
2021 04 12 12    60    54 10190   360    50 -9999 -9999     0
2021 04 12 18    10     9 10201    16   142 -9999 -9999     1
2021 04 12 21   -12   -20 10206    41   128 -9999 -9999     1
2021 04 13 00    12   -46 10228   360    90 -9999 -9999     0
2021 04 13 03    47   -29 10225   120    20 -9999 -9999     0
2021 04 13 06    72   -23 10225   110    20 -9999 -9999     0
2021 04 13 09    50   -59 10228   310    50 -9999 -9999     0
2021 04 13 12    11  -116 10240   340    80 -9999 -9999     0
2021 04 13 18    14  -197 10226    20    90 -9999 -9999     0
2021 04 13 21     8  -170 10234   360    30 -9999 -9999     0
2021 04 14 00    31  -155 10250   270    20 -9999 -9999     0
2021 04 14 03    56  -110 10241   170    30 -9999 -9999     0
2021 04 14 06    68   -87 10215   180    30 -9999 -9999     0
2021 04 14 09    56   -73 10200   210    40 -9999 -9999     0
2021 04 14 12    29   -39 10193   220   120 -9999 -9999     0
2021 04 14 18    11     1 10155   230   150 -9999 -9999     0
2021 04 14 21     7     1 10148   230   150 -9999 -9999     0
2021 04 15 00    10     9 10153   225   147 -9999 -9999 -9999
2021 04 15 03    42    33 10141   230   130 -9999 -9999     0
2021 04 15 06    54    50 10133   230   120 -9999 -9999     0
2021 04 15 09    58    57 10119   230   150 -9999 -9999     0
2021 04 15 12    76    76 10131   220   150 -9999 -9999     0
2021 04 15 18    24  -138 10162   360    90 -9999 -9999     3
2021 04 15 21    10  -159 10167   360   100 -9999 -9999     0
2021 04 16 00    50  -174 10170   340    40 -9999 -9999     0
2021 04 16 03    83  -122 10179   270    30 -9999 -9999     0
2021 04 16 06    86   -80 10169   210    50 -9999 -9999     0
2021 04 16 09    73   -61 10169   200    50 -9999 -9999     0
2021 04 16 12    41   -51 10194    30    80 -9999 -9999     0
2021 04 16 18     6  -108 10202    33    59 -9999 -9999 -9999
2021 04 16 21    -4  -159 10220   360    40 -9999 -9999     0
2021 04 17 00    20  -134 10244     7    42 -9999 -9999 -9999
2021 04 17 03    27  -131 10259   310    60 -9999 -9999     0
2021 04 17 06    52   -89 10241   316    46 -9999 -9999 -9999
2021 04 17 09    41  -115 10239   300    60 -9999 -9999     0
2021 04 17 12    20  -165 10253   360    43 -9999 -9999 -9999
2021 04 17 18    47  -175 10241   320    77 -9999 -9999 -9999
2021 04 17 21    45  -100 10239   299    67 -9999 -9999 -9999
2021 04 18 00    71   -97 10242   280    30 -9999 -9999     0
2021 04 18 03    79   -82 10233   240    30 -9999 -9999     0
2021 04 18 06    89   -57 10211   210    50 -9999 -9999     0
2021 04 18 09    80   -81 10188   228    80 -9999 -9999 -9999
2021 04 18 12    57   -39 10185   230   110 -9999 -9999     0
2021 04 18 18    64  -169 10169   240   110 -9999 -9999     0
2021 04 18 21    64  -112 10166   250    90 -9999 -9999     0
2021 04 19 00    83   -21 10183   250    80 -9999 -9999     0
2021 04 19 03   112   -33 10183   240    70 -9999 -9999     0
2021 04 19 06   133   -22 10164   220    80 -9999 -9999     0
2021 04 19 09   115    17 10163   230    70 -9999 -9999     0
2021 04 19 12    95    -4 10170   220   110 -9999 -9999     0
2021 04 19 18    96  -143 10161   210    80 -9999 -9999 -9999
2021 04 19 21    92  -209 10163   190    70 -9999 -9999     0
2021 04 20 00    78   -31 10187   210    70 -9999 -9999     0
2021 04 20 03    79    24 10200   200    50 -9999 -9999     0
2021 04 20 06    67    10 10193   150    90 -9999 -9999 -9999
2021 04 20 09    58    24 10190   140   100 -9999 -9999 -9999
2021 04 20 12    56     0 10197   160   140 -9999 -9999     1
2021 04 20 18    68   -52 10193   130   120 -9999 -9999     4
2021 04 20 21    59   -51 10187   150   120 -9999 -9999     0
