2021 01 01 00   -97  -120 10297     0 -9999 -9999 -9999     0
2021 01 01 03    -7  -114 10280   240    30 -9999 -9999     0
2021 01 01 06    27  -102 10254   225    17 -9999 -9999 -9999
2021 01 01 09    12  -109 10267   270    20 -9999 -9999     0
2021 01 01 12   -33   -85 10288     0 -9999 -9999 -9999     0
2021 01 01 15   -55   -81 10292     0 -9999 -9999 -9999     0
2021 01 01 18   -76  -100 10297   160    10 -9999 -9999     0
2021 01 01 21   -86  -105 10297     0 -9999 -9999 -9999     0
2021 01 02 00   -82   -97 10313     0 -9999 -9999 -9999     0
2021 01 02 03    16   -99 10317   110    10 -9999 -9999     0
2021 01 02 06    37   -80 10296   120    20 -9999 -9999     0
2021 01 02 09    20   -90 10299   124    12 -9999 -9999 -9999
2021 01 02 12   -20   -71 10318   200    10 -9999 -9999     0
2021 01 02 15   -32   -65 10331     0 -9999 -9999 -9999     0
2021 01 02 18   -43   -64 10331     0 -9999 -9999 -9999     0
2021 01 02 21   -47   -68 10337   200    10 -9999 -9999     0
2021 01 03 00   -39   -64 10344   360     2 -9999 -9999 -9999
2021 01 03 03     3   -59 10338   120    10 -9999 -9999     0
2021 01 03 06    32   -45 10315    80    10 -9999 -9999     0
2021 01 03 09    15   -44 10320   140    10 -9999 -9999     0
2021 01 03 12   -14   -44 10326     0 -9999 -9999 -9999     0
2021 01 03 15   -37   -50 10330     0 -9999 -9999 -9999     0
2021 01 03 18   -48   -59 10314   180    10 -9999 -9999     0
2021 01 03 21   -42   -53 10311   170    10 -9999 -9999     0
2021 01 04 00   -34   -44 10309     0 -9999 -9999 -9999     0
2021 01 04 03    32    -6 10314   360    10 -9999 -9999     0
2021 01 04 06    62    -5 10290   310    30 -9999 -9999     0
2021 01 04 09    46   -12 10297   310    10 -9999 -9999     0
2021 01 04 12    20   -21 10328   111    24 -9999 -9999 -9999
2021 01 04 15    -5   -33 10335   126    16 -9999 -9999 -9999
2021 01 04 18    -9  -100 10342    70    30 -9999 -9999     0
2021 01 04 21   -22  -120 10346    80    20 -9999 -9999     0
2021 01 05 00   -22  -137 10370    70    30 -9999 -9999     0
2021 01 05 03    -7  -139 10370    70    30 -9999 -9999     0
2021 01 05 06    15  -123 10343   216    14 -9999 -9999 -9999
2021 01 05 09    -4  -120 10342   130    20 -9999 -9999     0
2021 01 05 12   -29   -96 10354   180    10 -9999 -9999     0
2021 01 05 15   -45  -100 10346   121     4 -9999 -9999 -9999
2021 01 05 18   -60   -95 10329   180     7 -9999 -9999 -9999
2021 01 05 21   -69   -90 10315     0 -9999 -9999 -9999     0
2021 01 06 00   -69   -90 10317   140    10 -9999 -9999     0
2021 01 06 03    -9   -77 10302   300    20 -9999 -9999     0
2021 01 06 06     2  -131 10290   305    43 -9999 -9999 -9999
2021 01 06 09   -36  -208 10320   330    30 -9999 -9999     0
2021 01 06 12   -72  -235 10353   360    30 -9999 -9999     0
2021 01 06 15   -99  -267 10381   350    30 -9999 -9999     0
2021 01 06 18  -125  -303 10397   300    60 -9999 -9999     0
2021 01 06 21  -149  -319 10401   320    30 -9999 -9999     0
2021 01 07 00  -157  -309 10414   300    30 -9999 -9999     0
2021 01 07 03  -110  -313 10403   300    40 -9999 -9999     0
2021 01 07 06   -88  -289 10369   310    60 -9999 -9999     0
2021 01 07 09   -92  -281 10371   300    40 -9999 -9999     0
2021 01 07 12  -106  -252 10378   260    20 -9999 -9999     0
2021 01 07 15  -110  -248 10373   270    20 -9999 -9999     0
2021 01 07 18  -128  -206 10361     0 -9999 -9999 -9999     0
2021 01 07 21  -121  -219 10349   310    10 -9999 -9999     0
2021 01 08 00  -126  -204 10344   300    10 -9999 -9999     0
2021 01 08 03   -57  -217 10336   310    20 -9999 -9999     0
2021 01 08 06   -27  -226 10305   300    50 -9999 -9999     0
2021 01 08 09   -36  -217 10305   290    30 -9999 -9999     0
2021 01 08 12   -61  -201 10318   290    10 -9999 -9999     0
2021 01 08 15   -84  -172 10312   200    10 -9999 -9999     0
2021 01 08 18  -103  -156 10313     0 -9999 -9999 -9999     0
2021 01 08 21   -95  -159 10310   342    10 -9999 -9999 -9999
2021 01 09 00  -102  -149 10317   360     2 -9999 -9999 -9999
2021 01 09 03    -6  -187 10315   320    20 -9999 -9999     0
2021 01 09 06    13  -198 10293   300    40 -9999 -9999     0
2021 01 09 09    -2  -188 10292   316     8 -9999 -9999 -9999
2021 01 09 12   -45  -146 10309     0 -9999 -9999 -9999     0
2021 01 09 15   -60  -136 10313   280    10 -9999 -9999     0
2021 01 09 18   -76  -128 10315   270    10 -9999 -9999     0
2021 01 09 21   -79  -117 10311     0 -9999 -9999 -9999     0
2021 01 10 00   -83  -124 10318   300    10 -9999 -9999     0
2021 01 10 03    11  -158 10329   300    30 -9999 -9999     0
2021 01 10 06    34  -181 10303   300    40 -9999 -9999     0
2021 01 10 09    11  -167 10311   360    20 -9999 -9999     0
2021 01 10 12   -13  -129 10328   210    10 -9999 -9999     0
2021 01 10 15   -21  -142 10338   170    10 -9999 -9999     0
2021 01 10 18   -32  -126 10328   210    10 -9999 -9999     0
2021 01 10 21   -41  -125 10308     0 -9999 -9999 -9999     0
2021 01 11 00   -45  -115 10306   160    10 -9999 -9999     0
2021 01 11 03    10  -131 10293   240    20 -9999 -9999     0
2021 01 11 06    28  -168 10265   290    40 -9999 -9999     0
2021 01 11 09    10  -183 10268   290    20 -9999 -9999     0
2021 01 11 12   -14  -171 10275   270    10 -9999 -9999     0
2021 01 11 15   -34  -136 10263   210    10 -9999 -9999     0
2021 01 11 18   -57  -135 10232   170    10 -9999 -9999     0
2021 01 11 21   -68  -133 10207     0 -9999 -9999 -9999     0
2021 01 12 00   -57  -124 10195   170    10 -9999 -9999     0
2021 01 12 03    31  -136 10181   242    23 -9999 -9999 -9999
2021 01 12 06    76  -159 10142   270    30 -9999 -9999     0
2021 01 12 09    57  -128 10143   260    10 -9999 -9999     0
2021 01 12 12     9  -103 10146   100    10 -9999 -9999     0
2021 01 12 15   -20   -92 10134   130    10 -9999 -9999     0
2021 01 12 18   -36   -85 10127     0 -9999 -9999 -9999     0
2021 01 12 21   -40   -79 10123     0 -9999 -9999 -9999     0
2021 01 13 00   -36   -76 10136   330    10 -9999 -9999     0
2021 01 13 03    73   -51 10147   100    10 -9999 -9999     0
2021 01 13 06   123   -66 10148   310    10 -9999 -9999     0
2021 01 13 09    91   -59 10160   120    10 -9999 -9999     0
2021 01 13 12    49   -66 10183   160    10 -9999 -9999     0
2021 01 13 15    25   -88 10192   170    10 -9999 -9999     0
2021 01 13 18     3   -79 10194   110    10 -9999 -9999     0
2021 01 13 21   -20   -65 10193   180    10 -9999 -9999     0
2021 01 14 00     0   -54 10186   110    10 -9999 -9999     0
2021 01 14 03    67     2 10179   110    30 -9999 -9999     0
2021 01 14 06   118   -20 10142   120    30 -9999 -9999     0
2021 01 14 09   110   -22 10133   149    15 -9999 -9999 -9999
2021 01 14 12    48    -8 10139   120    10 -9999 -9999     0
2021 01 14 15    25   -15 10146   290    10 -9999 -9999     0
2021 01 14 18     5   -22 10147     0 -9999 -9999 -9999     0
2021 01 14 21    13   -19 10153    20    10 -9999 -9999     0
2021 01 15 00    45   -30 10184   290    30 -9999 -9999     0
2021 01 15 03    65   -65 10207   320    10 -9999 -9999     0
2021 01 15 06    81   -80 10207   350    20 -9999 -9999     0
2021 01 15 09    62   -93 10230   360    30 -9999 -9999     0
2021 01 15 12     8   -35 10277   100    30 -9999 -9999     0
2021 01 15 15   -14   -62 10297    80    20 -9999 -9999     0
2021 01 15 18   -37  -103 10312   100    30 -9999 -9999     0
2021 01 15 21   -49   -95 10330   150    10 -9999 -9999     0
2021 01 16 00   -42   -96 10346    90    10 -9999 -9999     0
2021 01 16 03    -5   -99 10353   140    20 -9999 -9999     0
2021 01 16 06    20  -123 10329   163    15 -9999 -9999 -9999
2021 01 16 09    11  -116 10341   130    20 -9999 -9999     0
2021 01 16 12    -2  -107 10358   230    10 -9999 -9999     0
2021 01 16 15    -9   -95 10374   260    20 -9999 -9999     0
2021 01 16 18   -22  -117 10371   290    10 -9999 -9999     0
2021 01 16 21   -45   -90 10362     0 -9999 -9999 -9999     0
2021 01 17 00   -42   -90 10350     0 -9999 -9999 -9999     0
2021 01 17 03    24  -111 10330   300    40 -9999 -9999     0
2021 01 17 06    48  -122 10283   280    30 -9999 -9999     0
2021 01 17 09    37  -136 10259   260    20 -9999 -9999     0
2021 01 17 12     3  -117 10254   260    10 -9999 -9999     0
2021 01 17 15   -20  -108 10243     0 -9999 -9999 -9999     0
2021 01 17 18   -32  -107 10232   360    10 -9999 -9999     0
2021 01 17 21   -52  -102 10228   220    10 -9999 -9999     0
2021 01 18 00   -40   -98 10242   220    10 -9999 -9999     0
2021 01 18 03    50  -121 10254   356    12 -9999 -9999 -9999
2021 01 18 06    95  -167 10232   120    20 -9999 -9999     0
2021 01 18 09    74  -141 10246   130    20 -9999 -9999     0
2021 01 18 12    31  -124 10272   101    28 -9999 -9999 -9999
2021 01 18 15     1   -86 10283   130    20 -9999 -9999     0
2021 01 18 18   -16  -112 10286   140    20 -9999 -9999     0
2021 01 18 21   -32   -92 10285     0 -9999 -9999 -9999     0
2021 01 19 00   -24   -68 10297   190    10 -9999 -9999     0
2021 01 19 03    47   -26 10291   120    40 -9999 -9999     0
2021 01 19 06    85   -27 10262   120    30 -9999 -9999     0
2021 01 19 09    76   -24 10261   120    30 -9999 -9999     0
2021 01 19 12    30    -4 10272   114    23 -9999 -9999 -9999
2021 01 19 15    10    -8 10271   110    30 -9999 -9999     0
2021 01 19 18     2    -9 10261   110    20 -9999 -9999     0
2021 01 19 21    11    -5 10254   110    10 -9999 -9999     0
2021 01 20 00    16    -2 10260   110    10 -9999 -9999     0
2021 01 20 03    34    10 10253   110    20 -9999 -9999     0
2021 01 20 06    50    15 10225   118    13 -9999 -9999 -9999
2021 01 20 09    52    17 10226   110    10 -9999 -9999     0
2021 01 20 12    21     6 10228   200    10 -9999 -9999     0
2021 01 20 15    30    11 10233     0 -9999 -9999 -9999     0
2021 01 20 18    21     6 10225   340    10 -9999 -9999     0
2021 01 20 21    27    14 10216     0 -9999 -9999 -9999     0
2021 01 21 00    19     9 10218     0 -9999 -9999 -9999     0
2021 01 21 03    84    35 10215    20    10 -9999 -9999     0
2021 01 21 06   118    25 10189   330    20 -9999 -9999     0
2021 01 21 09   107    20 10194   330    20 -9999 -9999     0
2021 01 21 12    70    15 10213     0 -9999 -9999 -9999     0
2021 01 21 15    50     6 10212   300    10 -9999 -9999     0
2021 01 21 18    21     0 10213   220    10 -9999 -9999     0
2021 01 21 21     5   -11 10212   160    10 -9999 -9999     0
2021 01 22 00    15    -1 10232   134     7 -9999 -9999 -9999
2021 01 22 03    18    -3 10242   120    30 -9999 -9999     0
2021 01 22 06    58   -23 10215   130    30 -9999 -9999     0
2021 01 22 09    55   -36 10221   115    18 -9999 -9999 -9999
2021 01 22 12     8   -26 10233   110    30 -9999 -9999     0
2021 01 22 15    -6   -30 10229   150    10 -9999 -9999     0
2021 01 22 18    -8   -33 10229   110    10 -9999 -9999     0
2021 01 22 21   -10   -34 10223   120    10 -9999 -9999     0
2021 01 23 00   -15   -35 10234   140    10 -9999 -9999     0
2021 01 23 03    26   -35 10235   130    10 -9999 -9999     0
2021 01 23 06    74   -82 10217   100    20 -9999 -9999     0
2021 01 23 09    68   -62 10219   130    20 -9999 -9999     0
2021 01 23 12    26   -48 10247   180    10 -9999 -9999     0
2021 01 23 15    -5   -40 10254   230    10 -9999 -9999     0
2021 01 23 18   -11   -41 10262     0 -9999 -9999 -9999     0
2021 01 23 21     2   -41 10255    80    10 -9999 -9999     0
2021 01 24 00     2   -46 10258   120    10 -9999 -9999     0
2021 01 24 03    58   -64 10274   130    10 -9999 -9999     0
2021 01 24 06    69   -48 10240    60    20 -9999 -9999     0
2021 01 24 09    60   -39 10259   110    20 -9999 -9999     0
2021 01 24 12    42   -26 10265   111    15 -9999 -9999 -9999
2021 01 24 15    36     5 10272     0 -9999 -9999 -9999     0
2021 01 24 18    39    11 10267   180    10 -9999 -9999     0
2021 01 24 21    41    13 10257   130    20 -9999 -9999     0
2021 01 25 00    34    24 10264   140    20 -9999 -9999     2
2021 01 25 03    47    35 10260     0 -9999 -9999 -9999     2
2021 01 25 06    53    47 10223   120    20 -9999 -9999     5
2021 01 25 09    55    49 10228     0 -9999 -9999 -9999    10
2021 01 25 12    51    47 10227   290    10 -9999 -9999    20
2021 01 25 15    51    48 10233   320    10 -9999 -9999    40
2021 01 25 18    46    42 10237   320    10 -9999 -9999    50
2021 01 25 21    44    38 10227   330    10 -9999 -9999    30
2021 01 26 00    32    23 10255   310    30 -9999 -9999     2
2021 01 26 03    66    25 10266   300    30 -9999 -9999     0
2021 01 26 06   100    -5 10238   295    21 -9999 -9999 -9999
2021 01 26 09    91   -25 10242    70    10 -9999 -9999     0
2021 01 26 12    61    -8 10263   137    12 -9999 -9999 -9999
2021 01 26 15    44   -14 10272   120    10 -9999 -9999     0
2021 01 26 18    27   -16 10273   134     7 -9999 -9999 -9999
2021 01 26 21     1   -18 10262   179     4 -9999 -9999 -9999
2021 01 27 00     0    -8 10270   180    10 -9999 -9999     0
2021 01 27 03    61     4 10267   160    10 -9999 -9999     0
2021 01 27 06    80   -54 10237   210    20 -9999 -9999     0
2021 01 27 09    67   -84 10225   172    18 -9999 -9999 -9999
2021 01 27 12    34   -38 10224   100    10 -9999 -9999     0
2021 01 27 15    38   -10 10235   260    20 -9999 -9999     0
2021 01 27 18    41    13 10226   320    20 -9999 -9999     0
2021 01 27 21    30    -3 10234   300    40 -9999 -9999     0
2021 01 28 00     9   -71 10281   280    10 -9999 -9999     0
2021 01 28 03    31  -150 10300   330    50 -9999 -9999     0
2021 01 28 06    40  -176 10290   300    80 -9999 -9999     0
2021 01 28 09    28  -199 10302   300    40 -9999 -9999     0
2021 01 28 12     2  -175 10310    10    10 -9999 -9999     0
2021 01 28 15   -25  -128 10310   180    10 -9999 -9999     0
2021 01 28 18   -33  -144 10310   120    20 -9999 -9999     0
2021 01 28 21   -46  -125 10293   180    10 -9999 -9999     0
2021 01 29 00   -45   -94 10298   190     3 -9999 -9999 -9999
2021 01 29 03    32   -97 10279   160    10 -9999 -9999     0
2021 01 29 06    82   -88 10243   240    30 -9999 -9999     0
2021 01 29 09    78   -63 10226   220    20 -9999 -9999     0
2021 01 29 12    46   -49 10228   110    10 -9999 -9999     0
2021 01 29 15    17   -38 10237   180    10 -9999 -9999     0
2021 01 29 18     0   -34 10235   170    10 -9999 -9999     0
2021 01 29 21   -15   -34 10232   340    10 -9999 -9999     0
2021 01 30 00   -14   -31 10247     0 -9999 -9999 -9999     0
2021 01 30 03    80   -23 10255    60    10 -9999 -9999     0
2021 01 30 06   115   -23 10234   114    20 -9999 -9999 -9999
2021 01 30 09   109   -18 10230   130    10 -9999 -9999     0
2021 01 30 12    54   -15 10238     0 -9999 -9999 -9999     0
2021 01 30 15    22   -18 10244   120    10 -9999 -9999     0
2021 01 30 18     4   -21 10243   120    10 -9999 -9999     0
2021 01 30 21    -9   -22 10232     0 -9999 -9999 -9999     0
2021 01 31 00   -10   -23 10230   190    10 -9999 -9999     0
2021 01 31 03    88     0 10222    20    10 -9999 -9999     0
2021 01 31 06   146   -47 10187   230    40 -9999 -9999     0
2021 01 31 09   133   -39 10181   230    20 -9999 -9999     0
2021 01 31 12   110   -31 10188   240    20 -9999 -9999     0
2021 01 31 15    74   -26 10192   310    10 -9999 -9999     0
2021 01 31 18    38   -26 10185   250    10 -9999 -9999     0
2021 01 31 21    41   -27 10180   280    10 -9999 -9999     0
2021 02 01 00    15   -21 10188   360     2 -9999 -9999 -9999
2021 02 01 03   110   -28 10204   340    10 -9999 -9999     0
2021 02 01 06   129   -77 10192    90    10 -9999 -9999     0
2021 02 01 09    95   -95 10210   100    40 -9999 -9999     0
2021 02 01 12    48  -117 10248   110    20 -9999 -9999     0
2021 02 01 15    21  -114 10284    90    20 -9999 -9999     0
2021 02 01 18    -8   -58 10300   120    20 -9999 -9999     0
2021 02 01 21   -25   -86 10304   132    18 -9999 -9999 -9999
2021 02 02 00   -24   -91 10324   150    10 -9999 -9999     0
2021 02 02 03    31  -132 10319   140    20 -9999 -9999     0
2021 02 02 06    61  -135 10287   230    25 -9999 -9999 -9999
2021 02 02 09    60   -98 10274   210    20 -9999 -9999     0
2021 02 02 12    27   -75 10281   200    10 -9999 -9999     0
2021 02 02 15     4   -76 10275   150    10 -9999 -9999     0
2021 02 02 18   -16   -62 10267     0 -9999 -9999 -9999     0
2021 02 02 21   -22   -60 10252    60    10 -9999 -9999     0
2021 02 03 00    -9   -41 10253    60    10 -9999 -9999     0
2021 02 03 03    38    -4 10239   340    10 -9999 -9999     0
2021 02 03 06    93    15 10213   340    20 -9999 -9999     0
2021 02 03 09    92     9 10228   320    20 -9999 -9999     0
2021 02 03 12    55    -5 10268   304    15 -9999 -9999 -9999
2021 02 03 15    16   -13 10291   190    10 -9999 -9999     0
2021 02 03 18    10   -77 10301   160    10 -9999 -9999     0
2021 02 03 21   -12   -71 10301   210    10 -9999 -9999     0
2021 02 04 00    -7   -82 10320   166     8 -9999 -9999 -9999
2021 02 04 03    66  -136 10317   170    20 -9999 -9999     0
2021 02 04 06    97  -135 10280   178    16 -9999 -9999 -9999
2021 02 04 09    89  -117 10265   190    30 -9999 -9999     0
2021 02 04 12    47   -77 10259   200    10 -9999 -9999     0
2021 02 04 15    50   -62 10251   250    10 -9999 -9999     0
2021 02 04 18    47   -68 10234   240    10 -9999 -9999     0
2021 02 04 21    31   -53 10213    80    10 -9999 -9999     0
2021 02 05 00    18   -49 10216     0 -9999 -9999 -9999     0
2021 02 05 03    95   -38 10206   150    10 -9999 -9999     0
2021 02 05 06   144   -48 10161   220    40 -9999 -9999     0
2021 02 05 09   140   -12 10150   240    30 -9999 -9999     0
2021 02 05 12   101    -7 10165   244    10 -9999 -9999 -9999
2021 02 05 15    71    -4 10168     0 -9999 -9999 -9999     0
2021 02 05 18    51    -1 10156    82     8 -9999 -9999 -9999
2021 02 05 21    24    -4 10150   340    10 -9999 -9999     0
2021 02 06 00    55    -5 10169   269    28 -9999 -9999 -9999
2021 02 06 03   133   -18 10169   240    20 -9999 -9999     0
2021 02 06 06   180   -60 10147   320    20 -9999 -9999     0
2021 02 06 09   165   -72 10150   290    10 -9999 -9999     0
2021 02 06 12   106   -28 10169   250    10 -9999 -9999     0
2021 02 06 15    62   -14 10183   190    10 -9999 -9999     0
2021 02 06 18    41    -7 10187   200    10 -9999 -9999     0
2021 02 06 21    32    -6 10192     0 -9999 -9999 -9999     0
2021 02 07 00    57   -44 10216   143    18 -9999 -9999 -9999
2021 02 07 03    89   -24 10248    70    30 -9999 -9999     0
2021 02 07 06   101   -32 10252    90    30 -9999 -9999     0
2021 02 07 09    84   -62 10273    90    30 -9999 -9999     0
2021 02 07 12    47   -97 10312    96    22 -9999 -9999 -9999
2021 02 07 15    23  -139 10325   110    30 -9999 -9999     0
2021 02 07 18     6  -118 10330   110    30 -9999 -9999     0
2021 02 07 21   -15  -113 10336   140    10 -9999 -9999     0
2021 02 08 00   -19  -100 10355   169     5 -9999 -9999 -9999
2021 02 08 03    44  -105 10362   310    10 -9999 -9999     0
2021 02 08 06    73  -142 10335   120    20 -9999 -9999     0
2021 02 08 09    66  -125 10323   130    20 -9999 -9999     0
2021 02 08 12    35  -124 10333   140    10 -9999 -9999     0
2021 02 08 15    19  -109 10328   160    10 -9999 -9999     0
2021 02 08 18    -3   -82 10322     0 -9999 -9999 -9999     0
2021 02 08 21   -20   -73 10302   170    10 -9999 -9999     0
2021 02 09 00   -12   -57 10312   175     6 -9999 -9999 -9999
2021 02 09 03    67  -124 10296   160    30 -9999 -9999     0
2021 02 09 06    94  -112 10254   150    30 -9999 -9999     0
2021 02 09 12    59   -91 10256   110    10 -9999 -9999     0
2021 02 09 15    20   -56 10255     0 -9999 -9999 -9999     0
2021 02 09 18     1   -42 10248   200    10 -9999 -9999     0
2021 02 09 21    -9   -39 10240   180    10 -9999 -9999     0
2021 02 10 00     1   -26 10251   200    10 -9999 -9999     0
2021 02 10 03    97   -14 10249   350    10 -9999 -9999     0
2021 02 10 06   147    -6 10233   330    10 -9999 -9999     0
2021 02 10 09   134    -3 10226   120    20 -9999 -9999     0
2021 02 11 00    10    -6 10247     0 -9999 -9999 -9999     0
2021 02 13 12   122    63 10199   110    30 -9999 -9999     0
2021 02 13 15   100    56 10193   110    20 -9999 -9999     0
2021 02 13 18    89    47 10179    70    10 -9999 -9999 -9999
2021 02 13 21    80    56 10155   120    20 -9999 -9999     0
2021 02 14 00    74    63 10157   110    10 -9999 -9999     6
2021 02 14 03    80    68 10151   140    10 -9999 -9999    20
2021 02 14 06   109    81 10130   250    10 -9999 -9999    20
2021 02 14 09   128    85 10132   260    10 -9999 -9999     6
2021 02 14 12    97    81 10150     7     5 -9999 -9999 -9999
2021 02 14 15    96    75 10177   290    10 -9999 -9999     0
2021 02 14 18    71    54 10187    80    30 -9999 -9999     0
2021 02 14 21    31    -9 10214    70    20 -9999 -9999     0
2021 02 15 00    19   -42 10243   350    30 -9999 -9999     0
2021 02 15 03    51   -42 10247   285    22 -9999 -9999 -9999
2021 02 15 06    75   -77 10219   320    30 -9999 -9999     0
2021 02 15 09    65  -116 10207   310    20 -9999 -9999     0
2021 02 15 12    41   -71 10208   210    10 -9999 -9999     0
2021 02 15 15    24   -33 10202     0 -9999 -9999 -9999     0
2021 02 15 18    14   -35 10191   250    10 -9999 -9999     0
2021 02 15 21    -6   -28 10182     0 -9999 -9999 -9999     0
2021 02 16 00     4   -20 10200   210    10 -9999 -9999     0
2021 02 16 03    75    -5 10209   343    25 -9999 -9999 -9999
2021 02 16 06   100   -87 10205    21    32 -9999 -9999 -9999
2021 02 16 09    82  -123 10219   356    29 -9999 -9999 -9999
2021 02 16 12    37   -83 10256   120    20 -9999 -9999     0
2021 02 16 15     0  -127 10280   122    14 -9999 -9999 -9999
2021 02 16 18    -7  -203 10291    30    20 -9999 -9999     0
2021 02 16 21   -22  -156 10290   210    10 -9999 -9999     0
2021 02 17 00   -18  -139 10305   170    10 -9999 -9999     0
2021 02 17 03    25  -172 10313   340    16 -9999 -9999 -9999
2021 02 17 06    47  -164 10296   309    50 -9999 -9999 -9999
2021 02 17 09    52  -159 10292   320    30 -9999 -9999     0
2021 02 17 12    22  -168 10306   350    10 -9999 -9999     0
2021 02 17 15     1  -171 10320   280    10 -9999 -9999     0
2021 02 17 18   -16  -158 10320     0 -9999 -9999 -9999     0
2021 02 17 21   -36  -128 10317   200    10 -9999 -9999     0
2021 02 18 00   -15  -106 10327   220    10 -9999 -9999     0
2021 02 18 03    71  -163 10318   202     9 -9999 -9999 -9999
2021 02 18 06   106  -114 10281   229    28 -9999 -9999 -9999
2021 02 18 09   102   -70 10265   240    20 -9999 -9999     0
2021 02 18 12    57   -42 10262   270    10 -9999 -9999     0
2021 02 18 15    41   -41 10252   240    10 -9999 -9999     0
2021 02 18 18    14   -33 10231   220    10 -9999 -9999     0
2021 02 18 21    -2   -34 10203   190    10 -9999 -9999     0
2021 02 19 00    15   -30 10190   150    10 -9999 -9999     0
2021 02 19 03   132     6 10170   220    30 -9999 -9999     0
2021 02 19 06   192   -24 10130   250    30 -9999 -9999     0
2021 02 19 09   189     5 10117   260    30 -9999 -9999     0
2021 02 20 15   135    -5 10094   274    14 -9999 -9999 -9999
2021 02 20 18   160    12 10081   241    32 -9999 -9999 -9999
2021 02 20 21   142    22 10074   285    24 -9999 -9999 -9999
2021 02 21 00   151    23 10086   259    26 -9999 -9999 -9999
2021 02 21 03   212    34 10084   256    32 -9999 -9999 -9999
2021 02 21 09   245    13 10060   253    33 -9999 -9999 -9999
2021 02 21 12   187    56 10084   243     5 -9999 -9999 -9999
2021 02 21 15   142    63 10093   306     6 -9999 -9999 -9999
2021 02 21 18   120    61 10104   296     9 -9999 -9999 -9999
2021 02 21 21    97    57 10116   110    10 -9999 -9999     0
2021 02 22 00   116   -12 10171    77    41 -9999 -9999 -9999
2021 02 22 03   132   -40 10214    40    40 -9999 -9999     0
2021 02 22 06   144   -48 10221    50    40 -9999 -9999     0
2021 02 22 09   118   -92 10239   100    40 -9999 -9999     0
2021 02 22 12    79   -90 10270   100    30 -9999 -9999     0
2021 02 22 15    53   -97 10286   110    30 -9999 -9999     0
2021 02 22 18    35   -88 10291   100    30 -9999 -9999     0
2021 02 22 21    25   -69 10291   130    20 -9999 -9999     0
2021 02 23 00    25   -59 10295   100    30 -9999 -9999     0
2021 02 23 03    63   -70 10293   120    50 -9999 -9999     0
2021 02 23 06    88   -62 10263   120    50 -9999 -9999     0
2021 02 23 09    65   -65 10260   100    44 -9999 -9999 -9999
2021 02 23 12    31   -63 10275   110    40 -9999 -9999     0
2021 02 23 15    22   -52 10275   100    40 -9999 -9999     0
2021 02 23 18    23   -42 10267   100    30 -9999 -9999     0
2021 02 23 21    26   -44 10266   100    30 -9999 -9999     0
2021 02 24 00    31   -51 10264   110    40 -9999 -9999     0
2021 02 24 03    46   -42 10263    90    30 -9999 -9999     0
2021 02 24 06    60   -26 10225   112    45 -9999 -9999 -9999
2021 02 24 09    59   -10 10224   100    40 -9999 -9999     0
2021 02 24 12    40     0 10222   100    40 -9999 -9999 -9999
2021 02 24 15    29    14 10224   100    20 -9999 -9999    80
2021 02 24 18    22    13 10222    90    20 -9999 -9999   160
2021 02 24 21     6     0 10216    40    10 -9999 -9999   190
2021 02 25 00    17     8 10226    64    21 -9999 -9999   167
2021 02 25 03    29    14 10235    60    30 -9999 -9999    80
2021 02 25 06    44    19 10224    60    30 -9999 -9999    20
2021 02 25 09    44    14 10225    60    30 -9999 -9999     2
2021 02 25 12    37    11 10243    70    20 -9999 -9999     0
2021 02 25 15    37     3 10252    41    16 -9999 -9999 -9999
2021 02 25 18    39    -5 10242    40    20 -9999 -9999     0
2021 02 25 21    37   -23 10237    60    10 -9999 -9999     0
2021 02 26 00    36   -26 10254   360     2 -9999 -9999 -9999
2021 02 26 03    55   -36 10269    70    30 -9999 -9999     0
2021 02 26 06    75   -56 10253    80    30 -9999 -9999     0
2021 02 26 09    77   -68 10251    90    20 -9999 -9999     0
2021 02 26 12    51   -32 10262    90    10 -9999 -9999     0
2021 02 26 15    35    -1 10269   250    10 -9999 -9999     0
2021 02 26 18    21     0 10263     0 -9999 -9999 -9999     0
2021 02 26 21    32   -22 10256   104     5 -9999 -9999 -9999
2021 02 27 00    39   -27 10262   180    10 -9999 -9999     0
2021 02 27 03   105   -55 10264   110    30 -9999 -9999     0
2021 02 27 06   130   -25 10237   110    30 -9999 -9999     0
2021 02 27 09   124     5 10231   130    20 -9999 -9999     0
2021 02 27 12    84    44 10246   110    30 -9999 -9999     0
2021 02 27 15    72    49 10249   120    20 -9999 -9999     0
2021 02 27 18    72    53 10246   110    20 -9999 -9999     0
2021 02 27 21    71    62 10234   110    10 -9999 -9999     0
2021 02 28 00    75    74 10233   112     8 -9999 -9999 -9999
2021 02 28 03    84    83 10229    40    10 -9999 -9999     1
2021 02 28 06    92    81 10201   100    30 -9999 -9999     2
2021 02 28 09    89    85 10188   100    30 -9999 -9999    20
2021 02 28 12    82    78 10179   100    30 -9999 -9999    70
2021 02 28 15    76    72 10183    30    20 -9999 -9999   120
2021 02 28 18    76    69 10181   350    10 -9999 -9999   120
2021 02 28 21    66    49 10186    70    40 -9999 -9999    50
2021 03 01 00    50    24 10216    77    20 -9999 -9999     7
2021 03 01 03    33    -5 10250    30    30 -9999 -9999     5
2021 03 01 06    37    -9 10249   300    50 -9999 -9999     4
2021 03 01 09    37   -19 10258   320    20 -9999 -9999     0
2021 03 01 12     6   -31 10284   340    30 -9999 -9999     0
2021 03 01 15    -4   -33 10297   300    30 -9999 -9999     0
2021 03 01 18   -14   -44 10303   260    10 -9999 -9999     0
2021 03 01 21   -28   -42 10301   190    10 -9999 -9999     0
2021 03 02 00   -15   -32 10318   230    10 -9999 -9999     0
2021 03 02 03    56   -43 10317   150    10 -9999 -9999     0
2021 03 02 06    98   -38 10297   240    20 -9999 -9999     0
2021 03 02 09   100   -20 10283   200    20 -9999 -9999     0
2021 03 02 12    64   -25 10293   180    10 -9999 -9999     0
2021 03 02 15    45   -19 10298   220    10 -9999 -9999     0
2021 03 02 18    46   -25 10288   230    10 -9999 -9999     0
2021 03 02 21    22   -16 10270   130    10 -9999 -9999     0
2021 03 03 00    40   -16 10271   150    10 -9999 -9999     0
2021 03 03 03    91   -35 10258   180    40 -9999 -9999     0
2021 03 03 06   125   -29 10224   160    40 -9999 -9999     0
2021 03 03 09   117   -72 10211   160    40 -9999 -9999     0
2021 03 03 12    82   -27 10223   140    20 -9999 -9999     0
2021 03 03 15    57    -6 10222   120    20 -9999 -9999     0
2021 03 03 18    39     6 10215     0 -9999 -9999 -9999     0
2021 03 03 21    23     2 10205     0 -9999 -9999 -9999     0
2021 03 04 00    43    17 10214    80    10 -9999 -9999     0
2021 03 04 03   115    25 10212   230    10 -9999 -9999     0
2021 03 04 06   158    26 10185   230    20 -9999 -9999     0
2021 03 04 09   152    41 10187   210    29 -9999 -9999 -9999
2021 03 04 12   113    38 10194   170    10 -9999 -9999     0
2021 03 04 15    94    36 10209     0 -9999 -9999 -9999     0
2021 03 04 18    93    43 10209   210    10 -9999 -9999     0
2021 03 04 21    66    44 10193   160    10 -9999 -9999     0
2021 03 05 00    80    49 10199   130    10 -9999 -9999     0
2021 03 05 03   152    38 10196   170    15 -9999 -9999 -9999
2021 03 05 06   170    39 10190   111    16 -9999 -9999 -9999
2021 03 05 09   165    41 10192   126    15 -9999 -9999 -9999
2021 03 05 12   137    53 10220   100    40 -9999 -9999     0
2021 03 05 15    65    26 10259   100    40 -9999 -9999     0
2021 03 05 18    52    17 10276    90    30 -9999 -9999     0
2021 03 05 21    29    -9 10296    70    50 -9999 -9999     0
2021 03 06 00    22   -37 10320    57    41 -9999 -9999 -9999
2021 03 06 03    40   -40 10331    70    40 -9999 -9999     0
2021 03 06 06    48   -70 10321    70    40 -9999 -9999     0
2021 03 06 09    51   -74 10320    10    30 -9999 -9999     0
2021 03 06 12    27   -69 10329    73    24 -9999 -9999 -9999
2021 03 06 15     5   -59 10335   150    10 -9999 -9999     0
2021 03 06 18    -1   -61 10330   140    20 -9999 -9999     0
2021 03 06 21     1   -65 10319   140    10 -9999 -9999     0
2021 03 07 00    12   -71 10325   143    13 -9999 -9999 -9999
2021 03 07 03    57  -109 10322    98    10 -9999 -9999 -9999
2021 03 07 06    91  -115 10293   340    20 -9999 -9999     0
2021 03 07 09    98   -98 10282    60    10 -9999 -9999     0
2021 03 07 12    66   -67 10297     0 -9999 -9999 -9999     0
2021 03 07 15    43   -52 10301     0 -9999 -9999 -9999     0
2021 03 07 18    31   -39 10294   110    10 -9999 -9999     0
2021 03 08 00    26   -14 10294   170    10 -9999 -9999     0
2021 03 08 03   102   -18 10292   140    20 -9999 -9999     0
2021 03 08 06   126   -41 10257   110    31 -9999 -9999 -9999
2021 03 08 09   122   -40 10251   130    20 -9999 -9999     0
2021 03 08 12    97   -38 10259   144    12 -9999 -9999 -9999
2021 03 08 15    74   -26 10268   110    10 -9999 -9999     0
2021 03 08 18    62   -27 10266    60    10 -9999 -9999     0
2021 03 08 21    60    -7 10262   117     9 -9999 -9999 -9999
2021 03 09 00    65    10 10272   170    10 -9999 -9999     0
2021 03 09 03   126     4 10276    30    20 -9999 -9999     0
2021 03 09 06   154    35 10257   140    20 -9999 -9999     0
2021 03 09 09   150    50 10259   252    21 -9999 -9999 -9999
2021 03 09 12   113    56 10280   230    10 -9999 -9999     0
2021 03 09 15    92    56 10285   250    10 -9999 -9999     0
2021 03 09 18    62    48 10282   167     4 -9999 -9999 -9999
2021 03 09 21    55    46 10287   220    10 -9999 -9999     0
2021 03 10 00    62    55 10299     0 -9999 -9999 -9999     0
2021 03 10 03   147    65 10289   356     8 -9999 -9999 -9999
2021 03 10 06   165    38 10265   131    30 -9999 -9999 -9999
2021 03 10 09   160    31 10248   130    20 -9999 -9999     0
2021 03 10 12   126    25 10259   160    20 -9999 -9999     0
2021 03 10 15   100    28 10262   118    21 -9999 -9999 -9999
2021 03 10 18    88    19 10253   110    20 -9999 -9999     0
2021 03 10 21    81    17 10242   107    19 -9999 -9999 -9999
2021 03 11 00    77    10 10254   149     9 -9999 -9999 -9999
2021 03 11 03    74    50 10263    60    10 -9999 -9999    20
2021 03 11 06    83    58 10239    30    30 -9999 -9999    30
2021 03 11 09    92    42 10231    90    24 -9999 -9999    18
2021 03 11 12    83    41 10247    70    20 -9999 -9999     5
2021 03 11 15    75    39 10255    30    10 -9999 -9999     0
2021 03 11 18    46    36 10258   217     4 -9999 -9999 -9999
2021 03 11 21    32    29 10257   258    11 -9999 -9999 -9999
2021 03 12 00    50    47 10274   183     6 -9999 -9999 -9999
2021 03 12 03   117    35 10277   100    20 -9999 -9999     0
2021 03 12 06   146    28 10252   118    17 -9999 -9999 -9999
2021 03 12 09   147    32 10239   164    22 -9999 -9999 -9999
2021 03 12 12   111    48 10257   199     9 -9999 -9999 -9999
2021 03 12 15    90    54 10258   150    10 -9999 -9999     0
2021 03 12 18    72    51 10256   252    10 -9999 -9999 -9999
2021 03 12 21    69    55 10245   230    10 -9999 -9999     0
2021 03 13 00    75    58 10256   190    10 -9999 -9999     0
2021 03 13 03   129    46 10254   230    20 -9999 -9999     0
2021 03 13 06   158    45 10224   170    10 -9999 -9999     0
2021 03 13 09   145    48 10212   250    30 -9999 -9999     0
2021 03 13 12   108    51 10214   220    10 -9999 -9999     0
2021 03 13 15    91    53 10216     0 -9999 -9999 -9999     0
2021 03 13 18    62    46 10207   158     4 -9999 -9999 -9999
2021 03 13 21    48    41 10202     0 -9999 -9999 -9999     0
2021 03 14 00    65    50 10218   180    10 -9999 -9999     0
2021 03 14 03   138    59 10200   150    40 -9999 -9999     0
2021 03 14 06   167    59 10164   150    30 -9999 -9999     0
2021 03 14 09   166    64 10148   150    20 -9999 -9999     0
2021 03 14 12   140    66 10143   160    20 -9999 -9999     0
2021 03 14 15   125    76 10138   110    20 -9999 -9999     0
2021 03 14 18   122    75 10131   110    20 -9999 -9999     0
2021 03 14 21   105    76 10110   110    20 -9999 -9999     0
2021 03 15 00   100    79 10123    70    10 -9999 -9999     1
2021 03 15 03   119    84 10130   100    10 -9999 -9999     1
2021 03 15 06   170   101 10113     8    20 -9999 -9999 -9999
2021 03 15 09   173   102 10121    80    10 -9999 -9999     0
2021 03 15 12   159   102 10154    70    20 -9999 -9999     0
2021 03 15 15   141    97 10170    50    20 -9999 -9999     0
2021 03 15 18   114     5 10188    40    10 -9999 -9999     0
2021 03 15 21    93   -61 10201    70    30 -9999 -9999     0
2021 03 16 00    95   -86 10224    70    19 -9999 -9999 -9999
2021 03 16 03   134   -79 10229    80    30 -9999 -9999     0
2021 03 16 06   151   -71 10206   110    31 -9999 -9999 -9999
2021 03 16 09   150   -49 10197    80    20 -9999 -9999     0
2021 03 16 12   105   -48 10215   156    15 -9999 -9999 -9999
2021 03 16 15    82   -36 10226   150    10 -9999 -9999     0
2021 03 16 18    63   -28 10218     0 -9999 -9999 -9999     0
2021 03 16 21    50   -15 10211   129    12 -9999 -9999 -9999
2021 03 17 00    62   -17 10223   122    11 -9999 -9999 -9999
2021 03 17 03   124   -51 10218   120    30 -9999 -9999     0
2021 03 17 06   155   -55 10203    91    32 -9999 -9999 -9999
2021 03 17 09   154   -40 10200   120    20 -9999 -9999     0
2021 03 17 12   110   -69 10214   113    35 -9999 -9999 -9999
2021 03 17 15    83   -70 10227   100    20 -9999 -9999     0
2021 03 17 18    71   -66 10216   134    10 -9999 -9999 -9999
2021 03 17 21    76  -102 10207   159     9 -9999 -9999 -9999
2021 03 18 00    87  -124 10223   100    20 -9999 -9999     0
2021 03 18 03   109  -118 10221   100    30 -9999 -9999     0
2021 03 18 06    97   -49 10210    50    25 -9999 -9999     2
2021 03 18 09   111   -63 10202    90    20 -9999 -9999     2
2021 03 18 12   105   -51 10210    95    19 -9999 -9999 -9999
2021 03 18 15    95   -52 10222    70    20 -9999 -9999     0
2021 03 18 18    87   -54 10215   100    12 -9999 -9999 -9999
2021 03 18 21    83   -59 10204    70    10 -9999 -9999     0
2021 03 19 00    82   -35 10214   106    19 -9999 -9999 -9999
2021 03 19 03   104   -26 10206   120    20 -9999 -9999     0
2021 03 19 06   116   -26 10182   110    20 -9999 -9999     0
2021 03 19 09   118   -35 10155   110    30 -9999 -9999     0
2021 03 19 12   107   -13 10178   127    15 -9999 -9999 -9999
2021 03 19 15   100    -8 10184   270    10 -9999 -9999     0
2021 03 19 18    81    45 10170   303    12 -9999 -9999    11
2021 03 19 21    72    43 10172   300    40 -9999 -9999    10
2021 03 20 00    70    32 10188   298    31 -9999 -9999 -9999
2021 03 20 03   110    35 10189   300    30 -9999 -9999     0
2021 03 20 06   124    31 10177   310    30 -9999 -9999     0
2021 03 20 09   122    24 10184   360    30 -9999 -9999     0
2021 03 20 12   113    13 10213   300    20 -9999 -9999     0
2021 03 20 15   106     6 10229   290    20 -9999 -9999     0
2021 03 20 18    91    24 10232   300    30 -9999 -9999     0
2021 03 20 21    79   -82 10246   300    40 -9999 -9999     0
2021 03 21 00    75   -90 10268   314    39 -9999 -9999 -9999
2021 03 21 03   100  -114 10272   310    45 -9999 -9999 -9999
2021 03 21 06   109  -125 10259   310    60 -9999 -9999     0
2021 03 21 09   105  -128 10258   290    40 -9999 -9999     0
2021 03 21 12    81  -118 10280   303    37 -9999 -9999 -9999
2021 03 21 15    52   -94 10287     0 -9999 -9999 -9999     0
2021 03 21 18    41   -83 10283   280    10 -9999 -9999     0
2021 03 21 21    27   -61 10276   269    18 -9999 -9999 -9999
2021 03 22 00    61   -62 10284   271    11 -9999 -9999 -9999
2021 03 22 03   132   -64 10276   270    30 -9999 -9999     0
2021 03 22 06   165   -94 10250   280    30 -9999 -9999     0
2021 03 22 09   162  -105 10229   270    40 -9999 -9999     0
2021 03 22 12   126   -59 10236   240    20 -9999 -9999     0
2021 03 22 15   104   -33 10230   250    20 -9999 -9999     0
2021 03 22 18    90   -23 10217   250    30 -9999 -9999     0
2021 03 22 21    81   -20 10203   240    20 -9999 -9999     0
2021 03 23 00   102     0 10206   180    10 -9999 -9999     0
2021 03 23 03   173   -24 10190   230    40 -9999 -9999     0
2021 03 23 06   200   -36 10151   231    39 -9999 -9999 -9999
2021 03 23 09   185     6 10141   200    30 -9999 -9999     0
2021 03 23 12   143    12 10153   200    30 -9999 -9999     0
2021 03 23 15   113    13 10152     0 -9999 -9999 -9999     0
2021 03 23 18   108     8 10153   280    10 -9999 -9999     0
2021 03 23 21    70    23 10146   170    10 -9999 -9999     0
2021 03 24 00   110    21 10167   280    10 -9999 -9999     0
2021 03 24 03   184    38 10167   230    30 -9999 -9999     0
2021 03 24 06   221    28 10157   306    24 -9999 -9999 -9999
2021 03 24 09   221    12 10161   275    26 -9999 -9999 -9999
2021 03 24 12   180    41 10180   262    11 -9999 -9999 -9999
2021 03 24 15   146    40 10199   148    10 -9999 -9999 -9999
2021 03 24 18   113    56 10201   190    10 -9999 -9999     0
2021 03 24 21    93    47 10208   260    10 -9999 -9999     0
2021 03 25 00   122    56 10228     0 -9999 -9999 -9999     0
2021 03 25 03   202    47 10226    70    10 -9999 -9999     0
2021 03 25 06   234    17 10197   260    30 -9999 -9999     0
2021 03 25 09   221    42 10184   170    20 -9999 -9999     0
2021 03 25 12   179    34 10192   200    10 -9999 -9999     0
2021 03 25 15   170    40 10189   120    20 -9999 -9999     0
2021 03 25 18   140    55 10174    89    11 -9999 -9999 -9999
2021 03 25 21   124    73 10173   140    10 -9999 -9999     0
2021 03 26 00   148    69 10176   110    20 -9999 -9999     0
2021 03 26 03   203    35 10157   120    30 -9999 -9999     0
2021 03 26 06   213    52 10116   120    30 -9999 -9999     0
2021 03 26 09   200    67 10108   180    20 -9999 -9999     0
2021 03 26 12   145   107 10125    79     3 -9999 -9999    17
2021 03 26 15   125   114 10124   130    10 -9999 -9999    60
2021 03 26 18   122   116 10104   105    16 -9999 -9999    68
2021 03 26 21   119   114 10089   150    10 -9999 -9999    50
2021 03 27 00   111   105 10095   150    10 -9999 -9999    40
2021 03 27 03   120   107 10097   176     8 -9999 -9999    13
2021 03 27 06   137   115 10080   223    19 -9999 -9999     1
2021 03 27 09   142   121 10070   210    10 -9999 -9999     0
2021 03 27 12   139   109 10075   260    20 -9999 -9999     0
2021 03 27 15   123   105 10081   270    10 -9999 -9999     0
2021 03 27 18   106   100 10071   260    10 -9999 -9999     0
2021 03 27 21    97    94 10053   280    10 -9999 -9999     0
2021 03 28 00   127   125 10054   285     7 -9999 -9999 -9999
2021 03 28 03   216   113 10056   293    43 -9999 -9999 -9999
2021 03 28 06   235   109 10043   274    38 -9999 -9999 -9999
2021 03 28 09   227   102 10044   328    18 -9999 -9999 -9999
2021 03 28 12   195    55 10068    74    17 -9999 -9999 -9999
2021 03 28 15   162    63 10091   120    20 -9999 -9999     0
2021 03 28 18   135   -10 10102   105    32 -9999 -9999 -9999
2021 03 28 21   116     1 10111   120    20 -9999 -9999     0
2021 03 29 00   136   -24 10109   120    20 -9999 -9999     0
2021 03 29 03   165   -47 10121   110    30 -9999 -9999     0
2021 03 29 06   177   -26 10090   110    30 -9999 -9999     0
2021 03 29 09   168    -9 10081   100    20 -9999 -9999     0
2021 03 29 12   153   -26 10102    90    20 -9999 -9999     0
2021 03 29 15   135   -33 10116   110    20 -9999 -9999     0
2021 03 29 18   116   -15 10120   140    10 -9999 -9999     0
2021 03 29 21    94    11 10117     0 -9999 -9999 -9999     0
2021 03 30 00   131    -2 10135   120    10 -9999 -9999     0
2021 03 30 03   176    12 10139   110    20 -9999 -9999     0
2021 03 30 06   205    19 10117   100    30 -9999 -9999     0
2021 03 30 09   203    12 10106   110    30 -9999 -9999     0
2021 03 30 12   146   -42 10129   110    20 -9999 -9999     0
2021 03 30 15   116    -9 10135   110    20 -9999 -9999     0
2021 03 30 18    94    13 10127   130    20 -9999 -9999     0
2021 03 30 21    88     5 10117   140    10 -9999 -9999     0
2021 03 31 00   120   -26 10130   100    30 -9999 -9999     0
2021 03 31 03   143   -30 10133   100    30 -9999 -9999     0
2021 03 31 06   160   -57 10120   120    40 -9999 -9999     0
2021 03 31 09   158   -42 10113   100    20 -9999 -9999     0
2021 03 31 12   143   -26 10127   100    20 -9999 -9999     0
2021 03 31 15   124    17 10140   100    30 -9999 -9999     0
2021 03 31 18   115     0 10141   130    20 -9999 -9999     0
2021 03 31 21   115   -10 10140   100    20 -9999 -9999     0
2021 04 01 00   101    68 10161    59    18 -9999 -9999 -9999
2021 04 01 03   141    67 10160   102    28 -9999 -9999 -9999
2021 04 01 06   155    39 10148    90    40 -9999 -9999     0
2021 04 01 09   142    68 10146   110    40 -9999 -9999     0
2021 04 01 12   128    91 10156    80    20 -9999 -9999     0
2021 04 01 15   130    52 10165   100    30 -9999 -9999     0
2021 04 01 18   121    74 10155    90    30 -9999 -9999     0
2021 04 01 21   103    94 10156   100    30 -9999 -9999 -9999
2021 04 02 00   108    92 10169    90    20 -9999 -9999 -9999
2021 04 02 03   105    99 10173    90    10 -9999 -9999     4
2021 04 02 06   113   105 10158    50    20 -9999 -9999    50
2021 04 02 09   109   103 10152    90    10 -9999 -9999    60
2021 04 02 12   110   105 10161    91    10 -9999 -9999    21
2021 04 02 15   107   102 10167    40    10 -9999 -9999    30
2021 04 02 18   107   102 10164   282    12 -9999 -9999    38
2021 04 02 21   105   100 10152   340    10 -9999 -9999    50
2021 04 03 00    96    90 10191   303    27 -9999 -9999    36
2021 04 03 03   111    58 10198    40    50 -9999 -9999     8
2021 04 03 06   103    53 10205   360    30 -9999 -9999    -1
2021 04 03 09    98    24 10217   350    50 -9999 -9999     0
2021 04 03 12    88   -51 10241   350    20 -9999 -9999     0
2021 04 03 15    86   -56 10246   360    10 -9999 -9999     0
2021 04 03 18    67   -35 10257   302    42 -9999 -9999 -9999
2021 04 03 21    55   -26 10258   310    30 -9999 -9999     0
2021 04 04 00    87   -38 10280   300    40 -9999 -9999     0
2021 04 04 03   142   -98 10275    50    50 -9999 -9999     0
2021 04 04 06   163   -54 10254   310    30 -9999 -9999     0
2021 04 04 09   177   -69 10245    60    10 -9999 -9999     0
2021 04 04 12   135   -33 10258     0 -9999 -9999 -9999     0
2021 04 04 15   114   -43 10270   120    10 -9999 -9999     0
2021 04 04 18    70     4 10258   158     3 -9999 -9999 -9999
2021 04 04 21    54    13 10254   250    10 -9999 -9999     0
2021 04 05 00   107    28 10265     0 -9999 -9999 -9999     0
2021 04 05 03   172   -53 10254   110    40 -9999 -9999     0
2021 04 05 06   188   -60 10227   150    40 -9999 -9999     0
2021 04 05 09   170   -21 10216   170    20 -9999 -9999     0
2021 04 05 12   146    -3 10222   150    10 -9999 -9999     0
2021 04 05 15   134     4 10221   140    10 -9999 -9999     0
2021 04 05 18   106     9 10221   210    10 -9999 -9999     0
2021 04 05 21    70    40 10224     0 -9999 -9999 -9999     0
2021 04 06 00   115    30 10240   310    10 -9999 -9999     0
2021 04 06 03   175    -8 10238   105    15 -9999 -9999 -9999
2021 04 06 06   195   -10 10219   210    20 -9999 -9999     0
2021 04 06 09   195   -10 10209   160    10 -9999 -9999     0
2021 04 06 12   159     5 10231   200    10 -9999 -9999     0
2021 04 06 15   135    33 10236     0 -9999 -9999 -9999     0
2021 04 06 18   112    49 10229   160    10 -9999 -9999     0
2021 04 06 21    96    61 10221     0 -9999 -9999 -9999     0
2021 04 07 00   118    38 10236    60    10 -9999 -9999     0
2021 04 07 03   170    40 10231   100    20 -9999 -9999     0
2021 04 07 06   194    23 10210   100    30 -9999 -9999     0
2021 04 07 09   188    -1 10203   110    20 -9999 -9999     0
2021 04 07 12   149    37 10218   130    10 -9999 -9999     0
2021 04 07 15   107    48 10226   170    10 -9999 -9999     0
2021 04 07 18    91    62 10226   196     6 -9999 -9999 -9999
2021 04 07 21    73    56 10230   200    10 -9999 -9999     0
2021 04 08 00   115    58 10242   140    10 -9999 -9999     0
2021 04 08 03   177    36 10247    90    30 -9999 -9999     0
2021 04 08 06   204    18 10225   150    20 -9999 -9999     0
2021 04 08 09   203   -15 10215   110    10 -9999 -9999     0
2021 04 08 12   162   -32 10229   126    14 -9999 -9999 -9999
2021 04 08 15   131   -20 10239     0 -9999 -9999 -9999     0
2021 04 08 18   102    30 10233   220    10 -9999 -9999     0
2021 04 08 21    83    27 10241     0 -9999 -9999 -9999     0
2021 04 09 00   120    35 10258   280    10 -9999 -9999     0
2021 04 09 03   190    65 10257    40    10 -9999 -9999     0
2021 04 09 06   218    69 10234    20    10 -9999 -9999     0
2021 04 09 09   201    57 10229   180    30 -9999 -9999     0
2021 04 09 12   175    67 10250     0 -9999 -9999 -9999     0
2021 04 09 15   158    39 10263   230    10 -9999 -9999     0
2021 04 09 18   144    50 10255   130    10 -9999 -9999     0
2021 04 09 21   117    49 10266   190    10 -9999 -9999     0
2021 04 10 00   141    41 10284    90    20 -9999 -9999     0
2021 04 10 03   188    -6 10283   110    30 -9999 -9999     0
2021 04 10 06   208   -30 10251   130    40 -9999 -9999     0
2021 04 10 09   202   -28 10243   150    30 -9999 -9999     0
2021 04 10 12   156    46 10258   100    40 -9999 -9999     0
2021 04 10 15   134    93 10267   110    20 -9999 -9999     0
2021 04 10 18   122    54 10260   115    21 -9999 -9999 -9999
2021 04 10 21   107    82 10257    78    17 -9999 -9999 -9999
2021 04 11 00   121    97 10262   130    20 -9999 -9999     0
2021 04 11 03   144   104 10248   110    30 -9999 -9999     0
2021 04 11 06   149   115 10230   130    20 -9999 -9999 -9999
2021 04 11 09   135   121 10219   110    30 -9999 -9999     7
2021 04 11 12   126   117 10214   100    20 -9999 -9999    10
2021 04 11 15   120   114 10207    90    30 -9999 -9999     8
2021 04 11 18   119   111 10185     0 -9999 -9999 -9999     3
2021 04 11 21   119   113 10170   300    10 -9999 -9999 -9999
2021 04 12 00   132   116 10163   300    20 -9999 -9999     0
2021 04 12 03   181   110 10153   320    20 -9999 -9999     1
2021 04 12 06   207    94 10133   311    26 -9999 -9999     1
2021 04 12 09   211    80 10123   310    30 -9999 -9999     0
2021 04 12 12   174    91 10151   300    10 -9999 -9999     0
2021 04 12 15   146    98 10174     0 -9999 -9999 -9999     0
2021 04 12 18   131    99 10182   220    10 -9999 -9999     0
2021 04 12 21   140    78 10195    70    30 -9999 -9999     0
2021 04 13 00    98    33 10231    80    30 -9999 -9999     0
2021 04 13 03   128    18 10231   130    30 -9999 -9999     0
2021 04 13 06   158    26 10211    60    10 -9999 -9999     0
2021 04 13 09   175    27 10190   240    20 -9999 -9999     0
2021 04 13 12   132    33 10211   230    10 -9999 -9999     0
2021 04 13 15   117    54 10225   233    17 -9999 -9999 -9999
2021 04 13 18   107    37 10226    70    20 -9999 -9999     0
2021 04 13 21    78    47 10225   130    10 -9999 -9999     0
2021 04 14 00   109    48 10236   190    10 -9999 -9999     0
2021 04 14 03   171   -31 10227   150    20 -9999 -9999     0
2021 04 14 06   189   -45 10198   200    30 -9999 -9999     0
2021 04 14 09   181   -17 10178   150    30 -9999 -9999     0
2021 04 14 12   147   -10 10186   210    20 -9999 -9999     0
2021 04 14 15   126    25 10186   210    30 -9999 -9999     0
2021 04 14 18   118    57 10170   190    30 -9999 -9999     0
2021 04 14 21   104    56 10163   140    20 -9999 -9999     0
2021 04 15 00   116    48 10165   121    22 -9999 -9999 -9999
2021 04 15 03   172    52 10143   190    30 -9999 -9999     0
2021 04 15 06   195    79 10113   190    40 -9999 -9999     0
2021 04 15 09   196    98 10100   180    30 -9999 -9999     0
2021 04 15 12   178   116 10113   200    10 -9999 -9999     0
2021 04 15 15   180   129 10120   260    30 -9999 -9999     0
2021 04 15 18   170    47 10133   349    23 -9999 -9999 -9999
2021 04 15 21   145   -43 10155   349    22 -9999 -9999 -9999
2021 04 16 00   154   -35 10173    30    10 -9999 -9999     0
2021 04 16 03   183   -38 10175   150    20 -9999 -9999     0
2021 04 16 06   207   -30 10152   238    27 -9999 -9999 -9999
2021 04 16 09   202    -4 10138   220    30 -9999 -9999     0
2021 04 16 12   168    -4 10162     0 -9999 -9999 -9999     0
2021 04 16 15   149     4 10194   350    20 -9999 -9999     0
2021 04 16 18   118     6 10201    70    20 -9999 -9999     0
2021 04 16 21    90    23 10212   270    10 -9999 -9999     0
2021 04 17 00   126     4 10238   300    30 -9999 -9999     0
2021 04 17 03   162   -81 10236   320    40 -9999 -9999     0
2021 04 17 06   175  -103 10219   306    43 -9999 -9999 -9999
2021 04 17 09   170   -83 10209   302    51 -9999 -9999 -9999
2021 04 17 12   136   -66 10230   270    10 -9999 -9999     0
2021 04 17 15   102   -35 10234     0 -9999 -9999 -9999     0
2021 04 17 18    69    -1 10231   190    10 -9999 -9999     0
2021 04 17 21    51     5 10227   180    10 -9999 -9999     0
2021 04 18 00   114     2 10233   190    10 -9999 -9999     0
2021 04 18 03   192   -50 10220   150    20 -9999 -9999     0
2021 04 18 06   214   -46 10196   220    30 -9999 -9999     0
2021 04 18 09   220   -34 10171   240    30 -9999 -9999     0
2021 04 18 12   168     0 10181   200    10 -9999 -9999     0
2021 04 18 15   148    27 10181   260    20 -9999 -9999     0
2021 04 18 18   126    43 10171   250    10 -9999 -9999     0
2021 04 18 21    95    35 10166   159     3 -9999 -9999 -9999
2021 04 19 00   147    45 10177   166     7 -9999 -9999 -9999
2021 04 19 03   214    45 10169   250    20 -9999 -9999     0
2021 04 19 06   251    25 10147   210    20 -9999 -9999     0
2021 04 19 09   246    44 10136   210    30 -9999 -9999     0
2021 04 19 12   192    49 10151    90    10 -9999 -9999     0
2021 04 19 15   158    73 10165     0 -9999 -9999 -9999     0
2021 04 19 18   131    69 10161     0 -9999 -9999 -9999     0
2021 04 19 21   120    77 10160   160    10 -9999 -9999     0
2021 04 20 00   155    80 10178   130    10 -9999 -9999     0
2021 04 20 03   157   119 10187   130    10 -9999 -9999     3
2021 04 20 06   170   115 10171    70    20 -9999 -9999     3
2021 04 20 09   173   109 10175    90    10 -9999 -9999 -9999
2021 04 20 12   160    94 10179   140    20 -9999 -9999     1
2021 04 20 15   149    31 10176   110    20 -9999 -9999     1
2021 04 20 18   135    46 10178   160    10 -9999 -9999 -9999
2021 04 20 21   133    31 10166   110    30 -9999 -9999     1
