2021 01 01 00  -129  -284 10263    60    20 -9999 -9999     0
2021 01 01 03  -108  -258 10282    70    20 -9999 -9999     0
2021 01 01 06   -15  -316 10189   240    30 -9999 -9999     0
2021 01 01 09    -1  -353 10185   230    70 -9999 -9999     0
2021 01 01 12   -29  -356 10229   230    60 -9999 -9999     0
2021 01 01 15   -64  -342 10258   280    20 -9999 -9999     0
2021 01 01 18  -133  -352 10238   210    20 -9999 -9999     0
2021 01 01 21  -155  -339 10234    10    10 -9999 -9999     0
2021 01 02 00  -152  -308 10260    50    10 -9999 -9999     0
2021 01 02 03  -137  -314 10309    90    10 -9999 -9999     0
2021 01 02 06   -31  -235 10267   280    30 -9999 -9999     0
2021 01 02 09   -11  -207 10242   230    80 -9999 -9999     0
2021 01 02 12   -43  -162 10283   230    20 -9999 -9999     0
2021 01 02 15   -57  -124 10292   270    20 -9999 -9999     0
2021 01 02 18   -66  -139 10195   300    30 -9999 -9999     0
2021 01 02 21   -70  -137 10178   260    30 -9999 -9999     0
2021 01 03 00   -96  -151 10232   110    10 -9999 -9999     0
2021 01 03 03   -98  -153 10275     0 -9999 -9999 -9999     0
2021 01 03 06   -34  -154 10218   140    20 -9999 -9999     0
2021 01 03 09    -4  -151 10161   270    30 -9999 -9999     0
2021 01 03 12   -31  -154 10221   240    30 -9999 -9999     0
2021 01 03 15   -55  -158 10268   290    20 -9999 -9999     0
2021 01 03 18  -103  -183 10263   340    10 -9999 -9999     0
2021 01 03 21  -131  -194 10261   310    10 -9999 -9999     0
2021 01 04 00  -148  -203 10304   190    10 -9999 -9999     0
2021 01 04 03  -116  -186 10322    60    10 -9999 -9999     0
2021 01 04 06   -36  -187 10280   330    20 -9999 -9999     0
2021 01 04 09   -18  -207 10269   260    60 -9999 -9999     0
2021 01 04 12   -39  -193 10314   270    30 -9999 -9999     0
2021 01 04 15   -59  -196 10314   250    20 -9999 -9999     0
2021 01 04 18   -78  -193 10250    40    10 -9999 -9999     0
2021 01 04 21   -88  -197 10233    70    20 -9999 -9999     0
2021 01 05 00   -88  -197 10243    70    20 -9999 -9999     0
2021 01 05 03   -69  -161 10259    80    40 -9999 -9999     0
2021 01 05 06   -51  -152 10245   260    10 -9999 -9999     0
2021 01 05 09   -58   -78 10238   240    30 -9999 -9999 -9999
2021 01 05 12   -67   -93 10236   240    20 -9999 -9999     0
2021 01 05 15   -75   -90 10222   260    10 -9999 -9999     0
2021 01 05 18   -83   -94 10195   230    10 -9999 -9999     0
2021 01 05 21   -78   -94 10192   110    20 -9999 -9999 -9999
2021 01 06 00   -77  -102 10193    80    20 -9999 -9999     0
2021 01 06 03   -69  -114 10205    70    10 -9999 -9999     0
2021 01 06 06   -50  -111 10186    60    40 -9999 -9999    60
2021 01 06 09   -41  -111 10154   250    40 -9999 -9999     4
2021 01 06 12   -68  -173 10201   200    20 -9999 -9999     4
2021 01 06 15  -104  -179 10257   280    20 -9999 -9999     0
2021 01 06 18  -154  -207 10290   120    10 -9999 -9999     0
2021 01 06 21  -153  -223 10275    70    20 -9999 -9999     0
2021 01 07 00  -195  -241 10349   230    10 -9999 -9999     0
2021 01 07 03  -177  -248 -9999   260    10 -9999 -9999     0
2021 01 07 06   -98  -215 10356   210    20 -9999 -9999     0
2021 01 07 09   -46  -188 10263   360    20 -9999 -9999     0
2021 01 07 12   -54  -254 10305   270    40 -9999 -9999     0
2021 01 07 15   -85  -234 10327   200    10 -9999 -9999     0
2021 01 07 18   -68  -179 10218   280    50 -9999 -9999     0
2021 01 07 21  -123  -199 10213    10    10 -9999 -9999     0
2021 01 08 00  -120  -205 10206    60    20 -9999 -9999     0
2021 01 08 03   -85  -183 10212    50    10 -9999 -9999     0
2021 01 08 06   -15  -241 10126   240   100 -9999 -9999     0
2021 01 08 09   -21  -239 10168   250   100 -9999 -9999     0
2021 01 08 12   -43  -229 10197   240    80 -9999 -9999     0
2021 01 08 15   -54  -233 10193   240    70 -9999 -9999     0
2021 01 08 18   -60  -238 10125   250    50 -9999 -9999     0
2021 01 08 21   -75  -246 10144   249    35 -9999 -9999 -9999
2021 01 09 00   -90  -269 10179   240    30 -9999 -9999     0
2021 01 09 03   -72  -275 10198   290    30 -9999 -9999     0
2021 01 09 06   -19  -295 10151   250   110 -9999 -9999     0
2021 01 09 09   -14  -303 10140   240   110 -9999 -9999     0
2021 01 09 12   -43  -286 10189   240    60 -9999 -9999     0
2021 01 09 15   -71  -281 10214   310    40 -9999 -9999     0
2021 01 09 18   -64  -296 10153   290    50 -9999 -9999     0
2021 01 09 21  -145  -290 10227    30    10 -9999 -9999     0
2021 01 10 00  -179  -309 10291   100    10 -9999 -9999     0
2021 01 10 03  -141  -295 10300    90    10 -9999 -9999     0
2021 01 10 06    -8  -359 10160   230    70 -9999 -9999     0
2021 01 10 09     3  -351 10205   230    70 -9999 -9999     0
2021 01 10 12   -30  -327 10273   230    60 -9999 -9999     0
2021 01 10 15   -54  -346 10278   240    30 -9999 -9999     0
2021 01 10 18  -124  -352 10221   120    10 -9999 -9999     0
2021 01 10 21  -134  -293 10221    70    30 -9999 -9999     0
2021 01 11 00  -165  -290 10286   100    10 -9999 -9999     0
2021 01 11 03  -144  -293 10311    10    10 -9999 -9999     0
2021 01 11 06   -57  -298 10282   200    10 -9999 -9999     0
2021 01 11 09    13  -343 10184   240    70 -9999 -9999     0
2021 01 11 12   -23  -322 10252   230    70 -9999 -9999     0
2021 01 11 15   -49  -300 10277   320    40 -9999 -9999     0
2021 01 11 18  -116  -312 10261   180    10 -9999 -9999     0
2021 01 11 21  -160  -307 10237    30    10 -9999 -9999     0
2021 01 12 00  -162  -284 10285    60    20 -9999 -9999     0
2021 01 12 03  -136  -268 10314    70    10 -9999 -9999     0
2021 01 12 06   -59  -299 10300   160    10 -9999 -9999     0
2021 01 12 09    -7  -339 10245   270    20 -9999 -9999     0
2021 01 12 12   -12  -313 10236   280    40 -9999 -9999     0
2021 01 12 15   -98  -309 10317   100    10 -9999 -9999     0
2021 01 12 18  -131  -294 10290    50    10 -9999 -9999     0
2021 01 12 21  -149  -279 10254    50    20 -9999 -9999     0
2021 01 13 00  -174  -281 10298   110    10 -9999 -9999     0
2021 01 13 03  -133  -272 10388    60    10 -9999 -9999     0
2021 01 13 06   -67  -323 10361   340    10 -9999 -9999     0
2021 01 13 09   -15  -316 10284   250    10 -9999 -9999     0
2021 01 13 12   -31  -305 10318   260    20 -9999 -9999     0
2021 01 13 15  -107  -305 10373     0 -9999 -9999 -9999     0
2021 01 13 18  -146  -326 10350    50    10 -9999 -9999     0
2021 01 13 21  -165  -304 10315    90    10 -9999 -9999     0
2021 01 14 00  -178  -281 10348    60    20 -9999 -9999     0
2021 01 14 03  -166  -291 -9999   290    10 -9999 -9999     0
2021 01 14 06   -77  -314 10398   240    20 -9999 -9999     0
2021 01 14 09   -20  -307 10317   250    20 -9999 -9999     0
2021 01 14 12   -29  -284 10331   250    10 -9999 -9999     0
2021 01 14 15   -91  -310 10401   160    10 -9999 -9999     0
2021 01 14 18  -103  -295 10324    10    10 -9999 -9999     0
2021 01 14 21  -106  -282 10259    50    10 -9999 -9999     0
2021 01 15 00  -127  -271 10275   250    10 -9999 -9999     0
2021 01 15 06    -5  -219 10229   160    10 -9999 -9999     0
2021 01 15 09    32  -145 10158   240    70 -9999 -9999     0
2021 01 15 12     4  -225 10197   250    60 -9999 -9999     0
2021 01 15 15   -49  -194 10252   280    20 -9999 -9999     0
2021 01 15 18   -97  -223 10203   140    10 -9999 -9999     0
2021 01 15 21  -124  -224 10202     0 -9999 -9999 -9999     0
2021 01 16 00  -135  -227 10257    20    10 -9999 -9999     0
2021 01 16 03  -118  -197 10328    30    20 -9999 -9999     0
2021 01 16 06   -39  -206 10301   190    10 -9999 -9999     0
2021 01 16 09    -3  -273 10253   260    20 -9999 -9999     0
2021 01 16 12   -21  -261 10276   240    20 -9999 -9999     0
2021 01 16 15   -76  -267 10328    60    10 -9999 -9999     0
2021 01 16 18  -118  -270 10291    70    10 -9999 -9999     0
2021 01 16 21  -129  -258 10261    40    10 -9999 -9999     0
2021 01 17 00  -161  -266 10316     0 -9999 -9999 -9999     0
2021 01 17 03  -128  -254 10362    80    20 -9999 -9999     0
2021 01 17 06   -54  -266 10321    40    30 -9999 -9999     0
2021 01 17 09     3  -268 10227   150    20 -9999 -9999     0
2021 01 17 12     0  -261 10254   240    50 -9999 -9999     0
2021 01 17 15   -61  -260 10294   150    20 -9999 -9999     0
2021 01 17 18   -77  -235 10235   280    10 -9999 -9999     0
2021 01 17 21   -93  -204 10183   340    10 -9999 -9999     0
2021 01 18 00  -137  -219 10220    20    10 -9999 -9999     0
2021 01 18 03   -92  -203 10248    70    20 -9999 -9999     0
2021 01 18 06    -9  -268 10168   270    40 -9999 -9999     0
2021 01 18 09     0  -304 10129   230    70 -9999 -9999     0
2021 01 18 12   -30  -294 10192   220    50 -9999 -9999     0
2021 01 18 15   -59  -277 10192   290    30 -9999 -9999     0
2021 01 18 18  -104  -286 10156   130    20 -9999 -9999     0
2021 01 18 21  -141  -276 10167   340    10 -9999 -9999     0
2021 01 19 00  -161  -277 10219    20    10 -9999 -9999     0
2021 01 19 03  -137  -256 10250    20    10 -9999 -9999     0
2021 01 19 06   -61  -286 10210   250    20 -9999 -9999     0
2021 01 19 09   -14  -303 10153   250    50 -9999 -9999     0
2021 01 19 12   -36  -309 10186   240    50 -9999 -9999     0
2021 01 19 15   -73  -289 10219   260    40 -9999 -9999     0
2021 01 19 18  -104  -308 10193   130    20 -9999 -9999     0
2021 01 19 21  -148  -314 10196   200    10 -9999 -9999     0
2021 01 20 00  -185  -329 10256    40    10 -9999 -9999     0
2021 01 20 03  -136  -308 10261    90    10 -9999 -9999     0
2021 01 20 06   -76  -313 10217   220    20 -9999 -9999     0
2021 01 20 09   -20  -349 10156   260    40 -9999 -9999     0
2021 01 20 12   -43  -325 10224   250    40 -9999 -9999     0
2021 01 20 15   -92  -353 10263   290    20 -9999 -9999     0
2021 01 20 18  -124  -345 10274   120    20 -9999 -9999     0
2021 01 20 21  -150  -335 10263   130    10 -9999 -9999     0
2021 01 21 00  -192  -335 10361   300    10 -9999 -9999     0
2021 01 21 03  -155  -288 10402    60    20 -9999 -9999     0
2021 01 21 06   -84  -320 10364   240    10 -9999 -9999     0
2021 01 21 09   -42  -350 10297   220    20 -9999 -9999     0
2021 01 21 12   -44  -326 10324   230    20 -9999 -9999     0
2021 01 21 15   -98  -339 10348    90    10 -9999 -9999     0
2021 01 21 18  -119  -341 10291   300    10 -9999 -9999     0
2021 01 21 21  -103  -270 10216    50    30 -9999 -9999     0
2021 01 22 00  -116  -286 10219    60    10 -9999 -9999     0
2021 01 22 03   -96  -274 10260    40    20 -9999 -9999     0
2021 01 22 06    20  -338 10148   230   100 -9999 -9999     0
2021 01 22 09    26  -284 10097   230   110 -9999 -9999     0
2021 01 22 12    -6  -285 10136   230    80 -9999 -9999     0
2021 01 22 15   -17  -305 10123   230    90 -9999 -9999     0
2021 01 22 18   -25  -323 10005   250    90 -9999 -9999     0
2021 01 22 21   -34  -318  9986   230    90 -9999 -9999     0
2021 01 23 00   -46  -307 10015   250    90 -9999 -9999     0
2021 01 23 03   -42  -303 10026   240   100 -9999 -9999     0
2021 01 23 06   -14  -291 10001   230   130 -9999 -9999     0
2021 01 23 09   -16  -304  9984   240   140 -9999 -9999     0
2021 01 23 12   -37  -299 10013   240    90 -9999 -9999     0
2021 01 23 15   -62  -310 10048   240    60 -9999 -9999     0
2021 01 23 18   -73  -282 10052   240    60 -9999 -9999     0
2021 01 23 21   -88  -257 10073   270    40 -9999 -9999     0
2021 01 24 00  -103  -249 10118   260    10 -9999 -9999     0
2021 01 24 03   -94  -238 10168    90    20 -9999 -9999     0
2021 01 24 06   -59  -299 10151   220    30 -9999 -9999     0
2021 01 24 09   -36  -332 10121   250    60 -9999 -9999     0
2021 01 24 12   -56  -361 10164   230    60 -9999 -9999     0
2021 01 24 15   -94  -328 10216   290    20 -9999 -9999     0
2021 01 24 18  -139  -337 10235   250    10 -9999 -9999     0
2021 01 24 21  -162  -321 10238   260    10 -9999 -9999     0
2021 01 25 00  -179  -288 10279    60    10 -9999 -9999     0
2021 01 25 03  -155  -292 10314    80    20 -9999 -9999     0
2021 01 25 06   -81  -309 10282   220    10 -9999 -9999     0
2021 01 25 09   -36  -361 10219   250    80 -9999 -9999     0
2021 01 25 12   -59  -350 10259   250    60 -9999 -9999     0
2021 01 25 15  -100  -311 10303   280    20 -9999 -9999     0
2021 01 25 18  -138  -325 10264   140    30 -9999 -9999     0
2021 01 25 21  -171  -325 10249     0 -9999 -9999 -9999     0
2021 01 26 00  -196  -328 10296   180    10 -9999 -9999     0
2021 01 26 03  -155  -275 10315    50    20 -9999 -9999     0
2021 01 26 06   -76  -340 10268   250    20 -9999 -9999     0
2021 01 26 09   -43  -351 10228   240    60 -9999 -9999     0
2021 01 26 12   -63  -341 10279   230    50 -9999 -9999     0
2021 01 26 15   -94  -336 10293   270    30 -9999 -9999     0
2021 01 26 18  -128  -334 10259   290    20 -9999 -9999     0
2021 01 26 21  -159  -292 10257    50    20 -9999 -9999     0
2021 01 27 00  -188  -317 10300   270    10 -9999 -9999     0
2021 01 27 03  -150  -295 10310    70    10 -9999 -9999     0
2021 01 27 06   -70  -317 10258   310    10 -9999 -9999     0
2021 01 27 09   -25  -353 10209   230    70 -9999 -9999     0
2021 01 27 12   -51  -343 10264   230    70 -9999 -9999     0
2021 01 27 15   -91  -352 10285   290    20 -9999 -9999     0
2021 01 27 18  -120  -321 10244    90    10 -9999 -9999     0
2021 01 27 21  -154  -294 10228    50    20 -9999 -9999     0
2021 01 28 00  -191  -302 10288   110    10 -9999 -9999     0
2021 01 28 03  -168  -296 10320   320    10 -9999 -9999     0
2021 01 28 06   -88  -331 10262   240    20 -9999 -9999     0
2021 01 28 09   -53  -333 10223   250    70 -9999 -9999     0
2021 01 28 12   -78  -307 10286   250    50 -9999 -9999     0
2021 01 28 15  -119  -309 10322    50    10 -9999 -9999     0
2021 01 28 18  -138  -315 10258   170    10 -9999 -9999     0
2021 01 28 21  -164  -319 10248   160    10 -9999 -9999     0
2021 01 29 00  -177  -283 10282   330    10 -9999 -9999     0
2021 01 29 03  -149  -270 10314   100    10 -9999 -9999     0
2021 01 29 06   -93  -281 10275   290    20 -9999 -9999     0
2021 01 29 09   -75  -312 10248   270    60 -9999 -9999     0
2021 01 29 12   -91  -318 10276   250    40 -9999 -9999     0
2021 01 29 15  -117  -258 10295   300    20 -9999 -9999     0
2021 01 29 18  -137  -259 10280   310    10 -9999 -9999     0
2021 01 29 21  -187  -292 10322     0 -9999 -9999 -9999     0
2021 01 30 00  -211  -306 10363   110    10 -9999 -9999     0
2021 01 30 03  -181  -305 10387   180    10 -9999 -9999     0
2021 01 30 06  -107  -299 10332   270    10 -9999 -9999     0
2021 01 30 09   -57  -306 10278   220    20 -9999 -9999     0
2021 01 30 12   -49  -319 10275   280    20 -9999 -9999     0
2021 01 30 15  -117  -332 10332     0 -9999 -9999 -9999     0
2021 01 30 18  -153  -332 10304   160    10 -9999 -9999     0
2021 01 30 21  -169  -308 10273    30    10 -9999 -9999     0
2021 01 31 00  -200  -328 10303     0 -9999 -9999 -9999     0
2021 01 31 03  -149  -273 10350    80    10 -9999 -9999     0
2021 01 31 06   -70  -317 10301   210    20 -9999 -9999     0
2021 01 31 09    -3  -321 10209   270    40 -9999 -9999     0
2021 01 31 12   -16  -317 10247   240    40 -9999 -9999     0
2021 01 31 15   -64  -312 10275   280    20 -9999 -9999     0
2021 01 31 18  -132  -326 10280   280    10 -9999 -9999     0
2021 01 31 21  -159  -338 10247    80    10 -9999 -9999     0
2021 02 01 00  -176  -325 10283   110    10 -9999 -9999     0
2021 02 01 03  -128  -296 10310    50    10 -9999 -9999     0
2021 02 01 06   -47  -282 10292   220    20 -9999 -9999     0
2021 02 01 09   -18  -306 10255   240    70 -9999 -9999     0
2021 02 01 12   -45  -266 10302   240    40 -9999 -9999     0
2021 02 01 15   -84  -382 10325   250    40 -9999 -9999     0
2021 02 01 18  -149  -365 10318   180    10 -9999 -9999     0
2021 02 01 21  -173  -355 10311    60    10 -9999 -9999     0
2021 02 02 00  -187  -317 10349     0 -9999 -9999 -9999     0
2021 02 02 03  -152  -304 10374   340    10 -9999 -9999     0
2021 02 02 06   -62  -319 10328   210    10 -9999 -9999     0
2021 02 02 09    -8  -381 10242   240    80 -9999 -9999     0
2021 02 02 12   -26  -338 10258   220    70 -9999 -9999     0
2021 02 02 15   -71  -309 10285   270    30 -9999 -9999     0
2021 02 02 18   -88  -295 10223   270    20 -9999 -9999     0
2021 02 02 21  -160  -307 10237   150    10 -9999 -9999     0
2021 02 03 00  -173  -304 10268    50    10 -9999 -9999     0
2021 02 03 03  -133  -276 10292    70    30 -9999 -9999     0
2021 02 03 06   -69  -300 10240   290    30 -9999 -9999     0
2021 02 03 09   -44  -287 10249   250    60 -9999 -9999     0
2021 02 03 12   -62  -255 10279   280    30 -9999 -9999     0
2021 02 03 15   -97  -252 10292   260    10 -9999 -9999     0
2021 02 03 18  -112  -246 10250    30    20 -9999 -9999     0
2021 02 03 21  -139  -252 10255     0 -9999 -9999 -9999     0
2021 02 04 00  -150  -236 10290   110    10 -9999 -9999     0
2021 02 04 03  -134  -239 10329    45    15 -9999 -9999 -9999
2021 02 04 06   -89  -263 10299    80    10 -9999 -9999     0
2021 02 04 09   -61  -244 10250   150    10 -9999 -9999     0
2021 02 04 12   -81  -179 10273   100    10 -9999 -9999 -9999
2021 02 04 15   -96  -135 10275    90    10 -9999 -9999 -9999
2021 02 04 18  -109  -126 10245   280    20 -9999 -9999     3
2021 02 04 21  -128  -145 10212   310    10 -9999 -9999     3
2021 02 05 00  -127  -147 10219   100    10 -9999 -9999 -9999
2021 02 05 03  -113  -139 10222   200    10 -9999 -9999 -9999
2021 02 05 06   -95  -129 10217   280    40 -9999 -9999     2
2021 02 05 09   -86  -162 10213   250    60 -9999 -9999     2
2021 02 05 12   -96  -216 10229   250    30 -9999 -9999     0
2021 02 05 15  -120  -232 10260   270    20 -9999 -9999     0
2021 02 05 18  -162  -229 10294   120    10 -9999 -9999     0
2021 02 05 21  -166  -227 10296   120    10 -9999 -9999     0
2021 02 06 00  -198  -236 10353   160    10 -9999 -9999     0
2021 02 06 03  -178  -237 10397   100    10 -9999 -9999     0
2021 02 06 06  -107  -203 10382   260    20 -9999 -9999     0
2021 02 06 09   -66  -221 10320   270    40 -9999 -9999     0
2021 02 06 12   -73  -227 10365   250    30 -9999 -9999     0
2021 02 06 15  -124  -235 10432   150    20 -9999 -9999     0
2021 02 06 18  -161  -248 10428   170    10 -9999 -9999     0
2021 02 06 21  -189  -255 10424   230    10 -9999 -9999     0
2021 02 07 00  -205  -255 10464     0 -9999 -9999 -9999     0
2021 02 07 03  -167  -247 10514   160    10 -9999 -9999     0
2021 02 07 06   -93  -233 10478   240    20 -9999 -9999     0
2021 02 07 09   -53  -210 10423   270    30 -9999 -9999     0
2021 02 07 12   -52  -183 10425   270    30 -9999 -9999     0
2021 02 07 15  -107  -206 10468   180    10 -9999 -9999     0
2021 02 07 18  -140  -209 10439   260    10 -9999 -9999     0
2021 02 07 21  -170  -227 10431   180    10 -9999 -9999     0
2021 02 08 00  -184  -237 10449   200    10 -9999 -9999     0
2021 02 08 03  -153  -229 10498   170    10 -9999 -9999     0
2021 02 08 06   -68  -207 10436   290    10 -9999 -9999     0
2021 02 08 09   -10  -195 10360   270    30 -9999 -9999     0
2021 02 08 12   -26  -174 10375   230    10 -9999 -9999     0
2021 02 08 15   -58  -182 10384   240    30 -9999 -9999     0
2021 02 08 18  -109  -188 10352   120    10 -9999 -9999     0
2021 02 08 21  -135  -215 10305   190    10 -9999 -9999     0
2021 02 09 00  -162  -220 10337    50    10 -9999 -9999     0
2021 02 09 03  -134  -218 10351   240    10 -9999 -9999     0
2021 02 09 06   -33  -225 10291   200    10 -9999 -9999     0
2021 02 09 09    21  -211 10210   260    50 -9999 -9999     0
2021 02 09 12    -2  -199 10254   230    70 -9999 -9999     0
2021 02 09 15   -43  -175 10282   280    20 -9999 -9999     0
2021 02 09 18   -82  -170 10224   140    20 -9999 -9999     0
2021 02 09 21  -106  -165 10184    70    10 -9999 -9999     0
2021 02 10 00  -142  -190 10239     0 -9999 -9999 -9999     0
2021 02 10 03  -113  -181 10275   190    10 -9999 -9999     0
2021 02 10 09    -7  -276 10192   220    40 -9999 -9999     0
2021 02 11 00  -165  -262 10300     0 -9999 -9999 -9999     0
2021 02 13 12    22  -263 10175   240    30 -9999 -9999     0
2021 02 13 15   -14  -233 10205   270    30 -9999 -9999     0
2021 02 13 18   -26  -209 10147   230    50 -9999 -9999     0
2021 02 13 21   -41  -232 10107   260    20 -9999 -9999     0
2021 02 14 00   -54  -233 10112   290    20 -9999 -9999     0
2021 02 14 03   -53  -242 10165   250    30 -9999 -9999     0
2021 02 14 06    -6  -285 10125   240    40 -9999 -9999     0
2021 02 14 09     8  -298 10099   240    60 -9999 -9999     0
2021 02 14 12     1  -291 10110   240    60 -9999 -9999     0
2021 02 14 15   -53  -259 10180   230    20 -9999 -9999     0
2021 02 14 18  -101  -278 10190   100    10 -9999 -9999     0
2021 02 14 21  -128  -279 10206   170    10 -9999 -9999     0
2021 02 15 00  -156  -289 10235     0 -9999 -9999 -9999     0
2021 02 15 03  -112  -257 10268    60    20 -9999 -9999     0
2021 02 15 06   -45  -280 10233   240    20 -9999 -9999     0
2021 02 15 09    -4  -295 10175   280    40 -9999 -9999     0
2021 02 15 12    -9  -325 10193   260    40 -9999 -9999     0
2021 02 15 15   -65  -282 10224   100    10 -9999 -9999     0
2021 02 15 18  -108  -300 10202   240    10 -9999 -9999     0
2021 02 15 21  -134  -302 10186     0 -9999 -9999 -9999     0
2021 02 16 00  -152  -289 10212    50    10 -9999 -9999     0
2021 02 16 03  -106  -256 10247    90    20 -9999 -9999     0
2021 02 16 06   -46  -242 10227   280    30 -9999 -9999     0
2021 02 16 09   -13  -271 10183   240    30 -9999 -9999     0
2021 02 16 12   -27  -282 10214   260    60 -9999 -9999     0
2021 02 16 15   -73  -259 10243   110    10 -9999 -9999     0
2021 02 16 18  -114  -271 10239     0 -9999 -9999 -9999     0
2021 02 16 21  -136  -275 10227   160    10 -9999 -9999     0
2021 02 17 00  -136  -246 10244   270    10 -9999 -9999     0
2021 02 17 03  -126  -266 10307   160    10 -9999 -9999     0
2021 02 17 06   -45  -247 10261   320    20 -9999 -9999     0
2021 02 17 09    -9  -251 10203   270    30 -9999 -9999     0
2021 02 17 12   -32  -224 10222   360    30 -9999 -9999     0
2021 02 17 15   -43  -214 10242   330    20 -9999 -9999     0
2021 02 17 18   -75  -233 10206    80    10 -9999 -9999     0
2021 02 17 21  -116  -247 10212     0 -9999 -9999 -9999     0
2021 02 18 00  -141  -262 10266   180    10 -9999 -9999     0
2021 02 18 03  -103  -253 10273   240    10 -9999 -9999     0
2021 02 18 06   -45  -273 10248   320    20 -9999 -9999     0
2021 02 18 09    -4  -321 10211   220    20 -9999 -9999     0
2021 02 18 12   -15  -316 10247   320    30 -9999 -9999     0
2021 02 18 15   -41  -293 10261    10    20 -9999 -9999     0
2021 02 18 18   -93  -312 10276   160    10 -9999 -9999     0
2021 02 18 21  -122  -270 10271    60    10 -9999 -9999     0
2021 02 19 00  -144  -272 10317    80    20 -9999 -9999     0
2021 02 19 03  -106  -268 10347   110    10 -9999 -9999     0
2021 02 19 06   -35  -298 10322   170    20 -9999 -9999     0
2021 02 19 09     3  -332 10272   250    10 -9999 -9999     0
2021 02 20 15    12  -192 10247   272    19 -9999 -9999 -9999
2021 02 20 18   -10  -181 10189   263    25 -9999 -9999 -9999
2021 02 20 21   -67  -196 10172    15    10 -9999 -9999 -9999
2021 02 21 00   -89  -189 10202     6    11 -9999 -9999 -9999
2021 02 21 03   -37  -169 10214    60    11 -9999 -9999 -9999
2021 02 21 12    40  -183 10181   280    68 -9999 -9999 -9999
2021 02 21 18   -52  -214 10192    93    18 -9999 -9999 -9999
2021 02 21 21   -82  -228 10196   240     9 -9999 -9999 -9999
2021 02 22 00  -107  -229 10242    70    10 -9999 -9999     0
2021 02 22 03   -57  -201 10238    40    20 -9999 -9999     0
2021 02 22 06    22  -203 10204   261    24 -9999 -9999 -9999
2021 02 22 09    57  -189 10145   230    90 -9999 -9999     0
2021 02 22 12    33  -201 10185   260    80 -9999 -9999     0
2021 02 22 15    -6  -142 10198   260    20 -9999 -9999     0
2021 02 22 18   -36  -175 10148   280    30 -9999 -9999     0
2021 02 22 21   -53  -187 10112   240    20 -9999 -9999     0
2021 02 23 00   -73  -177 10143   100    10 -9999 -9999     0
2021 02 23 03   -40  -169 10164    60    20 -9999 -9999     0
2021 02 23 06    19  -220 10120   230    90 -9999 -9999     0
2021 02 23 09    27  -222 10091   250    80 -9999 -9999     0
2021 02 23 12    10  -213 10114   230    90 -9999 -9999     0
2021 02 23 15   -28  -151 10147   230    60 -9999 -9999     0
2021 02 23 18   -49  -137 10124   270    30 -9999 -9999     0
2021 02 23 21   -61  -191 10132   270    30 -9999 -9999     0
2021 02 24 00   -71  -187 10149   290    20 -9999 -9999     0
2021 02 24 03   -51  -204 10186   140    10 -9999 -9999     0
2021 02 24 06    -5  -274 10153   250    70 -9999 -9999     0
2021 02 24 09    17  -291 10103   250    90 -9999 -9999     0
2021 02 24 12    -3  -273 10136   240    70 -9999 -9999     0
2021 02 24 15   -33  -225 10178   230    70 -9999 -9999     0
2021 02 24 18   -43  -209 10157   240    40 -9999 -9999     0
2021 02 24 21   -54  -191 10133   290    20 -9999 -9999     0
2021 02 25 00   -81  -202 10173   230    10 -9999 -9999     0
2021 02 25 03   -52  -205 10189   180    10 -9999 -9999     0
2021 02 25 06    14  -232 10119   240    70 -9999 -9999     0
2021 02 25 09    41  -248 10061   230    80 -9999 -9999     0
2021 02 25 12    19  -220 10113   250    70 -9999 -9999     0
2021 02 25 15   -30  -223 10164   270    30 -9999 -9999     0
2021 02 25 18   -72  -253 10155   200    10 -9999 -9999     0
2021 02 25 21  -104  -236 10148   170    10 -9999 -9999     0
2021 02 26 00  -108  -236 10164    70    20 -9999 -9999     0
2021 02 26 03   -55  -211 10172    70    10 -9999 -9999     0
2021 02 26 06    22  -218 10110   240    70 -9999 -9999     0
2021 02 26 09    43  -201 10075   240    70 -9999 -9999     0
2021 02 26 12    14  -197 10096   230    90 -9999 -9999     0
2021 02 26 15   -12  -192 10091   230    70 -9999 -9999     0
2021 02 26 18   -24  -172 10029   240    40 -9999 -9999     0
2021 02 26 21   -27  -179  9991   230    60 -9999 -9999     0
2021 02 27 00   -41  -157 10015   280    30 -9999 -9999     0
2021 02 27 03    -2  -149 10018   220    60 -9999 -9999     0
2021 02 27 06    31  -183  9989   230   100 -9999 -9999     0
2021 02 27 09    41  -248  9949   240   110 -9999 -9999     0
2021 02 27 12    14  -210  9985   240   110 -9999 -9999     0
2021 02 27 15   -18  -230 10010   230    80 -9999 -9999     0
2021 02 27 18   -39  -242 10016   230    90 -9999 -9999     0
2021 02 27 21   -63  -262 10026   250    30 -9999 -9999     0
2021 02 28 00   -53  -295 10050   240    50 -9999 -9999     0
2021 02 28 03   -48  -290 10113   330    40 -9999 -9999     0
2021 02 28 06     0  -304 10093   270    30 -9999 -9999     0
2021 02 28 09    39  -347 10037   220    90 -9999 -9999     0
2021 02 28 12    15  -342 10057   220    80 -9999 -9999     0
2021 02 28 15   -27  -313 10130   250    50 -9999 -9999     0
2021 02 28 18   -50  -284 10114   260    30 -9999 -9999     0
2021 02 28 21   -86  -293 10104   210    10 -9999 -9999     0
2021 03 01 00  -127  -291 10162    20    10 -9999 -9999     0
2021 03 01 03   -71  -243 10164    80    10 -9999 -9999     0
2021 03 01 06    -2  -354 10100   250    50 -9999 -9999     0
2021 03 01 09    32  -329 10064   240    60 -9999 -9999     0
2021 03 01 12    16  -306 10127   250    60 -9999 -9999     0
2021 03 01 15   -38  -260 10176   250    40 -9999 -9999     0
2021 03 01 18   -65  -276 10165   220    30 -9999 -9999     0
2021 03 01 21  -104  -276 10183   170    30 -9999 -9999     0
2021 03 02 00  -134  -281 10246    60    10 -9999 -9999     0
2021 03 02 03   -74  -265 10279     0 -9999 -9999 -9999     0
2021 03 02 06   -26  -281 10257   240    30 -9999 -9999     0
2021 03 02 09    22  -318 10196   220    40 -9999 -9999     0
2021 03 02 12    29  -282 10193   250    40 -9999 -9999     0
2021 03 02 15   -18  -266 10197   280    20 -9999 -9999     0
2021 03 02 18   -40  -242 10176     0 -9999 -9999 -9999     0
2021 03 02 21   -57  -226 10130   270    20 -9999 -9999     0
2021 03 03 00  -104  -226 10167   360    10 -9999 -9999     0
2021 03 03 03   -53  -198 10177    60    20 -9999 -9999     0
2021 03 03 06    16  -239 10111   240    50 -9999 -9999     0
2021 03 03 09    47  -268 10053   260    80 -9999 -9999     0
2021 03 03 12    33  -279 10101   240    70 -9999 -9999     0
2021 03 03 15   -16  -228 10137   230    50 -9999 -9999     0
2021 03 03 18   -34  -226 10104   260    40 -9999 -9999     0
2021 03 03 21   -75  -221 10108   270    10 -9999 -9999     0
2021 03 04 00  -104  -236 10152   140    20 -9999 -9999     0
2021 03 04 03   -50  -220 10167   120    10 -9999 -9999     0
2021 03 04 06     1  -269 10123   260    40 -9999 -9999     0
2021 03 04 09    26  -299 10094   250    60 -9999 -9999     0
2021 03 04 12    28  -283 10109   240    50 -9999 -9999     0
2021 03 04 15   -25  -242 10144   290    40 -9999 -9999     0
2021 03 04 18   -54  -254 10140   320    10 -9999 -9999     0
2021 03 04 21  -103  -270 10153   140    10 -9999 -9999     0
2021 03 05 00  -131  -274 10176   210    10 -9999 -9999     0
2021 03 05 03   -63  -256 10180   110    10 -9999 -9999     0
2021 03 05 06   -10  -288 10139   250    60 -9999 -9999     0
2021 03 05 09    13  -294 10116   230    60 -9999 -9999     0
2021 03 05 12    23  -359 10109   260    70 -9999 -9999     0
2021 03 05 15   -18  -332 10116   290    50 -9999 -9999     0
2021 03 05 18   -46  -281 10128   290    50 -9999 -9999     0
2021 03 05 21   -87  -294 10155   230    20 -9999 -9999     0
2021 03 06 00  -127  -305 10212   170    10 -9999 -9999     0
2021 03 06 03   -56  -282 10215   190    10 -9999 -9999     0
2021 03 06 06   -14  -315 10189   260    30 -9999 -9999     0
2021 03 06 09    36  -291 10130   250    60 -9999 -9999     0
2021 03 06 12    33  -255 10145   270    50 -9999 -9999     0
2021 03 06 15     2  -185 10133   250    30 -9999 -9999     0
2021 03 06 18   -11  -182 10114   280    40 -9999 -9999     0
2021 03 06 21   -31  -175 10075   280    30 -9999 -9999     0
2021 03 07 00   -30  -163 10076   270    30 -9999 -9999     0
2021 03 07 03   -28  -118 10135    80    20 -9999 -9999     0
2021 03 07 06    26  -215 10087   240    70 -9999 -9999     0
2021 03 07 12     3  -152 10096   230    60 -9999 -9999     0
2021 03 07 15   -24   -98 10137   230    50 -9999 -9999     0
2021 03 07 18   -41   -82 10103   190    20 -9999 -9999     0
2021 03 07 21   -44   -82 10089   300    10 -9999 -9999 -9999
2021 03 08 00   -55   -72 10121    40    10 -9999 -9999     3
2021 03 08 03   -64   -82 10197   200    20 -9999 -9999    10
2021 03 08 06   -46   -82 10211   200    20 -9999 -9999    30
2021 03 08 09   -26   -64 10169   180    30 -9999 -9999    10
2021 03 08 12   -13  -159 10169   230    70 -9999 -9999     0
2021 03 08 15   -51  -175 10243   240    30 -9999 -9999     0
2021 03 08 18   -67  -184 10248   280    10 -9999 -9999     0
2021 03 08 21  -111  -181 10268   270    10 -9999 -9999     0
2021 03 09 00  -133  -187 10282   250    10 -9999 -9999     0
2021 03 09 03   -85  -180 10299    90    20 -9999 -9999     0
2021 03 09 06   -32  -191 10256   210    10 -9999 -9999     0
2021 03 09 09     2  -259 10232   230    60 -9999 -9999     0
2021 03 09 12    -3  -224 10253   230    60 -9999 -9999     0
2021 03 09 15   -43  -219 10269   270    10 -9999 -9999     0
2021 03 09 18   -63  -223 10241   300    20 -9999 -9999     0
2021 03 09 21  -109  -210 10245   140    10 -9999 -9999     0
2021 03 10 00  -117  -203 10261   130    10 -9999 -9999     0
2021 03 10 03   -78  -193 10281    50    30 -9999 -9999     0
2021 03 10 06   -17  -217 10231   250    20 -9999 -9999     0
2021 03 10 09     9  -236 10210   250    70 -9999 -9999     0
2021 03 10 12    -1  -210 10215   230    60 -9999 -9999     0
2021 03 10 15   -28  -188 10219   250    40 -9999 -9999     0
2021 03 10 18   -34  -170 10175   240    30 -9999 -9999     0
2021 03 10 21   -55  -164 10172   274    14 -9999 -9999 -9999
2021 03 11 00   -96  -151 10236   180    10 -9999 -9999     0
2021 03 11 03   -57  -150 10250   180    10 -9999 -9999     0
2021 03 11 06    -7  -183 10209    10    20 -9999 -9999     0
2021 03 11 09    22  -234 10172   250    80 -9999 -9999     0
2021 03 11 12     5  -239 10228   250    60 -9999 -9999     0
2021 03 11 15   -20  -260 10244   270    40 -9999 -9999     0
2021 03 11 18   -66  -217 10257     0 -9999 -9999 -9999     0
2021 03 11 21  -100  -216 10250   360    10 -9999 -9999     0
2021 03 12 00  -103  -213 10270    40    10 -9999 -9999     0
2021 03 12 03   -66  -213 10283    50    40 -9999 -9999     0
2021 03 12 06    -1  -253 10251   310    10 -9999 -9999     0
2021 03 12 09    25  -272 10213   230    50 -9999 -9999     0
2021 03 12 12    14  -224 10226   220    50 -9999 -9999     0
2021 03 12 15    -9  -216 10230   250    20 -9999 -9999     0
2021 03 12 18   -45  -199 10216   130    10 -9999 -9999     0
2021 03 12 21   -73  -202 10209   220    10 -9999 -9999     0
2021 03 13 00   -89  -201 10242   180    10 -9999 -9999     0
2021 03 13 03   -41  -195 10252    70    10 -9999 -9999     0
2021 03 13 06    12  -193 10224   200    20 -9999 -9999     0
2021 03 13 09    45  -270 10174   220    50 -9999 -9999     0
2021 03 13 12    39  -274 10183   220    40 -9999 -9999     0
2021 03 13 15     1  -251 10192   260    20 -9999 -9999     0
2021 03 13 18   -36  -228 10173     0 -9999 -9999 -9999     0
2021 03 13 21   -70  -229 10168   190    10 -9999 -9999     0
2021 03 14 00   -90  -204 10185    90    10 -9999 -9999     0
2021 03 14 03   -34  -202 10187    50    10 -9999 -9999     0
2021 03 14 06    30  -211 10138   270    30 -9999 -9999     0
2021 03 14 09    56  -198 10109   250    60 -9999 -9999     0
2021 03 14 12    33  -217 10144   220    70 -9999 -9999     0
2021 03 14 15    -9  -229 10152   240    30 -9999 -9999     0
2021 03 14 18   -32  -214 10135   260    20 -9999 -9999     0
2021 03 14 21   -63  -223 10137   260    10 -9999 -9999     0
2021 03 15 00   -93  -219 10190   230    10 -9999 -9999     0
2021 03 15 03   -39  -214 10208     0 -9999 -9999 -9999     0
2021 03 15 06     8  -229 10172   250    30 -9999 -9999     0
2021 03 15 09    49  -317 10117   240    80 -9999 -9999     0
2021 03 15 12    38  -290 10144   230    60 -9999 -9999     0
2021 03 15 15     6  -276 10140   240    50 -9999 -9999     0
2021 03 15 18   -20  -220 10130   250    40 -9999 -9999     0
2021 03 15 21   -45  -199 10104   250    20 -9999 -9999     0
2021 03 16 00   -61  -201 10125     0 -9999 -9999 -9999     0
2021 03 16 03   -21  -221 10145   230    20 -9999 -9999     0
2021 03 16 06    17  -230 10125   230    70 -9999 -9999     0
2021 03 16 09    47  -223 10079   250    70 -9999 -9999     0
2021 03 16 12    37  -222 10103   262    65 -9999 -9999 -9999
2021 03 16 15    -7  -183 10138   240    40 -9999 -9999     0
2021 03 16 18   -30  -174 10130   310    20 -9999 -9999     0
2021 03 16 21   -24  -172 10073   250    30 -9999 -9999     0
2021 03 17 00   -48  -166 10101   260    20 -9999 -9999     0
2021 03 17 03   -19  -176 10142   270    30 -9999 -9999     0
2021 03 17 06    24  -202 10110   230    50 -9999 -9999     0
2021 03 17 09    45  -207 10052   240    80 -9999 -9999     0
2021 03 17 12    31  -196 10083   240    70 -9999 -9999     0
2021 03 17 15   -11  -201 10120   280    30 -9999 -9999     0
2021 03 17 18   -23  -192 10093   280    50 -9999 -9999     0
2021 03 17 21   -40  -183 10081   280    40 -9999 -9999     0
2021 03 18 00   -59  -207 10127   260    40 -9999 -9999     0
2021 03 18 03   -39  -211 10183   260    40 -9999 -9999     0
2021 03 18 06     9  -285 10134   260    60 -9999 -9999     0
2021 03 18 15   -23  -211 10194   260    40 -9999 -9999     0
2021 03 18 18   -51  -230 10190   140    20 -9999 -9999     0
2021 03 18 21   -66  -221 10165   280    10 -9999 -9999     0
2021 03 19 00   -97  -230 10208   130    10 -9999 -9999     0
2021 03 19 03   -58  -222 10237   170    10 -9999 -9999     0
2021 03 19 06    11  -213 10183   240    30 -9999 -9999     0
2021 03 19 09    50  -241 10112   230    60 -9999 -9999     0
2021 03 19 12    22  -218 10162   300    40 -9999 -9999     0
2021 03 19 15    -6  -160 10177   330    50 -9999 -9999     0
2021 03 19 18   -38  -154 10154   310    20 -9999 -9999     0
2021 03 19 21   -81  -177 10151   130    10 -9999 -9999     0
2021 03 20 00  -102  -196 10204     0 -9999 -9999 -9999     0
2021 03 20 03   -47  -185 10202   150    10 -9999 -9999     0
2021 03 20 06    17  -215 10157   240    30 -9999 -9999     0
2021 03 20 09    38  -275 10131   250    30 -9999 -9999     0
2021 03 20 12    39  -289 10136   190    30 -9999 -9999     0
2021 03 20 15     9  -221 10133   260    30 -9999 -9999     0
2021 03 20 18   -38  -219 10129     0 -9999 -9999 -9999     0
2021 03 20 21   -70  -224 10132   340    10 -9999 -9999     0
2021 03 21 00   -92  -232 10162   110    10 -9999 -9999     0
2021 03 21 03   -45  -211 10180   150    20 -9999 -9999     0
2021 03 21 06    29  -228 10138   260    30 -9999 -9999     0
2021 03 21 09    65  -286 10095   240    60 -9999 -9999     0
2021 03 21 12    51  -280 10112   240    60 -9999 -9999     0
2021 03 21 15    20  -227 10122   260    30 -9999 -9999     0
2021 03 21 18    -1  -160 10097   290    20 -9999 -9999     0
2021 03 21 21   -23  -144 10083   320    10 -9999 -9999     0
2021 03 22 00   -57  -160 10132   350    10 -9999 -9999     0
2021 03 22 03    -3  -143 10144   110    10 -9999 -9999     0
2021 03 22 06    43  -201 10104   220    40 -9999 -9999     0
2021 03 22 09    53  -218 10077   240    30 -9999 -9999     0
2021 03 22 12    26  -137 10136   230    40 -9999 -9999     0
2021 03 22 15     2  -135 10145   290    40 -9999 -9999     0
2021 03 22 18   -16  -173 10131   280    20 -9999 -9999     0
2021 03 22 21   -55  -185 10150   160    10 -9999 -9999     0
2021 03 23 00   -74  -187 10199    60    10 -9999 -9999     0
2021 03 23 03   -34  -202 10213   170    10 -9999 -9999     0
2021 03 23 06    30  -184 10142   240    20 -9999 -9999     0
2021 03 23 09    44  -200 10113   230    90 -9999 -9999     0
2021 03 23 12    18  -161 10156   230    60 -9999 -9999     0
2021 03 23 15   -17  -148 10184   260    40 -9999 -9999     0
2021 03 23 18   -32  -165 10140   270    20 -9999 -9999     0
2021 03 23 21   -39  -182 10113   270    30 -9999 -9999     0
2021 03 24 00   -55  -196 10157   270    30 -9999 -9999     0
2021 03 24 03   -38  -235 10197   260    20 -9999 -9999     0
2021 03 24 06     3  -302 10161   230    70 -9999 -9999     0
2021 03 24 09    17  -322 10108   240    60 -9999 -9999     0
2021 03 24 12     7  -299 10130   250    60 -9999 -9999     0
2021 03 24 15   -40  -284 10177    90    10 -9999 -9999     0
2021 03 24 18   -46  -236 10146   260    30 -9999 -9999     0
2021 03 24 21   -86  -251 10160   150    10 -9999 -9999     0
2021 03 25 00  -113  -244 10209   340    10 -9999 -9999     0
2021 03 25 03   -55  -229 10225   180    10 -9999 -9999     0
2021 03 25 06    -6  -233 10181   240    40 -9999 -9999     0
2021 03 25 09    24  -273 10147   250    50 -9999 -9999     0
2021 03 25 12    35  -308 10153   260    70 -9999 -9999     0
2021 03 25 15     4  -331 10170   290    40 -9999 -9999     0
2021 03 25 18   -54  -295 10209   240    10 -9999 -9999     0
2021 03 25 21   -84  -274 10209   280    10 -9999 -9999     0
2021 03 26 00  -111  -297 10243   210    10 -9999 -9999     0
2021 03 26 03   -35  -289 10230    60    10 -9999 -9999     0
2021 03 26 06    30  -269 10212   260    30 -9999 -9999     0
2021 03 26 09    71  -301 10153   230    40 -9999 -9999     0
2021 03 26 12    80  -294 10148   230    50 -9999 -9999     0
2021 03 26 15    41  -248 10139   280    30 -9999 -9999     0
2021 03 26 18    -1  -261 10123   140    10 -9999 -9999     0
2021 03 26 21   -46  -260 10118   350    10 -9999 -9999     0
2021 03 27 00   -83  -268 10151     0 -9999 -9999 -9999     0
2021 03 27 03    -5  -226 10130     0 -9999 -9999 -9999     0
2021 03 27 06    51  -265 10102   240    30 -9999 -9999     0
2021 03 27 09    73  -213 10091   250    80 -9999 -9999     0
2021 03 27 12    70  -282 10109   290    50 -9999 -9999     0
2021 03 27 15    29  -212 10102   250    20 -9999 -9999     0
2021 03 27 18    -1  -210 10094   210    30 -9999 -9999     0
2021 03 27 21   -54  -223 10114   120    10 -9999 -9999     0
2021 03 28 00   -76  -230 10142   210    10 -9999 -9999     0
2021 03 28 03    -8  -222 10140   180    10 -9999 -9999     0
2021 03 28 06    56  -207 10088   240    40 -9999 -9999     0
2021 03 28 09    88  -201 10055   240    60 -9999 -9999     0
2021 03 28 12    76  -182 10076   280    70 -9999 -9999     0
2021 03 28 15    32  -165 10069   260    50 -9999 -9999     0
2021 03 28 18    15  -146 10050   280    30 -9999 -9999     0
2021 03 28 21     1  -139 10019   300    20 -9999 -9999     0
2021 03 29 00   -13  -155 10029   160    10 -9999 -9999     0
2021 03 29 03    17  -132 10048   240    60 -9999 -9999     0
2021 03 29 06    42  -114 10016   250    70 -9999 -9999     0
2021 03 29 09    59  -121  9965   240   110 -9999 -9999     0
2021 03 29 12    45  -154  9985   230   100 -9999 -9999     0
2021 03 29 15     9  -139 10014   230    40 -9999 -9999     0
2021 03 29 18     4  -133  9984   230    50 -9999 -9999     0
2021 03 29 21    -8  -127  9966   240    60 -9999 -9999     0
2021 03 30 00   -29  -162 10019   250    50 -9999 -9999     0
2021 03 30 03     0  -209 10027   260    50 -9999 -9999     0
2021 03 30 06    47  -170  9953   230    90 -9999 -9999     0
2021 03 30 09    73  -176  9896   240   110 -9999 -9999     0
2021 03 30 12    62  -171  9921   236    87 -9999 -9999 -9999
2021 03 30 15    12  -145  9973   230    80 -9999 -9999     0
2021 03 30 18    -5  -148  9964   310    40 -9999 -9999     0
2021 03 30 21   -29  -169  9946   260    30 -9999 -9999     0
2021 03 31 00   -65  -176  9985   130    20 -9999 -9999     0
2021 03 31 03    -8  -175  9992   300    30 -9999 -9999     0
2021 03 31 06    52  -279  9931   240    70 -9999 -9999     0
2021 03 31 09    85  -291  9872   260    90 -9999 -9999     0
2021 03 31 12    70  -283  9918   249    89 -9999 -9999 -9999
2021 03 31 15     9  -195  9954   240    70 -9999 -9999     0
2021 03 31 18   -15  -190  9942   290    40 -9999 -9999     0
2021 03 31 21   -50  -188  9935   140    10 -9999 -9999     0
2021 04 01 00   -60  -131  9962   330    40 -9999 -9999     0
2021 04 01 06     4  -277  9990   240    60 -9999 -9999     0
2021 04 01 09    36  -277  9946   240    70 -9999 -9999     0
2021 04 01 12    33  -310  9951   240    80 -9999 -9999     0
2021 04 01 15   -13  -280 10001   260    50 -9999 -9999     0
2021 04 01 18   -39  -268  9994   260    40 -9999 -9999     0
2021 04 01 21   -43  -229  9957   270    30 -9999 -9999     0
2021 04 02 00   -62  -250  9980   250    40 -9999 -9999     0
2021 04 02 03   -37  -299 10023   230    80 -9999 -9999     0
2021 04 02 06     8  -328  9987   250    80 -9999 -9999     0
2021 04 02 09    30  -331  9939   250   110 -9999 -9999     0
2021 04 02 12    12  -295  9979   240   100 -9999 -9999     0
2021 04 02 15   -31  -277 10040   230    60 -9999 -9999     0
2021 04 02 18   -54  -273 10039   250    40 -9999 -9999     0
2021 04 02 21   -65  -269 10037   270    30 -9999 -9999     0
2021 04 03 00   -89  -198 10099   330    20 -9999 -9999     0
2021 04 03 03   -64  -215 10153   310    20 -9999 -9999     0
2021 04 03 06   -25  -272 10141   270    50 -9999 -9999     0
2021 04 03 09     7  -329 10101   280    80 -9999 -9999     0
2021 04 03 12    -9  -325 10162   300    80 -9999 -9999     0
2021 04 03 15   -28  -302 10192   290    50 -9999 -9999     0
2021 04 03 18   -89  -309 10239   190    10 -9999 -9999     0
2021 04 03 21  -112  -292 10230     0 -9999 -9999 -9999     0
2021 04 04 00  -127  -316 10272   120    10 -9999 -9999     0
2021 04 04 03   -70  -308 10270   240    10 -9999 -9999     0
2021 04 04 06    23  -287 10220   230    40 -9999 -9999     0
2021 04 04 09    59  -274 10170   230    50 -9999 -9999     0
2021 04 04 12    62  -257 10163   220    50 -9999 -9999     0
2021 04 04 15    29  -220 10166   280    40 -9999 -9999     0
2021 04 04 18     3  -179 10111   190    20 -9999 -9999     0
2021 04 04 21   -46  -204 10121   150    10 -9999 -9999     0
2021 04 05 00   -40  -172 10123   300    10 -9999 -9999     0
2021 04 05 03    18  -139 10105   320    20 -9999 -9999     0
2021 04 05 06    62  -164 10070   220    50 -9999 -9999     0
2021 04 05 09    65  -143 10067   200   100 -9999 -9999     0
2021 04 05 12    40   -95 10102   252    49 -9999 -9999 -9999
2021 04 05 15    11  -101 10108   220    30 -9999 -9999     0
2021 04 05 18    -8  -102 10095   220    20 -9999 -9999     0
2021 04 05 21   -14  -127 10081   220    10 -9999 -9999     0
2021 04 06 00   -17  -138 10113   200    20 -9999 -9999     0
2021 04 06 03     9  -147 10139   260    20 -9999 -9999     0
2021 04 06 06    45  -159 10097   220    50 -9999 -9999     0
2021 04 06 09    51  -149 10082   250    60 -9999 -9999     0
2021 04 06 12    27  -112 10103   180    30 -9999 -9999     0
2021 04 06 15     5  -128 10130   270    20 -9999 -9999     0
2021 04 06 18     0  -155 10107   200    50 -9999 -9999     0
2021 04 06 21   -20  -177 10094   120    20 -9999 -9999     0
2021 04 07 00   -19  -153 10094   140    50 -9999 -9999     0
2021 04 07 03   -29   -74 10133   310    20 -9999 -9999 -9999
2021 04 07 06    27  -169 10103   240    80 -9999 -9999     0
2021 04 07 09    38  -221 10099   230   100 -9999 -9999     0
2021 04 07 12    15  -216 10125   230    70 -9999 -9999     0
2021 04 07 15   -10  -169 10173   231    17 -9999 -9999 -9999
2021 04 07 18   -26  -137 10123   250    40 -9999 -9999     0
2021 04 07 21   -41  -145 10115   270    10 -9999 -9999     0
2021 04 08 00   -77  -152 10170   150    10 -9999 -9999     0
2021 04 08 03   -17  -159 10149    40    10 -9999 -9999     0
2021 04 08 06    20  -289 10118   230    90 -9999 -9999     0
2021 04 08 09    39  -239 10086   240    80 -9999 -9999     0
2021 04 08 12    20  -199 10132   220    70 -9999 -9999     0
2021 04 08 15   -11  -153 10132   250    60 -9999 -9999     0
2021 04 08 18   -49   -90 10144   270    60 -9999 -9999 -9999
2021 04 08 21   -65  -111 10130    20    10 -9999 -9999     0
2021 04 09 00   -86  -165 10166    60    10 -9999 -9999     0
2021 04 09 03   -38  -192 10160   310    20 -9999 -9999     0
2021 04 09 06     3  -249 10154   240    80 -9999 -9999     0
2021 04 09 09    12  -199 10148   240    90 -9999 -9999     0
2021 04 09 12    -4  -171 10189   230    80 -9999 -9999     0
2021 04 09 15   -31  -208 10192   250    40 -9999 -9999     0
2021 04 09 18   -51  -189 10189   240    10 -9999 -9999     0
2021 04 09 21   -63  -196 10192   210    20 -9999 -9999     0
2021 04 10 00  -102  -204 10258   130    10 -9999 -9999     0
2021 04 10 03   -43  -189 10246   240    10 -9999 -9999     0
2021 04 10 06    15  -249 10195   230    40 -9999 -9999     0
2021 04 10 09    49  -267 10147   240    90 -9999 -9999     0
2021 04 10 12    26  -250 10207   260    80 -9999 -9999     0
2021 04 10 15   -17  -229 10217   280    40 -9999 -9999     0
2021 04 10 18   -49  -224 10206   190    10 -9999 -9999     0
2021 04 10 21   -73  -216 10190   320    10 -9999 -9999     0
2021 04 11 00   -95  -215 10241   140    10 -9999 -9999     0
2021 04 11 03   -35  -207 10243   230    10 -9999 -9999     0
2021 04 11 06    24  -224 10198   290    40 -9999 -9999     0
2021 04 11 09    54  -238 10159   250    50 -9999 -9999     0
2021 04 11 12    38  -262 10191   250    70 -9999 -9999     0
2021 04 11 15     0  -203 10195   230    50 -9999 -9999     0
2021 04 11 18   -21  -210 10173   280    20 -9999 -9999     0
2021 04 11 21   -47  -193 10170   290    10 -9999 -9999     0
2021 04 12 00   -77  -196 10213   130    10 -9999 -9999     0
2021 04 12 03   -17  -183 10209   300    20 -9999 -9999     0
2021 04 12 06    28  -186 10166   250    30 -9999 -9999     0
2021 04 12 09    39  -164 10147   200    60 -9999 -9999     0
2021 04 12 12    14  -120 10198   270    70 -9999 -9999     0
2021 04 12 15     6  -158 10168   200    20 -9999 -9999     0
2021 04 12 18   -28  -176 10176   260    20 -9999 -9999     0
2021 04 12 21   -62  -188 10196   140    10 -9999 -9999     0
2021 04 13 00   -89  -182 10257   220    10 -9999 -9999     0
2021 04 13 03   -15  -181 10215   130    10 -9999 -9999     0
2021 04 13 06    38  -213 10192   240    50 -9999 -9999     0
2021 04 13 09    71  -265 10150   230    50 -9999 -9999     0
2021 04 13 12    61  -272 10169   260    50 -9999 -9999     0
2021 04 13 15    27  -214 10152   300    10 -9999 -9999     0
2021 04 13 18    11  -213 10123   270    30 -9999 -9999     0
2021 04 13 21   -19  -203 10115   260    20 -9999 -9999     0
2021 04 14 00   -63  -207 10168   220    10 -9999 -9999     0
2021 04 14 03    15  -190 10141    20    10 -9999 -9999     0
2021 04 14 06    57  -197 10104   260    50 -9999 -9999     0
2021 04 14 09    77  -220 10080   240    60 -9999 -9999     0
2021 04 14 12    60  -195 10127   300    60 -9999 -9999     0
2021 04 14 15    25  -165 10110   260    50 -9999 -9999     0
2021 04 14 18     2  -162 10107   280    20 -9999 -9999     0
2021 04 14 21   -29  -159 10109   310    10 -9999 -9999     0
2021 04 15 00   -56  -168 10157   230    10 -9999 -9999     0
2021 04 15 03     4  -148 10155   270    10 -9999 -9999     0
2021 04 15 06    51  -173 10123   300    20 -9999 -9999     0
2021 04 15 09    77  -232 10086   290    50 -9999 -9999     0
2021 04 15 12    66  -218 10103   240    60 -9999 -9999     0
2021 04 15 15    27  -175 10099   250    20 -9999 -9999     0
2021 04 15 18     3  -165 10090   280    30 -9999 -9999     0
2021 04 15 21   -16  -147 10074   250    20 -9999 -9999     0
2021 04 16 00   -49  -164 10127   150    10 -9999 -9999     0
2021 04 16 03    10  -150 10129   220    10 -9999 -9999     0
2021 04 16 06    57  -175 10092   250    50 -9999 -9999     0
2021 04 16 09    80  -163 10058   230    50 -9999 -9999     0
2021 04 16 12    73  -185 10086   230    50 -9999 -9999     0
2021 04 16 15    30  -172 10086   250    30 -9999 -9999     0
2021 04 16 18    12  -145 10062   300    30 -9999 -9999     0
2021 04 16 21   -13  -148 10052    30    10 -9999 -9999     0
2021 04 17 00   -20  -138 10056    50    10 -9999 -9999     0
2021 04 17 03    15  -146 10082    10    20 -9999 -9999     0
2021 04 17 06    39  -154 10071   220    60 -9999 -9999     0
2021 04 17 09    56  -183 10048   230    80 -9999 -9999     0
2021 04 17 12    45  -154 10055   250    70 -9999 -9999     0
2021 04 17 15    12  -109 10086   270    40 -9999 -9999     0
2021 04 17 18    -8  -137 10086   280    20 -9999 -9999     0
2021 04 17 21   -29  -159 10078   300    20 -9999 -9999     0
2021 04 18 00   -25  -162 10083   250    20 -9999 -9999     0
2021 04 18 03     9  -151 10093   230    40 -9999 -9999     0
2021 04 18 06    44  -179 10071   240    60 -9999 -9999     0
2021 04 18 09    55  -227 10047   240    80 -9999 -9999     0
2021 04 18 12    45  -225 10051   250    60 -9999 -9999     0
2021 04 18 15     8  -215 10087   250    20 -9999 -9999     0
2021 04 18 18   -28  -216 10088   260    20 -9999 -9999     0
2021 04 18 21   -32  -200 10067   290    30 -9999 -9999     0
2021 04 19 00   -79  -214 10126   160    10 -9999 -9999     0
2021 04 19 03   -11  -218 10109   250    20 -9999 -9999     0
2021 04 19 06    30  -257 10087   230    90 -9999 -9999     0
2021 04 19 09    62  -272 10028   230    90 -9999 -9999     0
2021 04 19 12    47  -299 10090   240    90 -9999 -9999     0
2021 04 19 15     1  -243 10102   240    60 -9999 -9999     0
2021 04 19 18   -16  -265 10103   270    40 -9999 -9999     0
2021 04 19 21   -67  -259 10122   150    10 -9999 -9999     0
2021 04 20 00   -92  -256 10178   200    10 -9999 -9999     0
2021 04 20 03   -19  -259 10164   190    10 -9999 -9999     0
2021 04 20 06    37  -307 10102   260    20 -9999 -9999     0
2021 04 20 09    48  -189 10107   260    70 -9999 -9999     0
2021 04 20 12    31  -136 10144   210    50 -9999 -9999     0
2021 04 20 15    13  -128 10108   230    30 -9999 -9999     0
2021 04 20 18     8  -116 10048   260    20 -9999 -9999     0
2021 04 20 21   -14   -77 10035    10    20 -9999 -9999     0
