2021 01 01 00  -245  -353 10374     0 -9999 -9999 -9999     0
2021 01 01 03  -159  -319 10374   180    10 -9999 -9999     0
2021 01 01 06   -17  -347 10230   280   110 -9999 -9999     0
2021 01 01 09    -3  -321 10218   270    60 -9999 -9999     0
2021 01 01 12   -38  -291 10285   290    10 -9999 -9999     0
2021 01 01 18  -124  -227 10137    50    10 -9999 -9999     0
2021 01 01 21  -104  -214 10087    70    10 -9999 -9999     0
2021 01 02 00  -145  -233 10169     0 -9999 -9999 -9999     0
2021 01 02 03   -73  -212 10172    60    10 -9999 -9999     0
2021 01 02 06     4  -301 10097   280   100 -9999 -9999     0
2021 01 02 09    -1  -319 10082   280    90 -9999 -9999     0
2021 01 02 12   -39  -301 10178   290    30 -9999 -9999     0
2021 01 02 18  -107  -311 10137   320    10 -9999 -9999     0
2021 01 02 21  -129  -312 10162    70    10 -9999 -9999     0
2021 01 03 00  -140  -302 10212   130    20 -9999 -9999     0
2021 01 03 03   -95  -178 10203   320    40 -9999 -9999     0
2021 01 03 06   -83  -114 10223   360    30 -9999 -9999     2
2021 01 03 09   -48  -152 10188    30    10 -9999 -9999     2
2021 01 03 12   -34  -163 10201   260    70 -9999 -9999     0
2021 01 03 18  -122  -194 10234    90    10 -9999 -9999     0
2021 01 03 21  -132  -201 10208    80    10 -9999 -9999     0
2021 01 04 00   -95  -192 10159   360    10 -9999 -9999     0
2021 01 04 03   -18  -197 10165   280    60 -9999 -9999     0
2021 01 04 06    10  -213 10137   270   100 -9999 -9999     0
2021 01 04 09    26  -231 10116   260    80 -9999 -9999     0
2021 01 04 12     4  -194 10120   280    50 -9999 -9999     0
2021 01 04 18   -45  -167 10082   340    30 -9999 -9999     0
2021 01 04 21   -93  -180 10120     0 -9999 -9999 -9999     0
2021 01 05 00  -127  -199 10185    50    10 -9999 -9999     0
2021 01 05 03   -47  -237 10149   280    10 -9999 -9999     0
2021 01 05 06   -11  -279 10111   290    70 -9999 -9999     0
2021 01 05 09     0  -270 10132   310    60 -9999 -9999     0
2021 01 05 12   -81  -266 10247   120    10 -9999 -9999     0
2021 01 05 18  -147  -274 10177   340    10 -9999 -9999     0
2021 01 05 21  -158  -269 10172   310    10 -9999 -9999     0
2021 01 06 00  -185  -268 -9999    50    10 -9999 -9999     0
2021 01 06 03   -80  -242 10228   280    10 -9999 -9999     0
2021 01 06 06     6  -217 10127   280    70 -9999 -9999     0
2021 01 06 09    14  -241 10112   280    70 -9999 -9999     0
2021 01 06 12   -43  -214 10199   360    10 -9999 -9999     0
2021 01 06 18  -123  -231 10085     0 -9999 -9999 -9999     0
2021 01 06 21  -131  -241 10066     0 -9999 -9999 -9999     0
2021 01 07 00  -107  -229 10099   210    10 -9999 -9999     0
2021 01 07 03   -39  -202 10108   300    40 -9999 -9999     0
2021 01 07 06   -19  -198 10120   270    90 -9999 -9999     0
2021 01 07 09    -5  -233 10119   280    80 -9999 -9999     0
2021 01 07 12   -65  -233 10179   300    20 -9999 -9999     0
2021 01 07 18  -166  -263 10205    80    10 -9999 -9999     0
2021 01 07 21  -187  -268 10198     0 -9999 -9999 -9999     0
2021 01 08 00  -213  -278 10290     0 -9999 -9999 -9999     0
2021 01 08 03  -127  -250 10300   180    10 -9999 -9999     0
2021 01 08 06   -16  -257 10173   310    50 -9999 -9999     0
2021 01 08 09    19  -277 10126   270    70 -9999 -9999     0
2021 01 08 12   -15  -282 10194   280    40 -9999 -9999     0
2021 01 08 18  -121  -282 10107   300    10 -9999 -9999     0
2021 01 08 21  -125  -282 10070   184     3 -9999 -9999 -9999
2021 01 09 00  -170  -286 10159   180    10 -9999 -9999     0
2021 01 09 03   -68  -266 10159   100    10 -9999 -9999     0
2021 01 09 06    16  -306 10075   270   120 -9999 -9999     0
2021 01 09 09    29  -296 -9999   280    80 -9999 -9999     0
2021 01 09 12   -12  -280 10126   300    30 -9999 -9999     0
2021 01 09 18  -122  -291 10059     0 -9999 -9999 -9999     0
2021 01 09 21  -151  -295 10081   220    10 -9999 -9999     0
2021 01 10 00  -127  -274 10122   290    30 -9999 -9999     0
2021 01 10 03   -83  -291 10186   290    50 -9999 -9999     0
2021 01 10 06   -45  -352 10164   310    80 -9999 -9999     0
2021 01 10 09   -36  -346 10181   310    80 -9999 -9999     0
2021 01 10 12   -97  -338 10253   300    20 -9999 -9999     0
2021 01 10 18  -193  -357 10311    70    10 -9999 -9999     0
2021 01 10 21  -226  -365 10348     0 -9999 -9999 -9999     0
2021 01 11 00  -249  -369 10455   220    10 -9999 -9999     0
2021 01 11 03  -161  -362 10440   220    10 -9999 -9999     0
2021 01 11 06  -103  -384 10427   320    30 -9999 -9999     0
2021 01 11 09   -84  -436 10424   320    40 -9999 -9999     0
2021 01 11 12  -159  -416 10532    80    10 -9999 -9999     0
2021 01 11 18  -236  -394 10426     0 -9999 -9999 -9999     0
2021 01 11 21  -257  -376 10397     0 -9999 -9999 -9999     0
2021 01 12 00  -272  -386 -9999     0 -9999 -9999 -9999     0
2021 01 12 03  -190  -354 10472    30    10 -9999 -9999     0
2021 01 12 06   -98  -348 10361   190    10 -9999 -9999     0
2021 01 12 09   -43  -351 -9999   280    20 -9999 -9999     0
2021 01 12 12   -99  -358 10393   310    10 -9999 -9999     0
2021 01 12 18  -210  -363 10341   250    10 -9999 -9999     0
2021 01 12 21  -240  -367 10308   140    10 -9999 -9999     0
2021 01 13 00  -259  -369 10391     0 -9999 -9999 -9999     0
2021 01 13 03  -170  -337 10416   140    10 -9999 -9999     0
2021 01 13 06   -86  -371 10352   320    50 -9999 -9999     0
2021 01 13 09   -62  -398 10355   310    50 -9999 -9999     0
2021 01 13 12  -125  -389 10449    50    10 -9999 -9999     0
2021 01 13 18  -213  -394 10357    90    10 -9999 -9999     0
2021 01 13 21  -239  -388 10352     0 -9999 -9999 -9999     0
2021 01 14 00  -263  -387 10443   160    10 -9999 -9999     0
2021 01 14 03  -167  -361 10441   210    10 -9999 -9999     0
2021 01 14 06 -9999 -9999 -9999     0 -9999 -9999 -9999     0
2021 01 14 09   -13  -412 -9999   260   100 -9999 -9999     0
2021 01 14 12   -67  -384 10353   310    30 -9999 -9999     0
2021 01 14 18   -74  -320 -9999   290    60 -9999 -9999     0
2021 01 14 21  -117  -346 10187   340    30 -9999 -9999     0
2021 01 15 00  -195  -363 -9999   120    10 -9999 -9999     0
2021 01 15 03   -70  -346 10274    70    10 -9999 -9999     0
2021 01 15 06   -28  -355 -9999   260    90 -9999 -9999     0
2021 01 15 09   -28  -373 10171   270    70 -9999 -9999     0
2021 01 15 12   -72  -360 10289    50    10 -9999 -9999     0
2021 01 15 18  -177  -363 10217     0 -9999 -9999 -9999     0
2021 01 15 21  -170  -347 10199   120    10 -9999 -9999     0
2021 01 16 00  -181  -338 10268    30    10 -9999 -9999     0
2021 01 16 03  -116  -331 10320     0 -9999 -9999 -9999     0
2021 01 16 06   -48  -329 10242   290    50 -9999 -9999     0
2021 01 16 09   -39  -348 10230   310    60 -9999 -9999     0
2021 01 16 12  -126  -262 10392    20    70 -9999 -9999     0
2021 01 16 18  -203  -307 10379   270    10 -9999 -9999     0
2021 01 16 21  -227  -309 10405   360    10 -9999 -9999     0
2021 01 17 00  -263  -325 10554    90    10 -9999 -9999     0
2021 01 17 03  -185  -296 10522   310    20 -9999 -9999     0
2021 01 17 06  -121  -295 10488   150    20 -9999 -9999     0
2021 01 17 09   -83  -304 10450   110    10 -9999 -9999     0
2021 01 17 12  -159  -328 10571   320    10 -9999 -9999     0
2021 01 17 18  -238  -347 10481     0 -9999 -9999 -9999     0
2021 01 17 21  -261  -355 10446     0 -9999 -9999 -9999     0
2021 01 18 00  -273  -356 10525     0 -9999 -9999 -9999     0
2021 01 18 03  -187  -324 10488     0 -9999 -9999 -9999     0
2021 01 18 06   -60  -309 10320   150    10 -9999 -9999     0
2021 01 18 09   -14  -303 10260   260    20 -9999 -9999     0
2021 01 18 12   -79  -308 10335    50    10 -9999 -9999     0
2021 01 18 18  -128  -254 10149   200    10 -9999 -9999     0
2021 01 18 21  -141  -218 -9999    80    10 -9999 -9999     0
2021 01 19 00  -189  -242 10220     0 -9999 -9999 -9999     0
2021 01 19 03  -125  -220 10183   200    10 -9999 -9999     0
2021 01 19 06   -37  -180 10096   280    10 -9999 -9999     0
2021 01 19 09   -31  -171 10084   310    20 -9999 -9999     0
2021 01 19 12   -73   -92 10209   160    20 -9999 -9999     0
2021 01 19 18  -133  -165 10141     0 -9999 -9999 -9999     0
2021 01 19 21  -125  -145 10123   300    10 -9999 -9999     4
2021 01 20 00  -158  -176 10206   200    10 -9999 -9999     6
2021 01 20 03  -112  -165 10196   150    10 -9999 -9999     5
2021 01 20 06   -97  -149 10213   160    10 -9999 -9999     4
2021 01 20 09   -86  -144 10184   180    10 -9999 -9999     1
2021 01 20 12  -119  -154 10277   240    20 -9999 -9999     0
2021 01 20 18  -197  -230 10309    70    10 -9999 -9999     0
2021 01 20 21  -212  -248 10313     0 -9999 -9999 -9999     0
2021 01 21 00  -208  -242 10365     0 -9999 -9999 -9999     0
2021 01 21 03  -170  -233 10360   260    10 -9999 -9999     0
2021 01 21 06  -107  -196 10340   130    20 -9999 -9999     0
2021 01 21 09   -94  -214 10330   290    20 -9999 -9999     0
2021 01 21 12  -121  -214 10379    10    20 -9999 -9999     0
2021 01 21 18  -215  -254 10369   150    10 -9999 -9999     0
2021 01 21 21  -231  -271 10348    70    10 -9999 -9999     0
2021 01 22 00  -236  -275 10374    80    10 -9999 -9999     0
2021 01 22 03  -171  -244 10400   160    10 -9999 -9999     0
2021 01 22 06   -73  -212 10276   140    30 -9999 -9999     0
2021 01 22 09   -31  -213 10221   180    20 -9999 -9999     0
2021 01 22 12   -92  -200 10281   120    20 -9999 -9999     0
2021 01 22 18   -96  -213 10088   110    40 -9999 -9999     0
2021 01 22 21   -99  -210 10036    80    10 -9999 -9999     0
2021 01 23 00  -104  -203 10104    80    30 -9999 -9999     0
2021 01 23 03   -83  -192 10124   230    10 -9999 -9999     0
2021 01 23 06    15  -240  9986   260    70 -9999 -9999     0
2021 01 23 09     9  -245  9971   290    20 -9999 -9999     0
2021 01 23 12   -38  -210 10036   150    10 -9999 -9999     0
2021 01 23 18   -86  -201  9949   310    10 -9999 -9999     0
2021 01 23 21  -101  -188  9961     0 -9999 -9999 -9999     0
2021 01 24 00  -131  -192 10055    80    20 -9999 -9999     0
2021 01 24 03   -12  -280  9990   250    60 -9999 -9999     0
2021 01 24 06    13  -308  9974   260   100 -9999 -9999     0
2021 01 24 09     5  -314 10003   270    80 -9999 -9999     0
2021 01 24 12   -87  -235 10188   360    50 -9999 -9999     0
2021 01 24 18  -156  -244 10174   300    20 -9999 -9999     0
2021 01 24 21  -206  -269 10234     0 -9999 -9999 -9999     0
2021 01 25 00  -224  -274 10340     0 -9999 -9999 -9999     0
2021 01 25 03  -164  -242 10329   300    10 -9999 -9999     0
2021 01 25 06   -81  -226 10233   130    10 -9999 -9999     0
2021 01 25 09   -56  -262 10226   360    10 -9999 -9999     0
2021 01 25 12  -110  -252 10308   160    10 -9999 -9999     0
2021 01 25 18  -189  -276 10243   100    10 -9999 -9999     0
2021 01 25 21  -217  -287 10246    70    10 -9999 -9999     0
2021 01 26 00  -234  -296 10323     0 -9999 -9999 -9999     0
2021 01 26 03  -156  -270 10313   170    10 -9999 -9999     0
2021 01 26 06   -54  -273 10204   360    20 -9999 -9999     0
2021 01 26 09 -9999 -9999 -9999     0 -9999 -9999 -9999     0
2021 01 26 12   -76  -313 10266   300    20 -9999 -9999     0
2021 01 26 18  -168  -326 10192    40    10 -9999 -9999     0
2021 01 26 21  -184  -311 -9999   260    10 -9999 -9999     0
2021 01 27 00  -198  -323 10289    80    10 -9999 -9999     0
2021 01 27 03  -134  -306 10340   290    10 -9999 -9999     0
2021 01 27 06   -79  -308 10281   230    20 -9999 -9999     0
2021 01 27 09   -51  -321 10240   320    50 -9999 -9999     0
2021 01 27 12   -95  -329 10303   310    20 -9999 -9999     0
2021 01 27 18  -202  -337 10311   220    10 -9999 -9999     0
2021 01 27 21  -229  -339 10305     0 -9999 -9999 -9999     0
2021 01 28 00  -247  -344 10379     0 -9999 -9999 -9999     0
2021 01 28 03  -156  -312 10380   190    10 -9999 -9999     0
2021 01 28 06   -59  -308 10281   130    20 -9999 -9999     0
2021 01 28 09   -13  -314 -9999   340    20 -9999 -9999     0
2021 01 28 12   -75  -321 10295   100    10 -9999 -9999     0
2021 01 28 18  -166  -334 10200     0 -9999 -9999 -9999     0
2021 01 28 21  -183  -324 10151     0 -9999 -9999 -9999     0
2021 01 29 00  -206  -330 10237   200    10 -9999 -9999     0
2021 01 29 03  -132  -315 10255   200    10 -9999 -9999     0
2021 01 29 06   -64  -321 10171   320    10 -9999 -9999     0
2021 01 29 09   -22  -321 -9999   180    10 -9999 -9999     0
2021 01 29 12   -67  -323 10195    50    80 -9999 -9999     0
2021 01 29 18  -123  -330 10161   130    10 -9999 -9999     0
2021 01 29 21  -133  -338 10122   250    20 -9999 -9999     0
2021 01 30 00  -160  -324 10193   160    20 -9999 -9999     0
2021 01 30 03  -130  -324 10215   300    20 -9999 -9999     0
2021 01 30 06   -81  -295 10164   270    10 -9999 -9999     0
2021 01 30 09   -69  -292 10145   310    40 -9999 -9999     0
2021 01 30 12   -87  -307 10206   360    20 -9999 -9999     0
2021 01 30 18  -130  -238 10186   310    10 -9999 -9999     0
2021 01 30 21  -131  -231 10179   300    20 -9999 -9999     0
2021 01 31 00  -154  -181 10224    90    20 -9999 -9999     0
2021 01 31 03  -119  -231 10242   260    20 -9999 -9999     0
2021 01 31 06  -101  -342 10241   290    50 -9999 -9999     0
2021 01 31 09   -90  -351 10228   290    50 -9999 -9999     0
2021 01 31 12  -113  -360 10294   250    30 -9999 -9999     0
2021 01 31 18  -220  -368 10359    80    10 -9999 -9999     0
2021 01 31 21  -244  -361 10364     0 -9999 -9999 -9999     0
2021 02 01 00  -266  -367 10420     0 -9999 -9999 -9999     0
2021 02 01 03  -177  -339 10440   200    10 -9999 -9999     0
2021 02 01 06   -68  -324 10307   170    20 -9999 -9999     0
2021 02 01 09   -26  -372 -9999   290    60 -9999 -9999     0
2021 02 01 12   -76  -351 10357   310    10 -9999 -9999     0
2021 02 01 18  -172  -354 10282     0 -9999 -9999 -9999     0
2021 02 01 21  -210  -359 10283   230    10 -9999 -9999     0
2021 02 02 00  -229  -354 10370    90    10 -9999 -9999     0
2021 02 02 03  -136  -329 10352     0 -9999 -9999 -9999     0
2021 02 02 06   -40  -302 10261   120    10 -9999 -9999     0
2021 02 02 09   -29  -327 10261    10    20 -9999 -9999     0
2021 02 02 12   -57  -306 10318   320    20 -9999 -9999     0
2021 02 02 18  -162  -321 10272    20    10 -9999 -9999     0
2021 02 02 21  -190  -330 10277   120    10 -9999 -9999     0
2021 02 03 00  -195  -314 10303     0 -9999 -9999 -9999     0
2021 02 03 03  -125  -289 10307   210    10 -9999 -9999     0
2021 02 03 06   -15  -316 10167   150    30 -9999 -9999     0
2021 02 03 09    17  -340 -9999   280    60 -9999 -9999     0
2021 02 03 12   -51  -343 10225   300    10 -9999 -9999     0
2021 02 03 18  -112  -321 10141   280    20 -9999 -9999     0
2021 02 03 21  -140  -307 10135   240    10 -9999 -9999     0
2021 02 04 00  -173  -315 10246     0 -9999 -9999 -9999     0
2021 02 04 03  -123  -292 -9999   300    10 -9999 -9999     0
2021 02 04 06   -56  -289 10205   300    20 -9999 -9999     0
2021 02 04 09   -41  -256 10207   290    40 -9999 -9999     0
2021 02 04 12   -67  -298 10292   350    40 -9999 -9999     0
2021 02 04 18  -178  -323 10318    90    10 -9999 -9999     0
2021 02 04 21  -193  -325 10308     0 -9999 -9999 -9999     0
2021 02 05 00  -221  -326 10361     0 -9999 -9999 -9999     0
2021 02 05 03  -148  -309 10340   240    10 -9999 -9999     0
2021 02 05 06   -48  -290 10260   150    30 -9999 -9999     0
2021 02 05 09   -25  -300 10208   180    10 -9999 -9999     0
2021 02 05 12   -66  -290 10277   120    10 -9999 -9999     0
2021 02 05 18  -173  -315 10211   120    10 -9999 -9999     0
2021 02 05 21  -163  -310 10165     0 -9999 -9999 -9999     0
2021 02 06 00  -169  -301 10220    30    10 -9999 -9999     0
2021 02 06 03  -134  -293 10235     0 -9999 -9999 -9999     0
2021 02 06 06   -37  -173 10188   190    20 -9999 -9999     0
2021 02 06 09   -61  -110 10192   140    10 -9999 -9999 -9999
2021 02 06 12   -90  -148 10235   130    20 -9999 -9999     0
2021 02 06 18  -110  -214 10175    20    30 -9999 -9999     0
2021 02 06 21  -137  -214 10231   330    20 -9999 -9999     0
2021 02 07 00  -171  -225 10317     0 -9999 -9999 -9999     0
2021 02 07 03  -117  -194 10292   290    10 -9999 -9999     0
2021 02 07 06   -52  -222 10244   280    40 -9999 -9999     0
2021 02 07 09   -51  -271 10271   290    50 -9999 -9999     0
2021 02 07 12   -86  -265 10365   290    20 -9999 -9999     0
2021 02 07 18  -192  -294 10379     0 -9999 -9999 -9999     0
2021 02 07 21  -215  -303 10396   100    10 -9999 -9999     0
2021 02 08 00  -226  -302 10452     0 -9999 -9999 -9999     0
2021 02 08 03  -148  -275 10465   260    10 -9999 -9999     0
2021 02 08 06   -39  -254 10354   300    10 -9999 -9999     0
2021 02 08 09    -3  -238 -9999   320    40 -9999 -9999     0
2021 02 08 12   -64  -246 10389   320    10 -9999 -9999     0
2021 02 08 18  -156  -264 10302    90    10 -9999 -9999     0
2021 02 08 21  -189  -274 10285     0 -9999 -9999 -9999     0
2021 02 09 00  -203  -270 10360     0 -9999 -9999 -9999     0
2021 02 09 03  -115  -239 10346   150    10 -9999 -9999     0
2021 02 09 06   -22  -216 10250   250    10 -9999 -9999     0
2021 02 09 12   -37  -234 10258   120    10 -9999 -9999     0
2021 02 09 18   -72  -222 10113   100    20 -9999 -9999     0
2021 02 09 21   -95  -218 10075    90    20 -9999 -9999     0
2021 02 10 00  -145  -233 10190    90    10 -9999 -9999     0
2021 02 10 03   -65  -208 10151   240    20 -9999 -9999     0
2021 02 10 06   -12  -187 10109   310    60 -9999 -9999     0
2021 02 10 09   -16  -191 10131   290    40 -9999 -9999     0
2021 02 11 00  -181  -221 10285     0 -9999 -9999 -9999     0
2021 02 13 12   -66  -253 10349   290    10 -9999 -9999     0
2021 02 13 18  -169  -265 10297    30    10 -9999 -9999     0
2021 02 13 21  -195  -277 10265   120    10 -9999 -9999     0
2021 02 14 00  -215  -281 10325     0 -9999 -9999 -9999     0
2021 02 14 03  -125  -251 10328   200    10 -9999 -9999     0
2021 02 14 06   -17  -236 10202   360    10 -9999 -9999     0
2021 02 14 09    -6  -241 10188   260    10 -9999 -9999     0
2021 02 14 12   -45  -225 10246   230    10 -9999 -9999     0
2021 02 14 18   -68  -137 10098    90    40 -9999 -9999     0
2021 02 14 21  -105  -160 10112   100    10 -9999 -9999     0
2021 02 15 00  -151  -187 10197   140    10 -9999 -9999     0
2021 02 15 03   -76  -146 10147   340    10 -9999 -9999     0
2021 02 15 06   -16  -177 10091   260    70 -9999 -9999 -9999
2021 02 15 09   -34  -197 10149   330    70 -9999 -9999     0
2021 02 15 12   -78  -224 10263   260    10 -9999 -9999     0
2021 02 15 18  -166  -244 10240   150    10 -9999 -9999     0
2021 02 15 21  -195  -253 10275    90    10 -9999 -9999     0
2021 02 16 00  -215  -260 10341   110    10 -9999 -9999     0
2021 02 16 03  -125  -220 10311   170    10 -9999 -9999     0
2021 02 16 06   -34  -237 10216   240    30 -9999 -9999     0
2021 02 16 09    -9  -236 10186   300    30 -9999 -9999     0
2021 02 16 12   -48  -190 10254    70    30 -9999 -9999     0
2021 02 16 18  -108  -204 10162   300    10 -9999 -9999     0
2021 02 16 21  -119  -214 10160   280    20 -9999 -9999     0
2021 02 17 00  -141  -214 10244   330    20 -9999 -9999     0
2021 02 17 03  -112  -203 10271   260    30 -9999 -9999     0
2021 02 17 06   -56  -216 10223   320    30 -9999 -9999     0
2021 02 17 09   -36  -299 10194   310    50 -9999 -9999     0
2021 02 17 12   -86  -330 10288   300    20 -9999 -9999     0
2021 02 17 18  -185  -354 10341   260    10 -9999 -9999     0
2021 02 17 21  -215  -354 10354     0 -9999 -9999 -9999     0
2021 02 18 00  -232  -339 10440     0 -9999 -9999 -9999     0
2021 02 18 03  -156  -304 10441   290    10 -9999 -9999     0
2021 02 18 06   -68  -307 10370   250    20 -9999 -9999     0
2021 02 18 09   -23  -351 10322   300    20 -9999 -9999     0
2021 02 18 12   -73  -374 10395   340    10 -9999 -9999     0
2021 02 18 18  -160  -344 10348     0 -9999 -9999 -9999     0
2021 02 18 21  -174  -336 10307   300    10 -9999 -9999     0
2021 02 19 00  -208  -353 10393     0 -9999 -9999 -9999     0
2021 02 19 03  -117  -313 10347    40    10 -9999 -9999     0
2021 02 19 06   -22  -278 10279   260    20 -9999 -9999     0
2021 02 19 09   -23  -241 10273   280    30 -9999 -9999     0
2021 02 20 18  -162  -363 10292    81     8 -9999 -9999 -9999
2021 02 20 21  -182  -347 10254    61     7 -9999 -9999 -9999
2021 02 21 00  -199  -349 10345    77     6 -9999 -9999 -9999
2021 02 21 18   -55   -88 10091    89    15 -9999 -9999     2
2021 02 21 21  -104  -129 10111    66     3 -9999 -9999     2
2021 02 22 00   -72  -114 10152   280    20 -9999 -9999     0
2021 02 22 03   -49  -123 10184   310    20 -9999 -9999     0
2021 02 22 06    -3  -150 10169   320    20 -9999 -9999     0
2021 02 22 09    24  -286 10164   330    50 -9999 -9999     0
2021 02 22 12   -26  -250 10189    70    10 -9999 -9999     0
2021 02 22 18  -137  -265 10237   110    10 -9999 -9999     0
2021 02 22 21  -125  -262 10168   150    20 -9999 -9999     0
2021 02 23 00  -140  -265 10216    90    20 -9999 -9999     0
2021 02 23 03   -28  -216 10178   150    50 -9999 -9999     0
2021 02 23 06    67  -253 10064   200    80 -9999 -9999     0
2021 02 23 09    62  -244 -9999   250    90 -9999 -9999     0
2021 02 23 12    14  -175 10110   300    30 -9999 -9999     0
2021 02 23 18   -99  -215 10035   230    10 -9999 -9999     0
2021 02 23 21  -124  -227 10044   270    10 -9999 -9999     0
2021 02 24 00  -141  -230 10106   230    10 -9999 -9999     0
2021 02 24 03   -55  -207 10101   130    10 -9999 -9999     0
2021 02 24 06    32  -210 10040   255    88 -9999 -9999 -9999
2021 02 24 09    30  -211 10048   240    80 -9999 -9999     0
2021 02 24 12    -3  -179 10112   350    30 -9999 -9999     0
2021 02 24 18   -44  -198 10029   320    10 -9999 -9999     0
2021 02 24 21  -107  -214 10089    40    10 -9999 -9999     0
2021 02 25 00  -150  -216 10165     0 -9999 -9999 -9999     0
2021 02 25 03   -51  -166 10107   270    10 -9999 -9999     0
2021 02 25 06    -6  -202 10051   280    10 -9999 -9999     0
2021 02 25 09    19  -266 10056   250   100 -9999 -9999     0
2021 02 25 12    -7  -297 10129   270    50 -9999 -9999     0
2021 02 25 18  -103  -225 10122   190    10 -9999 -9999     0
2021 02 25 21  -146  -234 10121    90    10 -9999 -9999     0
2021 02 26 00  -174  -249 10187     0 -9999 -9999 -9999     0
2021 02 26 03   -72  -218 10180    97     8 -9999 -9999 -9999
2021 02 26 06    17  -247 10087   140    20 -9999 -9999     0
2021 02 26 09    39  -250 10045   130    20 -9999 -9999     0
2021 02 26 12     1  -243 10100   360    10 -9999 -9999     0
2021 02 26 18  -116  -269 10041     0 -9999 -9999 -9999     0
2021 02 26 21  -144  -268 10018   210    10 -9999 -9999     0
2021 02 27 00  -168  -275 10081     0 -9999 -9999 -9999     0
2021 02 27 03   -52  -253 10083   220    10 -9999 -9999     0
2021 02 27 06    68  -267  9971   280    90 -9999 -9999     0
2021 02 27 09    93  -285  9939   270    80 -9999 -9999     0
2021 02 27 12    26  -284 -9999   320    20 -9999 -9999     0
2021 02 27 18   -39  -275  9852    80    30 -9999 -9999     0
2021 02 27 21   -80  -270  9849    80    10 -9999 -9999     0
2021 02 28 00  -138  -266  9991   120    10 -9999 -9999     0
2021 02 28 03    35  -253  9950   280    70 -9999 -9999     0
2021 02 28 06    78  -260  9881   280   100 -9999 -9999     0
2021 02 28 09    81  -257  9909   280    90 -9999 -9999     0
2021 02 28 12   -30  -194 10131    20    60 -9999 -9999     0
2021 02 28 18  -110  -211 10108   350    10 -9999 -9999     0
2021 02 28 21  -157  -225 10153    90    10 -9999 -9999     0
2021 03 01 00  -183  -242 10296   130    10 -9999 -9999     0
2021 03 01 03  -100  -210 10262   220    10 -9999 -9999     0
2021 03 01 06   -33  -225 10183    20    20 -9999 -9999     0
2021 03 01 09    19  -228 10119   320    20 -9999 -9999     0
2021 03 01 12   -21  -227 10172   120    10 -9999 -9999     0
2021 03 01 18  -117  -251 10112   230    10 -9999 -9999     0
2021 03 01 21  -150  -253 10089     0 -9999 -9999 -9999     0
2021 03 02 00  -159  -249 10181     0 -9999 -9999 -9999     0
2021 03 02 03   -67  -244 10186   290    20 -9999 -9999     0
2021 03 02 06   -12  -238 10149   320    40 -9999 -9999     0
2021 03 02 09     4  -257 10149   310    40 -9999 -9999     0
2021 03 02 12   -23  -262 10200   320    40 -9999 -9999     0
2021 03 02 18  -137  -256 10220   110    10 -9999 -9999     0
2021 03 02 21  -169  -265 10210     0 -9999 -9999 -9999     0
2021 03 03 00  -197  -275 10267   120    10 -9999 -9999     0
2021 03 03 03   -88  -240 10235   160    20 -9999 -9999     0
2021 03 03 06     1  -318 10164   310    50 -9999 -9999     0
2021 03 03 09    28  -313 10130   270    60 -9999 -9999     0
2021 03 03 12   -18  -318 10178    90    10 -9999 -9999     0
2021 03 03 18   -77  -306 10048   100    20 -9999 -9999     0
2021 03 03 21  -130  -303 10057    40    10 -9999 -9999     0
2021 03 04 00  -157  -309 10155     0 -9999 -9999 -9999     0
2021 03 04 03   -69  -292 10138   330    10 -9999 -9999     0
2021 03 04 06   -17  -274 10092   300    20 -9999 -9999     0
2021 03 04 09    12  -226 10080   320    40 -9999 -9999     0
2021 03 04 12   -10  -217 10138    50    10 -9999 -9999     0
2021 03 04 18   -70  -262 10087   210    10 -9999 -9999     0
2021 03 04 21  -124  -272 10095   120    20 -9999 -9999     0
2021 03 05 00  -149  -264 10154     0 -9999 -9999 -9999     0
2021 03 05 03   -63  -241 10132   140    10 -9999 -9999     0
2021 03 05 06    -2  -282 10083   320    50 -9999 -9999     0
2021 03 05 09    -2  -282 10121   310    60 -9999 -9999     0
2021 03 05 12   -28  -314 10183   340    30 -9999 -9999     0
2021 03 05 18   -81  -234 10165    10    20 -9999 -9999     0
2021 03 05 21   -98  -227 10167   260    20 -9999 -9999     0
2021 03 06 00  -129  -229 10218    90    10 -9999 -9999     0
2021 03 06 03   -60  -254 10193   120    10 -9999 -9999     0
2021 03 06 06   -36  -208 10145   180    60 -9999 -9999     0
2021 03 06 09   -22  -187 10117   230    10 -9999 -9999     0
2021 03 06 12   -39  -189 10163   160    10 -9999 -9999     0
2021 03 06 18   -99  -150 10137    80    20 -9999 -9999     0
2021 03 06 21   -96  -137 10104    50    10 -9999 -9999     0
2021 03 07 00  -112  -149 10163   180    10 -9999 -9999     0
2021 03 07 03   -58  -241 10183   310    70 -9999 -9999     0
2021 03 07 06   -26  -291 10164   320    60 -9999 -9999     0
2021 03 07 09     7  -348 10109   310    70 -9999 -9999     0
2021 03 07 12   -31  -342 10176   340    20 -9999 -9999     0
2021 03 07 18   -81  -317 10144   100    20 -9999 -9999     0
2021 03 07 21  -130  -313 10130     0 -9999 -9999 -9999     0
2021 03 08 00  -151  -312 10202    40    10 -9999 -9999     0
2021 03 08 03   -44  -272 10168   270    20 -9999 -9999     0
2021 03 08 06    23  -225 10080   300    30 -9999 -9999     0
2021 03 08 09    40  -261 10083   280    70 -9999 -9999     0
2021 03 08 12    -6  -227 10167   110    10 -9999 -9999     0
2021 03 08 18  -103  -242 10109     0 -9999 -9999 -9999     0
2021 03 08 21  -111  -239 10099     0 -9999 -9999 -9999     0
2021 03 09 00   -87  -235 10136   340    10 -9999 -9999     0
2021 03 09 03   -58  -109 10187   350    10 -9999 -9999     0
2021 03 09 06    -4  -112 10134   330    20 -9999 -9999     0
2021 03 09 09   -29   -59 10165   290    30 -9999 -9999     9
2021 03 09 12   -50   -71 10180   240    10 -9999 -9999    10
2021 03 09 18  -118  -147 10196    80    10 -9999 -9999    10
2021 03 09 21  -105  -115 10211     0 -9999 -9999 -9999     9
2021 03 10 00  -102  -119 10237    40    20 -9999 -9999     0
2021 03 10 03   -78  -125 10260   130    20 -9999 -9999 -9999
2021 03 10 06   -29   -88 10235   200    10 -9999 -9999    -1
2021 03 10 09   -19  -107 10188    20    30 -9999 -9999     0
2021 03 10 12   -57   -71 10240   320    40 -9999 -9999     4
2021 03 10 18  -108  -127 10237   240    20 -9999 -9999     7
2021 03 10 21  -127  -144 10238   211     5 -9999 -9999 -9999
2021 03 11 00  -145  -158 10314   140    10 -9999 -9999     0
2021 03 11 03   -80  -105 10289   310    10 -9999 -9999     0
2021 03 11 06   -10   -67 10223   290    20 -9999 -9999     0
2021 03 11 09    25  -188 10170   230    20 -9999 -9999     0
2021 03 11 12     9  -174 10204   190    30 -9999 -9999     0
2021 03 11 18   -44  -140 10160    90    20 -9999 -9999     0
2021 03 11 21   -55  -138 10144   140    10 -9999 -9999     0
2021 03 12 00  -103  -160 10230   120    10 -9999 -9999     0
2021 03 12 03    -9  -200 10196    20    20 -9999 -9999     0
2021 03 12 06    33  -255 10177   320    40 -9999 -9999     0
2021 03 12 09    50  -297 10145   300    20 -9999 -9999     0
2021 03 12 12     1  -260 10238   220    10 -9999 -9999     0
2021 03 12 18   -96  -236 10209     0 -9999 -9999 -9999     0
2021 03 12 21  -109  -247 10184    90    10 -9999 -9999     0
2021 03 13 00  -136  -228 10255     0 -9999 -9999 -9999     0
2021 03 13 03   -20  -214 10216    20    10 -9999 -9999     0
2021 03 13 06    82  -206 10102   260    40 -9999 -9999     0
2021 03 13 09    69  -180 10092   270    60 -9999 -9999     0
2021 03 13 12    22  -116 10168   199    17 -9999 -9999 -9999
2021 03 13 18   -52  -133 10061   160    10 -9999 -9999     0
2021 03 13 21   -73  -195 10091   170    10 -9999 -9999     0
2021 03 14 00  -113  -222 10190   100    10 -9999 -9999     0
2021 03 14 03   -34  -202 10180   310    20 -9999 -9999     0
2021 03 14 06    32  -280 10114   240    30 -9999 -9999     0
2021 03 14 09    59  -290 10070   330    30 -9999 -9999     0
2021 03 14 12    -1  -293 10165    90    20 -9999 -9999     0
2021 03 14 18   -89  -263 10122   120    10 -9999 -9999     0
2021 03 14 21  -111  -257 10096    90    10 -9999 -9999     0
2021 03 15 00   -91  -260 10133   110    20 -9999 -9999     0
2021 03 15 03    15  -203 10092   140    30 -9999 -9999     0
2021 03 15 06    60  -204 10059   190    20 -9999 -9999     0
2021 03 15 09    71  -281 10047   350    30 -9999 -9999     0
2021 03 15 12    38  -240 10067    30    10 -9999 -9999     0
2021 03 15 18   -24  -193 10014   280    10 -9999 -9999     0
2021 03 15 21   -74  -170 10045   270    10 -9999 -9999     0
2021 03 16 00  -102  -167 10107     0 -9999 -9999 -9999     0
2021 03 16 03    17  -136 10071   213    12 -9999 -9999 -9999
2021 03 16 06    63  -243  9993    20    30 -9999 -9999     0
2021 03 16 09    67  -240 10012   240    70 -9999 -9999     0
2021 03 16 12    37  -178 10076   260    40 -9999 -9999     0
2021 03 16 18   -30  -153 10004   110    20 -9999 -9999     0
2021 03 16 21   -70  -169 10027     0 -9999 -9999 -9999     0
2021 03 17 00  -107  -178 10106   180    10 -9999 -9999     0
2021 03 17 03    24  -172 10049    80    20 -9999 -9999     0
2021 03 17 06    57  -261 10007   260    50 -9999 -9999     0
2021 03 17 09    66  -305 10005   250    40 -9999 -9999     0
2021 03 17 12    27  -271 10080   200    10 -9999 -9999     0
2021 03 17 18   -33  -225  9995   130    10 -9999 -9999     0
2021 03 17 21   -55  -189 10000    90    10 -9999 -9999     0
2021 03 18 00   -61  -178 10057   100    10 -9999 -9999     0
2021 03 18 03    41  -147 10005   170    50 -9999 -9999     0
2021 03 18 06    65  -175  9975   270    60 -9999 -9999     0
2021 03 18 09    48  -136  9986   220    40 -9999 -9999     0
2021 03 18 12    -4   -52 10073   270    40 -9999 -9999 -9999
2021 03 18 18   -40   -76 10027   330    10 -9999 -9999     2
2021 03 18 21   -91  -118 10090    80    20 -9999 -9999     0
2021 03 19 00  -105  -136 10171   250    10 -9999 -9999     0
2021 03 19 03   -18  -152 10130   310    40 -9999 -9999     0
2021 03 19 06    23  -196 10073   240    60 -9999 -9999     0
2021 03 19 09    47  -268 10058   260    80 -9999 -9999     0
2021 03 19 12     8  -229 10121   290    10 -9999 -9999     0
2021 03 19 18   -94  -234 10109   140    10 -9999 -9999     0
2021 03 19 21   -99  -212 10087   220    10 -9999 -9999     0
2021 03 20 00   -98  -203 10132     0 -9999 -9999 -9999     0
2021 03 20 03   -13  -239 10106   310    20 -9999 -9999     0
2021 03 20 06    27  -298 10092   280    80 -9999 -9999     0
2021 03 20 09    31  -295 10068   270    80 -9999 -9999     0
2021 03 20 12     5  -288 10103   280    30 -9999 -9999     0
2021 03 20 18   -84  -237 10129   290    20 -9999 -9999     0
2021 03 20 21  -129  -240 10171    90    10 -9999 -9999     0
2021 03 21 00  -158  -241 10245     0 -9999 -9999 -9999     0
2021 03 21 03   -71  -243 10216   350    20 -9999 -9999     0
2021 03 21 06   -10  -360 10167   290    90 -9999 -9999     0
2021 03 21 09    13  -394 10171   300    80 -9999 -9999     0
2021 03 21 12   -17  -365 10231   290    30 -9999 -9999     0
2021 03 21 18  -146  -349 10243     0 -9999 -9999 -9999     0
2021 03 21 21  -160  -320 10227   190    10 -9999 -9999     0
2021 03 22 00  -162  -309 10272   140    10 -9999 -9999     0
2021 03 22 03   -50  -320 10279   360    10 -9999 -9999     0
2021 03 22 06    34  -379 10211   300    30 -9999 -9999     0
2021 03 22 09    58  -402 10181   280    50 -9999 -9999     0
2021 03 22 12    14  -343 10233   270    20 -9999 -9999     0
2021 03 22 18  -122  -343 10200     0 -9999 -9999 -9999     0
2021 03 22 21  -148  -318 10195   160    10 -9999 -9999     0
2021 03 23 00  -163  -322 10261    70    10 -9999 -9999     0
2021 03 23 03   -34  -307 10200   170    10 -9999 -9999     0
2021 03 23 06    86  -290 10117   150    20 -9999 -9999     0
2021 03 23 09    85  -291 10108    20    20 -9999 -9999     0
2021 03 23 12    58  -260 10146   220    10 -9999 -9999     0
2021 03 23 18    -5  -152 10008   100    20 -9999 -9999     0
2021 03 23 21   -38  -127 10025   110    20 -9999 -9999     0
2021 03 24 00   -81  -141 10097   100    10 -9999 -9999     0
2021 03 24 03    41  -119 10058   140    10 -9999 -9999     0
2021 03 24 06    69  -180  9984   330    30 -9999 -9999     0
2021 03 24 09    75  -175  9972   240    30 -9999 -9999     0
2021 03 24 12    26   -79 10068   280    30 -9999 -9999     0
2021 03 24 18   -62  -119 10009     0 -9999 -9999 -9999     0
2021 03 24 21   -75  -123 10009   284    18 -9999 -9999 -9999
2021 03 25 00   -78  -123 10060     0 -9999 -9999 -9999     0
2021 03 25 03     5   -95 10058   330    10 -9999 -9999     0
2021 03 25 06    46   -95 10021   100    30 -9999 -9999     0
2021 03 25 09    17   -71 10051   330    40 -9999 -9999 -9999
2021 03 25 12   -18   -58 10112   160    10 -9999 -9999     0
2021 03 25 18   -69  -102 10100   340    20 -9999 -9999    20
2021 03 25 21   -86  -108 10131   120    10 -9999 -9999     0
2021 03 26 00   -92  -114 10174     0 -9999 -9999 -9999     0
2021 03 26 03   -36  -111 10169   200    10 -9999 -9999     0
2021 03 26 06    -4   -98 10128   130    30 -9999 -9999     0
2021 03 26 09    -8   -97 10132   180    30 -9999 -9999     0
2021 03 26 12   -43   -84 10186   230    20 -9999 -9999     0
2021 03 26 18   -64   -76 10153   310    20 -9999 -9999     4
2021 03 26 21   -75   -94 10177   310    10 -9999 -9999     3
2021 03 27 00  -132  -156 -9999     0 -9999 -9999 -9999     0
2021 03 27 03   -54  -111 10243   140    20 -9999 -9999     0
2021 03 27 06    14  -160 10165   230    30 -9999 -9999     0
2021 03 27 09    43  -173 10110   230    70 -9999 -9999     0
2021 03 27 12    14  -180 10181   160    20 -9999 -9999     0
2021 03 27 18   -55  -170 10095    90    40 -9999 -9999     0
2021 03 27 21   -52  -164 10040    80    30 -9999 -9999     0
2021 03 28 00   -40  -172 10050   120    40 -9999 -9999     0
2021 03 28 03    31  -189 10041   310    30 -9999 -9999     0
2021 03 28 06    62  -151 10040   250    90 -9999 -9999     0
2021 03 28 09    64  -242 10011   330    40 -9999 -9999     0
2021 03 28 12    36  -264 10020   270    10 -9999 -9999     0
2021 03 28 18   -46  -212 10002   110    10 -9999 -9999     0
2021 03 28 21   -62  -202 10005   270    10 -9999 -9999     0
2021 03 29 00  -100  -192 10083     0 -9999 -9999 -9999     0
2021 03 29 03    39  -176 10022   150    20 -9999 -9999     0
2021 03 29 06    82  -242  9968   250    40 -9999 -9999     0
2021 03 29 09    88  -237  9928   270    30 -9999 -9999     0
2021 03 29 12    62  -193  9984   210    40 -9999 -9999     0
2021 03 29 18   -16  -134  9896   150    20 -9999 -9999     0
2021 03 29 21   -23  -141  9874    80    20 -9999 -9999     0
2021 03 30 00   -17  -138  9888   130    20 -9999 -9999     0
2021 03 30 03    38  -126  9868   160    40 -9999 -9999     0
2021 03 30 06    82  -141  9842   230    70 -9999 -9999     0
2021 03 30 09    79  -125  9832   230    50 -9999 -9999     0
2021 03 30 12    13   -58  9926   290    20 -9999 -9999     0
2021 03 30 18   -43   -89  9918   270    30 -9999 -9999     1
2021 03 30 21   -66   -80  9927   290    20 -9999 -9999    10
2021 03 31 00   -69   -83 10006   290    30 -9999 -9999    20
2021 03 31 03   -46   -91 10041   310    30 -9999 -9999     7
2021 03 31 06   -51   -65 10034   290    30 -9999 -9999    10
2021 03 31 09   -41   -55 10022   290    40 -9999 -9999    30
2021 03 31 12   -50   -62 10058   300    20 -9999 -9999    20
2021 03 31 18   -84   -96 10088   120    10 -9999 -9999     0
2021 03 31 21   -73   -88 10047   310    10 -9999 -9999     0
2021 04 01 00   -69   -80 10037   280    10 -9999 -9999     9
2021 04 01 03   -49   -73 10019   320    30 -9999 -9999    10
2021 04 01 06   -31   -66 10006   320    20 -9999 -9999     3
2021 04 01 09   -30   -58 10000   270    30 -9999 -9999    10
2021 04 01 12   -38   -56 10012   340    20 -9999 -9999    20
2021 04 01 18   -78  -123 10062    40    50 -9999 -9999    10
2021 04 01 21   -87  -132 10075   320    20 -9999 -9999     7
2021 04 02 00   -98  -124 10106   290    30 -9999 -9999     2
2021 04 02 03   -76  -114 10118   210    10 -9999 -9999    20
2021 04 02 06   -56  -111 10109   300    20 -9999 -9999    30
2021 04 02 09   -51  -105 10105   150    20 -9999 -9999    20
2021 04 02 12   -65  -109 10132   100    20 -9999 -9999     0
2021 04 02 18   -91  -124 10120    90    20 -9999 -9999     0
2021 04 02 21   -88  -113 10096   260    10 -9999 -9999     0
2021 04 03 00  -102  -125 10127   130    10 -9999 -9999     0
2021 04 03 03   -25  -105 10092   190    60 -9999 -9999     0
2021 04 03 06   -17   -64 10095   280    50 -9999 -9999     0
2021 04 03 09     6  -108 10066   250    90 -9999 -9999     2
2021 04 03 12    -9  -122 10101   201    19 -9999 -9999     2
2021 04 03 18   -42  -124 10075   310    20 -9999 -9999     0
2021 04 03 21   -51   -80 10059   140    10 -9999 -9999     0
2021 04 04 00   -50   -91 10088   110    30 -9999 -9999     0
2021 04 04 03   -43  -142 10157   310    40 -9999 -9999     0
2021 04 04 06   -23  -144 10142   270    60 -9999 -9999     0
2021 04 04 09   -27  -138 10154   280    60 -9999 -9999     0
2021 04 04 12   -43  -156 10186   250    40 -9999 -9999     0
2021 04 04 18   -78  -146 10189   100    30 -9999 -9999     0
2021 04 04 21   -86  -172 10180    80    40 -9999 -9999     0
2021 04 05 00   -80  -178 10208    60    30 -9999 -9999     0
2021 04 05 03   -13  -188 10179   180    50 -9999 -9999     0
2021 04 05 06    39  -159 10133   250    30 -9999 -9999     0
2021 04 05 09    54  -158 10105   270    50 -9999 -9999     0
2021 04 05 12     9  -156 10151   190    60 -9999 -9999     0
2021 04 05 18   -30  -135 10078    90    30 -9999 -9999     0
2021 04 05 21   -33  -156 10053   110    40 -9999 -9999     0
2021 04 06 00   -29  -146 10094   150    40 -9999 -9999     0
2021 04 06 03    27  -154 10078   150    40 -9999 -9999     0
2021 04 06 06    71  -138 10033   250    40 -9999 -9999     0
2021 04 06 09    66  -115 10014   160    40 -9999 -9999     0
2021 04 06 12    20   -79 10079   280    40 -9999 -9999     0
2021 04 06 18   -20   -55 10061   280    10 -9999 -9999     0
2021 04 06 21   -22   -59 10067   250    20 -9999 -9999     0
2021 04 07 00   -32   -68 10132   290    20 -9999 -9999     0
2021 04 07 03     4   -71 10132   290    20 -9999 -9999     0
2021 04 07 06    51   -91 10068   230    40 -9999 -9999     0
2021 04 07 09    63  -144 10025   250    50 -9999 -9999     0
2021 04 07 12    32  -119 10078    10    50 -9999 -9999     0
2021 04 07 18   -26   -85 10052    90    10 -9999 -9999     0
2021 04 07 21   -16   -92 10013   150    30 -9999 -9999     0
2021 04 08 00    -8  -107 10040   130    20 -9999 -9999     0
2021 04 08 03    31   -80 10035   200    50 -9999 -9999     0
2021 04 08 06    62   -97 10016   260    60 -9999 -9999     0
2021 04 08 09    57   -75  9989   300    60 -9999 -9999     0
2021 04 08 12     3   -63 10048   320    50 -9999 -9999     0
2021 04 08 18   -28   -87 10038   290    30 -9999 -9999     0
2021 04 08 21   -72   -99 10073   120    10 -9999 -9999     0
2021 04 09 00   -74   -90 10131     0 -9999 -9999 -9999     0
2021 04 09 03    18   -86 10061   150    40 -9999 -9999     0
2021 04 09 06    70  -179  9998   250    60 -9999 -9999     0
2021 04 09 09    54  -104 10041   240    60 -9999 -9999     0
2021 04 09 12    36  -141 10057   230    50 -9999 -9999     0
2021 04 09 18   -35  -122 10006    90    10 -9999 -9999     0
2021 04 09 21   -56  -115 10030     0 -9999 -9999 -9999     0
2021 04 10 00   -68  -119 10065     0 -9999 -9999 -9999     0
2021 04 10 03    38  -118 10013   300    20 -9999 -9999     0
2021 04 10 06    70  -226 10015   250    80 -9999 -9999     0
2021 04 10 09    50  -161 10045   250    80 -9999 -9999     0
2021 04 10 12    -9   -86 10145   330    30 -9999 -9999 -9999
2021 04 10 18   -56   -92 10077   340    10 -9999 -9999     0
2021 04 10 21   -81  -106 10122   230    10 -9999 -9999     0
2021 04 11 00   -84  -109 10198   110    10 -9999 -9999     0
2021 04 11 03     1  -158 10141   290    40 -9999 -9999     0
2021 04 11 06    32  -226 10126   280    60 -9999 -9999     0
2021 04 11 09    37  -206 10128   250    80 -9999 -9999     0
2021 04 11 12    20  -180 10148   230    40 -9999 -9999     0
2021 04 11 18   -68  -139 10145     0 -9999 -9999 -9999     0
2021 04 11 21   -80  -132 10137   100    20 -9999 -9999     0
2021 04 12 00   -90  -133 10173   130    10 -9999 -9999     0
2021 04 12 03     7  -130 10145   330    10 -9999 -9999     0
2021 04 12 06    50  -195 10114   250    40 -9999 -9999     0
2021 04 12 09    55  -191 10090   330    40 -9999 -9999     0
2021 04 12 12    41  -188 10117   320    40 -9999 -9999     0
2021 04 12 18   -34  -105 10087   110    30 -9999 -9999     0
2021 04 12 21   -45   -93 10074   100    20 -9999 -9999     0
2021 04 13 00   -70  -103 10119     0 -9999 -9999 -9999     0
2021 04 13 03     9  -103 10087   340    20 -9999 -9999     0
2021 04 13 06    44  -125 10074   340    30 -9999 -9999     0
2021 04 13 09    45  -124 10058   350    20 -9999 -9999     0
2021 04 13 12   -18   -55 10171   300    40 -9999 -9999 -9999
2021 04 13 18   -47   -88 10110     0 -9999 -9999 -9999    20
2021 04 13 21   -95  -114 10138   360    10 -9999 -9999     0
2021 04 14 00  -104  -130 10218     0 -9999 -9999 -9999     0
2021 04 14 03   -35   -80 10188   140    20 -9999 -9999     0
2021 04 14 06    30  -142 10108   240    70 -9999 -9999     0
2021 04 14 09    36  -161 10115   240    80 -9999 -9999     0
2021 04 14 12   -15   -64 10191   340    20 -9999 -9999     0
2021 04 14 18   -51   -71 10112   320    10 -9999 -9999     8
2021 04 14 21   -62   -83 10106   300    10 -9999 -9999     8
2021 04 15 00   -81   -94 10191    90    10 -9999 -9999     0
2021 04 15 03   -33   -73 10185   140    20 -9999 -9999     0
2021 04 15 06    30  -121 10115   290    40 -9999 -9999     0
2021 04 15 09    51  -202 10076   280    60 -9999 -9999     0
2021 04 15 12    19  -156 10136   310    30 -9999 -9999     0
2021 04 15 18   -50  -118 10126    60    10 -9999 -9999     0
2021 04 15 21   -84  -127 10134   100    10 -9999 -9999     0
2021 04 16 00   -81  -117 10176   100    10 -9999 -9999     0
2021 04 16 03    12  -141 10142   220    10 -9999 -9999     0
2021 04 16 06    70  -205 10091   270    50 -9999 -9999     0
2021 04 16 09    87  -191 10072   330    20 -9999 -9999     0
2021 04 16 12    59  -166 10091   200    40 -9999 -9999     0
2021 04 16 18   -23  -113 10046     0 -9999 -9999 -9999     0
2021 04 16 21   -47  -113 10047     0 -9999 -9999 -9999     0
2021 04 17 00   -52  -113 10090   220    10 -9999 -9999     0
2021 04 17 03    28  -135 10049   310    20 -9999 -9999     0
2021 04 17 06    78  -115 10021   260    20 -9999 -9999     0
2021 04 17 09    16   -20 10107   150    10 -9999 -9999     6
2021 04 17 12    16   -31 10127   190    20 -9999 -9999     6
2021 04 17 18   -38   -55 10069   110    20 -9999 -9999     0
2021 04 17 21   -51   -71 10128    50    10 -9999 -9999     0
2021 04 18 00   -49   -54 10121   130    10 -9999 -9999     0
2021 04 18 03    36   -67 10064   150    40 -9999 -9999     0
2021 04 18 06    93   -92  9990   200    50 -9999 -9999     0
2021 04 18 09   108  -113  9937   220    50 -9999 -9999     0
2021 04 18 12    62   -67  9979   170    40 -9999 -9999     0
2021 04 18 18    -7   -24  9933     0 -9999 -9999 -9999    20
2021 04 18 21   -28   -38  9930    80    10 -9999 -9999     0
2021 04 19 00   -23   -36  9977   230    10 -9999 -9999     0
2021 04 19 03    -8   -33 10028   290    20 -9999 -9999 -9999
2021 04 19 06     4   -21 10009   210    20 -9999 -9999    20
2021 04 19 09    11   -34 10010   100    10 -9999 -9999    20
2021 04 19 12    -7   -23 10037    80    10 -9999 -9999    -1
2021 04 19 18   -52   -76 10080     0 -9999 -9999 -9999    20
2021 04 19 21   -43   -54 10049    80    10 -9999 -9999     0
2021 04 20 00   -40   -55 10090    90    20 -9999 -9999     0
2021 04 20 03   -13   -53 10095    40    20 -9999 -9999     0
2021 04 20 06    25   -34 10061   320    50 -9999 -9999 -9999
2021 04 20 09     7   -64 10084   310    30 -9999 -9999 -9999
2021 04 20 12   -28   -47 10145   180    10 -9999 -9999    10
2021 04 20 18   -58   -78 10142     0 -9999 -9999 -9999     0
2021 04 20 21   -91  -110 10186   130    10 -9999 -9999     0
