2021 01 01 00  -137  -204 10297   130    30 -9999 -9999     0
2021 01 01 03   -82  -183 10294   190    20 -9999 -9999     0
2021 01 01 06    -2  -205 10198   260    50 -9999 -9999     3
2021 01 01 09    22  -243 10166   320    50 -9999 -9999     3
2021 01 01 12   -17  -243 10230   270    10 -9999 -9999     0
2021 01 01 18   -73  -205 10159   360    20 -9999 -9999     0
2021 01 01 21   -98  -180 10157   340    30 -9999 -9999     0
2021 01 02 00  -116  -184 10199   300    10 -9999 -9999     0
2021 01 02 03   -73  -167 10192   340    10 -9999 -9999     0
2021 01 02 06   -12  -178 10128   290    10 -9999 -9999     0
2021 01 02 09    15  -216 10124    80    40 -9999 -9999     0
2021 01 02 12   -19  -184 10185   100    80 -9999 -9999     0
2021 01 02 18   -58  -192 10180    50    60 -9999 -9999     0
2021 01 02 21   -70  -189 10180   360    30 -9999 -9999     0
2021 01 03 00   -95  -145 10223   210    10 -9999 -9999     0
2021 01 03 03   -44  -183 10200   200    60 -9999 -9999     0
2021 01 03 06     3  -179 10140   280    30 -9999 -9999     0
2021 01 03 09    29  -179 10129   320    70 -9999 -9999     0
2021 01 03 12   -17  -166 10207   320    40 -9999 -9999     0
2021 01 03 18   -52  -135 10146   160    40 -9999 -9999     0
2021 01 03 21   -67  -145 10135   170    30 -9999 -9999     0
2021 01 04 00   -71  -142 10180   150    30 -9999 -9999     0
2021 01 04 03     6  -135 10148   210    40 -9999 -9999     0
2021 01 04 06    73  -155 10063   290   120 -9999 -9999     0
2021 01 04 09    58  -167 10088   350    50 -9999 -9999     0
2021 01 04 12    12  -187 10148    20    60 -9999 -9999     0
2021 01 04 18   -44  -148 10088    80    60 -9999 -9999     0
2021 01 04 21   -74  -151 10124   110   100 -9999 -9999     0
2021 01 05 00   -70  -130 10172   120    30 -9999 -9999     0
2021 01 05 03   -24  -133 10162   160    40 -9999 -9999     0
2021 01 05 06    41  -152 10089   310    70 -9999 -9999     0
2021 01 05 09    20  -180 10136   360    90 -9999 -9999     0
2021 01 05 12   -15  -190 10189    30    40 -9999 -9999     0
2021 01 05 18   -65  -198 10125   180    10 -9999 -9999     0
2021 01 05 21   -78  -220 10127    40    10 -9999 -9999     0
2021 01 06 00   -98  -203 10166   150    10 -9999 -9999     0
2021 01 06 03   -62  -185 10162   310    20 -9999 -9999     0
2021 01 06 06    18  -200 10069   300    20 -9999 -9999     0
2021 01 06 09    25  -194 10065   300    20 -9999 -9999     0
2021 01 06 12    -1  -156 10126   350    30 -9999 -9999     0
2021 01 06 18   -72  -161 10093   100    50 -9999 -9999     0
2021 01 06 21   -91  -156 10092    70    50 -9999 -9999     0
2021 01 07 00  -117  -161 10135    90    80 -9999 -9999     0
2021 01 07 03   -59  -149 10123   100    60 -9999 -9999     0
2021 01 07 06   -42  -158 10111    80    80 -9999 -9999     0
2021 01 07 09   -53  -159 10162    80    90 -9999 -9999     0
2021 01 07 12  -104  -159 10287    90    80 -9999 -9999 -9999
2021 01 07 18  -129  -159 10263     0 -9999 -9999 -9999     0
2021 01 07 21  -138  -162 10272   100    20 -9999 -9999     0
2021 01 08 00  -148  -163 10328   150    20 -9999 -9999     0
2021 01 08 03   -90  -131 10306   190    20 -9999 -9999     0
2021 01 08 06   -27  -133 10212   330    30 -9999 -9999     0
2021 01 08 09    -4  -180 10183    50    20 -9999 -9999     0
2021 01 08 12   -34  -163 10231   100    60 -9999 -9999     0
2021 01 08 18   -79  -154 10176   180    20 -9999 -9999     0
2021 01 08 21  -105  -154 10161   344    12 -9999 -9999 -9999
2021 01 09 00   -95  -154 10176    40    10 -9999 -9999     0
2021 01 09 03   -53  -127 10172   170    30 -9999 -9999     0
2021 01 09 06     4  -136 10094   260    20 -9999 -9999     0
2021 01 09 09    13  -140 10100    10    60 -9999 -9999     0
2021 01 09 12   -49  -142 10185    70    70 -9999 -9999     0
2021 01 09 18   -93  -139 10147   130    20 -9999 -9999     0
2021 01 09 21  -106  -143 10127   100    70 -9999 -9999     0
2021 01 10 00  -119  -150 10192   100    50 -9999 -9999     0
2021 01 10 03   -85  -145 10227   100    30 -9999 -9999     0
2021 01 10 06   -46  -142 10170    70    30 -9999 -9999     0
2021 01 10 09   -53  -156 10192    60    60 -9999 -9999     0
2021 01 10 12  -104  -181 10306    20    50 -9999 -9999     0
2021 01 10 18  -156  -300 10335   350   140 -9999 -9999     0
2021 01 10 21  -183  -306 10369   360    40 -9999 -9999     0
2021 01 11 00  -201  -300 10444   130    10 -9999 -9999     0
2021 01 11 03  -145  -269 10448   320    20 -9999 -9999     0
2021 01 11 06   -79  -353 10373   310   120 -9999 -9999     0
2021 01 11 09   -60  -350 10364   310   110 -9999 -9999     0
2021 01 11 12   -95  -294 10439   340   130 -9999 -9999     0
2021 01 11 18  -155  -269 10389   130    20 -9999 -9999     0
2021 01 11 21  -169  -273 10353   140    20 -9999 -9999     0
2021 01 12 00  -173  -280 10382   150    20 -9999 -9999     0
2021 01 12 03   -89  -245 10353   230    20 -9999 -9999     0
2021 01 12 06   -30  -294 10273   290    60 -9999 -9999     0
2021 01 12 09   -17  -301 10249   320    30 -9999 -9999     0
2021 01 12 12   -53  -295 10298    70    30 -9999 -9999     0
2021 01 12 18  -112  -269 10247   140    20 -9999 -9999     0
2021 01 12 21  -147  -256 10259   150    20 -9999 -9999     0
2021 01 13 00  -147  -262 10287   150    10 -9999 -9999     0
2021 01 13 03   -91  -228 10291   170    20 -9999 -9999     0
2021 01 13 06   -22  -240 10206   310    20 -9999 -9999     0
2021 01 13 09    -8  -276 10212   330    50 -9999 -9999     0
2021 01 13 12   -68  -240 10296   340    40 -9999 -9999     0
2021 01 13 18  -127  -263 10262   150    10 -9999 -9999     0
2021 01 13 21  -143  -258 10253   140    30 -9999 -9999     0
2021 01 14 00  -145  -269 10295   190    40 -9999 -9999     0
2021 01 14 03   -62  -255 10274   250    40 -9999 -9999     0
2021 01 14 06    25  -316 10170   280   120 -9999 -9999     0
2021 01 14 09    28  -332 10166   300   160 -9999 -9999     0
2021 01 14 12   -24  -263 10232   260    30 -9999 -9999     0
2021 01 14 18   -75  -256 10139   150    10 -9999 -9999     0
2021 01 14 21  -103  -253 10150   270    40 -9999 -9999     0
2021 01 15 00   -68  -260 10186   330    60 -9999 -9999     0
2021 01 15 06    34  -351 10122   290   170 -9999 -9999     0
2021 01 15 09    39  -347 10127   310   170 -9999 -9999     0
2021 01 15 12   -19  -295 10175   320    40 -9999 -9999     0
2021 01 15 18   -87  -239 10153   150    20 -9999 -9999     0
2021 01 15 21  -105  -240 10157   350    30 -9999 -9999     0
2021 01 16 00   -83  -211 10187    80    40 -9999 -9999     0
2021 01 16 03   -58  -195 10217   360    30 -9999 -9999     0
2021 01 16 06    -9  -205 10179   330    60 -9999 -9999     0
2021 01 16 09     1  -221 10185   350    50 -9999 -9999     0
2021 01 16 12   -64  -166 10269    70    80 -9999 -9999     0
2021 01 16 18  -132  -180 10334   340    20 -9999 -9999     0
2021 01 16 21  -148  -187 10334   250    10 -9999 -9999     0
2021 01 17 00  -154  -191 10405   330    20 -9999 -9999     0
2021 01 17 03  -107  -214 10405   320    90 -9999 -9999     0
2021 01 17 06   -62  -280 10367   310    90 -9999 -9999     0
2021 01 17 09   -38  -291 10353   310    60 -9999 -9999     0
2021 01 17 12   -85  -269 10413   290    20 -9999 -9999     0
2021 01 17 18  -125  -255 10363   150    10 -9999 -9999     0
2021 01 17 21  -154  -252 10353   140    30 -9999 -9999     0
2021 01 18 00  -160  -260 10390   160    40 -9999 -9999     0
2021 01 18 03   -70  -237 10338   170    60 -9999 -9999     0
2021 01 18 06    -5  -284 10232   250    60 -9999 -9999     0
2021 01 18 09    13  -308 10209   250    60 -9999 -9999     0
2021 01 18 12   -49  -291 10260   160    40 -9999 -9999     0
2021 01 18 18   -92  -265 10153   130    20 -9999 -9999     0
2021 01 18 21   -95  -263 10129   140    30 -9999 -9999     0
2021 01 19 00   -95  -246 10180   170    20 -9999 -9999     0
2021 01 19 03   -35  -232 10166   160    30 -9999 -9999     0
2021 01 19 06    28  -206 10093   320    40 -9999 -9999     0
2021 01 19 09    39  -204 10078   350    50 -9999 -9999     0
2021 01 19 12    10  -207 10118    70    60 -9999 -9999     0
2021 01 19 18   -29  -156 10060   180    10 -9999 -9999     0
2021 01 19 21   -45  -187 10050   100    70 -9999 -9999     0
2021 01 20 00   -81  -114 10130   100    40 -9999 -9999     0
2021 01 20 03   -52  -111 10141   120    30 -9999 -9999     0
2021 01 20 06   -18  -124 10112   290    60 -9999 -9999     0
2021 01 20 09   -11  -118 10113   360    40 -9999 -9999     0
2021 01 20 12   -51  -125 10197   360    50 -9999 -9999     0
2021 01 20 18   -67  -142 10189    70    50 -9999 -9999     0
2021 01 20 21   -78  -142 10189    80    20 -9999 -9999     0
2021 01 21 00  -101  -144 10263   350    30 -9999 -9999     0
2021 01 21 03   -62  -127 10256   310    10 -9999 -9999     0
2021 01 21 06   -12  -166 10181   260    30 -9999 -9999     0
2021 01 21 09   -15  -164 10183   330    40 -9999 -9999     0
2021 01 21 12   -39  -161 10240    30    30 -9999 -9999     0
2021 01 21 18   -78  -121 10200   150    40 -9999 -9999     0
2021 01 21 21   -91  -112 10201   210    10 -9999 -9999     0
2021 01 22 00  -115  -125 10244   200    20 -9999 -9999     0
2021 01 22 03   -56  -197 10204   290    90 -9999 -9999     0
2021 01 22 06   -20  -252 10154   300   120 -9999 -9999     0
2021 01 22 09    -4  -255 10141   290   120 -9999 -9999     0
2021 01 22 12   -57  -251 10226   210    10 -9999 -9999     0
2021 01 22 18   -98  -203 10170   140    40 -9999 -9999     0
2021 01 22 21   -81  -185 10119   140    40 -9999 -9999     0
2021 01 23 00   -66  -180 10143   130    60 -9999 -9999     0
2021 01 23 03   -25  -162 10138   160    40 -9999 -9999     0
2021 01 23 06    52  -172 10047   240    70 -9999 -9999     0
2021 01 23 09    58  -167 10014   310    40 -9999 -9999     0
2021 01 23 12     4  -173 10076    80    50 -9999 -9999     0
2021 01 23 18   -32  -158  9994   100   110 -9999 -9999     0
2021 01 23 21   -48  -149  9977   110   100 -9999 -9999     0
2021 01 24 00   -67  -149 10042   110   120 -9999 -9999     0
2021 01 24 03   -13  -132 10041   120    70 -9999 -9999     0
2021 01 24 06    37  -131  9988   240    30 -9999 -9999     0
2021 01 24 09    33  -107  9996    70    90 -9999 -9999     0
2021 01 24 12   -40  -108 10130    70   110 -9999 -9999     0
2021 01 24 18   -88  -121 10180    20    20 -9999 -9999     0
2021 01 24 21  -107  -138 10201   320    30 -9999 -9999     0
2021 01 25 00  -122  -165 10291   340    30 -9999 -9999     0
2021 01 25 03   -85  -159 10291   310    20 -9999 -9999     0
2021 01 25 06   -40  -194 10226   290    30 -9999 -9999     0
2021 01 25 09   -17  -192 10198   200    20 -9999 -9999     0
2021 01 25 12   -52  -193 10247    60    70 -9999 -9999     0
2021 01 25 18   -87  -128 10208    90    80 -9999 -9999     0
2021 01 25 21   -91  -125 10181   100    80 -9999 -9999     0
2021 01 26 00  -112  -134 10218   100    70 -9999 -9999     0
2021 01 26 03   -53  -116 10194   200    30 -9999 -9999     0
2021 01 26 06   -15  -103 10130   210    30 -9999 -9999     0
2021 01 26 09     8  -113 10101   350    20 -9999 -9999     0
2021 01 26 12   -30  -117 10168    50    80 -9999 -9999     0
2021 01 26 18   -85  -126 10167   360    60 -9999 -9999     0
2021 01 26 21  -106  -137 10156   360    10 -9999 -9999     0
2021 01 27 00  -114  -184 10217   340    30 -9999 -9999     0
2021 01 27 03   -69  -168 10233   340    50 -9999 -9999     0
2021 01 27 06   -29  -246 10209   320    70 -9999 -9999     0
2021 01 27 09   -21  -261 10219   350    70 -9999 -9999     0
2021 01 27 12   -75  -237 10306   360    80 -9999 -9999     0
2021 01 27 18  -119  -231 10293   320    20 -9999 -9999     0
2021 01 27 21  -139  -249 10291     0 -9999 -9999 -9999     0
2021 01 28 00  -149  -242 10351   140    10 -9999 -9999     0
2021 01 28 03   -98  -234 10331   320    20 -9999 -9999     0
2021 01 28 06   -35  -238 10272   300    20 -9999 -9999     0
2021 01 28 09   -13  -262 10247   290    20 -9999 -9999     0
2021 01 28 12   -62  -250 10293   100    40 -9999 -9999     0
2021 01 28 18  -103  -144 10225   100    90 -9999 -9999     0
2021 01 28 21  -116  -145 10193   110    80 -9999 -9999     0
2021 01 29 00  -137  -158 10253   290    10 -9999 -9999     0
2021 01 29 03   -81  -133 10237   280    10 -9999 -9999     0
2021 01 29 06    -7  -123 10156   300    30 -9999 -9999     0
2021 01 29 09    13  -136 10132   360    20 -9999 -9999     0
2021 01 29 12   -57  -138 10224    90   100 -9999 -9999     0
2021 01 29 18   -96  -139 10198   100    50 -9999 -9999     0
2021 01 29 21  -122  -151 10194    90   100 -9999 -9999     0
2021 01 30 00  -130  -170 10260   100    80 -9999 -9999     0
2021 01 30 03   -76  -155 10249   110    20 -9999 -9999     0
2021 01 30 06   -57  -142 10209   320    50 -9999 -9999     0
2021 01 30 09   -56  -149 10225   340    60 -9999 -9999     0
2021 01 30 12   -84  -148 10278    50    50 -9999 -9999     0
2021 01 30 18   -99  -158 10244   100    50 -9999 -9999     0
2021 01 30 21  -109  -146 10242   290    10 -9999 -9999     0
2021 01 31 00  -126  -145 10283   120    10 -9999 -9999     0
2021 01 31 03   -75  -135 10255   280    10 -9999 -9999     0
2021 01 31 06   -61  -124 10215   330    20 -9999 -9999     0
2021 01 31 09   -63  -120 10223   340    60 -9999 -9999     0
2021 01 31 12   -90  -108 10296   340    10 -9999 -9999     1
2021 01 31 18  -132  -158 10306   290    10 -9999 -9999     4
2021 01 31 21  -149  -163 10313   180    20 -9999 -9999     1
2021 02 01 00  -164  -182 10353   150    20 -9999 -9999     0
2021 02 01 03  -102  -119 10325   230    10 -9999 -9999     0
2021 02 01 06   -29  -207 10253   300   110 -9999 -9999     0
2021 02 01 09   -10  -223 10244   270    50 -9999 -9999     0
2021 02 01 12   -49  -234 10306   300    20 -9999 -9999     0
2021 02 01 18  -113  -199 10265   140    20 -9999 -9999     0
2021 02 01 21  -111  -207 10251   170    10 -9999 -9999     0
2021 02 02 00  -138  -209 10321     0 -9999 -9999 -9999     0
2021 02 02 03   -77  -208 10315   280    10 -9999 -9999     0
2021 02 02 06   -14  -272 10252   290    30 -9999 -9999     0
2021 02 02 09    11  -235 10213   280    30 -9999 -9999     0
2021 02 02 12   -29  -233 10283     0 -9999 -9999 -9999     0
2021 02 02 18   -87  -202 10232   140    20 -9999 -9999     0
2021 02 02 21  -104  -198 10227   130    10 -9999 -9999     0
2021 02 03 00  -123  -201 10289   150    10 -9999 -9999     0
2021 02 03 03   -53  -191 10292   200    20 -9999 -9999     0
2021 02 03 06    11  -243 10212   310    50 -9999 -9999     0
2021 02 03 09    33  -293 10182   190    30 -9999 -9999     0
2021 02 03 12   -30  -276 10240   100    70 -9999 -9999     0
2021 02 03 18   -79  -149 10152   110   110 -9999 -9999     0
2021 02 03 21   -98  -137 10156   100    80 -9999 -9999     0
2021 02 04 00  -117  -141 10243   110    80 -9999 -9999     0
2021 02 04 03   -51  -121 10213   170    20 -9999 -9999     0
2021 02 04 06   -26  -126 10197   310    30 -9999 -9999     0
2021 02 04 09    -3  -166 10189   350    50 -9999 -9999     0
2021 02 04 12   -42  -141 10261    90    40 -9999 -9999     0
2021 02 04 18  -102  -191 10279   350    50 -9999 -9999     0
2021 02 04 21  -124  -207 10284   300    10 -9999 -9999     0
2021 02 05 00  -136  -216 10334   240    20 -9999 -9999     0
2021 02 05 03   -76  -201 10303   190    20 -9999 -9999     0
2021 02 05 06    -8  -204 10242   270    40 -9999 -9999     0
2021 02 05 09     9  -236 10225   300    50 -9999 -9999     0
2021 02 05 12   -45  -230 10280   100    60 -9999 -9999     0
2021 02 05 18   -77  -219 10185   300    10 -9999 -9999     0
2021 02 05 21   -76  -201 10150   110    80 -9999 -9999     0
2021 02 06 00  -113  -190 10229   310    10 -9999 -9999     0
2021 02 06 03   -27  -157 10175   210    20 -9999 -9999     0
2021 02 06 06    31  -146 10116   280    30 -9999 -9999     0
2021 02 06 09    37  -172 10099   360    40 -9999 -9999     0
2021 02 06 12    -8  -166 10182    90    90 -9999 -9999     0
2021 02 06 18   -64  -137 10149    90    80 -9999 -9999     0
2021 02 06 21   -63  -145 10153   120    50 -9999 -9999     0
2021 02 07 00   -84  -150 10222    90    40 -9999 -9999     0
2021 02 07 03   -36  -141 10228   130    20 -9999 -9999     0
2021 02 07 06    -8  -158 10209   330    30 -9999 -9999     0
2021 02 07 09     1  -146 10198   320    50 -9999 -9999     0
2021 02 07 12   -36  -138 10277   360    40 -9999 -9999     0
2021 02 07 18   -87  -143 10280   140    30 -9999 -9999     0
2021 02 07 21  -100  -151 10278   140    20 -9999 -9999     0
2021 02 08 00  -113  -150 10339   130    20 -9999 -9999     0
2021 02 08 03   -51  -132 10324   250    30 -9999 -9999     0
2021 02 08 06    16  -239 10250   290    50 -9999 -9999     0
2021 02 08 09    38  -240 10218   320    80 -9999 -9999     0
2021 02 08 12     1  -235 10263   120    10 -9999 -9999     0
2021 02 08 18   -65  -212 10217   140    10 -9999 -9999     0
2021 02 08 21   -91  -205 10214   140    10 -9999 -9999     0
2021 02 09 00  -114  -195 10274   140    30 -9999 -9999     0
2021 02 09 03   -29  -173 10252   220    20 -9999 -9999     0
2021 02 09 06    41  -210 10182   300    70 -9999 -9999     0
2021 02 09 09    40  -211 10183   340    50 -9999 -9999     0
2021 02 09 12    13  -198 10232    10    50 -9999 -9999     0
2021 02 09 18   -54  -178 10167   150    50 -9999 -9999     0
2021 02 09 21   -55  -182 10160   120    10 -9999 -9999     0
2021 02 10 00   -63  -171 10181   150    20 -9999 -9999     0
2021 02 10 03    13  -161 10121   170    80 -9999 -9999     0
2021 02 10 06    67  -181 10083   190    60 -9999 -9999     0
2021 02 10 09    58  -189 10066   280    30 -9999 -9999     0
2021 02 11 00   -89  -127 10204   190    10 -9999 -9999     0
2021 02 13 12   -55  -140 10287   160    20 -9999 -9999     0
2021 02 13 18  -110  -178 10284   120    20 -9999 -9999     0
2021 02 13 21  -102  -191 10242   160    40 -9999 -9999     0
2021 02 14 00  -130  -204 10282   150    30 -9999 -9999     0
2021 02 14 03   -57  -160 10267   150    20 -9999 -9999     0
2021 02 14 06     9  -132 10203   110    20 -9999 -9999     0
2021 02 14 09    25  -146 10167    30    20 -9999 -9999     0
2021 02 14 12    -9  -171 10223   100    40 -9999 -9999     0
2021 02 14 18   -35  -110 10144    90    70 -9999 -9999     0
2021 02 14 21   -50   -93 10131   100    70 -9999 -9999     0
2021 02 15 00   -57   -84 10172   110    40 -9999 -9999     0
2021 02 15 03   -12   -78 10158   110    30 -9999 -9999     0
2021 02 15 06   -20   -75 10151    40    40 -9999 -9999 -9999
2021 02 15 09    -5  -107 10134   100    50 -9999 -9999     0
2021 02 15 12   -38  -125 10181    90    60 -9999 -9999     0
2021 02 15 18   -71   -85 10233   330    10 -9999 -9999     1
2021 02 15 21   -84   -93 10235   360    30 -9999 -9999     1
2021 02 16 00  -107  -129 10286     0 -9999 -9999 -9999     0
2021 02 16 03   -58  -102 10275   230    10 -9999 -9999     0
2021 02 16 06   -25  -194 10245   330    60 -9999 -9999     0
2021 02 16 09   -11  -212 10232   340    60 -9999 -9999     0
2021 02 16 12   -39  -215 10283    10    20 -9999 -9999     0
2021 02 16 18   -76  -138 10254   110    90 -9999 -9999     0
2021 02 16 21   -84  -132 10232   100    70 -9999 -9999     0
2021 02 17 00   -82  -114 10253   120    70 -9999 -9999 -9999
2021 02 17 03   -69   -98 10270   110   100 -9999 -9999    10
2021 02 17 06   -46   -75 10249   110    40 -9999 -9999    30
2021 02 17 09   -49   -88 10264    80    30 -9999 -9999    30
2021 02 17 12   -77  -107 10309    90    60 -9999 -9999    10
2021 02 17 18  -123  -135 10346   340    30 -9999 -9999     0
2021 02 17 21  -131  -145 10354   150    10 -9999 -9999     0
2021 02 18 00  -130  -143 10392   260    10 -9999 -9999     0
2021 02 18 03  -109  -125 10406   270    20 -9999 -9999     1
2021 02 18 06   -65  -111 10373   240    30 -9999 -9999     1
2021 02 18 09   -33  -135 10336   320    30 -9999 -9999     0
2021 02 18 12   -57  -142 10363    30    30 -9999 -9999     0
2021 02 18 18   -98  -148 10357   140    10 -9999 -9999     0
2021 02 18 21  -110  -147 10337   120    10 -9999 -9999     0
2021 02 19 00  -137  -160 10391   120    10 -9999 -9999     0
2021 02 19 03   -87  -128 10385   270    20 -9999 -9999     0
2021 02 19 06   -23  -150 10318   190    30 -9999 -9999     0
2021 02 19 09     3  -226 10288   320    40 -9999 -9999     0
2021 02 20 18   -57  -156 10207   153    28 -9999 -9999 -9999
2021 02 20 21   -84  -170 10195   149    35 -9999 -9999 -9999
2021 02 21 00   -90  -163 10243   151    23 -9999 -9999 -9999
2021 02 21 03   -22  -137 10228   179    53 -9999 -9999 -9999
2021 02 21 12    16  -158 10205    94    55 -9999 -9999 -9999
2021 02 21 18   -30  -138 10150   110    89 -9999 -9999 -9999
2021 02 21 21   -37  -125 10116   111    86 -9999 -9999 -9999
2021 02 22 00   -51  -121 10171   100    40 -9999 -9999     0
2021 02 22 03     7   -96 10160   260    30 -9999 -9999     0
2021 02 22 06    47  -110 10126   320    60 -9999 -9999     0
2021 02 22 09    42  -118 10136   340    60 -9999 -9999     0
2021 02 22 12    15  -113 10201   360    60 -9999 -9999     0
2021 02 22 18   -43   -79 10194   170    10 -9999 -9999     0
2021 02 22 21   -59   -86 10191   150    20 -9999 -9999     0
2021 02 23 00   -71   -89 10218   150    40 -9999 -9999     0
2021 02 23 03     9   -69 10183   170    40 -9999 -9999     0
2021 02 23 06    78  -132 10102   230    50 -9999 -9999     0
2021 02 23 09   105  -168 10042   200    80 -9999 -9999     0
2021 02 23 12    37  -123 10096   160    70 -9999 -9999     0
2021 02 23 18    12  -100  9980   170    70 -9999 -9999     0
2021 02 23 21    -3   -97  9987   320    10 -9999 -9999     0
2021 02 24 00   -31   -93 10059   170    50 -9999 -9999     0
2021 02 24 03    37   -86 10028   270    20 -9999 -9999     0
2021 02 24 06    98  -141  9963   320    80 -9999 -9999     0
2021 02 24 09    82  -112  9976   350   100 -9999 -9999     0
2021 02 24 12    62  -134 10022    70    30 -9999 -9999     0
2021 02 24 18    -3   -33 10014    80    60 -9999 -9999 -9999
2021 02 24 21   -25   -39 10029    90    80 -9999 -9999     9
2021 02 25 00   -38   -56 10072    30    50 -9999 -9999     9
2021 02 25 03   -25   -56 10104    98    63 -9999 -9999    17
2021 02 25 06    11   -49 10078   310    30 -9999 -9999    20
2021 02 25 09    28   -56 10071   330    60 -9999 -9999     0
2021 02 25 12   -18   -55 10129    80    70 -9999 -9999     0
2021 02 25 18   -37   -75 10121    60    30 -9999 -9999     0
2021 02 25 21   -60   -71 10102   170    20 -9999 -9999     0
2021 02 26 00   -62   -71 10144   350    20 -9999 -9999     0
2021 02 26 03    -4   -56 10134   270    30 -9999 -9999     0
2021 02 26 06    58  -167 10060   310    90 -9999 -9999     0
2021 02 26 09    68  -140 10052    10    60 -9999 -9999     0
2021 02 26 12    39  -164 10088    70    40 -9999 -9999     0
2021 02 26 18   -12  -128 10032   120    40 -9999 -9999     0
2021 02 26 21   -17  -132  9992   110    40 -9999 -9999     0
2021 02 27 00   -24  -112 10019   120    10 -9999 -9999     0
2021 02 27 03    49   -55  9986   170    60 -9999 -9999     0
2021 02 27 06   117   -77  9910   190    50 -9999 -9999     0
2021 02 27 09   144  -103  9862   220    30 -9999 -9999     0
2021 02 27 12    79   -45  9930   110    90 -9999 -9999     0
2021 02 27 18   -46   -58  9970    90   120 -9999 -9999     0
2021 02 27 21   -42   -57  9930   100    80 -9999 -9999     0
2021 02 28 00   -35   -58  9967   150    80 -9999 -9999     0
2021 02 28 03    -3   -51 10030   170    80 -9999 -9999     0
2021 02 28 06    69   -45  9966   300    20 -9999 -9999     0
2021 02 28 09    38   -46 10000    50    90 -9999 -9999     0
2021 02 28 12   -49   -83 10134    80    90 -9999 -9999     0
2021 02 28 18   -88  -100 10171   350    40 -9999 -9999    10
2021 02 28 21   -99  -122 10216   340    30 -9999 -9999    10
2021 03 01 00  -103  -139 10315   350    20 -9999 -9999     3
2021 03 01 03   -69  -140 10320   260    20 -9999 -9999     0
2021 03 01 06   -35  -108 10285   240    30 -9999 -9999     0
2021 03 01 09   -19  -120 10258   180    30 -9999 -9999     0
2021 03 01 12   -37  -124 10275   160    20 -9999 -9999     0
2021 03 01 18   -52  -104 10202   120    90 -9999 -9999     0
2021 03 01 21   -65   -79 10180   120    80 -9999 -9999     4
2021 03 02 00   -62   -74 10189   150    80 -9999 -9999     7
2021 03 02 03   -53   -71 10189   140    90 -9999 -9999    20
2021 03 02 06   -36   -58 10163    50    40 -9999 -9999    40
2021 03 02 09   -38   -52 10180   350    70 -9999 -9999    40
2021 03 02 12   -50   -81 10230    30    50 -9999 -9999    10
2021 03 02 18   -98  -117 10277   290    10 -9999 -9999     0
2021 03 02 21  -112  -124 10280   130    20 -9999 -9999     0
2021 03 03 00  -126  -136 10300   130    20 -9999 -9999     0
2021 03 03 03   -77   -93 10279   170    10 -9999 -9999     0
2021 03 03 06   -27   -96 10241   330    10 -9999 -9999     0
2021 03 03 09     3   -97 10211    20    20 -9999 -9999     0
2021 03 03 12   -35  -127 10258   110    20 -9999 -9999     0
2021 03 03 18   -62  -149 10184   100    50 -9999 -9999     0
2021 03 03 21   -71  -135 10149   110    60 -9999 -9999     0
2021 03 04 00   -46  -104 10145   130    50 -9999 -9999     0
2021 03 04 03   -22   -83 10154   330    20 -9999 -9999     0
2021 03 04 06    19   -62 10105   310    30 -9999 -9999     0
2021 03 04 09    37   -83 10090   340    30 -9999 -9999     0
2021 03 04 12    11   -79 10111    70    80 -9999 -9999     0
2021 03 04 18   -15   -82 10110   110    90 -9999 -9999     0
2021 03 04 21   -35   -78 10095   110    80 -9999 -9999     0
2021 03 05 00   -36   -77 10129   110    30 -9999 -9999     0
2021 03 05 03   -27   -63 10150   150    50 -9999 -9999 -9999
2021 03 05 06    20   -56 10097   120    50 -9999 -9999     0
2021 03 05 09    23   -47 10096   110    30 -9999 -9999 -9999
2021 03 05 12   -26   -36 10164    20    90 -9999 -9999     3
2021 03 05 18   -53   -76 10189    50    70 -9999 -9999    30
2021 03 05 21   -61   -78 10195    60    60 -9999 -9999     0
2021 03 06 00   -67   -85 10253   110    60 -9999 -9999     0
2021 03 06 03   -30   -70 10254   340    30 -9999 -9999     0
2021 03 06 06   -23   -76 10235   330    30 -9999 -9999     0
2021 03 06 09    -7  -109 10207   340    40 -9999 -9999     0
2021 03 06 12   -29  -111 10237    10    20 -9999 -9999     0
2021 03 06 18   -47   -78 10217   110    40 -9999 -9999     0
2021 03 06 21   -58   -84 10183   110    50 -9999 -9999     0
2021 03 07 00   -50   -98 10188   170    70 -9999 -9999     0
2021 03 07 03   -12   -93 10169   190    70 -9999 -9999     0
2021 03 07 06     5   -80 10127   190    60 -9999 -9999     0
2021 03 07 09    -2   -62 10129   310    30 -9999 -9999     0
2021 03 07 12   -37   -47 10181   340   140 -9999 -9999     2
2021 03 07 18   -75  -103 10214   320    30 -9999 -9999     0
2021 03 07 21   -83  -121 10213   320    10 -9999 -9999     0
2021 03 08 00   -87  -115 10261   150    20 -9999 -9999     0
2021 03 08 03   -36   -88 10250   190    30 -9999 -9999     0
2021 03 08 06    12  -129 10196   280    20 -9999 -9999     0
2021 03 08 09    42  -127 10162   280    30 -9999 -9999     0
2021 03 08 12     4  -101 10207   110    50 -9999 -9999     0
2021 03 08 18   -17  -105 10151   110    70 -9999 -9999     0
2021 03 08 21   -29   -88 10128   100    30 -9999 -9999     0
2021 03 09 00   -36   -76 10176   130    30 -9999 -9999     0
2021 03 09 03    20   -61 10156   172    28 -9999 -9999 -9999
2021 03 09 06    62   -46 10111   260    20 -9999 -9999     0
2021 03 09 09    73   -91 10077   180    20 -9999 -9999     0
2021 03 09 12    45   -50 10102    70    70 -9999 -9999     0
2021 03 09 18    -7   -46 10070   100    50 -9999 -9999     0
2021 03 09 21   -28   -45 10090   110    50 -9999 -9999    20
2021 03 10 00   -38   -48 10151   340    60 -9999 -9999    30
2021 03 10 03   -24   -44 10192   320    60 -9999 -9999     3
2021 03 10 06    -3   -47 10174   310    70 -9999 -9999     1
2021 03 10 09    20   -84 10165   300    80 -9999 -9999     0
2021 03 10 12    -5   -84 10205    30    30 -9999 -9999     0
2021 03 10 18   -32   -83 10217   170    10 -9999 -9999     0
2021 03 10 21   -44   -87 10207   347     5 -9999 -9999 -9999
2021 03 11 00   -51   -82 10246   350    20 -9999 -9999     0
2021 03 11 03    -1   -63 10247   330    20 -9999 -9999     0
2021 03 11 06    41   -74 10193   290    50 -9999 -9999     0
2021 03 11 09    57   -97 10180   340    50 -9999 -9999     0
2021 03 11 12    17  -125 10230   350    30 -9999 -9999     0
2021 03 11 18   -22   -89 10196   150    30 -9999 -9999     0
2021 03 11 21   -26   -71 10172   150    30 -9999 -9999     0
2021 03 12 00   -24   -50 10209   150    20 -9999 -9999     0
2021 03 12 03    12   -35 10209   250    20 -9999 -9999     0
2021 03 12 06    74   -35 10161   250    30 -9999 -9999     0
2021 03 12 09     5   -40 10232    20    60 -9999 -9999 -9999
2021 03 12 12     6   -35 10245   260    20 -9999 -9999     0
2021 03 12 18   -37   -54 10218   150    20 -9999 -9999     0
2021 03 12 21   -47   -64 10262   150    30 -9999 -9999     0
2021 03 13 00   -49   -72 10265   140    20 -9999 -9999     0
2021 03 13 03    27   -69 10231   200    40 -9999 -9999     0
2021 03 13 06    95   -81 10152   210    50 -9999 -9999     0
2021 03 13 09   119  -157 10106   210    40 -9999 -9999     0
2021 03 13 12    57   -97 10139   140    80 -9999 -9999     0
2021 03 13 18    24   -70 10040   170    90 -9999 -9999     0
2021 03 13 21    11   -72 10021   170    30 -9999 -9999     0
2021 03 14 00    13   -75 10080   240    20 -9999 -9999     0
2021 03 14 03    53   -93 10094   310    80 -9999 -9999     0
2021 03 14 06    90  -134 10046   340   100 -9999 -9999     0
2021 03 14 09    85  -159 10050   320   100 -9999 -9999     0
2021 03 14 12    34  -148 10100   350    60 -9999 -9999     0
2021 03 14 18   -24  -133 10103   120    20 -9999 -9999     0
2021 03 14 21   -42  -124 10111   160    20 -9999 -9999     0
2021 03 15 00   -57  -135 10177   130    20 -9999 -9999     0
2021 03 15 03    25  -111 10144   170    20 -9999 -9999     0
2021 03 15 06    90  -148 10095   150    30 -9999 -9999     0
2021 03 15 09   109  -147 10064   180    70 -9999 -9999     0
2021 03 15 12    64   -99 10118   140    40 -9999 -9999     0
2021 03 15 18     7   -96 10059   160    20 -9999 -9999     0
2021 03 15 21    -9   -57 10043   160    20 -9999 -9999     0
2021 03 16 00   -10   -67 10086   150    20 -9999 -9999     0
2021 03 16 03    58   -41 10078   230    30 -9999 -9999     0
2021 03 16 06   100   -33 10029   170    40 -9999 -9999     0
2021 03 16 09   110   -78 10006   230    20 -9999 -9999     0
2021 03 16 12    53   -48 10077   120    20 -9999 -9999     2
2021 03 16 18     7   -40 10030   140    50 -9999 -9999     0
2021 03 16 21    -7   -34 10018   160    40 -9999 -9999     0
2021 03 17 00    -5   -35 10071   160    40 -9999 -9999     0
2021 03 17 03    75   -25 10046   240    50 -9999 -9999     0
2021 03 17 06   113   -80 10007   320    50 -9999 -9999     0
2021 03 17 09   123   -88  9992   310    30 -9999 -9999     0
2021 03 17 12    77  -106 10042    10    40 -9999 -9999     0
2021 03 17 18    26   -23 10007   110    80 -9999 -9999     0
2021 03 17 21     1   -26 10009   120    60 -9999 -9999     0
2021 03 18 00     1   -28 10059   180    30 -9999 -9999     0
2021 03 18 03    77   -50 10025   220    70 -9999 -9999     0
2021 03 18 06   123   -77  9980   230    60 -9999 -9999     0
2021 03 18 09   118   -87  9979   340    10 -9999 -9999     0
2021 03 18 12    75   -70 10021   150    40 -9999 -9999     0
2021 03 18 18    28   -44  9957   120    70 -9999 -9999     0
2021 03 18 21    15   -30  9967   160    40 -9999 -9999     0
2021 03 19 00     3   -26 10045   310    20 -9999 -9999     0
2021 03 19 03    30   -52 10092   320   110 -9999 -9999 -9999
2021 03 19 06    75   -62 10044   340    60 -9999 -9999     0
2021 03 19 09    87   -83 10015   320    30 -9999 -9999     0
2021 03 19 12    34   -25 10103   180    50 -9999 -9999     0
2021 03 19 18    -6   -28 10073   110    50 -9999 -9999     0
2021 03 19 21   -18   -28 10066    70    40 -9999 -9999     0
2021 03 20 00   -23   -39 10121    40    20 -9999 -9999     0
2021 03 20 03   -17   -25 10157    50    30 -9999 -9999     7
2021 03 20 06     8   -35 10116   120    40 -9999 -9999     7
2021 03 20 09    -3   -45 10125    80    60 -9999 -9999 -9999
2021 03 20 12   -26   -57 10162   110   100 -9999 -9999     0
2021 03 20 18   -58   -90 10201    90    80 -9999 -9999     0
2021 03 20 21   -71   -89 10208   110   100 -9999 -9999     3
2021 03 21 00   -67   -89 10247    60    20 -9999 -9999     3
2021 03 21 03   -36   -81 10251   310    10 -9999 -9999     0
2021 03 21 06     0  -147 10213   330    60 -9999 -9999     0
2021 03 21 09    -6  -122 10219   100    30 -9999 -9999     0
2021 03 21 12   -41   -93 10272   110    80 -9999 -9999     0
2021 03 21 18   -59   -82 10257   110    70 -9999 -9999     0
2021 03 21 21   -80  -104 10260   110    50 -9999 -9999     0
2021 03 22 00   -68  -108 10290   120    50 -9999 -9999     0
2021 03 22 03    -8   -97 10259   170    20 -9999 -9999     0
2021 03 22 06    23  -106 10211   270    50 -9999 -9999     0
2021 03 22 09    31  -128 10202   330    70 -9999 -9999     0
2021 03 22 12   -17   -95 10264    30    60 -9999 -9999     0
2021 03 22 18   -70   -85 10249   290    10 -9999 -9999     0
2021 03 22 21   -79  -101 10235   170    10 -9999 -9999     0
2021 03 23 00   -84  -106 10285   150    20 -9999 -9999     0
2021 03 23 03   -13  -120 10254   270    30 -9999 -9999     0
2021 03 23 06    56  -162 10190   230    30 -9999 -9999     0
2021 03 23 09    93  -145 10142   290    40 -9999 -9999     0
2021 03 23 12    47  -137 10182   130    60 -9999 -9999     0
2021 03 23 18   -10  -120 10106   150    60 -9999 -9999     0
2021 03 23 21    -9  -108 10065   170    40 -9999 -9999     0
2021 03 24 00     1   -96 10101   160    50 -9999 -9999     0
2021 03 24 03    90   -68 10063   240    50 -9999 -9999     0
2021 03 24 06   135  -104 10017   300    50 -9999 -9999     0
2021 03 24 09   133  -128  9986   310    30 -9999 -9999     0
2021 03 24 12    57   -24 10066    90    90 -9999 -9999     0
2021 03 24 18    -2   -37 10004   110   100 -9999 -9999     0
2021 03 24 21     3   -40  9994   170    10 -9999 -9999     0
2021 03 25 00     4   -42 10058   130    40 -9999 -9999     0
2021 03 25 03    82   -33 10029   180    60 -9999 -9999     0
2021 03 25 06   136   -36  9969   320    50 -9999 -9999     0
2021 03 25 09   128   -43  9947    90    30 -9999 -9999     0
2021 03 25 12    27     9 10047    80    90 -9999 -9999     5
2021 03 25 18    -8   -24 10000    90   110 -9999 -9999     5
2021 03 25 21   -34   -44 10050    20    70 -9999 -9999    20
2021 03 26 00   -37   -47 10154   340    50 -9999 -9999    30
2021 03 26 03   -11   -43 10172   350    20 -9999 -9999     8
2021 03 26 06     9   -39 10141   320    60 -9999 -9999     0
2021 03 26 09    27   -54 10135   320    50 -9999 -9999     0
2021 03 26 12     2   -58 10172   350    50 -9999 -9999     0
2021 03 26 18   -18   -35 10160   310    10 -9999 -9999     0
2021 03 26 21   -29   -48 10150   170    20 -9999 -9999     0
2021 03 27 00   -32   -48 10182   130    10 -9999 -9999     0
2021 03 27 03    16   -47 10161   300    40 -9999 -9999     0
2021 03 27 06    57   -79 10117   270    50 -9999 -9999     0
2021 03 27 09    42   -61 10132   290    60 -9999 -9999     0
2021 03 27 12    20   -43 10158   170    50 -9999 -9999     0
2021 03 27 18   -16   -69 10111   160    30 -9999 -9999     0
2021 03 27 21   -22   -91 10105   170    30 -9999 -9999     0
2021 03 28 00   -15   -91 10121   170    40 -9999 -9999     0
2021 03 28 03    75   -94 10076   210    70 -9999 -9999     0
2021 03 28 06   126  -111 10001   230    60 -9999 -9999     0
2021 03 28 09   133  -112  9957   270   100 -9999 -9999     0
2021 03 28 12    88   -92 10003   330    50 -9999 -9999     0
2021 03 28 18    10   -50 10012   120    20 -9999 -9999     0
2021 03 28 21   -20   -55 10007   140    30 -9999 -9999     0
2021 03 29 00   -11   -61 10040   150    20 -9999 -9999     0
2021 03 29 03    71   -40 10017   220    30 -9999 -9999     0
2021 03 29 06   110   -68  9986   320    90 -9999 -9999     0
2021 03 29 09   107   -96  9985   290    40 -9999 -9999     0
2021 03 29 12    53   -45 10031   150    70 -9999 -9999     0
2021 03 29 18     7   -38  9976   140    90 -9999 -9999     0
2021 03 29 21     3   -40  9963   150    60 -9999 -9999     0
2021 03 30 00     2   -42 10012   120    50 -9999 -9999     0
2021 03 30 03    87   -38  9974   180    50 -9999 -9999     0
2021 03 30 06   135   -61  9915   180    30 -9999 -9999     0
2021 03 30 09   145   -88  9873   160    70 -9999 -9999     0
2021 03 30 12    73   -14  9947   130    90 -9999 -9999     0
2021 03 30 18    34   -23  9887   140   140 -9999 -9999     0
2021 03 30 21    25   -24  9882   130    90 -9999 -9999     0
2021 03 31 00    27   -20  9950   110    70 -9999 -9999     0
2021 03 31 03    81   -22  9945   280    20 -9999 -9999     0
2021 03 31 06   109    -9  9912   340    50 -9999 -9999     0
2021 03 31 09    74    10  9922    90   120 -9999 -9999     0
2021 03 31 12    28     0  9966   100   110 -9999 -9999 -9999
2021 03 31 18   -29   -33  9980   100    90 -9999 -9999    80
2021 03 31 21   -43   -50 10039    50    40 -9999 -9999   100
2021 04 01 00   -43   -57 10092   100    90 -9999 -9999    60
2021 04 01 03   -19   -41 10122   110    40 -9999 -9999     4
2021 04 01 06     4   -23 10088   110    70 -9999 -9999 -9999
2021 04 01 09    -2   -27 10060    90   110 -9999 -9999     0
2021 04 01 12   -31   -41 10086    90   150 -9999 -9999     0
2021 04 01 18   -41   -56 10077   100   130 -9999 -9999     0
2021 04 01 21   -49   -63 10097   100   140 -9999 -9999     0
2021 04 02 00   -51   -61 10152    90   100 -9999 -9999     0
2021 04 02 03   -41   -56 10162   120   110 -9999 -9999     0
2021 04 02 06   -27   -55 10147   120   100 -9999 -9999     0
2021 04 02 09   -29   -52 10140    70   110 -9999 -9999     0
2021 04 02 12   -47   -67 10170    80   110 -9999 -9999     1
2021 04 02 18   -60   -80 10196    90   110 -9999 -9999    30
2021 04 02 21   -65   -80 10200   110    80 -9999 -9999    20
2021 04 03 00   -59   -77 10225   120    80 -9999 -9999    10
2021 04 03 03   -31   -59 10222   200    30 -9999 -9999     0
2021 04 03 06     8   -52 10161   120    20 -9999 -9999     0
2021 04 03 09    27   -18 10116   110   100 -9999 -9999     0
2021 04 03 12   -23   -40 10169    90   110 -9999 -9999     0
2021 04 03 18   -35   -45 10165   100    80 -9999 -9999     0
2021 04 03 21   -32   -42 10146   100    60 -9999 -9999     3
2021 04 04 00   -19   -27 10173   180    50 -9999 -9999     3
2021 04 04 03    33   -22 10142   220    30 -9999 -9999     0
2021 04 04 06    84   -20 10073   310    30 -9999 -9999     0
2021 04 04 09    89     4 10053   340    80 -9999 -9999     0
2021 04 04 12    22    -1 10134    90    60 -9999 -9999     0
2021 04 04 18    -5   -25 10118   290    20 -9999 -9999     0
2021 04 04 21   -18   -28 10119   200    30 -9999 -9999     0
2021 04 05 00   -18   -43 10183   180    40 -9999 -9999     0
2021 04 05 03    41   -93 10155   270    70 -9999 -9999     0
2021 04 05 06    93  -102 10096   270   140 -9999 -9999     0
2021 04 05 09   106  -121 10079   310   110 -9999 -9999     0
2021 04 05 12    73   -75 10116   350    40 -9999 -9999     0
2021 04 05 18     9   -86 10099   140    30 -9999 -9999     0
2021 04 05 21    -1   -85 10089   150    30 -9999 -9999     0
2021 04 06 00   -11   -72 10141   360    10 -9999 -9999     0
2021 04 06 03    76   -73 10108   220    20 -9999 -9999     0
2021 04 06 06   126  -118 10051   240    30 -9999 -9999     0
2021 04 06 09   120   -59 10041   140   110 -9999 -9999     0
2021 04 06 12    30    -6 10140   100   110 -9999 -9999     0
2021 04 06 18   -14   -34 10101    90    70 -9999 -9999     0
2021 04 06 21   -15   -42 10094   100    90 -9999 -9999     0
2021 04 07 00   -13   -41 10180    90    60 -9999 -9999     0
2021 04 07 03    11   -38 10210    20    10 -9999 -9999     0
2021 04 07 06    40   -40 10164   320    40 -9999 -9999     0
2021 04 07 09    61   -33 10122    50    30 -9999 -9999 -9999
2021 04 07 12    27   -41 10153   110    40 -9999 -9999     0
2021 04 07 18   -17   -36 10152   110    70 -9999 -9999     0
2021 04 07 21   -24   -40 10138   130    10 -9999 -9999     0
2021 04 08 00   -13   -29 10171   130    20 -9999 -9999     0
2021 04 08 03    51   -16 10142   240    30 -9999 -9999     0
2021 04 08 06   109   -32 10082   310    30 -9999 -9999     0
2021 04 08 09   115   -68 10040   180    40 -9999 -9999     0
2021 04 08 12    87   -23 10048   100    70 -9999 -9999     0
2021 04 08 18     1   -20 10045    90    90 -9999 -9999     0
2021 04 08 21    -7   -10 10038   160    70 -9999 -9999     6
2021 04 09 00    -1    -4 10082   310    50 -9999 -9999    20
2021 04 09 03    26    -3 10125   330    60 -9999 -9999    20
2021 04 09 06    69   -20 10103   340    70 -9999 -9999     5
2021 04 09 09    79   -36 10071    30    30 -9999 -9999     0
2021 04 09 12    50   -19 10102    70    60 -9999 -9999     0
2021 04 09 18     2    -1 10095   180    60 -9999 -9999     5
2021 04 09 21     0     0 10086     0 -9999 -9999 -9999    20
2021 04 10 00     0     0 10116     0 -9999 -9999 -9999    20
2021 04 10 03    34    19 10113   180    30 -9999 -9999     1
2021 04 10 06    87    11 10065   180    20 -9999 -9999     0
2021 04 10 09   105     2 10024   130    40 -9999 -9999     0
2021 04 10 12    30    12 10095    90    80 -9999 -9999 -9999
2021 04 10 18     2     1 10101   320    20 -9999 -9999    20
2021 04 10 21    -1    -1 10084   320    20 -9999 -9999     1
2021 04 11 00     1     0 10154   290    20 -9999 -9999     1
2021 04 11 03    23    -1 10170   220    40 -9999 -9999     0
2021 04 11 06    58    11 10120   220    20 -9999 -9999     0
2021 04 11 09    58   -35 10107   150    30 -9999 -9999     0
2021 04 11 12    36   -17 10148   160    50 -9999 -9999     0
2021 04 11 18    -5   -21 10164    70    30 -9999 -9999     2
2021 04 11 21   -14   -24 10158   110    50 -9999 -9999     0
2021 04 12 00   -17   -21 10192    60    10 -9999 -9999     0
2021 04 12 03    39   -11 10165   180    50 -9999 -9999     0
2021 04 12 06    85   -24 10111   210    30 -9999 -9999     0
2021 04 12 09    38   -44 10145   290    20 -9999 -9999 -9999
2021 04 12 12    38   -32 10157    90    50 -9999 -9999     0
2021 04 12 18     0   -14 10124   120    70 -9999 -9999     0
2021 04 12 21   -12   -19 10151   110    80 -9999 -9999     0
2021 04 13 00     0   -11 10147   110    60 -9999 -9999     0
2021 04 13 03    42    -8 10138   200    30 -9999 -9999 -9999
2021 04 13 06    70     2 10094    30    50 -9999 -9999 -9999
2021 04 13 09    20    -3 10144    90    90 -9999 -9999     0
2021 04 13 12     1   -16 10172   100    70 -9999 -9999     0
2021 04 13 18   -14   -24 10133   110    70 -9999 -9999     0
2021 04 13 21   -16   -23 10161   110    70 -9999 -9999 -9999
2021 04 14 00   -22   -28 10191    10    70 -9999 -9999    50
2021 04 14 03    -1   -45 10189    60    30 -9999 -9999    60
2021 04 14 06    13   -25 10169   240    30 -9999 -9999    10
2021 04 14 09    42   -40 10115   200    40 -9999 -9999     2
2021 04 14 12    16   -16 10151   340   100 -9999 -9999 -9999
2021 04 14 18    -8   -36 10160   190    40 -9999 -9999     0
2021 04 14 21    -1   -63 10123   260    10 -9999 -9999     0
2021 04 15 00   -19   -23 10170   150    10 -9999 -9999     9
2021 04 15 03    -7   -28 10190     5    34 -9999 -9999    50
2021 04 15 06    21   -22 10163   310    30 -9999 -9999    50
2021 04 15 09    32   -32 10122   230    40 -9999 -9999    10
2021 04 15 12     7   -17 10174   120    20 -9999 -9999     0
2021 04 15 18   -18   -31 10184   140    10 -9999 -9999     3
2021 04 15 21   -23   -26 10177   210    20 -9999 -9999     0
2021 04 16 00   -28   -28 10215   210    10 -9999 -9999     0
2021 04 16 03    24   -37 10203   250    30 -9999 -9999     0
2021 04 16 06    66   -89 10156   300    70 -9999 -9999     0
2021 04 16 09    79   -62 10130    10    30 -9999 -9999     0
2021 04 16 12    30   -42 10193    80    70 -9999 -9999     0
2021 04 16 18   -14   -30 10153   110    80 -9999 -9999     0
2021 04 16 21   -22   -33 10142   110    90 -9999 -9999     0
2021 04 17 00    -8   -25 10185   110    50 -9999 -9999     0
2021 04 17 03    58   -16 10155   170    50 -9999 -9999     0
2021 04 17 06    99    -9 10101   210    30 -9999 -9999     0
2021 04 17 09   108    -1 10061   100    70 -9999 -9999     0
2021 04 17 12     0 -9999 10176    90    40 -9999 -9999   120
2021 04 17 18   -11   -24 10134     0 -9999 -9999 -9999    30
2021 04 17 21   -14   -37 10116     0 -9999 -9999 -9999     9
2021 04 18 00   -22   -35 10216     0 -9999 -9999 -9999     0
2021 04 18 03     8   -11 10211   120    30 -9999 -9999     0
2021 04 18 06    19   -10 10182   250    10 -9999 -9999     0
2021 04 18 09    67   -33 10108   220    10 -9999 -9999     0
2021 04 18 12    59   -63 10103    80    50 -9999 -9999     0
2021 04 18 18     8   -16 10102   110    70 -9999 -9999     0
2021 04 18 21    13   -19 10035   120    90 -9999 -9999 -9999
2021 04 19 00    18   -20 10040   110    60 -9999 -9999     2
2021 04 19 03    59   -24 10031   170    40 -9999 -9999     2
2021 04 19 06    67    26 10020   140    70 -9999 -9999     3
2021 04 19 09    59    12 10009    90    80 -9999 -9999     4
2021 04 19 12     7     1 10079    90    90 -9999 -9999    20
2021 04 19 18   -14   -18 10075    70    80 -9999 -9999    20
2021 04 19 21   -17   -24 10075    80    70 -9999 -9999    40
2021 04 20 00   -12   -26 10134    50    40 -9999 -9999    20
2021 04 20 03     6   -10 10142   330    20 -9999 -9999    20
2021 04 20 06    35    -7 10117   260    40 -9999 -9999    10
2021 04 20 09    65   -14 10083   320    20 -9999 -9999     0
2021 04 20 12    50     0 10107   170    20 -9999 -9999     0
2021 04 20 18    31     3 10097   290    30 -9999 -9999     0
2021 04 20 21     2    -1 10090   340    10 -9999 -9999    20
