2021 01 01 00  -107  -161 10240   239    10 -9999 -9999 -9999
2021 01 01 03   -32  -188 10240   191    11 -9999 -9999 -9999
2021 01 01 06    47  -206 10138   115    15 -9999 -9999 -9999
2021 01 01 09   110  -273 -9999   272    27 -9999 -9999 -9999
2021 01 01 12    37  -252 10160    12    22 -9999 -9999 -9999
2021 01 01 15   -20  -200 10156    71    12 -9999 -9999 -9999
2021 01 01 18   -60  -150 10123   224    14 -9999 -9999 -9999
2021 01 01 21   -72  -159 10074    45    11 -9999 -9999 -9999
2021 01 02 00   -80  -159 10137   217    11 -9999 -9999 -9999
2021 01 02 03    -5  -192 10144   152    13 -9999 -9999 -9999
2021 01 02 06   105  -239 10029   260    28 -9999 -9999 -9999
2021 01 02 09   110  -273 10035   285    42 -9999 -9999 -9999
2021 01 02 12    27  -229 10118     9    13 -9999 -9999 -9999
2021 01 02 15   -15  -182 10099   232    13 -9999 -9999 -9999
2021 01 02 18   -32  -176 10028   108     8 -9999 -9999 -9999
2021 01 02 21   -37  -170 10045     9    16 -9999 -9999 -9999
2021 01 03 00   -45  -184 10143     1     9 -9999 -9999 -9999
2021 01 03 03    12  -193 10142   239    14 -9999 -9999 -9999
2021 01 03 06    85  -204 10031    96    14 -9999 -9999 -9999
2021 01 03 09   127  -240 -9999   276    38 -9999 -9999 -9999
2021 01 03 12    52  -193 10082    71     9 -9999 -9999 -9999
2021 01 03 15     5  -188 10091   339    12 -9999 -9999 -9999
2021 01 03 18   -32  -162 10068   332     8 -9999 -9999 -9999
2021 01 03 21   -55  -153 10058   299     7 -9999 -9999 -9999
2021 01 04 00   -75  -124 10153   225    10 -9999 -9999 -9999
2021 01 04 03     7  -145 10158   280     8 -9999 -9999 -9999
2021 01 04 06    95  -186 10062   139    14 -9999 -9999 -9999
2021 01 04 09   147  -226 -9999   259    34 -9999 -9999 -9999
2021 01 04 12    62  -178 10109   158    14 -9999 -9999 -9999
2021 01 04 15    -2  -135 10109   183     6 -9999 -9999 -9999
2021 01 04 18   -30  -150 10065     4    12 -9999 -9999 -9999
2021 01 04 21   -42  -127 10042   190    10 -9999 -9999 -9999
2021 01 05 00   -62  -128 -9999    45     8 -9999 -9999 -9999
2021 01 05 03    20  -134 10139   172     8 -9999 -9999 -9999
2021 01 05 06   132  -177 10013   274    53 -9999 -9999 -9999
2021 01 05 09   122  -163 10023   301    35 -9999 -9999 -9999
2021 01 05 12    77  -144 10084   357     9 -9999 -9999 -9999
2021 01 05 15     6  -138 10082    24    14 -9999 -9999 -9999
2021 01 05 18   -25  -129 10022    68    10 -9999 -9999 -9999
2021 01 05 21   -40  -113 10029   238    13 -9999 -9999 -9999
2021 01 06 00   -40   -98 10075   191    18 -9999 -9999 -9999
2021 01 06 03    22  -131 10092   316    14 -9999 -9999 -9999
2021 01 06 06   107  -149  9999   310    59 -9999 -9999 -9999
2021 01 06 09    92   -97 10011   261    50 -9999 -9999 -9999
2021 01 06 12    27   -85 10075   185    13 -9999 -9999 -9999
2021 01 06 15    -7   -98 10068     7    11 -9999 -9999 -9999
2021 01 06 18   -40   -85 10027   164     5 -9999 -9999 -9999
2021 01 06 21   -57   -94 10043    26     9 -9999 -9999 -9999
2021 01 07 00   -60   -96 10106   358     6 -9999 -9999 -9999
2021 01 07 03   -15   -92 10104   296    10 -9999 -9999 -9999
2021 01 07 06    80   -99  9999   257    33 -9999 -9999 -9999
2021 01 07 09   110  -117  9995   249    47 -9999 -9999 -9999
2021 01 07 12    37  -145 10081    11    22 -9999 -9999 -9999
2021 01 07 15   -15  -131 10120   124     8 -9999 -9999 -9999
2021 01 07 18   -54  -144 10095    89     6 -9999 -9999 -9999
2021 01 07 21   -80  -135 10102     2     5 -9999 -9999 -9999
2021 01 08 00   -99  -127 10188   176     3 -9999 -9999 -9999
2021 01 08 03   -22  -159 10184   252    10 -9999 -9999 -9999
2021 01 08 06    55  -170 10078   180    20 -9999 -9999     0
2021 01 08 09   102  -170 -9999   120    20 -9999 -9999     0
2021 01 08 12    15  -190 10120    10    10 -9999 -9999     0
2021 01 08 15   -30  -167 10114   350    10 -9999 -9999     0
2021 01 08 18   -64  -151 10086    20    10 -9999 -9999     0
2021 01 08 21   -90  -138 10076     0 -9999 -9999 -9999     0
2021 01 09 00  -107  -149 10175   243     5 -9999 -9999 -9999
2021 01 09 03   -30  -170 10165   260     9 -9999 -9999 -9999
2021 01 09 06    60  -188 10056   115    15 -9999 -9999 -9999
2021 01 09 09   131  -258 -9999   271    70 -9999 -9999 -9999
2021 01 09 12    40  -212 10093   104    12 -9999 -9999 -9999
2021 01 09 15   -12  -151 10086   217     9 -9999 -9999 -9999
2021 01 09 18   -57  -198 10053    44     3 -9999 -9999 -9999
2021 01 09 21   -85  -132 10016   209     8 -9999 -9999 -9999
2021 01 10 00   -97  -155 10100    81     8 -9999 -9999 -9999
2021 01 10 03   -17  -175 10098   144    10 -9999 -9999 -9999
2021 01 10 06    95  -195  9984   263    26 -9999 -9999 -9999
2021 01 10 09   131  -237 -9999   294    71 -9999 -9999 -9999
2021 01 10 12    47  -213 10090   130     9 -9999 -9999 -9999
2021 01 10 15     7  -274 10119   336    34 -9999 -9999 -9999
2021 01 10 18   -37  -291 10141    45    39 -9999 -9999 -9999
2021 01 10 21   -85  -275 10173   116    19 -9999 -9999 -9999
2021 01 11 00  -112  -279 10280   331    11 -9999 -9999 -9999
2021 01 11 03   -59  -258 10301   128    13 -9999 -9999 -9999
2021 01 11 06    -5  -323 10247   260    54 -9999 -9999 -9999
2021 01 11 09    20  -338 10243   290    52 -9999 -9999 -9999
2021 01 11 12   -35  -332 10353   304    11 -9999 -9999 -9999
2021 01 11 15   -92  -304 10379   356     9 -9999 -9999 -9999
2021 01 11 18  -122  -233 10343   255     8 -9999 -9999 -9999
2021 01 11 21  -142  -250 10322   226     6 -9999 -9999 -9999
2021 01 12 00  -160  -263 10377    88     7 -9999 -9999 -9999
2021 01 12 03   -97  -266 10374   164    16 -9999 -9999 -9999
2021 01 12 06   -27  -292 10262   155    15 -9999 -9999 -9999
2021 01 12 09    30  -269 10188   182    14 -9999 -9999 -9999
2021 01 12 12   -34  -237 10266   202    10 -9999 -9999 -9999
2021 01 12 15   -82  -211 10284   360     2 -9999 -9999 -9999
2021 01 12 18  -109  -222 10267   345     7 -9999 -9999 -9999
2021 01 12 21  -125  -193 10233    93     9 -9999 -9999 -9999
2021 01 13 00  -142  -178 10305   171     4 -9999 -9999 -9999
2021 01 13 03   -69  -205 10291   358    10 -9999 -9999 -9999
2021 01 13 06     5  -249 10195    48    14 -9999 -9999 -9999
2021 01 13 09    70 -9999 -9999   282    59 -9999 -9999 -9999
2021 01 13 12    12  -344 10239   265    36 -9999 -9999 -9999
2021 01 13 15   -50  -278 10281   227    11 -9999 -9999 -9999
2021 01 13 18   -92  -293 10263   194     5 -9999 -9999 -9999
2021 01 13 21  -127  -278 10246   339     4 -9999 -9999 -9999
2021 01 14 00  -150  -228 10324   101     5 -9999 -9999 -9999
2021 01 14 03   -84  -259 10334    86    11 -9999 -9999 -9999
2021 01 14 06    -7  -287 10247   358     8 -9999 -9999 -9999
2021 01 14 09    62  -330 -9999   258    16 -9999 -9999 -9999
2021 01 14 12   -27  -314 10282   323    10 -9999 -9999 -9999
2021 01 14 15   -82  -262 10290   282     5 -9999 -9999 -9999
2021 01 14 18  -114  -182 10263   223     7 -9999 -9999 -9999
2021 01 14 21  -137  -237 10241    13    10 -9999 -9999 -9999
2021 01 15 00  -150  -194 10349   165     7 -9999 -9999 -9999
2021 01 15 03   -77  -253 10346   162    12 -9999 -9999 -9999
2021 01 15 06     7  -245 10239   199    15 -9999 -9999 -9999
2021 01 15 09    77  -296 -9999    57    10 -9999 -9999 -9999
2021 01 15 12     2  -302 10239     6    18 -9999 -9999 -9999
2021 01 15 15   -39  -225 10225   356     7 -9999 -9999 -9999
2021 01 15 18   -49  -187 10160   311     9 -9999 -9999 -9999
2021 01 15 21   -50  -196 10095   331     8 -9999 -9999 -9999
2021 01 16 00   -49  -174 10152   121    13 -9999 -9999 -9999
2021 01 16 03   -14  -221 10162   102    11 -9999 -9999 -9999
2021 01 16 06    37  -221 10085   246    11 -9999 -9999 -9999
2021 01 16 09    82  -195 10037   321    27 -9999 -9999 -9999
2021 01 16 12    51  -265 10110   324    31 -9999 -9999 -9999
2021 01 16 15    11  -261 10156    57    14 -9999 -9999 -9999
2021 01 16 18   -10  -245 10176   354    55 -9999 -9999 -9999
2021 01 16 21   -57  -252 10217   343    30 -9999 -9999 -9999
2021 01 17 00   -99  -239 10293   346    17 -9999 -9999 -9999
2021 01 17 03   -50  -229 10310   269    44 -9999 -9999 -9999
2021 01 17 06    -5  -257 10252   254    53 -9999 -9999 -9999
2021 01 17 09    15  -280 10255   257    50 -9999 -9999 -9999
2021 01 17 12   -40  -293 10372   291    21 -9999 -9999 -9999
2021 01 17 15   -90  -291 10389     2    13 -9999 -9999 -9999
2021 01 17 18  -122  -275 10378   161     3 -9999 -9999 -9999
2021 01 17 21  -147  -251 10375   160     4 -9999 -9999 -9999
2021 01 18 00  -169  -253 10436    77    11 -9999 -9999 -9999
2021 01 18 03  -107  -261 10425   149    13 -9999 -9999 -9999
2021 01 18 06   -30  -277 10301    30    13 -9999 -9999 -9999
2021 01 18 09    27  -283 10218   107    12 -9999 -9999 -9999
2021 01 18 12   -22  -247 10273    28    15 -9999 -9999 -9999
2021 01 18 15   -69  -188 10259   360     2 -9999 -9999 -9999
2021 01 18 18   -77  -187 10199   239     5 -9999 -9999 -9999
2021 01 18 21   -99  -175 10156   177    12 -9999 -9999 -9999
2021 01 19 00  -120  -174 10220   277     4 -9999 -9999 -9999
2021 01 19 03   -50  -216 10212   305    10 -9999 -9999 -9999
2021 01 19 06    27  -174 10094   172     8 -9999 -9999 -9999
2021 01 19 09    71  -144 10048   191    30 -9999 -9999 -9999
2021 01 19 12    22  -106 10123   275     6 -9999 -9999 -9999
2021 01 19 15     0  -120 10103   283    16 -9999 -9999 -9999
2021 01 19 18   -19  -107 10061   262    11 -9999 -9999 -9999
2021 01 19 21   -50  -108 10050   315    10 -9999 -9999 -9999
2021 01 20 00   -77  -110 10125   221     7 -9999 -9999 -9999
2021 01 20 03   -10  -110 10115   350     6 -9999 -9999 -9999
2021 01 20 06    72  -142 10018   285    14 -9999 -9999 -9999
2021 01 20 09    70  -165 10015   266    26 -9999 -9999 -9999
2021 01 20 12    21  -141 10097   341    28 -9999 -9999 -9999
2021 01 20 15    -5   -41 10123    90    29 -9999 -9999 -9999
2021 01 20 18   -15   -51 10076   274    29 -9999 -9999 -9999
2021 01 20 21   -31   -80 10091    50    10 -9999 -9999     0
2021 01 21 00   -53   -94 10164   310    10 -9999 -9999     0
2021 01 21 03   -26  -109 10173   260    30 -9999 -9999     0
2021 01 21 06    19  -134 10106    20    10 -9999 -9999     0
2021 01 21 09    19  -119 10099   270    40 -9999 -9999     0
2021 01 21 12   -28   -44 10191   260    50 -9999 -9999     1
2021 01 21 15   -32   -86 10202   260    20 -9999 -9999     9
2021 01 21 18   -51   -92 10191   330    10 -9999 -9999     8
2021 01 21 21   -91  -129 10222    40    10 -9999 -9999     0
2021 01 22 00  -120  -158 10301    22     7 -9999 -9999 -9999
2021 01 22 03   -65  -141 10267   177    18 -9999 -9999 -9999
2021 01 22 06    -5  -160 10184   204    18 -9999 -9999 -9999
2021 01 22 09    40  -197 -9999   192    23 -9999 -9999 -9999
2021 01 22 12   -15  -173 10227   358    19 -9999 -9999 -9999
2021 01 22 15   -42  -174 10208   353    18 -9999 -9999 -9999
2021 01 22 18   -65  -152 10159   337    11 -9999 -9999 -9999
2021 01 22 21   -65  -155 10101   359    19 -9999 -9999 -9999
2021 01 23 00   -85  -139 10156   103    14 -9999 -9999 -9999
2021 01 23 03   -22  -153 10144   116    14 -9999 -9999 -9999
2021 01 23 06    60  -159 10046   218    16 -9999 -9999 -9999
2021 01 23 09   115  -180 -9999   160    10 -9999 -9999 -9999
2021 01 23 12    40  -164 10049   353    24 -9999 -9999 -9999
2021 01 23 15   -17  -114 10047   252     5 -9999 -9999 -9999
2021 01 23 18   -25  -113  9974    18    14 -9999 -9999 -9999
2021 01 23 21   -52  -111  9949   305     8 -9999 -9999 -9999
2021 01 24 00   -65  -110 10047   243    16 -9999 -9999 -9999
2021 01 24 03    21  -118 10046   171    11 -9999 -9999 -9999
2021 01 24 06   117  -157  9930   155    16 -9999 -9999 -9999
2021 01 24 09   137  -186 -9999   270    18 -9999 -9999 -9999
2021 01 24 12    70  -180  9996   344    17 -9999 -9999 -9999
2021 01 24 15     6  -135 10012   270    20 -9999 -9999     0
2021 01 24 18    22  -204  9989   300    30 -9999 -9999     0
2021 01 24 21   -14  -167 10036   200    10 -9999 -9999     0
2021 01 25 00   -50  -179 10136    65    10 -9999 -9999 -9999
2021 01 25 03     2  -201 10146   244    14 -9999 -9999 -9999
2021 01 25 06    55  -192 10035   242    18 -9999 -9999 -9999
2021 01 25 09    90  -171  9987   238    10 -9999 -9999 -9999
2021 01 25 12    25  -171 10064   335    20 -9999 -9999 -9999
2021 01 25 15   -25  -149 10080   111     8 -9999 -9999 -9999
2021 01 25 18   -59  -149 10074   283     8 -9999 -9999 -9999
2021 01 25 21   -84  -152 10077   281     6 -9999 -9999 -9999
2021 01 26 00  -100  -133 10151   176     7 -9999 -9999 -9999
2021 01 26 03   -27  -154 10146   343     8 -9999 -9999 -9999
2021 01 26 06    65  -168 10036   141    21 -9999 -9999 -9999
2021 01 26 09   100  -215  9997   283    66 -9999 -9999 -9999
2021 01 26 12    47  -198 10063   335    18 -9999 -9999 -9999
2021 01 26 15     2  -170 10069   273    10 -9999 -9999 -9999
2021 01 26 18   -10  -157 10035   190    15 -9999 -9999 -9999
2021 01 26 21   -29  -189 10029   300     7 -9999 -9999 -9999
2021 01 27 00   -65  -209 10110   301     9 -9999 -9999 -9999
2021 01 27 03     1  -197 10125    49    13 -9999 -9999 -9999
2021 01 27 06    50  -195 10060    57    12 -9999 -9999 -9999
2021 01 27 09    65  -168 10061   283    45 -9999 -9999 -9999
2021 01 27 12    22  -153 10153    75    17 -9999 -9999 -9999
2021 01 27 15   -25  -174 10163    42    12 -9999 -9999 -9999
2021 01 27 18   -65  -167 10163    13     7 -9999 -9999 -9999
2021 01 27 21   -89  -172 10170    90     8 -9999 -9999 -9999
2021 01 28 00  -110  -179 10232    87     5 -9999 -9999 -9999
2021 01 28 03   -42  -177 10232   236    16 -9999 -9999 -9999
2021 01 28 06    31  -177 10150   149    15 -9999 -9999 -9999
2021 01 28 09   106  -210 10064   268    37 -9999 -9999 -9999
2021 01 28 12    27  -199 10140   322    11 -9999 -9999 -9999
2021 01 28 15   -30  -181 10141    40    10 -9999 -9999 -9999
2021 01 28 18   -69  -163 10117   280     5 -9999 -9999 -9999
2021 01 28 21   -87  -135 10071   183     9 -9999 -9999 -9999
2021 01 29 00  -105  -148 -9999   200     9 -9999 -9999 -9999
2021 01 29 03   -25  -170 10147   149    15 -9999 -9999 -9999
2021 01 29 06    92  -233 10029   280    39 -9999 -9999 -9999
2021 01 29 09   112  -271  9985   295    27 -9999 -9999 -9999
2021 01 29 12    37  -240 10058   347    21 -9999 -9999 -9999
2021 01 29 15    20  -266 10031    52    13 -9999 -9999 -9999
2021 01 29 18    20  -265  9958     6    31 -9999 -9999 -9999
2021 01 29 21    20  -255  9955   217    23 -9999 -9999 -9999
2021 01 30 00   -45  -260 10069   342    18 -9999 -9999 -9999
2021 01 30 03    36  -291 10037   234    38 -9999 -9999 -9999
2021 01 30 06    52  -251  9994   222    61 -9999 -9999 -9999
2021 01 30 09    42  -236  9988   281    39 -9999 -9999 -9999
2021 01 30 12    25  -160 10070   192    33 -9999 -9999 -9999
2021 01 30 15     6  -135 10046   351    27 -9999 -9999 -9999
2021 01 30 18   -14  -115 10062   268    55 -9999 -9999 -9999
2021 01 30 21   -50  -125 10102   333    11 -9999 -9999 -9999
2021 01 31 00   -85  -145 10153   337    14 -9999 -9999 -9999
2021 01 31 03   -24  -130 10131   174    13 -9999 -9999 -9999
2021 01 31 06    25  -224 10071   243    32 -9999 -9999 -9999
2021 01 31 09   -24  -109 10186   283    58 -9999 -9999 -9999
2021 01 31 12   -39  -155 10265   266    35 -9999 -9999 -9999
2021 01 31 15   -77  -156 10277    72    11 -9999 -9999 -9999
2021 01 31 18  -107  -168 10265    59     5 -9999 -9999 -9999
2021 01 31 21  -127  -169 10314    75     3 -9999 -9999 -9999
2021 02 01 00  -137  -178 10340    95    10 -9999 -9999 -9999
2021 02 01 03   -79  -163 10333   270    11 -9999 -9999 -9999
2021 02 01 06     0  -198 10234   233    15 -9999 -9999 -9999
2021 02 01 09    55  -263 -9999   253    24 -9999 -9999 -9999
2021 02 01 12   -20  -238 10260     2    11 -9999 -9999 -9999
2021 02 01 15   -57  -227 10267   265    12 -9999 -9999 -9999
2021 02 01 18   -79  -217 10237   321     4 -9999 -9999 -9999
2021 02 01 21  -100  -213 10220    49     9 -9999 -9999 -9999
2021 02 02 00  -117  -182 10308   205    14 -9999 -9999 -9999
2021 02 02 03   -45  -220 10293   102    10 -9999 -9999 -9999
2021 02 02 06    31  -246 10196   115    16 -9999 -9999 -9999
2021 02 02 09    57  -224 10168   282    25 -9999 -9999 -9999
2021 02 02 12    20  -236 10231   210    14 -9999 -9999 -9999
2021 02 02 15   -42  -218 10244   215    10 -9999 -9999 -9999
2021 02 02 18   -80  -201 10221   357     5 -9999 -9999 -9999
2021 02 02 21  -107  -170 10232   208     5 -9999 -9999 -9999
2021 02 03 00  -124  -205 10299    78     6 -9999 -9999 -9999
2021 02 03 03   -44  -215 10290   167    11 -9999 -9999 -9999
2021 02 03 06    36  -223 10176   262    18 -9999 -9999 -9999
2021 02 03 09   105  -239 10082    18    14 -9999 -9999 -9999
2021 02 03 12    30  -237 10153   349    27 -9999 -9999 -9999
2021 02 03 15   -35  -186 10159    82     7 -9999 -9999 -9999
2021 02 03 18   -72  -189 10130   323     6 -9999 -9999 -9999
2021 02 03 21   -85  -146 10096   153     9 -9999 -9999 -9999
2021 02 04 00  -102  -154 10180    86     8 -9999 -9999 -9999
2021 02 04 03   -25  -194 10182   331    11 -9999 -9999 -9999
2021 02 04 06    97  -216 10075   274    61 -9999 -9999 -9999
2021 02 04 09    97  -217 10058   318    41 -9999 -9999 -9999
2021 02 04 12    45  -207 10137   111     7 -9999 -9999 -9999
2021 02 04 15    22  -173 10139    87    12 -9999 -9999 -9999
2021 02 04 18    -2  -224 10110     7    23 -9999 -9999 -9999
2021 02 04 21   -55  -204 10164   278     4 -9999 -9999 -9999
2021 02 05 00   -85  -178 10241   207     7 -9999 -9999 -9999
2021 02 05 03   -17  -206 10209   139    10 -9999 -9999 -9999
2021 02 05 06    47  -233 10123   190    21 -9999 -9999 -9999
2021 02 05 09    62  -210 10102   148    16 -9999 -9999 -9999
2021 02 05 12    21  -198 10158     2    11 -9999 -9999 -9999
2021 02 05 15   -12  -163 10144   148     6 -9999 -9999 -9999
2021 02 05 18   -57  -136 10130   211     8 -9999 -9999 -9999
2021 02 05 21   -85  -138 10136   137     9 -9999 -9999 -9999
2021 02 06 00  -105  -175 10198   181     3 -9999 -9999 -9999
2021 02 06 03   -22  -178 10166   198    10 -9999 -9999 -9999
2021 02 06 06    82  -228 10065    42    19 -9999 -9999 -9999
2021 02 06 09    96  -263 10054   214    39 -9999 -9999 -9999
2021 02 06 12    25  -273 10129   332    22 -9999 -9999 -9999
2021 02 06 15   -19  -184 10124   344     5 -9999 -9999 -9999
2021 02 06 18   -52  -174 10085   114     9 -9999 -9999 -9999
2021 02 06 21   -72  -179 10095   159     7 -9999 -9999 -9999
2021 02 07 00  -102  -191 10199     2    10 -9999 -9999 -9999
2021 02 07 03    -5  -213 10190   267     8 -9999 -9999 -9999
2021 02 07 06    67  -240 10127   301    16 -9999 -9999 -9999
2021 02 07 09    55  -126 10141   360    66 -9999 -9999 -9999
2021 02 07 12     2   -66 10275   264    72 -9999 -9999 -9999
2021 02 07 15   -24   -66 10258   303    17 -9999 -9999     1
2021 02 07 18   -49   -78 10232   360     1 -9999 -9999     1
2021 02 07 21   -65  -109 10257   314    17 -9999 -9999 -9999
2021 02 08 00   -90  -133 10342   260    21 -9999 -9999 -9999
2021 02 08 03   -50  -137 10350   265    42 -9999 -9999 -9999
2021 02 08 06    22  -196 10265   204    18 -9999 -9999 -9999
2021 02 08 09    66  -208 10197   141    15 -9999 -9999 -9999
2021 02 08 12     2  -207 10272   358    14 -9999 -9999 -9999
2021 02 08 15   -44  -176 10300   250     8 -9999 -9999 -9999
2021 02 08 18   -80  -188 10277   214     6 -9999 -9999 -9999
2021 02 08 21  -104  -163 10258   177    11 -9999 -9999 -9999
2021 02 09 00  -122  -179 10339   102     4 -9999 -9999 -9999
2021 02 09 03   -45  -183 10320   153    12 -9999 -9999 -9999
2021 02 09 06    37  -206 10226    64    13 -9999 -9999 -9999
2021 02 09 12    32  -218 10216   358     7 -9999 -9999 -9999
2021 02 09 15   -25  -181 10222   145     7 -9999 -9999 -9999
2021 02 09 18   -69  -192 10200   168     5 -9999 -9999 -9999
2021 02 09 21   -92  -167 10166   230     6 -9999 -9999 -9999
2021 02 10 00  -102  -172 10227   184    11 -9999 -9999 -9999
2021 02 10 03   -42  -209 10227     5     8 -9999 -9999 -9999
2021 02 10 06    50  -222 10123    50    12 -9999 -9999 -9999
2021 02 10 09   107  -237 10058   265    52 -9999 -9999 -9999
2021 02 11 00   -65  -158 10166   276     5 -9999 -9999 -9999
2021 02 13 12    12  -242 10191   335    11 -9999 -9999 -9999
2021 02 13 15   -32  -224 10226   338    20 -9999 -9999 -9999
2021 02 13 18   -75  -201 10220   360     2 -9999 -9999 -9999
2021 02 13 21  -104  -186 10215   160    10 -9999 -9999     0
2021 02 14 00  -120  -188 10277   182     8 -9999 -9999 -9999
2021 02 14 03   -44  -198 10255   188    11 -9999 -9999 -9999
2021 02 14 06    45  -216 10151   275    13 -9999 -9999 -9999
2021 02 14 09   112  -251 10071   267    27 -9999 -9999 -9999
2021 02 14 12    57  -235 10125    17    20 -9999 -9999 -9999
2021 02 14 15    25  -201 10100     1    19 -9999 -9999 -9999
2021 02 14 18   -15  -164 10062   174    11 -9999 -9999 -9999
2021 02 14 21   -37  -147 10035   100     7 -9999 -9999 -9999
2021 02 15 00   -64  -166 10116   144     4 -9999 -9999 -9999
2021 02 15 03    20  -186 10085   159     8 -9999 -9999 -9999
2021 02 15 06   100  -148 10007   266    22 -9999 -9999 -9999
2021 02 15 09    96  -166 10004   247    37 -9999 -9999 -9999
2021 02 15 12    27   -66 10129   265   107 -9999 -9999 -9999
2021 02 15 15     2   -43 10120   251    15 -9999 -9999 -9999
2021 02 15 18   -15   -38 10105   256    40 -9999 -9999 -9999
2021 02 15 21   -29   -69 10126    45    14 -9999 -9999 -9999
2021 02 16 00   -52  -134 10206    16    12 -9999 -9999 -9999
2021 02 16 03   -12  -138 10211   316    11 -9999 -9999 -9999
2021 02 16 06    45  -143 10129   345    14 -9999 -9999 -9999
2021 02 16 09    57  -110 10091   170    21 -9999 -9999 -9999
2021 02 16 12    22   -84 10141   360     2 -9999 -9999 -9999
2021 02 16 15    10   -46 10138   119    42 -9999 -9999 -9999
2021 02 16 18   -12   -37 10112    68    13 -9999 -9999 -9999
2021 02 16 21   -17   -43 10096    73     9 -9999 -9999 -9999
2021 02 17 00   -25   -52 10136     3     7 -9999 -9999 -9999
2021 02 17 03    27   -80 10125    75    14 -9999 -9999 -9999
2021 02 17 06    66  -142 10088   211    43 -9999 -9999 -9999
2021 02 17 09    45   -96 10111   344    37 -9999 -9999 -9999
2021 02 17 12   -17   -36 10213   220    18 -9999 -9999 -9999
2021 02 17 15   -30   -45 10212    94    17 -9999 -9999 -9999
2021 02 17 18   -37   -48 10192   168     9 -9999 -9999 -9999
2021 02 17 21   -45   -80 10219   353    17 -9999 -9999 -9999
2021 02 18 00   -52   -96 10284    63     7 -9999 -9999   133
2021 02 18 03   -22   -78 10291   252    26 -9999 -9999    23
2021 02 18 06    15   -83 10233    71    19 -9999 -9999 -9999
2021 02 18 09    35   -66 10194   344    35 -9999 -9999 -9999
2021 02 18 12   -12   -25 10261   127    22 -9999 -9999     1
2021 02 18 15   -19   -35 10268   188     6 -9999 -9999     3
2021 02 18 18   -20   -37 10238    44    12 -9999 -9999     2
2021 02 18 21   -32   -50 10234    76     6 -9999 -9999 -9999
2021 02 19 00   -42   -71 10288    66     6 -9999 -9999 -9999
2021 02 19 03    -5   -59 10280   214    13 -9999 -9999 -9999
2021 02 19 06    50  -108 10199   183    27 -9999 -9999 -9999
2021 02 19 09    60   -95 10166   206    19 -9999 -9999 -9999
2021 02 20 15   -20  -147 10228     2    10 -9999 -9999 -9999
2021 02 20 18   -52  -148 10211   354     8 -9999 -9999 -9999
2021 02 20 21   -82  -159 10234   348    15 -9999 -9999 -9999
2021 02 21 00  -102  -153 10293   182     5 -9999 -9999 -9999
2021 02 21 03   -30  -144 10287    44    12 -9999 -9999 -9999
2021 02 21 06    55  -163 10193   336    12 -9999 -9999 -9999
2021 02 21 12    55  -164 10194   112    19 -9999 -9999 -9999
2021 02 21 15    17  -153 10180    21    19 -9999 -9999 -9999
2021 02 21 18   -17  -136 10145    27    13 -9999 -9999 -9999
2021 02 21 21   -39  -133 10113    53    15 -9999 -9999 -9999
2021 02 22 00   -62  -134 -9999    39    11 -9999 -9999 -9999
2021 02 22 03    22  -152 10165    73    11 -9999 -9999 -9999
2021 02 22 06   127  -208 10067   264    67 -9999 -9999 -9999
2021 02 22 09   127  -223 10070   272    62 -9999 -9999 -9999
2021 02 22 12    82  -186 10153   334    20 -9999 -9999 -9999
2021 02 22 15    22  -144 10182   180     6 -9999 -9999 -9999
2021 02 22 18    -2  -149 10132   331    10 -9999 -9999 -9999
2021 02 22 21   -45  -116 10153   220     9 -9999 -9999 -9999
2021 02 23 00   -70  -119 10208     9     3 -9999 -9999 -9999
2021 02 23 03    16  -145 10183   136    11 -9999 -9999 -9999
2021 02 23 06   107  -149 10066   130    14 -9999 -9999 -9999
2021 02 23 09   145  -210 10009   220    40 -9999 -9999 -9999
2021 02 23 12    81  -187 10066   346    20 -9999 -9999 -9999
2021 02 23 15    36  -161 10040   242    11 -9999 -9999 -9999
2021 02 23 18     0   -98 10010   187     9 -9999 -9999 -9999
2021 02 23 21   -29  -121 10006    42     8 -9999 -9999 -9999
2021 02 24 00   -55  -116 10085   204    11 -9999 -9999 -9999
2021 02 24 03    40  -143 10059   103    13 -9999 -9999 -9999
2021 02 24 06   135  -154  9966   138    15 -9999 -9999 -9999
2021 02 24 09   145  -157  9951   183    34 -9999 -9999 -9999
2021 02 24 12   112  -130  9996   152    15 -9999 -9999 -9999
2021 02 24 15    67  -124  9989   335    16 -9999 -9999 -9999
2021 02 24 18    32   -93  9956   281    10 -9999 -9999 -9999
2021 02 24 21    45   -43  9965   271     8 -9999 -9999 -9999
2021 02 25 00    -5   -54 10036   251    12 -9999 -9999 -9999
2021 02 25 03    65   -52 10024   184    11 -9999 -9999 -9999
2021 02 25 06   105  -160  9980   273    60 -9999 -9999 -9999
2021 02 25 09   105  -151  9948   266    39 -9999 -9999 -9999
2021 02 25 12    71  -132 10010    16    12 -9999 -9999 -9999
2021 02 25 15    45  -121 10001   200     8 -9999 -9999 -9999
2021 02 25 18    12  -100 10010   189    12 -9999 -9999 -9999
2021 02 25 21   -22  -125 10041   321    11 -9999 -9999 -9999
2021 02 26 00   -50  -129 10110   360     2 -9999 -9999 -9999
2021 02 26 03    30  -125 10079    41    10 -9999 -9999 -9999
2021 02 26 06   122  -173  9989   251    39 -9999 -9999 -9999
2021 02 26 09   151  -176  9950   299    31 -9999 -9999 -9999
2021 02 26 12    85  -160 10017   354    13 -9999 -9999 -9999
2021 02 26 15    27  -154 10019   345     7 -9999 -9999 -9999
2021 02 26 18   -15  -150  9981    38     4 -9999 -9999 -9999
2021 02 26 21   -35  -128  9963    98     9 -9999 -9999 -9999
2021 02 27 00   -57  -121 -9999    61     3 -9999 -9999 -9999
2021 02 27 03    37  -139 10019   160    11 -9999 -9999 -9999
2021 02 27 06   145  -110  9917   269    17 -9999 -9999 -9999
2021 02 27 09   182  -151  9866   269    62 -9999 -9999 -9999
2021 02 27 12   120  -116  9927    54    13 -9999 -9999 -9999
2021 02 27 15    76  -122  9913   346    22 -9999 -9999 -9999
2021 02 27 18    20   -77  9877   314     9 -9999 -9999 -9999
2021 02 27 21    -7   -78  9866    78    10 -9999 -9999 -9999
2021 02 28 00   -15   -91  9932    15    20 -9999 -9999 -9999
2021 02 28 03   107   -96  9892   113    20 -9999 -9999 -9999
2021 02 28 06   185  -115  9842   264    50 -9999 -9999 -9999
2021 02 28 09   210  -131  9804   269    54 -9999 -9999 -9999
2021 02 28 12   142  -112  9860   350    23 -9999 -9999 -9999
2021 02 28 15   112  -122  9837   352    41 -9999 -9999 -9999
2021 02 28 18    66  -136  9923   354    47 -9999 -9999 -9999
2021 02 28 21    41  -142  9964   337    36 -9999 -9999 -9999
2021 03 01 00    22  -124 10051   339    34 -9999 -9999 -9999
2021 03 01 03    25   -94 10098    92    16 -9999 -9999 -9999
2021 03 01 06    55   -87 10075   190    21 -9999 -9999 -9999
2021 03 01 09    70   -82 10037   182    17 -9999 -9999 -9999
2021 03 01 12    52   -52 10061    87    33 -9999 -9999 -9999
2021 03 01 15    15    -7 10102   148     8 -9999 -9999     3
2021 03 01 18    10   -20 10063    48     4 -9999 -9999     3
2021 03 01 21     0   -42 10031   352    22 -9999 -9999 -9999
2021 03 02 00   -14   -51 10058    29    13 -9999 -9999 -9999
2021 03 02 03    45   -38 10042   351    12 -9999 -9999 -9999
2021 03 02 06   127  -109 -9999   295    24 -9999 -9999 -9999
2021 03 02 09   117   -87  9955   211    39 -9999 -9999 -9999
2021 03 02 12    22    -9 10116    73    16 -9999 -9999     4
2021 03 02 15    -7   -14 10136   142    23 -9999 -9999    26
2021 03 02 18    -5   -25 10078   258    14 -9999 -9999    22
2021 03 02 21   -20   -37 10088   258    31 -9999 -9999    24
2021 03 03 00   -25   -37 10176   220    11 -9999 -9999    28
2021 03 03 03     2   -37 10186   221    31 -9999 -9999     9
2021 03 03 06    35   -36 10130   146    15 -9999 -9999     5
2021 03 03 09    81  -129 10078   254    52 -9999 -9999 -9999
2021 03 03 12    35  -109 10111   140    10 -9999 -9999 -9999
2021 03 03 15    -9   -79 10142   203     9 -9999 -9999 -9999
2021 03 03 18   -27   -88 10112   322     4 -9999 -9999 -9999
2021 03 03 21   -35   -85 10063    76     9 -9999 -9999 -9999
2021 03 04 00   -49   -83 10113   213    10 -9999 -9999 -9999
2021 03 04 03    40   -87 10084   106    16 -9999 -9999 -9999
2021 03 04 06   111  -123 10009   274    17 -9999 -9999 -9999
2021 03 04 09   116  -126  9979   260    30 -9999 -9999 -9999
2021 03 04 12    72   -71 10031   282    12 -9999 -9999 -9999
2021 03 04 15    40   -14 10040   264    67 -9999 -9999 -9999
2021 03 04 18    10    -3 10016    32     7 -9999 -9999     3
2021 03 04 21     1   -20 10005    73    20 -9999 -9999     3
2021 03 05 00    -2   -45 10059   344    23 -9999 -9999 -9999
2021 03 05 03    31   -44 10069    85    10 -9999 -9999 -9999
2021 03 05 06    95   -87 10012   128    19 -9999 -9999 -9999
2021 03 05 09    90   -91  9995   345    46 -9999 -9999 -9999
2021 03 05 12     7    -9 10122   265    58 -9999 -9999     1
2021 03 05 15    -5   -22 10128    70     9 -9999 -9999     6
2021 03 05 18    -2   -24 10082   191     8 -9999 -9999     5
2021 03 05 21    -5   -24 10087   130     7 -9999 -9999 -9999
2021 03 06 00   -10   -36 10166   265    28 -9999 -9999     1
2021 03 06 03   -17   -41 10211   205    22 -9999 -9999     6
2021 03 06 06    16   -45 10152   341    14 -9999 -9999     5
2021 03 06 09    15   -32 10125   312    23 -9999 -9999 -9999
2021 03 06 12   -10   -32 10157   261    21 -9999 -9999     3
2021 03 06 15   -17   -25 10181   257    16 -9999 -9999    29
2021 03 06 18   -20   -29 10147    80     6 -9999 -9999    45
2021 03 06 21   -27   -44 10129     1     9 -9999 -9999    19
2021 03 07 00   -27   -42 10165   102    10 -9999 -9999 -9999
2021 03 07 03    11   -43 10157    63    14 -9999 -9999 -9999
2021 03 07 06    40   -67 10119   200    16 -9999 -9999 -9999
2021 03 07 09    62  -170 10101   283    64 -9999 -9999 -9999
2021 03 07 12    15  -127 10163   313    11 -9999 -9999 -9999
2021 03 07 15   -20  -123 10191    12    17 -9999 -9999 -9999
2021 03 07 18   -47  -109 10196    74    11 -9999 -9999 -9999
2021 03 07 21   -64  -117 10183   184     9 -9999 -9999 -9999
2021 03 08 00   -80  -123 10250   360     8 -9999 -9999 -9999
2021 03 08 03   -20  -126 10232   135    12 -9999 -9999 -9999
2021 03 08 06    56  -115 10146   353    14 -9999 -9999 -9999
2021 03 08 09   116  -134 10078   228    27 -9999 -9999 -9999
2021 03 08 12    67  -110 10135    27     4 -9999 -9999 -9999
2021 03 08 15    25   -78 10149   179     8 -9999 -9999 -9999
2021 03 08 18     2   -77 10111   266     4 -9999 -9999 -9999
2021 03 08 21    -7   -82 10074     3    11 -9999 -9999 -9999
2021 03 09 00   -27   -94 10142     1    12 -9999 -9999 -9999
2021 03 09 03    42   -91 10130   113    10 -9999 -9999 -9999
2021 03 09 06   120   -96 10036   333    18 -9999 -9999 -9999
2021 03 09 09   142  -158  9986   279    35 -9999 -9999 -9999
2021 03 09 12    87   -32 10063   268    69 -9999 -9999 -9999
2021 03 09 15    47   -35 10065    52    16 -9999 -9999 -9999
2021 03 09 18    30   -21 10049   270    36 -9999 -9999 -9999
2021 03 09 21    -2   -21 10061    48    10 -9999 -9999     1
2021 03 10 00   -14   -37 10133   123     5 -9999 -9999     1
2021 03 10 03    45   -51 10133   169    12 -9999 -9999 -9999
2021 03 10 06   110  -124 10063   322    55 -9999 -9999 -9999
2021 03 10 09   112  -161 10054   303    26 -9999 -9999 -9999
2021 03 10 12    80   -82 10112    84    15 -9999 -9999 -9999
2021 03 10 15    42   -89 10127    66     9 -9999 -9999 -9999
2021 03 10 18    29   -62 10097   100    10 -9999 -9999     0
2021 03 10 21    22   -79 10104   263    41 -9999 -9999 -9999
2021 03 11 00     1   -74 10166   340    20 -9999 -9999 -9999
2021 03 11 03    60   -69 10162   216    16 -9999 -9999 -9999
2021 03 11 06   110   -78 10090   197    23 -9999 -9999 -9999
2021 03 11 09   112   -96 10071   232    36 -9999 -9999 -9999
2021 03 11 12    80   -81 10122   223    11 -9999 -9999 -9999
2021 03 11 15    65   -47 10122   123    19 -9999 -9999 -9999
2021 03 11 18    27   -18 10119    94    20 -9999 -9999 -9999
2021 03 11 21    17     1 10124     8    15 -9999 -9999     2
2021 03 12 00     5    -6 10175   144    12 -9999 -9999     4
2021 03 12 03    45   -26 10180   141    12 -9999 -9999     2
2021 03 12 06   127   -63 10101   275    39 -9999 -9999 -9999
2021 03 12 09   102   -70 10128   184    17 -9999 -9999 -9999
2021 03 12 12    75   -74 10181    82    24 -9999 -9999 -9999
2021 03 12 15    30   -94 10215     9    13 -9999 -9999 -9999
2021 03 12 18    -7   -84 10187    76     9 -9999 -9999 -9999
2021 03 12 21   -32   -96 10213    36     4 -9999 -9999 -9999
2021 03 13 00   -47   -82 10256   185     9 -9999 -9999 -9999
2021 03 13 03    30   -87 10230    71    12 -9999 -9999 -9999
2021 03 13 06   117  -104 10124   129    20 -9999 -9999 -9999
2021 03 13 09   161  -144 10056   145    22 -9999 -9999 -9999
2021 03 13 12   110   -99 10093    68     7 -9999 -9999 -9999
2021 03 13 15    82   -83 10068    69    14 -9999 -9999 -9999
2021 03 13 18    75   -77 10003   115    25 -9999 -9999 -9999
2021 03 13 21    27   -64  9997    97    10 -9999 -9999 -9999
2021 03 14 00    -2   -60 10075   207     5 -9999 -9999 -9999
2021 03 14 03    86   -64 10043   152    12 -9999 -9999 -9999
2021 03 14 06   135   -78  9977   231    31 -9999 -9999 -9999
2021 03 14 09    70   -10 10078   341    24 -9999 -9999 -9999
2021 03 14 12    37    -8 10133   299    13 -9999 -9999     1
2021 03 14 15    17   -14 10102   360     8 -9999 -9999     1
2021 03 14 18     7   -17 10078   185    12 -9999 -9999 -9999
2021 03 14 21     6   -33 10119    90     8 -9999 -9999 -9999
2021 03 15 00     7   -36 10151    95    10 -9999 -9999 -9999
2021 03 15 03    66   -48 10130    84    15 -9999 -9999 -9999
2021 03 15 06   111   -50 10062    99    23 -9999 -9999 -9999
2021 03 15 09   111   -54 10032   197    39 -9999 -9999 -9999
2021 03 15 12    81   -54 10063    33    13 -9999 -9999 -9999
2021 03 15 15    46   -57 10071   348    22 -9999 -9999 -9999
2021 03 15 18    25   -43 10053    86     8 -9999 -9999 -9999
2021 03 15 21    -4   -45 10072    71    12 -9999 -9999 -9999
2021 03 16 00   -17   -60 10121   360     2 -9999 -9999 -9999
2021 03 16 03    61   -41 10093   154    15 -9999 -9999 -9999
2021 03 16 06   131   -76 10011   252    17 -9999 -9999 -9999
2021 03 16 09   137  -101  9993   224    47 -9999 -9999 -9999
2021 03 16 12   100   -92 10057   349    22 -9999 -9999 -9999
2021 03 16 15    70   -79 10042   356    21 -9999 -9999 -9999
2021 03 16 18    35   -82 10019   342    21 -9999 -9999 -9999
2021 03 16 21     5   -85 -9999   348    23 -9999 -9999 -9999
2021 03 17 00   -10   -87 10086   350    13 -9999 -9999 -9999
2021 03 17 03    90   -73 10042    92    15 -9999 -9999 -9999
2021 03 17 06   145  -127  9987   233    52 -9999 -9999 -9999
2021 03 17 09   131   -76 10004   271    53 -9999 -9999 -9999
2021 03 17 12    91   -59 10065   248    35 -9999 -9999 -9999
2021 03 17 15    26     5 10077   247    13 -9999 -9999     5
2021 03 17 18    11    -8 10048   175     6 -9999 -9999     5
2021 03 17 21   -12   -34 10063   354    15 -9999 -9999 -9999
2021 03 18 00   -22   -41 10114   354     9 -9999 -9999 -9999
2021 03 18 03    66   -31 -9999   102    13 -9999 -9999 -9999
2021 03 18 06   136  -103 10020   261    49 -9999 -9999 -9999
2021 03 18 12   111  -110 10017    17    12 -9999 -9999 -9999
2021 03 18 15    90  -111  9981    23    19 -9999 -9999 -9999
2021 03 18 18    85  -132  9954   241    28 -9999 -9999 -9999
2021 03 18 21    75  -135  9954   245    23 -9999 -9999 -9999
2021 03 19 00    40  -124 10033    22    32 -9999 -9999 -9999
2021 03 19 03   117  -125 10008   267    46 -9999 -9999 -9999
2021 03 19 06   131  -114  9977   299    43 -9999 -9999 -9999
2021 03 19 09   122   -95  9964   248    25 -9999 -9999 -9999
2021 03 19 12   105   -82 10008   270    31 -9999 -9999 -9999
2021 03 19 15    77   -61  9990    91     8 -9999 -9999 -9999
2021 03 19 18    50   -62  9987   242    17 -9999 -9999 -9999
2021 03 19 21    25   -64 10005    71    15 -9999 -9999 -9999
2021 03 20 00    20   -49 10035   213    15 -9999 -9999 -9999
2021 03 20 03    95   -69 10000   241    15 -9999 -9999 -9999
2021 03 20 06   130   -42  9957   264    85 -9999 -9999 -9999
2021 03 20 09    57   -18 10047   253    30 -9999 -9999 -9999
2021 03 20 12    17     6 10099   101    15 -9999 -9999     5
2021 03 20 15    22     1 10047   213     7 -9999 -9999     5
2021 03 20 18    26     2 10011   120     7 -9999 -9999 -9999
2021 03 20 21    25    -6 10063   324     6 -9999 -9999 -9999
2021 03 21 00    22   -14 10109   332    15 -9999 -9999 -9999
2021 03 21 03     2   -27 10156   265    22 -9999 -9999    28
2021 03 21 06    37   -35 10117   105    19 -9999 -9999    30
2021 03 21 09    66   -64 10079   128    21 -9999 -9999     2
2021 03 21 12    46   -57 10110   145     8 -9999 -9999 -9999
2021 03 21 15    11   -69 10172   358    13 -9999 -9999 -9999
2021 03 21 18   -12   -74 10171     4    16 -9999 -9999 -9999
2021 03 21 21   -27   -67 10155    14    16 -9999 -9999 -9999
2021 03 22 00   -37   -72 10191    34    13 -9999 -9999 -9999
2021 03 22 03    37   -55 10167   155    20 -9999 -9999 -9999
2021 03 22 06   112  -102 10080   197    18 -9999 -9999 -9999
2021 03 22 09   122  -121 10053   279    65 -9999 -9999 -9999
2021 03 22 12    76   -80 10126    76    18 -9999 -9999 -9999
2021 03 22 15    52  -278 10147    14    45 -9999 -9999 -9999
2021 03 22 18    -9  -180 10152   127    12 -9999 -9999 -9999
2021 03 22 21   -49  -206 10172   320    12 -9999 -9999 -9999
2021 03 23 00   -65  -162 10234   275     3 -9999 -9999 -9999
2021 03 23 03    25  -172 10189   155    14 -9999 -9999 -9999
2021 03 23 06   107  -166 10122   167    17 -9999 -9999 -9999
2021 03 23 09   165  -195 10060   257    49 -9999 -9999 -9999
2021 03 23 12   107  -149 10121    14    21 -9999 -9999 -9999
2021 03 23 15    61  -135 10111   346    11 -9999 -9999 -9999
2021 03 23 18    20  -102 10083   287     7 -9999 -9999 -9999
2021 03 23 21    -9   -88 10056   196     5 -9999 -9999 -9999
2021 03 24 00   -20   -83 10119   276     8 -9999 -9999 -9999
2021 03 24 03    77   -96 10082   185    13 -9999 -9999 -9999
2021 03 24 06   156  -101 10003   329    18 -9999 -9999 -9999
2021 03 24 09   175  -123  9969   214    44 -9999 -9999 -9999
2021 03 24 12   125  -120 10015   308    10 -9999 -9999 -9999
2021 03 24 15    72  -130  9999   346    27 -9999 -9999 -9999
2021 03 24 18    30   -78  9979   137     9 -9999 -9999 -9999
2021 03 24 21     0   -61  9987   177     8 -9999 -9999 -9999
2021 03 25 00    -7   -59 10047   163    10 -9999 -9999 -9999
2021 03 25 03   100   -73 10005   111    18 -9999 -9999 -9999
2021 03 25 06   150   -85  9960   234    22 -9999 -9999 -9999
2021 03 25 09   155   -80  9936   150    19 -9999 -9999 -9999
2021 03 25 12   127   -63  9961    26    22 -9999 -9999 -9999
2021 03 25 15   117   -67  9938   253    27 -9999 -9999 -9999
2021 03 25 18    57   -12  9966   313    15 -9999 -9999 -9999
2021 03 25 21    22   -23  9995   100     5 -9999 -9999 -9999
2021 03 26 00    35   -23 10029   268    27 -9999 -9999 -9999
2021 03 26 03    76   -30 10007   233    25 -9999 -9999 -9999
2021 03 26 06   105   -72  9994   277    49 -9999 -9999 -9999
2021 03 26 09    51   -22 10060   263   103 -9999 -9999 -9999
2021 03 26 12    55   -39 10082   264    34 -9999 -9999 -9999
2021 03 26 15    40   -41 10088   259    18 -9999 -9999 -9999
2021 03 26 18    20   -45 10080     9    15 -9999 -9999 -9999
2021 03 26 21    -7   -68 10127   319    10 -9999 -9999 -9999
2021 03 27 00   -15   -60 10153   244    21 -9999 -9999 -9999
2021 03 27 03    45   -59 10143   253    21 -9999 -9999 -9999
2021 03 27 06    96  -117 10097   261    75 -9999 -9999 -9999
2021 03 27 09   105  -129 10103   259    65 -9999 -9999 -9999
2021 03 27 12    77  -144 10137   262    23 -9999 -9999 -9999
2021 03 27 15    22  -136 10152   339    23 -9999 -9999 -9999
2021 03 27 18   -12  -119 10135   113     9 -9999 -9999 -9999
2021 03 27 21   -37  -115 10131   130     6 -9999 -9999 -9999
2021 03 28 00   -55  -115 10175    94     8 -9999 -9999 -9999
2021 03 28 03    45  -121 10137   122    15 -9999 -9999 -9999
2021 03 28 06   150  -165 10022   270    29 -9999 -9999 -9999
2021 03 28 09   166  -194  9987   282    57 -9999 -9999 -9999
2021 03 28 12   120  -157 10040   257    10 -9999 -9999 -9999
2021 03 28 15    70  -128 10036   207    12 -9999 -9999 -9999
2021 03 28 18    46  -111  9991   238    12 -9999 -9999 -9999
2021 03 28 21     1   -93  9997   103     6 -9999 -9999 -9999
2021 03 29 00    -9  -108 10053    22     4 -9999 -9999 -9999
2021 03 29 03    90  -105 10013   168    13 -9999 -9999 -9999
2021 03 29 06   160  -157  9935   264    47 -9999 -9999 -9999
2021 03 29 09   162  -166  9926   267    51 -9999 -9999 -9999
2021 03 29 12   120  -138  9967    67    11 -9999 -9999 -9999
2021 03 29 15    77  -120  9953    19    24 -9999 -9999 -9999
2021 03 29 18    32   -91  9939   184     5 -9999 -9999 -9999
2021 03 29 21     0   -93  9950   126    14 -9999 -9999 -9999
2021 03 30 00   -15   -81 10002   360     2 -9999 -9999 -9999
2021 03 30 03    91   -94  9949    72    12 -9999 -9999 -9999
2021 03 30 06   157  -100  9889   263    43 -9999 -9999 -9999
2021 03 30 09   175  -122  9857   239    23 -9999 -9999 -9999
2021 03 30 12   146  -117  9893   258    37 -9999 -9999 -9999
2021 03 30 15   131  -100  9862   258    32 -9999 -9999 -9999
2021 03 30 18   102   -75  9847    46    11 -9999 -9999 -9999
2021 03 30 21    70   -74  9851     7    19 -9999 -9999 -9999
2021 03 31 00    45   -83  9891    18    11 -9999 -9999 -9999
2021 03 31 03   127   -84  9858    33    21 -9999 -9999 -9999
2021 03 31 06   157   -78  9814   246    51 -9999 -9999 -9999
2021 03 31 09   155   -87  9812   181    23 -9999 -9999 -9999
2021 03 31 12   125   -22  9873   267    59 -9999 -9999 -9999
2021 03 31 15    95   -22  9870    79    14 -9999 -9999 -9999
2021 03 31 18    70   -35  9874   330    11 -9999 -9999 -9999
2021 03 31 21    41   -57  9901   342    27 -9999 -9999 -9999
2021 04 01 00    26   -44  9948    69    10 -9999 -9999 -9999
2021 04 01 03   132   -64  9883    82    24 -9999 -9999 -9999
2021 04 01 06   146   -69  9851   124    26 -9999 -9999 -9999
2021 04 01 09   162   -67  9833   172    46 -9999 -9999 -9999
2021 04 01 12   131   -65  9879   172    31 -9999 -9999 -9999
2021 04 01 15   112   -86  9853   187    26 -9999 -9999 -9999
2021 04 01 18    97   -93  9857   163    43 -9999 -9999 -9999
2021 04 01 21    76  -107  9865    34    19 -9999 -9999 -9999
2021 04 02 00    57   -97  9917    74    18 -9999 -9999 -9999
2021 04 02 03   112  -108  9901   241    34 -9999 -9999 -9999
2021 04 02 06   136   -89  9874   175    28 -9999 -9999 -9999
2021 04 02 09   147   -94  9852   174    26 -9999 -9999 -9999
2021 04 02 12   125  -143  9903   212    47 -9999 -9999 -9999
2021 04 02 15    97  -128  9930   258    55 -9999 -9999 -9999
2021 04 02 18    70  -123  9953   110    11 -9999 -9999 -9999
2021 04 02 21    30  -121  9981    11    25 -9999 -9999 -9999
2021 04 03 00    22  -128 10021   343    19 -9999 -9999 -9999
2021 04 03 03   107  -141  9981    18    34 -9999 -9999 -9999
2021 04 03 06   135  -136  9941   229    46 -9999 -9999 -9999
2021 04 03 09   146  -135  9934   219    39 -9999 -9999 -9999
2021 04 03 12   125  -144  9973   217    48 -9999 -9999 -9999
2021 04 03 15   100  -163  9967   213    26 -9999 -9999 -9999
2021 04 03 18    65  -156  9991   360    25 -9999 -9999 -9999
2021 04 03 21    32  -139 10007   332    25 -9999 -9999 -9999
2021 04 04 00    45  -154 10027   325    23 -9999 -9999 -9999
2021 04 04 03   106  -158 10006   161    42 -9999 -9999 -9999
2021 04 04 06   137  -174  9969   301    19 -9999 -9999 -9999
2021 04 04 09   147  -178  9958   221    63 -9999 -9999 -9999
2021 04 04 12   125  -184  9987   224    44 -9999 -9999 -9999
2021 04 04 15    65   -76 10068   280    32 -9999 -9999 -9999
2021 04 04 18     2   -11 10121   105    17 -9999 -9999     7
2021 04 04 21   -15   -47 10124     4     9 -9999 -9999     7
2021 04 05 00   -17   -59 10163   341     7 -9999 -9999 -9999
2021 04 05 03    45   -42 10165   121    14 -9999 -9999     1
2021 04 05 06   127  -159 10102   252    56 -9999 -9999     1
2021 04 05 09   142  -212 10070   249    42 -9999 -9999 -9999
2021 04 05 12   107  -176 10100   211    10 -9999 -9999 -9999
2021 04 05 15    55  -170 10124   316    11 -9999 -9999 -9999
2021 04 05 18     2  -102 10106   175    12 -9999 -9999 -9999
2021 04 05 21   -24   -95 10107   195     9 -9999 -9999 -9999
2021 04 06 00   -27  -120 10155   117    10 -9999 -9999 -9999
2021 04 06 03    67  -140 10113   155    12 -9999 -9999 -9999
2021 04 06 06   160  -157 10026   124    25 -9999 -9999 -9999
2021 04 06 09   177  -156  9992   322    46 -9999 -9999 -9999
2021 04 06 12   141  -149 10029   123    18 -9999 -9999 -9999
2021 04 06 15    77  -105 10038   174    14 -9999 -9999 -9999
2021 04 06 18    65   -72  9992   264    13 -9999 -9999 -9999
2021 04 06 21    30   -75 10008   123     6 -9999 -9999 -9999
2021 04 07 00    16   -77 10083   360     1 -9999 -9999 -9999
2021 04 07 03    97   -93 10064   153    12 -9999 -9999 -9999
2021 04 07 06   147  -100  9992   285    63 -9999 -9999 -9999
2021 04 07 09   126   -36 10015   234    48 -9999 -9999 -9999
2021 04 07 12    95   -42 10074   264    48 -9999 -9999 -9999
2021 04 07 15    27    -1 10100   290    15 -9999 -9999     4
2021 04 07 18    22    -4 10072    40    10 -9999 -9999     4
2021 04 07 21    21   -22 10084    84    12 -9999 -9999 -9999
2021 04 08 00    21   -26 10121    80    12 -9999 -9999 -9999
2021 04 08 06   137   -36 10026   272    25 -9999 -9999 -9999
2021 04 08 09   137   -81  9989   219    37 -9999 -9999 -9999
2021 04 08 12   110   -42 10003   265    22 -9999 -9999 -9999
2021 04 08 15    82   -46 10015   262    16 -9999 -9999 -9999
2021 04 08 18    61   -38 10001   318    11 -9999 -9999 -9999
2021 04 08 21    37   -32 10018   352    11 -9999 -9999 -9999
2021 04 09 00    20   -48 10082   173     6 -9999 -9999 -9999
2021 04 09 03   105   -37 10038    85    14 -9999 -9999 -9999
2021 04 09 06   155   -81  9964   264    24 -9999 -9999 -9999
2021 04 09 09   146   -75  9961    46    19 -9999 -9999 -9999
2021 04 09 12   112   -40 10017   260    35 -9999 -9999 -9999
2021 04 09 15    82   -43 10012   358    16 -9999 -9999 -9999
2021 04 09 18    55   -36 10002   270     7 -9999 -9999 -9999
2021 04 09 21    35   -33 10016   319     7 -9999 -9999 -9999
2021 04 10 00    40   -29 10051   229    16 -9999 -9999 -9999
2021 04 10 03   117   -32 10023    50    11 -9999 -9999 -9999
2021 04 10 06   141   -37  9985   133    20 -9999 -9999 -9999
2021 04 10 09    76    21 10069   267    98 -9999 -9999 -9999
2021 04 10 12    67    11 10066   255    12 -9999 -9999     3
2021 04 10 15    50    17 10065   265    30 -9999 -9999     7
2021 04 10 18    32    15 10067   247     7 -9999 -9999    34
2021 04 10 21    20     9 10112    65     8 -9999 -9999    59
2021 04 11 00    10     3 10148    87    19 -9999 -9999    56
2021 04 11 03    65     5 10126    96    16 -9999 -9999    27
2021 04 11 06   102    -5 10084   340    16 -9999 -9999 -9999
2021 04 11 09   105   -15 10073   360    67 -9999 -9999 -9999
2021 04 11 12    45    14 10176   267    66 -9999 -9999 -9999
2021 04 11 15    21     5 10165   300     7 -9999 -9999     5
2021 04 11 18    17     6 10135   242    13 -9999 -9999    10
2021 04 11 21    11     2 10122   249     9 -9999 -9999    20
2021 04 12 00    17    -1 10167    85     5 -9999 -9999    15
2021 04 12 03    52    -1 10169   238    19 -9999 -9999 -9999
2021 04 12 06    97    -4 10106   301    10 -9999 -9999 -9999
2021 04 12 09   122   -32 10056   145    22 -9999 -9999 -9999
2021 04 12 12    67   -16 10121   262    68 -9999 -9999 -9999
2021 04 12 15    25     9 10167   135    21 -9999 -9999    10
2021 04 12 18    15     2 10124    31     8 -9999 -9999    18
2021 04 12 21    20    -2 10087   271     9 -9999 -9999     8
2021 04 13 00    26    -2 10126   169    12 -9999 -9999 -9999
2021 04 13 03    80   -12 10109    16    13 -9999 -9999 -9999
2021 04 13 06   125   -46 10055   286    30 -9999 -9999 -9999
2021 04 13 09   137   -70 10006   287    25 -9999 -9999 -9999
2021 04 13 12    61   -20 10113   289    27 -9999 -9999 -9999
2021 04 13 15    31     2 10118   107    39 -9999 -9999 -9999
2021 04 13 18    27    -1 10074    76    11 -9999 -9999 -9999
2021 04 13 21    20    -9 10062    74    10 -9999 -9999 -9999
2021 04 14 00    26   -10 10119    67     6 -9999 -9999 -9999
2021 04 14 03    72   -22 10110   192    15 -9999 -9999 -9999
2021 04 14 06    76   -42 10113   257    55 -9999 -9999     1
2021 04 14 09   120  -109 10050   293    27 -9999 -9999     1
2021 04 14 12   100  -103 10063   342    22 -9999 -9999 -9999
2021 04 14 15    42   -91 10083   349    12 -9999 -9999 -9999
2021 04 14 18    17   -66 10094     2     6 -9999 -9999 -9999
2021 04 14 21     5   -82 10059   357    11 -9999 -9999 -9999
2021 04 15 00     0   -81 10096     2    13 -9999 -9999 -9999
2021 04 15 03   102   -80 10064   116    15 -9999 -9999 -9999
2021 04 15 06   152  -104 10011   216    33 -9999 -9999 -9999
2021 04 15 09   140   -47 10005   351    51 -9999 -9999 -9999
2021 04 15 12    57   -16 10135   109    23 -9999 -9999     1
2021 04 15 15    10     0 10135    51     6 -9999 -9999    33
2021 04 15 18    15     2 10088    81     9 -9999 -9999    36
2021 04 15 21    17    -3 10093    98    11 -9999 -9999     4
2021 04 16 00    22    -8 10164   177    12 -9999 -9999 -9999
2021 04 16 03    76   -24 10168   171    17 -9999 -9999 -9999
2021 04 16 06   130   -83 10087   226    33 -9999 -9999 -9999
2021 04 16 09   155  -111 10031   256    35 -9999 -9999 -9999
2021 04 16 12   127   -91 10053   286    15 -9999 -9999 -9999
2021 04 16 15    77   -64 10074   360     8 -9999 -9999 -9999
2021 04 16 18    42   -47 10055   127     4 -9999 -9999 -9999
2021 04 16 21    20   -54 10053   355     4 -9999 -9999 -9999
2021 04 17 00    16   -43 10097    54    13 -9999 -9999 -9999
2021 04 17 03   102   -41 10055   215    15 -9999 -9999 -9999
2021 04 17 06   170   -55  9994   227    62 -9999 -9999 -9999
2021 04 17 09   172   -41  9975   283    54 -9999 -9999 -9999
2021 04 17 12   141   -41  9999   272    28 -9999 -9999 -9999
2021 04 17 15    97   -29 10015   247    13 -9999 -9999 -9999
2021 04 17 18    61    10 10028   285    36 -9999 -9999 -9999
2021 04 17 21    45    12 10030   113    15 -9999 -9999 -9999
2021 04 18 00    47    11 10062   100     9 -9999 -9999 -9999
2021 04 18 03    87     0 10064   137    19 -9999 -9999 -9999
2021 04 18 06   137   -11 10007   141    45 -9999 -9999 -9999
2021 04 18 09   160   -35  9947     3     6 -9999 -9999 -9999
2021 04 18 12   126   -17  9962   100    31 -9999 -9999 -9999
2021 04 18 15    95    -4  9977   339    18 -9999 -9999 -9999
2021 04 18 18    85     0  9937    94    11 -9999 -9999 -9999
2021 04 18 21    62     0  9931   335    16 -9999 -9999 -9999
2021 04 19 00    67   -25  9964   338    17 -9999 -9999 -9999
2021 04 19 03   140   -58  9934   263    15 -9999 -9999 -9999
2021 04 19 06   160   -83  9885   141    27 -9999 -9999 -9999
2021 04 19 09   162   -68  9865    31    36 -9999 -9999 -9999
2021 04 19 12   100   -31  9953   278    38 -9999 -9999 -9999
2021 04 19 15    50    18  9989    65    16 -9999 -9999     3
2021 04 19 18    42    19  9976   131    10 -9999 -9999     3
2021 04 19 21    40    10  9976   327    11 -9999 -9999 -9999
2021 04 20 00    41     4 10040   330    19 -9999 -9999 -9999
2021 04 20 03   101     4 10033   109    13 -9999 -9999 -9999
2021 04 20 06   165  -103  9957   270    45 -9999 -9999 -9999
2021 04 20 09   150   -60  9960   186    36 -9999 -9999 -9999
2021 04 20 12    66     9 10069   274    66 -9999 -9999 -9999
2021 04 20 15    47    16 10065   261    14 -9999 -9999     7
2021 04 20 18    35     5 10046   257    22 -9999 -9999     7
2021 04 20 21    15    -3 10078   197     7 -9999 -9999 -9999
