2021 01 01 00  -193  -251 10328   300    10 -9999 -9999     0
2021 01 01 03  -105  -224 10329   300    10 -9999 -9999     0
2021 01 01 06    20  -236 10201   250    40 -9999 -9999     0
2021 01 01 09    28  -238 10200   290    70 -9999 -9999     0
2021 01 01 12   -50  -207 -9999   140    20 -9999 -9999     0
2021 01 01 18  -135  -198 10175   310    10 -9999 -9999     0
2021 01 01 21  -133  -190 10153   290    10 -9999 -9999     0
2021 01 02 00  -139  -189 10227   280    10 -9999 -9999     0
2021 01 02 03   -65  -173 10229   170    10 -9999 -9999     0
2021 01 02 06    58  -235 10090   280    90 -9999 -9999     0
2021 01 02 09    52  -240 10111   290    70 -9999 -9999     0
2021 01 02 12   -21  -190 -9999     0 -9999 -9999 -9999     0
2021 01 02 18   -37  -213 10047   300    30 -9999 -9999     0
2021 01 02 21   -45  -230 10075   270    20 -9999 -9999     0
2021 01 03 00  -104  -203 10200   190    10 -9999 -9999     0
2021 01 03 03   -35  -212 -9999   230    10 -9999 -9999     0
2021 01 03 06    32  -235 10064    50    20 -9999 -9999     0
2021 01 03 09    42  -180 10056   320    50 -9999 -9999     0
2021 01 03 12    -7  -153 10172   160    10 -9999 -9999     0
2021 01 03 18   -61  -161 10117   250    20 -9999 -9999     0
2021 01 03 21  -114  -172 10152   320    20 -9999 -9999     0
2021 01 04 00  -143  -184 -9999   320    10 -9999 -9999     0
2021 01 04 03   -48  -163 10192   120    20 -9999 -9999     0
2021 01 04 06    82  -177 10060   270    80 -9999 -9999     0
2021 01 04 09    83  -195 10093   260    60 -9999 -9999     0
2021 01 04 12   -23  -175 -9999   160    10 -9999 -9999     0
2021 01 04 18   -68  -148 10072   170    20 -9999 -9999     0
2021 01 04 21   -79  -158 10081   140    10 -9999 -9999     0
2021 01 05 00     1  -181 10117   260    30 -9999 -9999     0
2021 01 05 03    53  -178 10121   270    70 -9999 -9999     0
2021 01 05 06    62  -164 10070   290    70 -9999 -9999     0
2021 01 05 09    65  -191 10075   270    80 -9999 -9999     0
2021 01 05 12     5  -147 10084   300    20 -9999 -9999     0
2021 01 05 18   -25  -166 10042   100    10 -9999 -9999     0
2021 01 05 21   -53  -156 10050   220    10 -9999 -9999     0
2021 01 06 00   -83  -155 -9999    50    10 -9999 -9999     0
2021 01 06 03    16  -129 10064   130    10 -9999 -9999     0
2021 01 06 06    60  -165  9996   310    70 -9999 -9999     0
2021 01 06 09    56  -169 10013   290    60 -9999 -9999     0
2021 01 06 12    -3  -123 10109   340    10 -9999 -9999     0
2021 01 06 18   -81  -139 10055   300    10 -9999 -9999     0
2021 01 06 21  -114  -165 10079   290    10 -9999 -9999     0
2021 01 07 00  -115  -159 10136   310    10 -9999 -9999     0
2021 01 07 03   -44  -135 10131   320    10 -9999 -9999     0
2021 01 07 06    56  -156 -9999   250   100 -9999 -9999     0
2021 01 07 09    39  -134 10072   300    70 -9999 -9999     0
2021 01 07 12    -6  -153 10142   220    10 -9999 -9999     0
2021 01 07 18   -92  -192 10115   320    10 -9999 -9999     0
2021 01 07 21  -144  -194 10179   280    10 -9999 -9999     0
2021 01 08 00  -158  -203 -9999   310    10 -9999 -9999     0
2021 01 08 03   -73  -169 10215   350    10 -9999 -9999     0
2021 01 08 06    17  -172 10113   230    10 -9999 -9999     0
2021 01 08 09    59  -246 -9999   290    70 -9999 -9999     0
2021 01 08 12   -43  -219 10215   310    20 -9999 -9999     0
2021 01 08 18  -135  -217 10155   320    10 -9999 -9999     0
2021 01 08 21  -155  -220 10129   311     9 -9999 -9999 -9999
2021 01 09 00  -171  -230 -9999   310    10 -9999 -9999     0
2021 01 09 03   -79  -207 10232   280    10 -9999 -9999     0
2021 01 09 06    68  -227 10069   270    80 -9999 -9999     0
2021 01 09 09    72  -224 10071   320    60 -9999 -9999     0
2021 01 09 12   -27  -210 -9999   250    10 -9999 -9999     0
2021 01 09 18  -121  -214 10068    10    10 -9999 -9999     0
2021 01 09 21  -145  -224 10069   270    10 -9999 -9999     0
2021 01 10 00  -160  -228 10175   290    10 -9999 -9999     0
2021 01 10 03   -68  -211 10153   300    10 -9999 -9999     0
2021 01 10 06    40  -211 -9999   320    70 -9999 -9999     0
2021 01 10 09    38  -262 10091   310    90 -9999 -9999     0
2021 01 10 12   -32  -270 10202   320    30 -9999 -9999     0
2021 01 10 18  -126  -333 10222   310    50 -9999 -9999     0
2021 01 10 21  -167  -321 10269   340    30 -9999 -9999     0
2021 01 11 00  -202  -309 10383   350    10 -9999 -9999     0
2021 01 11 03  -121  -305 10393   130    10 -9999 -9999     0
2021 01 11 06   -67  -369 10337   300   100 -9999 -9999     0
2021 01 11 09   -52  -344 10351   280    80 -9999 -9999     0
2021 01 11 12  -118  -347 10485   320    30 -9999 -9999     0
2021 01 11 18  -202  -314 10424   310    20 -9999 -9999     0
2021 01 11 21  -233  -322 10423   360    10 -9999 -9999     0
2021 01 12 00  -245  -316 10485   330    10 -9999 -9999     0
2021 01 12 03  -153  -305 10424   210    10 -9999 -9999     0
2021 01 12 06   -47  -298 10312   360    20 -9999 -9999     0
2021 01 12 09     5  -266 -9999   290    50 -9999 -9999     0
2021 01 12 12   -76  -291 10368   280    30 -9999 -9999     0
2021 01 12 18  -171  -275 10304   180    10 -9999 -9999     0
2021 01 12 21  -196  -290 10278   290    10 -9999 -9999     0
2021 01 13 00  -222  -296 -9999   140    10 -9999 -9999     0
2021 01 13 03  -122  -278 10300   360    10 -9999 -9999     0
2021 01 13 06     2  -303 -9999   270    60 -9999 -9999     0
2021 01 13 09     0  -318 10237   314    90 -9999 -9999 -9999
2021 01 13 12   -83  -327 10390   300    30 -9999 -9999     0
2021 01 13 18  -187  -317 10310   280    20 -9999 -9999     0
2021 01 13 21  -224  -316 10344   280    10 -9999 -9999     0
2021 01 14 00  -243  -324 -9999   320    10 -9999 -9999    80
2021 01 14 03  -138  -296 10406   290    10 -9999 -9999    80
2021 01 14 06     2  -351 10267   270    70 -9999 -9999     0
2021 01 14 09    15  -364 -9999   280    60 -9999 -9999     0
2021 01 14 12   -68  -334 10384    30    10 -9999 -9999     0
2021 01 14 18  -194  -310 10285   320    20 -9999 -9999     0
2021 01 14 21  -209  -302 10295   310    10 -9999 -9999     0
2021 01 15 00  -222  -302 -9999   270    10 -9999 -9999     0
2021 01 15 03  -113  -284 10394   300    10 -9999 -9999     0
2021 01 15 06    24  -358 10250   270    70 -9999 -9999     0
2021 01 15 09    31  -353 10236   276    58 -9999 -9999 -9999
2021 01 15 12   -62  -310 -9999   280    20 -9999 -9999     0
2021 01 15 18  -128  -264 10182   310    20 -9999 -9999     0
2021 01 15 21  -120  -247 10146     0 -9999 -9999 -9999     0
2021 01 16 00  -118  -233 10227   300    10 -9999 -9999     0
2021 01 16 03   -67  -230 10230   170    10 -9999 -9999     0
2021 01 16 06    32  -280 10120   180    30 -9999 -9999     0
2021 01 16 09    22  -287 10121   330    70 -9999 -9999     0
2021 01 16 12   -17  -284 10204   330    20 -9999 -9999     0
2021 01 16 18   -92  -229 10221   310    50 -9999 -9999     0
2021 01 16 21  -147  -245 10291   330    40 -9999 -9999     0
2021 01 17 00  -177  -256 10370   300    20 -9999 -9999    10
2021 01 17 03   -99  -254 10354   310    50 -9999 -9999    10
2021 01 17 06   -62  -287 10328   300    60 -9999 -9999     0
2021 01 17 09   -48  -308 10360   300    40 -9999 -9999     0
2021 01 17 12  -120  -315 10479   330    30 -9999 -9999     0
2021 01 17 18  -211  -306 10463   300    10 -9999 -9999     0
2021 01 17 21  -231  -307 10455   280    10 -9999 -9999     0
2021 01 18 00  -252  -314 -9999   300    10 -9999 -9999     0
2021 01 18 03  -150  -284 10488    30    10 -9999 -9999     0
2021 01 18 06   -31  -295 10335   270    50 -9999 -9999     0
2021 01 18 09     6  -300 10275   270    50 -9999 -9999     0
2021 01 18 12   -84  -269 -9999   290    10 -9999 -9999     0
2021 01 18 18  -140  -255 10219   320    10 -9999 -9999     0
2021 01 18 21  -125  -239 10158   310    10 -9999 -9999     0
2021 01 19 00  -175  -254 -9999   310    10 -9999 -9999     0
2021 01 19 03   -67  -235 10233    20    10 -9999 -9999     0
2021 01 19 06    22  -168 10120   230    30 -9999 -9999     0
2021 01 19 09    27  -186 -9999   220    20 -9999 -9999     0
2021 01 19 12    -3  -126 10170   170    40 -9999 -9999     0
2021 01 19 18   -70   -88 10070   120    10 -9999 -9999     8
2021 01 19 21  -100  -108 10090   310    10 -9999 -9999     8
2021 01 20 00  -131  -144 10161   320    20 -9999 -9999 -9999
2021 01 20 03  -101  -113 10196   330    10 -9999 -9999 -9999
2021 01 20 06   -33   -59 10123   340    10 -9999 -9999     0
2021 01 20 09     6  -131 10084     0 -9999 -9999 -9999     0
2021 01 20 12   -23  -121 10168   320    60 -9999 -9999     0
2021 01 20 18   -90  -136 10174   350    10 -9999 -9999     1
2021 01 20 21   -98  -137 10150   340    10 -9999 -9999     0
2021 01 21 00  -117  -152 10212     0 -9999 -9999 -9999     0
2021 01 21 03   -71  -142 10208   270    20 -9999 -9999     0
2021 01 21 06   -25  -155 10161    90    20 -9999 -9999     0
2021 01 21 09   -50   -93 10187   350    30 -9999 -9999 -9999
2021 01 21 12   -62  -110 10241   310    50 -9999 -9999     2
2021 01 21 18  -106  -163 10222   340    20 -9999 -9999     0
2021 01 21 21  -162  -213 10294   320    20 -9999 -9999     0
2021 01 22 00  -195  -236 -9999   310    10 -9999 -9999     8
2021 01 22 03  -102  -191 10276   100    10 -9999 -9999     8
2021 01 22 06   -22  -247 -9999   270    80 -9999 -9999     0
2021 01 22 09    -4  -247 10195   260    50 -9999 -9999     0
2021 01 22 12   -71  -234 10312   320    10 -9999 -9999     0
2021 01 22 18  -144  -217 10211   320    10 -9999 -9999     0
2021 01 22 21  -151  -213 10162   310    10 -9999 -9999     0
2021 01 23 00  -162  -213 10236   250    10 -9999 -9999     0
2021 01 23 03   -73  -183 10234   100    10 -9999 -9999     0
2021 01 23 06    30  -161 10098   360    20 -9999 -9999     0
2021 01 23 09    65  -230 10045   290    60 -9999 -9999     0
2021 01 23 12   -35  -198 -9999   330    10 -9999 -9999     0
2021 01 23 18   -73  -175 10006     0 -9999 -9999 -9999     0
2021 01 23 21  -100  -175  9988   310    10 -9999 -9999     0
2021 01 24 00  -125  -183 -9999   320    10 -9999 -9999     0
2021 01 24 03   -32  -165 10080   240    10 -9999 -9999     0
2021 01 24 06    86  -225 -9999   270    70 -9999 -9999     0
2021 01 24 09    79  -208  9973   240    60 -9999 -9999     0
2021 01 24 12    -8  -179 10099   150    10 -9999 -9999     0
2021 01 24 18   -50  -211 10032   310    40 -9999 -9999     0
2021 01 24 21   -93  -207 10099   320    30 -9999 -9999     0
2021 01 25 00  -117  -213 10216   300    20 -9999 -9999     0
2021 01 25 03   -61  -209 -9999   340    10 -9999 -9999     0
2021 01 25 06    -2  -205 10104    60    20 -9999 -9999     0
2021 01 25 09    31  -196 10074    90    10 -9999 -9999     0
2021 01 25 12   -46  -188 10168   270    10 -9999 -9999     0
2021 01 25 18  -118  -199 10144   300    10 -9999 -9999     0
2021 01 25 21  -143  -200 10137   290    10 -9999 -9999     0
2021 01 26 00  -160  -207 -9999   300    10 -9999 -9999     0
2021 01 26 03   -66  -168 10192   180    10 -9999 -9999     0
2021 01 26 06    26  -165 10084   360    20 -9999 -9999     0
2021 01 26 09    39  -220 10077   300    70 -9999 -9999     0
2021 01 26 12   -22  -187 10169   320    30 -9999 -9999     0
2021 01 26 18   -48  -255 10061   310    30 -9999 -9999     0
2021 01 26 21   -58  -246 10050   210    10 -9999 -9999     0
2021 01 27 00   -93  -249 10153   300    30 -9999 -9999     0
2021 01 27 03   -44  -252 -9999   180    10 -9999 -9999     0
2021 01 27 06    16  -215 10084   310    60 -9999 -9999     0
2021 01 27 09     2  -227 10108   320    70 -9999 -9999     0
2021 01 27 12   -47  -248 10214   310    20 -9999 -9999     0
2021 01 27 18  -135  -254 10219   260    10 -9999 -9999     0
2021 01 27 21  -167  -264 10249   300    10 -9999 -9999     0
2021 01 28 00  -189  -263 10323   290    10 -9999 -9999     0
2021 01 28 03   -93  -245 10274    10    10 -9999 -9999     0
2021 01 28 06    15  -203 10186    50    20 -9999 -9999     0
2021 01 28 09    49  -254 -9999   290    70 -9999 -9999     0
2021 01 28 12   -44  -229 10258   300    10 -9999 -9999     0
2021 01 28 18  -140  -236 10161   310    10 -9999 -9999     0
2021 01 28 21  -163  -235 10142   280    10 -9999 -9999     0
2021 01 29 00  -177  -238 -9999   290    10 -9999 -9999     0
2021 01 29 03   -72  -215 10218   230    10 -9999 -9999     0
2021 01 29 06    52  -252 10080   260    70 -9999 -9999     0
2021 01 29 09    44  -235 10088   270    40 -9999 -9999     0
2021 01 29 12   -53  -232 -9999   330    10 -9999 -9999     0
2021 01 29 18   -85  -173 10040   220    20 -9999 -9999     0
2021 01 29 21  -103  -164 10075   270    20 -9999 -9999     0
2021 01 30 00  -126  -175 10190   100    10 -9999 -9999     0
2021 01 30 03   -56  -156 10188   210    10 -9999 -9999     0
2021 01 30 06    -6  -220 10080   330    20 -9999 -9999     0
2021 01 30 09    11  -283 10071   220    70 -9999 -9999     0
2021 01 30 12   -43  -168 10167    50    30 -9999 -9999     0
2021 01 30 18   -78  -115 10122   320    20 -9999 -9999 -9999
2021 01 30 21   -96  -130 10129   250    10 -9999 -9999 -9999
2021 01 31 00  -160  -187 10237   310    20 -9999 -9999     0
2021 01 31 03  -100  -151 10208   350    10 -9999 -9999     0
2021 01 31 06   -54  -142 10148   140    20 -9999 -9999 -9999
2021 01 31 09   -76  -146 10225   330    60 -9999 -9999     8
2021 01 31 12  -100  -180 10342   340    20 -9999 -9999     8
2021 01 31 18  -190  -229 10356   330    10 -9999 -9999     0
2021 01 31 21  -217  -252 10398   280    10 -9999 -9999     0
2021 02 01 00  -227  -262 10433   280    10 -9999 -9999     0
2021 02 01 03  -149  -204 10409   330    10 -9999 -9999     0
2021 02 01 06   -36  -165 10302   140    20 -9999 -9999     0
2021 02 01 09    -9  -268 -9999   280    70 -9999 -9999     0
2021 02 01 12   -87  -224 10395   330    20 -9999 -9999     0
2021 02 01 18  -131  -218 10279   300    10 -9999 -9999     0
2021 02 01 21  -143  -220 10263    30    10 -9999 -9999     0
2021 02 02 00  -166  -222 -9999   260    10 -9999 -9999     0
2021 02 02 03   -81  -219 10344   230    10 -9999 -9999     0
2021 02 02 06    15  -249 -9999   310    60 -9999 -9999     0
2021 02 02 09     3  -289 10227   300    50 -9999 -9999     0
2021 02 02 12   -73  -249 10339     0 -9999 -9999 -9999     0
2021 02 02 18  -147  -243 10253   320    20 -9999 -9999     0
2021 02 02 21  -166  -248 10285   330    10 -9999 -9999     0
2021 02 03 00  -191  -263 -9999   250    10 -9999 -9999     0
2021 02 03 03   -85  -250 10346   210    10 -9999 -9999     0
2021 02 03 06    24  -251 10215   110    40 -9999 -9999     0
2021 02 03 09    50  -266 -9999   180    40 -9999 -9999     0
2021 02 03 12   -40  -231 10264   240    10 -9999 -9999     0
2021 02 03 18  -146  -242 10172   290    10 -9999 -9999     0
2021 02 03 21  -170  -245 10171   320    10 -9999 -9999     0
2021 02 04 00  -185  -247 -9999   280    10 -9999 -9999     0
2021 02 04 03   -68  -223 10247   340    10 -9999 -9999     0
2021 02 04 06    38  -190 -9999   260    70 -9999 -9999     0
2021 02 04 09    33  -194 10167   320    70 -9999 -9999     0
2021 02 04 12   -39  -182 10282   330    20 -9999 -9999     0
2021 02 04 18  -106  -231 10203   250    20 -9999 -9999     0
2021 02 04 21  -159  -242 10261    90    10 -9999 -9999     0
2021 02 05 00  -171  -236 -9999   180    20 -9999 -9999     0
2021 02 05 03   -69  -232 10274   100    10 -9999 -9999     0
2021 02 05 06     3  -241 10210    30    20 -9999 -9999     0
2021 02 05 09    20  -212 10201   220    30 -9999 -9999     0
2021 02 05 12   -46  -212 10274   280    10 -9999 -9999     0
2021 02 05 18  -129  -226 10196   320    10 -9999 -9999     0
2021 02 05 21  -162  -227 10196   290    10 -9999 -9999     0
2021 02 06 00  -175  -230 -9999   290    10 -9999 -9999     0
2021 02 06 03   -66  -206 10214   190    10 -9999 -9999     0
2021 02 06 06    31  -227 10131   160    40 -9999 -9999     0
2021 02 06 09    49  -254 10123   210    40 -9999 -9999     0
2021 02 06 12   -39  -254 10229   270    10 -9999 -9999     0
2021 02 06 18  -101  -220 10131   270    20 -9999 -9999     0
2021 02 06 21  -101  -214 10114   330    10 -9999 -9999     0
2021 02 07 00  -148  -210 10259   300    10 -9999 -9999     0
2021 02 07 03   -50  -159 10240   300    10 -9999 -9999     0
2021 02 07 06   -18  -111 10213    90    20 -9999 -9999 -9999
2021 02 07 09   -21  -124 10219   310    60 -9999 -9999 -9999
2021 02 07 12   -53  -127 10329   290    20 -9999 -9999     0
2021 02 07 18  -121  -216 10316   290    20 -9999 -9999     0
2021 02 07 21  -183  -245 10378   330    20 -9999 -9999     0
2021 02 08 00  -202  -249 -9999   300    20 -9999 -9999     0
2021 02 08 03   -99  -215 10378   300    10 -9999 -9999     0
2021 02 08 06    -3  -231 10298   290    20 -9999 -9999     0
2021 02 08 09    20  -227 10298   280    50 -9999 -9999     0
2021 02 08 12   -52  -258 10390   310    20 -9999 -9999     0
2021 02 08 18  -154  -254 10317   320    20 -9999 -9999     0
2021 02 08 21  -178  -253 10311   270    10 -9999 -9999     0
2021 02 09 00  -188  -248 -9999   300    10 -9999 -9999     0
2021 02 09 03   -76  -226 10362   320    10 -9999 -9999     0
2021 02 09 06    33  -225 10248   120    20 -9999 -9999     0
2021 02 09 12     2  -234 10276   340    10 -9999 -9999     0
2021 02 09 18  -126  -223 10212   270    10 -9999 -9999     0
2021 02 09 21  -154  -228 10208   250    10 -9999 -9999     0
2021 02 10 00  -174  -231 10265     0 -9999 -9999 -9999     0
2021 02 10 03   -52  -197 10241   210    10 -9999 -9999     0
2021 02 10 06    41  -210 10142    30    20 -9999 -9999     0
2021 02 10 09    57  -275 10121   260    70 -9999 -9999     0
2021 02 11 00  -139  -185 10259   280    10 -9999 -9999     0
2021 02 13 12   -72  -258 10317   265    17 -9999 -9999 -9999
2021 02 13 18  -165  -252 10306   300    10 -9999 -9999     0
2021 02 13 21  -184  -254 10298   330    10 -9999 -9999     0
2021 02 14 00  -199  -259 -9999   280    10 -9999 -9999     0
2021 02 14 03   -85  -234 10331   240    10 -9999 -9999     0
2021 02 14 06    41  -238 10196    90    30 -9999 -9999     0
2021 02 14 09    61  -289 10158   260    70 -9999 -9999     0
2021 02 14 12   -14  -255 -9999   280    10 -9999 -9999     0
2021 02 14 18   -37  -223 10052   110    20 -9999 -9999     0
2021 02 14 21   -39  -202 10043    80    10 -9999 -9999     0
2021 02 15 00   -63  -171 10137    60    30 -9999 -9999     0
2021 02 15 03    -9  -148 10143   190    10 -9999 -9999     0
2021 02 15 06    57  -168 10016   270    50 -9999 -9999     0
2021 02 15 09    20  -119 10044   310    90 -9999 -9999     0
2021 02 15 12   -11  -105 10122   130    20 -9999 -9999     0
2021 02 15 18   -63  -148 10128   310    50 -9999 -9999     0
2021 02 15 21  -109  -186 10209   310    30 -9999 -9999     0
2021 02 16 00  -155  -208 -9999   300    10 -9999 -9999     0
2021 02 16 03   -59  -192 10236   170    10 -9999 -9999     0
2021 02 16 06    12  -205 10153    70    20 -9999 -9999     0
2021 02 16 09     5  -188 10165    70    20 -9999 -9999     0
2021 02 16 12   -18  -163 10234    80    40 -9999 -9999     0
2021 02 16 18   -62  -108 10144    60    20 -9999 -9999     2
2021 02 16 21   -77   -93 10147   100    20 -9999 -9999    10
2021 02 17 00   -79   -98 10175     0 -9999 -9999 -9999    10
2021 02 17 03   -24   -71 10167   360    20 -9999 -9999     1
2021 02 17 06   -40   -74 10190   310    70 -9999 -9999 -9999
2021 02 17 09   -17  -126 10187   310    60 -9999 -9999     0
2021 02 17 12   -51  -130 10237   350    20 -9999 -9999     0
2021 02 17 18   -88  -158 10273   330    30 -9999 -9999     0
2021 02 17 21  -120  -178 10284   180    10 -9999 -9999     0
2021 02 18 00  -149  -195 10361    70    10 -9999 -9999     0
2021 02 18 03   -57  -163 10305   210    10 -9999 -9999     0
2021 02 18 06    -7  -139 10250   290    40 -9999 -9999     0
2021 02 18 09    -4  -167 10254   310    50 -9999 -9999     0
2021 02 18 12   -38  -188 10328   350    20 -9999 -9999     0
2021 02 18 18   -95  -192 10278    90    10 -9999 -9999     0
2021 02 18 21  -115  -190 10286     0 -9999 -9999 -9999     0
2021 02 19 00  -141  -202 10358   290    10 -9999 -9999     0
2021 02 19 03   -50  -216 10314   180    10 -9999 -9999     0
2021 02 19 06    11  -194 10243   360    20 -9999 -9999     0
2021 02 19 09     8  -156 10244   360    20 -9999 -9999     0
2021 02 20 18  -150  -231 10307   284    12 -9999 -9999 -9999
2021 02 20 21  -178  -237 10312   284    11 -9999 -9999 -9999
2021 02 21 00  -197  -244 -9999   322    10 -9999 -9999 -9999
2021 02 21 06    50  -212 10232   114    17 -9999 -9999 -9999
2021 02 21 09    85  -226 10186   247    19 -9999 -9999 -9999
2021 02 21 18   -85  -191 10166   347     9 -9999 -9999 -9999
2021 02 21 21  -109  -195 10146   310    20 -9999 -9999     0
2021 02 22 00  -137  -199 10232   266     8 -9999 -9999 -9999
2021 02 22 03   -16  -186 10209   220    10 -9999 -9999     0
2021 02 22 06    58  -197 10139   290    60 -9999 -9999     0
2021 02 22 09    62  -164 10161   300    80 -9999 -9999     0
2021 02 22 12    -9  -163 10286   300    40 -9999 -9999     0
2021 02 22 18  -115  -175 10239   330    20 -9999 -9999     0
2021 02 22 21  -137  -185 10240   310    20 -9999 -9999     0
2021 02 23 00  -158  -195 -9999   280    10 -9999 -9999     0
2021 02 23 03   -39  -152 10250   320    10 -9999 -9999     0
2021 02 23 06    77  -181 10137   220    40 -9999 -9999     0
2021 02 23 09    80  -218 10104   190    50 -9999 -9999     0
2021 02 23 12    28  -221 10166   170    30 -9999 -9999     0
2021 02 23 18   -70  -196 10049   320    20 -9999 -9999     0
2021 02 23 21   -84  -199 10060   340    20 -9999 -9999     0
2021 02 24 00  -117  -196 -9999   300    10 -9999 -9999     0
2021 02 24 03    20  -170 10095    90    10 -9999 -9999     0
2021 02 24 06    94  -233 10010   260    60 -9999 -9999     0
2021 02 24 09    85  -184 10006   280    40 -9999 -9999     0
2021 02 24 12    58  -181 10067   230    30 -9999 -9999     0
2021 02 24 18   -30  -125  9999   320    20 -9999 -9999     0
2021 02 24 21   -36  -118 10015   310    10 -9999 -9999     0
2021 02 25 00   -85  -130 10102   320    20 -9999 -9999     0
2021 02 25 03    32   -88 10040    50    10 -9999 -9999     0
2021 02 25 06    53  -201 10030   300    50 -9999 -9999     0
2021 02 25 09    61  -186 10006   300    60 -9999 -9999     0
2021 02 25 12    11  -177 10099   310    20 -9999 -9999     0
2021 02 25 18   -92  -172 10104   200    10 -9999 -9999     0
2021 02 25 21  -115  -177 10111   120    10 -9999 -9999     0
2021 02 26 00  -131  -176 10188   290    10 -9999 -9999     0
2021 02 26 03    -5  -141 10148   150    10 -9999 -9999     0
2021 02 26 06    61  -179 10089   290    50 -9999 -9999     0
2021 02 26 09    91  -209 10047   330    40 -9999 -9999     0
2021 02 26 12     6  -192 10137   250    20 -9999 -9999     0
2021 02 26 18   -96  -191 10062   280    20 -9999 -9999     0
2021 02 26 21  -121  -189 10040   310    10 -9999 -9999     0
2021 02 27 00  -135  -190 -9999   310    10 -9999 -9999     0
2021 02 27 03     3  -161 10079   220    10 -9999 -9999     0
2021 02 27 06   116  -119  9957   230    20 -9999 -9999     0
2021 02 27 09   138  -186 -9999   250    70 -9999 -9999     0
2021 02 27 12    44  -155 10039   210    10 -9999 -9999     0
2021 02 27 18   -74  -160  9939   300    10 -9999 -9999     0
2021 02 27 21   -96  -159  9929   330    10 -9999 -9999     0
2021 02 28 00  -108  -159 -9999   320    10 -9999 -9999     0
2021 02 28 03    39  -117  9992   280    10 -9999 -9999     0
2021 02 28 06   142  -129  9900   250    70 -9999 -9999     0
2021 02 28 09   154  -161  9888   260    80 -9999 -9999     0
2021 02 28 12    83  -146  9966   210    10 -9999 -9999     0
2021 02 28 18   -28  -120  9997   360    20 -9999 -9999     0
2021 02 28 21   -40   -96 10024   310    70 -9999 -9999 -9999
2021 03 01 00   -55  -150 10115   300    40 -9999 -9999     0
2021 03 01 03   -20  -181 10138   290    30 -9999 -9999     0
2021 03 01 06     5  -159 10145   120    30 -9999 -9999     0
2021 03 01 09     9  -121 10122   310    10 -9999 -9999     0
2021 03 01 12   -15   -85 10152    80    30 -9999 -9999     0
2021 03 01 18   -46   -57 10109    90    10 -9999 -9999    20
2021 03 01 21   -42   -57 10077   310    10 -9999 -9999     6
2021 03 02 00   -44   -62 10099     0 -9999 -9999 -9999     0
2021 03 02 03    -3   -42 10087   310    20 -9999 -9999     0
2021 03 02 06    85   -81 -9999   280    60 -9999 -9999     0
2021 03 02 09    11   -69 10077   330    90 -9999 -9999 -9999
2021 03 02 12   -17   -95 10139   320    30 -9999 -9999     0
2021 03 02 18   -52  -122 10100   340    20 -9999 -9999     0
2021 03 02 21   -57  -122 10155    80    20 -9999 -9999     0
2021 03 03 00   -71  -116 10198   160    20 -9999 -9999 -9999
2021 03 03 03   -23  -101 10178    40    20 -9999 -9999 -9999
2021 03 03 06    37  -166 10102   270    70 -9999 -9999     0
2021 03 03 09    29  -247 10103   300    70 -9999 -9999     0
2021 03 03 12   -31  -186 10169   340    10 -9999 -9999     0
2021 03 03 18  -111  -175 10142   300    10 -9999 -9999     0
2021 03 03 21  -123  -170 10141   300    10 -9999 -9999     0
2021 03 04 00  -134  -172 10207   300    10 -9999 -9999     0
2021 03 04 03     3  -124 10139   160    10 -9999 -9999     0
2021 03 04 06    65  -143 10062   240    50 -9999 -9999     0
2021 03 04 09    60  -147 10061   310    60 -9999 -9999     0
2021 03 04 12     8   -74 10146   360    70 -9999 -9999     0
2021 03 04 18   -51   -66 10052     0 -9999 -9999 -9999    20
2021 03 04 21   -45   -56 10043   360    20 -9999 -9999    30
2021 03 05 00   -53   -65 10105   300    20 -9999 -9999    60
2021 03 05 03   -13 -9999 10116    10    20 -9999 -9999    30
2021 03 05 06     8   -61 10101    40    20 -9999 -9999     0
2021 03 05 09   -16   -48 10109   320    80 -9999 -9999 -9999
2021 03 05 12   -20   -62 10135   100    10 -9999 -9999     0
2021 03 05 18   -39   -89 10131   290    10 -9999 -9999     0
2021 03 05 21   -47  -101 10165   360    40 -9999 -9999     2
2021 03 06 00   -60  -127 10201    20    40 -9999 -9999     2
2021 03 06 03   -33  -117 10203    30    30 -9999 -9999 -9999
2021 03 06 06   -19  -120 10171   340    30 -9999 -9999     0
2021 03 06 09   -17  -110 10147    70    50 -9999 -9999     0
2021 03 06 12   -40   -98 10185    60    50 -9999 -9999     0
2021 03 06 18   -58  -111 10164    90    30 -9999 -9999 -9999
2021 03 06 21   -72   -91 10160   270    20 -9999 -9999     5
2021 03 07 00   -81  -100 10192   160    10 -9999 -9999    10
2021 03 07 03   -46   -85 10185   350    20 -9999 -9999     7
2021 03 07 06    -3  -114 10131   260    80 -9999 -9999     3
2021 03 07 09   -21  -116 10170   310    90 -9999 -9999     2
2021 03 07 12   -41  -145 10217   300    20 -9999 -9999     0
2021 03 07 18  -114  -159 10245   140    10 -9999 -9999     0
2021 03 07 21  -126  -176 10260   270    10 -9999 -9999     0
2021 03 08 00  -131  -168 10294     0 -9999 -9999 -9999     0
2021 03 08 03   -53  -146 10259   320    20 -9999 -9999     0
2021 03 08 06    22  -120 10192   300    20 -9999 -9999     0
2021 03 08 09    59  -142 10140   270    50 -9999 -9999     0
2021 03 08 12     4   -91 10213   130    10 -9999 -9999     0
2021 03 08 18   -64   -94 10157    30    10 -9999 -9999     0
2021 03 08 21   -66   -93 10122   310    10 -9999 -9999     0
2021 03 09 00   -85  -110 10200   350    10 -9999 -9999     0
2021 03 09 03    12   -93 10161   186     9 -9999 -9999 -9999
2021 03 09 06    76  -102 10087   350    20 -9999 -9999     0
2021 03 09 09    78  -138 10048   210    40 -9999 -9999     0
2021 03 09 12    46   -88 10114   210    80 -9999 -9999     0
2021 03 09 18   -25   -35 10074   130    10 -9999 -9999    10
2021 03 09 21   -61   -79 10105    30    10 -9999 -9999    10
2021 03 10 00   -87  -105 10175   110    10 -9999 -9999     0
2021 03 10 03     2   -69 10165   300    20 -9999 -9999     0
2021 03 10 06    37  -131 10125   310    30 -9999 -9999     0
2021 03 10 09    54  -164 10119   320    40 -9999 -9999     0
2021 03 10 12    18  -139 10196   280    30 -9999 -9999     0
2021 03 10 18   -27   -72 10161   230    20 -9999 -9999 -9999
2021 03 10 21   -40   -66 10158   106    18 -9999 -9999 -9999
2021 03 11 00   -71   -89 10237   240    10 -9999 -9999     0
2021 03 11 03     3   -68 10236   200    20 -9999 -9999     0
2021 03 11 06    48  -105 10151   260    40 -9999 -9999     0
2021 03 11 09    67  -124 10125   290    40 -9999 -9999     0
2021 03 11 12    14   -95 10211   290    20 -9999 -9999     0
2021 03 11 18   -34   -63 10170   320    30 -9999 -9999     0
2021 03 11 21   -43   -69 10155    30    10 -9999 -9999     0
2021 03 12 00   -49   -70 10223     0 -9999 -9999 -9999 -9999
2021 03 12 03    28   -49 10202    10    20 -9999 -9999     0
2021 03 12 06    56  -124 10171   320    40 -9999 -9999 -9999
2021 03 12 09    68  -180 10167   310    90 -9999 -9999     0
2021 03 12 12    21  -174 10228   320    30 -9999 -9999     0
2021 03 12 18   -89  -149 10266   250    10 -9999 -9999     0
2021 03 12 21  -115  -157 10264     0 -9999 -9999 -9999     0
2021 03 13 00  -126  -161 10322     0 -9999 -9999 -9999     0
2021 03 13 03     1  -150 10282    60    10 -9999 -9999     0
2021 03 13 06    92  -153 10174   320    20 -9999 -9999     0
2021 03 13 09   109  -196 10134   240    60 -9999 -9999     0
2021 03 13 12    54  -141 10179   140    20 -9999 -9999     0
2021 03 13 18   -32  -101 10071   330    20 -9999 -9999     0
2021 03 13 21   -57  -103 10063   290    20 -9999 -9999     0
2021 03 14 00   -66  -101 10138   330    10 -9999 -9999     0
2021 03 14 03    46   -72 10108   110    20 -9999 -9999     0
2021 03 14 06    55   -52 10095   290    40 -9999 -9999 -9999
2021 03 14 09    66   -57 10085   140    30 -9999 -9999     0
2021 03 14 12    21   -60 10153   150    30 -9999 -9999     0
2021 03 14 18   -65   -99 10150   320    10 -9999 -9999     0
2021 03 14 21   -89  -116 10155   310    10 -9999 -9999     0
2021 03 15 00   -92  -117 10208   290    10 -9999 -9999     0
2021 03 15 03   -10   -54 10193   130    20 -9999 -9999     0
2021 03 15 06    71   -66 10110   210    20 -9999 -9999     0
2021 03 15 09    29   -32 10153   330    40 -9999 -9999 -9999
2021 03 15 12    16   -35 10167    60    20 -9999 -9999 -9999
2021 03 15 18   -66   -85 10118   320    10 -9999 -9999    20
2021 03 15 21   -82  -100 10158   310    10 -9999 -9999     0
2021 03 16 00   -94  -109 10198   290    10 -9999 -9999     0
2021 03 16 03     6   -35 10159    30    10 -9999 -9999     0
2021 03 16 06    95  -112 10068   240    30 -9999 -9999     0
2021 03 16 09    72   -76 10077   140    50 -9999 -9999     0
2021 03 16 12    64  -132 10106   230    40 -9999 -9999     0
2021 03 16 18   -41   -88 10063   320    10 -9999 -9999     0
2021 03 16 21   -62   -96 10092   280    10 -9999 -9999     0
2021 03 17 00   -83  -105 10132   350    10 -9999 -9999     0
2021 03 17 03    55   -84 10084   110    10 -9999 -9999     0
2021 03 17 06    86  -174 10051   260    40 -9999 -9999     0
2021 03 17 09    52   -90 10099   310    90 -9999 -9999     0
2021 03 17 12    27   -75 10141   140    20 -9999 -9999     0
2021 03 17 18   -36   -74 10076   190    10 -9999 -9999     0
2021 03 17 21   -66   -90 10120   340    10 -9999 -9999     0
2021 03 18 00   -77   -95 10167     0 -9999 -9999 -9999     0
2021 03 18 03    45   -67 10098    90    20 -9999 -9999     0
2021 03 18 06    95  -117 10035   230    50 -9999 -9999     0
2021 03 18 09   113  -136 10016   250    60 -9999 -9999     0
2021 03 18 12    65  -126 10072   180    35 -9999 -9999 -9999
2021 03 18 18   -44  -100 10045   310    20 -9999 -9999     0
2021 03 18 21   -62  -104 10042   270    10 -9999 -9999     0
2021 03 19 00   -67  -107 10116     0 -9999 -9999 -9999     0
2021 03 19 03    49  -112 10118   330    90 -9999 -9999     0
2021 03 19 06    65  -107 10087   300    60 -9999 -9999     0
2021 03 19 09    78  -132 10055   270    30 -9999 -9999     0
2021 03 19 12    -7   -41 10168   320    20 -9999 -9999 -9999
2021 03 19 18   -52   -76 10092     0 -9999 -9999 -9999     0
2021 03 19 21   -55   -75 10066   330    10 -9999 -9999     0
2021 03 20 00   -61   -78 10152     0 -9999 -9999 -9999     0
2021 03 20 03   -15   -47 10133   310    10 -9999 -9999 -9999
2021 03 20 06   -27   -41 10163   320    40 -9999 -9999    10
2021 03 20 09    -1   -44 10124   110    30 -9999 -9999    30
2021 03 20 12   -16   -48 10152   210    10 -9999 -9999    10
2021 03 20 18   -30   -49 10146     0 -9999 -9999 -9999     0
2021 03 20 21   -34   -60 10119   330    20 -9999 -9999     0
2021 03 21 00   -42   -52 10158   100    10 -9999 -9999     5
2021 03 21 03   -13  -101 10165    10    50 -9999 -9999     5
2021 03 21 06     2  -157 10148   310    50 -9999 -9999     0
2021 03 21 09    21  -150 10118   240    40 -9999 -9999     0
2021 03 21 12   -11  -115 10165    40    20 -9999 -9999     0
2021 03 21 18   -88  -128 10229   310    10 -9999 -9999     0
2021 03 21 21  -107  -149 10219     0 -9999 -9999 -9999     0
2021 03 22 00  -111  -150 10266     0 -9999 -9999 -9999     0
2021 03 22 03   -16  -112 10234   120    20 -9999 -9999     0
2021 03 22 06    61  -135 10144   260    60 -9999 -9999     0
2021 03 22 09    64  -220 10138   310    70 -9999 -9999     0
2021 03 22 12    -5  -202 10241   320    30 -9999 -9999     0
2021 03 22 18  -105  -189 10232   210    10 -9999 -9999     0
2021 03 22 21  -130  -193 10247   310    10 -9999 -9999     0
2021 03 23 00  -142  -205 -9999   290    10 -9999 -9999     0
2021 03 23 03   -13  -239 10264    40    10 -9999 -9999     0
2021 03 23 06    86  -192 10177   140    20 -9999 -9999     0
2021 03 23 09   124  -242 -9999   250    40 -9999 -9999     0
2021 03 23 12    40  -176 10215   160    20 -9999 -9999     0
2021 03 23 18   -63  -141 10134   290    20 -9999 -9999     0
2021 03 23 21   -82  -136 10103   290    10 -9999 -9999     0
2021 03 24 00   -88  -135 -9999   300    10 -9999 -9999     0
2021 03 24 03    58  -127 10125   110    20 -9999 -9999     0
2021 03 24 06   125  -134 10049   260    50 -9999 -9999     0
2021 03 24 09    98  -141 10061   260   100 -9999 -9999     0
2021 03 24 12    57  -101 10106   290    10 -9999 -9999     0
2021 03 24 18   -49  -107 10024   330    10 -9999 -9999     0
2021 03 24 21   -73  -110 10065   330    20 -9999 -9999     0
2021 03 25 00   -76  -111 10118   320    10 -9999 -9999     0
2021 03 25 03    54   -92 10072    90    10 -9999 -9999     0
2021 03 25 06    83   -66 10037    40    30 -9999 -9999     0
2021 03 25 09   104   -93 10004   300    30 -9999 -9999     0
2021 03 25 12    50   -40 10066   320    70 -9999 -9999     0
2021 03 25 18    -3   -33 10021   310    20 -9999 -9999     2
2021 03 25 21   -20   -43 10026   270    50 -9999 -9999     3
2021 03 26 00   -29   -60 10094    60    10 -9999 -9999     1
2021 03 26 03     1   -45 10111    10    10 -9999 -9999 -9999
2021 03 26 06    51   -64 10054   280    30 -9999 -9999     2
2021 03 26 09    36   -56 10066   330    50 -9999 -9999     2
2021 03 26 12    26   -58 10098   250    20 -9999 -9999     0
2021 03 26 18   -33   -71 10120   320    20 -9999 -9999     0
2021 03 26 21   -64   -88 10145   280    10 -9999 -9999     0
2021 03 27 00   -78  -105 10185   300    10 -9999 -9999     0
2021 03 27 03     5   -87 10155   310    50 -9999 -9999     0
2021 03 27 06    35  -137 10145   320    60 -9999 -9999     0
2021 03 27 09    61  -179 10140   290    60 -9999 -9999     0
2021 03 27 12    29  -138 10188   240    30 -9999 -9999     0
2021 03 27 18   -83  -126 10197   260    10 -9999 -9999     0
2021 03 27 21  -100  -136 10172   280    10 -9999 -9999     0
2021 03 28 00  -106  -135 10208   300    10 -9999 -9999     0
2021 03 28 03    23  -127 10155   100    20 -9999 -9999     0
2021 03 28 06   111  -206 10059   230    50 -9999 -9999     0
2021 03 28 09   113  -192 10046   260    60 -9999 -9999     0
2021 03 28 12    73  -169 10093   220    40 -9999 -9999     0
2021 03 28 18   -43   -97 10050   290    20 -9999 -9999     0
2021 03 28 21   -64  -104 10045   310    20 -9999 -9999     0
2021 03 29 00   -72  -102 10098   320    10 -9999 -9999     0
2021 03 29 03    58   -85 10032   140    20 -9999 -9999     0
2021 03 29 06    91  -162 10017   300    50 -9999 -9999     0
2021 03 29 09    82  -128 10018    20    70 -9999 -9999     0
2021 03 29 12    45  -100 10065   180    20 -9999 -9999     0
2021 03 29 18   -61  -107 10026   240    10 -9999 -9999     0
2021 03 29 21   -80  -115 10033   330    10 -9999 -9999     0
2021 03 30 00   -83  -113 10081   300    10 -9999 -9999     0
2021 03 30 03    58   -88 10010   110    10 -9999 -9999     0
2021 03 30 06   113  -115  9955   190    30 -9999 -9999     0
2021 03 30 09   118  -157  9926   240    40 -9999 -9999     0
2021 03 30 12    80  -136  9970   170    40 -9999 -9999     0
2021 03 30 18     2   -92  9908   119    10 -9999 -9999 -9999
2021 03 30 21   -11   -85  9911     0 -9999 -9999 -9999     0
2021 03 31 00   -40   -87  9969   330    10 -9999 -9999     0
2021 03 31 03    81   -89  9923   210    20 -9999 -9999     0
2021 03 31 06   114  -108  9876   170    30 -9999 -9999     0
2021 03 31 09   123   -82  9859   260    60 -9999 -9999     0
2021 03 31 12    71   -77  9935   170    30 -9999 -9999     0
2021 03 31 18   -25   -51  9939   360    10 -9999 -9999     0
2021 03 31 21   -33   -47  9945   120    10 -9999 -9999     0
2021 04 01 00   -29   -45  9995    40    10 -9999 -9999     0
2021 04 01 03    78   -50  9939   120    50 -9999 -9999     0
2021 04 01 06    98   -83  9920   180    40 -9999 -9999     0
2021 04 01 09   123   -66  9873   180    50 -9999 -9999     0
2021 04 01 12    81   -76  9921   180    30 -9999 -9999     0
2021 04 01 18    42   -95  9883   170    40 -9999 -9999     0
2021 04 01 21   -17   -84  9918   330    20 -9999 -9999     0
2021 04 02 00   -11   -77  9962    60    10 -9999 -9999     0
2021 04 02 03    63  -113  9943   190    50 -9999 -9999     0
2021 04 02 06    92  -109  9897   170    60 -9999 -9999     0
2021 04 02 09   102  -106  9911   190    80 -9999 -9999     0
2021 04 02 12    64  -117  9959   150    20 -9999 -9999     0
2021 04 02 18    -1   -53  9998   300    40 -9999 -9999     0
2021 04 02 21   -45   -77 10030   170    10 -9999 -9999     0
2021 04 03 00   -60   -89 10092   310    10 -9999 -9999     0
2021 04 03 03    51  -119 10033   140    40 -9999 -9999     0
2021 04 03 06    84  -160  9984   240    60 -9999 -9999     0
2021 04 03 09   113  -161  9974   220    60 -9999 -9999     0
2021 04 03 12    74  -135 10044   220    60 -9999 -9999     0
2021 04 03 18   -24  -117 10049   305     5 -9999 -9999 -9999
2021 04 03 21   -64  -123 10059   320    10 -9999 -9999     0
2021 04 04 00   -60  -123 10101   320    10 -9999 -9999     0
2021 04 04 03    63  -163 10039   210    70 -9999 -9999     0
2021 04 04 06    96  -175 10023   240    60 -9999 -9999     0
2021 04 04 09   104  -188 10028   240    70 -9999 -9999     0
2021 04 04 12    22   -71 10145   320    40 -9999 -9999     0
2021 04 04 18   -33   -64 10124   340    10 -9999 -9999     0
2021 04 04 21   -75  -102 10151   290    10 -9999 -9999     0
2021 04 05 00   -64   -99 10231   290    20 -9999 -9999     0
2021 04 05 03    14   -90 10192   320    20 -9999 -9999     0
2021 04 05 06    76  -174 10130   220    20 -9999 -9999     0
2021 04 05 09    80  -197 10138   290    40 -9999 -9999     0
2021 04 05 12    56  -175 10153   280    20 -9999 -9999     0
2021 04 05 18   -70  -137 10167   330    20 -9999 -9999     0
2021 04 05 21   -92  -142 10173   280    10 -9999 -9999     0
2021 04 06 00   -80  -130 10197     0 -9999 -9999 -9999     0
2021 04 06 03    65  -143 10135   110    20 -9999 -9999     0
2021 04 06 06   117  -189 10083    30    20 -9999 -9999     0
2021 04 06 09   112  -193 10072   340    40 -9999 -9999     0
2021 04 06 12    74  -168 10102   220    20 -9999 -9999     0
2021 04 06 18   -31  -113 10058   320    20 -9999 -9999     0
2021 04 06 21   -21   -82 10058   300    20 -9999 -9999     0
2021 04 07 00   -28   -77 10121   100    10 -9999 -9999     0
2021 04 07 03    80   -73 10091   330    40 -9999 -9999     0
2021 04 07 06    77   -84 10091   310    60 -9999 -9999     0
2021 04 07 09    56   -60 10088   120    40 -9999 -9999     0
2021 04 07 12    17   -32 10145   140    20 -9999 -9999 -9999
2021 04 07 18   -59   -85 10141   110    10 -9999 -9999     0
2021 04 07 21   -76   -92 10168   270    10 -9999 -9999     0
2021 04 08 00   -70   -84 10218     0 -9999 -9999 -9999     0
2021 04 08 03    25   -43 10170    80    10 -9999 -9999     0
2021 04 08 06   106   -81 10079   200    30 -9999 -9999     0
2021 04 08 09   116  -126 10040   200    50 -9999 -9999     0
2021 04 08 12    65   -68 10090   190    20 -9999 -9999     0
2021 04 08 18     6   -24 10026   310    20 -9999 -9999     0
2021 04 08 21   -26   -45 10045   120    10 -9999 -9999     3
2021 04 09 00   -45   -57 10130   250    20 -9999 -9999     3
2021 04 09 03    43   -28 10097   110    20 -9999 -9999     0
2021 04 09 06   106  -108 10011   180    30 -9999 -9999     0
2021 04 09 09    84   -82 10033   130    40 -9999 -9999     0
2021 04 09 12    39   -29 10113   260    50 -9999 -9999 -9999
2021 04 09 18   -36   -56 10072   330    20 -9999 -9999     1
2021 04 09 21   -43   -64 10088   270    20 -9999 -9999     1
2021 04 10 00   -39   -64 10132   310    10 -9999 -9999     0
2021 04 10 03    22   -29 10114   360    10 -9999 -9999     0
2021 04 10 06    23    -8 10142   320   110 -9999 -9999 -9999
2021 04 10 09    43   -13 10113   110    20 -9999 -9999     2
2021 04 10 12    31   -33 10118   160    20 -9999 -9999     2
2021 04 10 18     3   -26 10123   330    10 -9999 -9999 -9999
2021 04 10 21    -4   -18 10106   140    20 -9999 -9999     2
2021 04 11 00    -6   -28 10137    80    10 -9999 -9999     2
2021 04 11 03    26   -31 10145    80    20 -9999 -9999     0
2021 04 11 06     9   -32 10149   320    80 -9999 -9999 -9999
2021 04 11 09     7   -32 10147   100    20 -9999 -9999     3
2021 04 11 12    20   -41 10151   110    20 -9999 -9999     3
2021 04 11 18   -18   -37 10191     0 -9999 -9999 -9999     1
2021 04 11 21   -15   -32 10171    90    10 -9999 -9999     0
2021 04 12 00   -10   -29 10165   120    10 -9999 -9999     0
2021 04 12 03    28   -29 10170    70    20 -9999 -9999     0
2021 04 12 06    55   -52 10130   250    40 -9999 -9999     1
2021 04 12 09    50   -46 10108   290    70 -9999 -9999     1
2021 04 12 12    30   -78 10143   220    40 -9999 -9999     0
2021 04 12 18   -25   -41 10144   310    10 -9999 -9999     0
2021 04 12 21   -25   -32 10129   110    10 -9999 -9999     9
2021 04 13 00   -20   -28 10145    70    10 -9999 -9999    10
2021 04 13 03    21   -15 10154    10    10 -9999 -9999    10
2021 04 13 06    76   -62 10077   230    40 -9999 -9999     8
2021 04 13 09    18   -37 10135   320    50 -9999 -9999 -9999
2021 04 13 12    10   -52 10155   300    30 -9999 -9999     0
2021 04 13 18   -24   -40 10111     0 -9999 -9999 -9999     1
2021 04 13 21   -26   -40 10145    90    20 -9999 -9999     0
2021 04 14 00   -18   -40 10152   100    10 -9999 -9999 -9999
2021 04 14 03     6   -74 10174   360    60 -9999 -9999     2
2021 04 14 06    58   -78 10121   300    60 -9999 -9999     2
2021 04 14 09    81  -148 10075   300    80 -9999 -9999     0
2021 04 14 12    34  -148 10114   290    20 -9999 -9999     0
2021 04 14 18   -56  -106 10130    90    10 -9999 -9999     0
2021 04 14 21   -65  -104 10104   330    10 -9999 -9999     0
2021 04 15 00   -46   -87 10144    80    10 -9999 -9999     0
2021 04 15 03    60   -91 10126   126    19 -9999 -9999 -9999
2021 04 15 06    56   -94 10123   330    70 -9999 -9999     0
2021 04 15 09    56   -73 10122   320    50 -9999 -9999     0
2021 04 15 12    -2   -52 10180   160    20 -9999 -9999 -9999
2021 04 15 18   -38   -61 10152   310    10 -9999 -9999     0
2021 04 15 21   -67   -81 10177     0 -9999 -9999 -9999     0
2021 04 16 00   -33   -52 10210    80    10 -9999 -9999     0
2021 04 16 03    39   -41 10165   210    30 -9999 -9999     0
2021 04 16 06    87  -143 10115   290    40 -9999 -9999     0
2021 04 16 09   101  -139 10105   310    60 -9999 -9999     0
2021 04 16 12    63  -133 10121   290    10 -9999 -9999     0
2021 04 16 18   -33   -97 10111   310    20 -9999 -9999     0
2021 04 16 21   -68  -108 10125     0 -9999 -9999 -9999     0
2021 04 17 00   -54   -98 10163   320    10 -9999 -9999     0
2021 04 17 03    89   -73 10074    90    30 -9999 -9999     0
2021 04 17 06   117   -77 10051   220    40 -9999 -9999     0
2021 04 17 09   132   -99 10029   230    50 -9999 -9999     0
2021 04 17 12   101   -85 10063   250    50 -9999 -9999     0
2021 04 17 18     3    -3 10059    60    10 -9999 -9999    20
2021 04 17 21     5   -24 10042   300    20 -9999 -9999    20
2021 04 18 00     5   -38 10080   280    10 -9999 -9999     0
2021 04 18 03    58   -23 10089    80    20 -9999 -9999     7
2021 04 18 06    89   -50 10053   160    20 -9999 -9999     7
2021 04 18 09   112   -57  9987   130    30 -9999 -9999     0
2021 04 18 12    79   -36 10008   100    20 -9999 -9999     0
2021 04 18 18    15     5 10002   320    20 -9999 -9999    10
2021 04 18 21    12     0  9968   280    20 -9999 -9999     3
2021 04 19 00    14   -10 10003   160    20 -9999 -9999     1
2021 04 19 03    67   -12 10000   120    20 -9999 -9999     0
2021 04 19 06    91   -63  9956   180    30 -9999 -9999 -9999
2021 04 19 09   103   -65  9920   360    20 -9999 -9999     0
2021 04 19 12    57   -31  9990   150    40 -9999 -9999     0
2021 04 19 18     6   -13 10006   140    10 -9999 -9999     1
2021 04 19 21   -17   -30 10013   140    10 -9999 -9999     1
2021 04 20 00    -3   -25 10060   120    10 -9999 -9999     0
2021 04 20 03    72   -48 10024   220    40 -9999 -9999     0
2021 04 20 06    87   -71 10009   130    30 -9999 -9999     0
2021 04 20 09    88   -92 10019   200    40 -9999 -9999     0
2021 04 20 12    52   -46 10067   320    30 -9999 -9999     0
2021 04 20 18    -8   -16 10079   320    10 -9999 -9999     9
2021 04 20 21   -43   -54 10119     0 -9999 -9999 -9999     6
