2021 01 01 00   -99  -175 10252   110    10 -9999 -9999     0
2021 01 01 03   -32  -179 10250    10    10 -9999 -9999     0
2021 01 01 06    71  -186 10125   340    10 -9999 -9999     0
2021 01 01 09   130 -9999 -9999   320    50 -9999 -9999     0
2021 01 01 12    49  -196 10160    50    10 -9999 -9999     0
2021 01 01 18   -51  -196 10132     0 -9999 -9999 -9999     0
2021 01 01 21   -79  -183 10115   120    10 -9999 -9999     0
2021 01 02 00   -99  -184 10192     0 -9999 -9999 -9999     0
2021 01 02 03   -20  -173 10185    80    10 -9999 -9999     0
2021 01 02 06    97  -184 10049    80    20 -9999 -9999     0
2021 01 02 09   154  -241 10009   310    50 -9999 -9999     0
2021 01 02 12   122  -288 10078   280    20 -9999 -9999     0
2021 01 02 18   -28  -201 10069     0 -9999 -9999 -9999     0
2021 01 02 21   -53  -184 10064   310    30 -9999 -9999     0
2021 01 03 00   -67  -187 10132   280    10 -9999 -9999     0
2021 01 03 03     0  -192 10156   360    10 -9999 -9999     0
2021 01 03 06   116  -190 10026   100    30 -9999 -9999     0
2021 01 03 09   163  -235 -9999   310    30 -9999 -9999     0
2021 01 03 12    92  -221 10076   150    20 -9999 -9999     0
2021 01 03 18   -21  -186 10078     0 -9999 -9999 -9999     0
2021 01 03 21   -52  -179 10082   310    10 -9999 -9999     0
2021 01 04 00   -77  -176 10169   340    10 -9999 -9999     0
2021 01 04 03   -15  -168 10194   340    20 -9999 -9999     0
2021 01 04 06    98  -183 10069   360    10 -9999 -9999     0
2021 01 04 09   170  -230 -9999   310    50 -9999 -9999     0
2021 01 04 12    87  -202 10100   290    10 -9999 -9999     0
2021 01 04 18   -20  -165 10097   300    10 -9999 -9999     0
2021 01 04 21   -51  -149 10078     0 -9999 -9999 -9999     0
2021 01 05 00   -65  -143 10168   350    10 -9999 -9999     0
2021 01 05 03    -4  -163 10174    20    20 -9999 -9999     0
2021 01 05 06   159  -145  9993    10    20 -9999 -9999     0
2021 01 05 09   169  -162 -9999   330    60 -9999 -9999     0
2021 01 05 12    92  -153 10080   140    10 -9999 -9999     0
2021 01 05 18     6  -135 10005   160    10 -9999 -9999     0
2021 01 05 21   -22  -128 10024     0 -9999 -9999 -9999     0
2021 01 06 00   -46  -137 10105     0 -9999 -9999 -9999     0
2021 01 06 03    21  -121 10105   340    20 -9999 -9999     0
2021 01 06 06    92  -114 10006   160    20 -9999 -9999     0
2021 01 06 09   139  -115 -9999   310    70 -9999 -9999     0
2021 01 06 12    69   -95 10054   170    30 -9999 -9999     0
2021 01 06 18   -13   -96 10048     0 -9999 -9999 -9999     0
2021 01 06 21   -39   -99 10033   210    10 -9999 -9999     0
2021 01 07 00   -49  -101 10098   140    10 -9999 -9999     0
2021 01 07 03    10   -93 10092    40    10 -9999 -9999     0
2021 01 07 06   106   -62  9983   100    20 -9999 -9999     0
2021 01 07 09   110   -78  9997   240    10 -9999 -9999     0
2021 01 07 12    68   -91 10059   100    10 -9999 -9999     0
2021 01 07 18   -17  -100 10075   290    10 -9999 -9999     0
2021 01 07 21   -47  -103 10104     0 -9999 -9999 -9999     0
2021 01 08 00   -67  -116 10169   310    10 -9999 -9999     0
2021 01 08 03   -12  -122 10174   350    20 -9999 -9999     0
2021 01 08 06    81  -135 10045    20    10 -9999 -9999     0
2021 01 08 09   110  -164 -9999   290    30 -9999 -9999     0
2021 01 08 12    48  -163 10077   290    10 -9999 -9999     0
2021 01 08 18   -40  -153 10081     0 -9999 -9999 -9999     0
2021 01 08 21   -67  -157 10086   267     5 -9999 -9999 -9999
2021 01 09 00   -86  -169 10165   280    10 -9999 -9999     0
2021 01 09 03   -17  -162 10168    20    10 -9999 -9999     0
2021 01 09 06    97  -142 10028    60    10 -9999 -9999     0
2021 01 09 09   153  -242 -9999   320    80 -9999 -9999     0
2021 01 09 12    76  -200 10057   130    10 -9999 -9999     0
2021 01 09 18   -34  -185 10041   260    10 -9999 -9999     0
2021 01 09 21   -63  -177 10021   330    10 -9999 -9999     0
2021 01 10 00   -82  -168 10100   300    10 -9999 -9999     0
2021 01 10 03   -20  -181 10117   350    10 -9999 -9999     0
2021 01 10 06   114  -128  9968    80    30 -9999 -9999     0
2021 01 10 09   156  -219 -9999   310    70 -9999 -9999     0
2021 01 10 12   103  -212 10029   330    50 -9999 -9999     0
2021 01 10 18    26  -260 10060   330   130 -9999 -9999     0
2021 01 10 21   -18  -275 10112   340   120 -9999 -9999     0
2021 01 11 00   -50  -277 10211   340    80 -9999 -9999     0
2021 01 11 03   -21  -297 10267   350    80 -9999 -9999     0
2021 01 11 06    22  -302 10189   340   110 -9999 -9999     0
2021 01 11 09    34  -328 10185   310    80 -9999 -9999     0
2021 01 11 12     8  -312 10263   310    50 -9999 -9999     0
2021 01 11 18   -76  -285 10310   160    10 -9999 -9999     0
2021 01 11 21  -118  -288 10328   240    10 -9999 -9999     0
2021 01 12 00  -147  -271 10373   280    10 -9999 -9999     0
2021 01 12 03   -89  -284 10350    10    20 -9999 -9999     0
2021 01 12 06     6  -300 10220    10    10 -9999 -9999     0
2021 01 12 09    43  -258 10163   250    20 -9999 -9999     0
2021 01 12 12    -9  -223 10242    40    10 -9999 -9999     0
2021 01 12 18   -83  -207 10242   290    10 -9999 -9999     0
2021 01 12 21  -108  -215 10241   290    20 -9999 -9999     0
2021 01 13 00  -126  -216 10307   290    10 -9999 -9999     0
2021 01 13 03   -60  -212 10291    50    20 -9999 -9999     0
2021 01 13 06    39  -212 10159   350    10 -9999 -9999     0
2021 01 13 09    86  -314 -9999   324    74 -9999 -9999 -9999
2021 01 13 12    31  -311 10199   270    10 -9999 -9999     0
2021 01 13 18   -61  -254 10232   120    10 -9999 -9999     0
2021 01 13 21   -95  -263 10238     0 -9999 -9999 -9999     0
2021 01 14 00  -124  -268 10321   280    20 -9999 -9999     0
2021 01 14 03   -70  -262 10337   330    10 -9999 -9999     0
2021 01 14 06    28  -270 10209    30    10 -9999 -9999     0
2021 01 14 09    60  -332 -9999   250    20 -9999 -9999     0
2021 01 14 12   -11  -289 10262   130    10 -9999 -9999     0
2021 01 14 18  -100  -236 10256   300    20 -9999 -9999     0
2021 01 14 21  -123  -237 10264   310    10 -9999 -9999     0
2021 01 15 00  -143  -250 -9999     0 -9999 -9999 -9999     0
2021 01 15 03   -75  -251 10365   320    10 -9999 -9999     0
2021 01 15 06    34  -254 10214    60    10 -9999 -9999     0
2021 01 15 09    75  -298 -9999   266    20 -9999 -9999 -9999
2021 01 15 12     5  -266 10234     0 -9999 -9999 -9999     0
2021 01 15 18   -47  -196 10166   110    10 -9999 -9999     0
2021 01 15 21   -53  -202 10132     0 -9999 -9999 -9999     0
2021 01 16 00   -56  -201 10193   340    10 -9999 -9999     0
2021 01 16 03   -15  -200 10192    50    10 -9999 -9999     0
2021 01 16 06    75  -234 10081   100    30 -9999 -9999     0
2021 01 16 09    89  -101 10063    80    40 -9999 -9999     0
2021 01 16 12    45  -104 10124   160    20 -9999 -9999     0
2021 01 16 18     2  -112 10131     0 -9999 -9999 -9999     0
2021 01 16 21     5  -224 10147   340   110 -9999 -9999     0
2021 01 17 00   -27  -226 10247   340   100 -9999 -9999     0
2021 01 17 03    -4  -225 10258   340   100 -9999 -9999     0
2021 01 17 06    32  -245 10215   340   100 -9999 -9999     0
2021 01 17 09    35  -265 10201   310    50 -9999 -9999     0
2021 01 17 12     7  -275 10277   300    40 -9999 -9999     0
2021 01 17 18   -82  -272 10341   290    20 -9999 -9999     0
2021 01 17 21  -120  -254 10374   290    10 -9999 -9999     0
2021 01 18 00  -144  -256 10417   310    30 -9999 -9999     0
2021 01 18 03   -96  -251 10410   330    10 -9999 -9999     0
2021 01 18 06     6  -265 10263    20    10 -9999 -9999     0
2021 01 18 09    49  -281 10196   260    10 -9999 -9999     0
2021 01 18 12   -11  -252 10260   270    20 -9999 -9999     0
2021 01 18 18   -86  -210 10218   180    10 -9999 -9999     0
2021 01 18 21  -104  -206 10198   230    10 -9999 -9999     0
2021 01 19 00  -116  -199 10255   300    20 -9999 -9999     0
2021 01 19 03   -45  -187 10233    60    10 -9999 -9999     0
2021 01 19 06    82  -134 10090    90    20 -9999 -9999     0
2021 01 19 09   100  -132 10047   310    30 -9999 -9999     0
2021 01 19 12    67   -97 10106   300    30 -9999 -9999     0
2021 01 19 18   -29  -107 10075     0 -9999 -9999 -9999     0
2021 01 19 21   -55  -110 10081   280    10 -9999 -9999     0
2021 01 20 00   -67  -109 10128   170    20 -9999 -9999     0
2021 01 20 03     8  -104 10136    20    10 -9999 -9999     0
2021 01 20 06   100  -126 10031    90    20 -9999 -9999     0
2021 01 20 09    98  -134 10009   290    30 -9999 -9999     0
2021 01 20 12    67   -73 10082    40    50 -9999 -9999     0
2021 01 20 18     2   -19 10059   340    80 -9999 -9999 -9999
2021 01 20 21    -4   -26 10068   150    30 -9999 -9999     0
2021 01 21 00     0   -52 10110   270    50 -9999 -9999     0
2021 01 21 03    19   -57 10151   330    40 -9999 -9999     0
2021 01 21 06    48   -94 10095   140    10 -9999 -9999     0
2021 01 21 09    46   -78 10086   150    40 -9999 -9999     0
2021 01 21 12     5   -38 10146   180    20 -9999 -9999 -9999
2021 01 21 18   -10   -62 10151   340    50 -9999 -9999     0
2021 01 21 21   -41   -74 10182   160    20 -9999 -9999     0
2021 01 22 00   -74   -98 10267   320    10 -9999 -9999     0
2021 01 22 03   -45  -107 10264   330    10 -9999 -9999     0
2021 01 22 06    22   -91 10163    50    20 -9999 -9999     0
2021 01 22 09    48  -136 -9999   210    10 -9999 -9999     0
2021 01 22 12   -17  -113 10227   180    20 -9999 -9999     0
2021 01 22 18   -65  -111 10199   190    20 -9999 -9999     0
2021 01 22 21   -73  -120 10163   150    30 -9999 -9999     0
2021 01 23 00   -86  -127 10215   140    20 -9999 -9999     0
2021 01 23 03   -20  -110 10198   140    50 -9999 -9999     0
2021 01 23 06    88  -112 10061   110    30 -9999 -9999     0
2021 01 23 09   102  -118 10011   240    20 -9999 -9999     0
2021 01 23 12    31   -95 10084   180    20 -9999 -9999     0
2021 01 23 18   -35   -85 10011   160    10 -9999 -9999     0
2021 01 23 21   -58   -95 10016   180    20 -9999 -9999     0
2021 01 24 00   -75  -103 -9999   200    10 -9999 -9999     0
2021 01 24 03   -12   -86 10104   350    10 -9999 -9999     0
2021 01 24 06   119   -97  9964    60    10 -9999 -9999     0
2021 01 24 09   163  -142 -9999   270    30 -9999 -9999     0
2021 01 24 12    78  -144 10005   230    10 -9999 -9999     0
2021 01 24 18   -19  -112 10017   320    10 -9999 -9999     0
2021 01 24 21   -31  -113 10033   170    30 -9999 -9999     0
2021 01 25 00   -34  -139 10135   160    20 -9999 -9999     0
2021 01 25 03    32  -140 10138   360    10 -9999 -9999     0
2021 01 25 06    96  -136 10055    30    10 -9999 -9999     0
2021 01 25 09   116  -142  9991   290    50 -9999 -9999     0
2021 01 25 12    51  -124 10051   290    20 -9999 -9999     0
2021 01 25 18   -23  -113 10050   280    10 -9999 -9999     0
2021 01 25 21   -53  -116 10071   290    10 -9999 -9999     0
2021 01 26 00   -72  -123 10143   300    10 -9999 -9999     0
2021 01 26 03   -19  -112 10148   330    20 -9999 -9999     0
2021 01 26 06    92  -114 10010   360    10 -9999 -9999     0
2021 01 26 09   136  -187  9951   250    20 -9999 -9999     0
2021 01 26 12    86  -183 10008   310    40 -9999 -9999     0
2021 01 26 18   -23  -150 10039   130    10 -9999 -9999     0
2021 01 26 21   -48  -149 10042     0 -9999 -9999 -9999     0
2021 01 27 00   -71  -142 10122   180    10 -9999 -9999     0
2021 01 27 03    -3  -139 10137   340    10 -9999 -9999     0
2021 01 27 06    99  -164 10043   360    20 -9999 -9999     0
2021 01 27 09   112  -193 10035   340    90 -9999 -9999     0
2021 01 27 12    62  -164 10122   300    40 -9999 -9999     0
2021 01 27 18   -22  -143 10125     0 -9999 -9999 -9999     0
2021 01 27 21   -43  -137 10135   290    20 -9999 -9999     0
2021 01 28 00   -62  -144 10197   310    30 -9999 -9999     0
2021 01 28 03    -7  -129 10201   360    10 -9999 -9999     0
2021 01 28 06    88  -136 10089   330    20 -9999 -9999     0
2021 01 28 09   126  -182 -9999   230    20 -9999 -9999     0
2021 01 28 12    46  -171 10107   160    10 -9999 -9999     0
2021 01 28 18   -51  -155 10101   330    10 -9999 -9999     0
2021 01 28 21   -78  -155 10095   350    10 -9999 -9999     0
2021 01 29 00   -99  -162 -9999   290    10 -9999 -9999     0
2021 01 29 03   -29  -146 10169    10    10 -9999 -9999     0
2021 01 29 06   114  -192 10024    50    10 -9999 -9999     0
2021 01 29 09   156  -295 -9999    30    40 -9999 -9999     0
2021 01 29 12    61  -245 10058   140    10 -9999 -9999     0
2021 01 29 18   -34  -181 10027   350    10 -9999 -9999     0
2021 01 29 21   -60  -183 10036     0 -9999 -9999 -9999     0
2021 01 30 00   -80  -159 10131     0 -9999 -9999 -9999     0
2021 01 30 03     8  -170 10111    40    10 -9999 -9999     0
2021 01 30 06    93  -220 10026   150    70 -9999 -9999     0
2021 01 30 09    95  -218 10017   160    30 -9999 -9999     0
2021 01 30 12    59  -196 10074   290    30 -9999 -9999     0
2021 01 30 18    24  -183 10032   180    20 -9999 -9999     0
2021 01 30 21   -35  -164 10082   300    20 -9999 -9999     0
2021 01 31 00   -67  -164 10148   320    20 -9999 -9999     0
2021 01 31 03   -11  -161 10115    10    10 -9999 -9999     0
2021 01 31 06    42  -168 10058   300    10 -9999 -9999     0
2021 01 31 09    56  -198 10087   140    20 -9999 -9999     0
2021 01 31 12    -9   -98 10239   340    80 -9999 -9999 -9999
2021 01 31 18   -73  -135 10256   120    10 -9999 -9999     0
2021 01 31 21   -96  -151 10263   330    20 -9999 -9999     0
2021 02 01 00  -106  -165 10327   340    20 -9999 -9999     0
2021 02 01 03   -54  -152 10314   350    10 -9999 -9999     0
2021 02 01 06    40  -182 10193    10    20 -9999 -9999     0
2021 02 01 09    87  -225 -9999   230    20 -9999 -9999     0
2021 02 01 12    13  -225 10215   190    10 -9999 -9999     0
2021 02 01 18   -58  -202 10215   310    10 -9999 -9999     0
2021 02 01 21   -88  -203 10214     0 -9999 -9999 -9999     0
2021 02 02 00  -107  -198 -9999   270    10 -9999 -9999     0
2021 02 02 03   -41  -195 10303   330    10 -9999 -9999     0
2021 02 02 06    64  -210 10173   360    20 -9999 -9999     0
2021 02 02 09   100  -215 -9999   310    40 -9999 -9999     0
2021 02 02 12    25  -215 10228   260    10 -9999 -9999     0
2021 02 02 18   -61  -198 10214   300    10 -9999 -9999     0
2021 02 02 21   -90  -193 10222   300    10 -9999 -9999     0
2021 02 03 00  -110  -199 -9999   270    10 -9999 -9999     0
2021 02 03 03   -45  -187 10311    10    10 -9999 -9999     0
2021 02 03 06    73  -193 10165    60    10 -9999 -9999     0
2021 02 03 09   140  -231 -9999   170    30 -9999 -9999     0
2021 02 03 12    44  -200 10151   190    10 -9999 -9999     0
2021 02 03 18   -51  -179 10124     0 -9999 -9999 -9999     0
2021 02 03 21   -77  -176 10107   320    10 -9999 -9999     0
2021 02 04 00   -95  -173 -9999   310    10 -9999 -9999     0
2021 02 04 03   -19  -168 10184    10    10 -9999 -9999     0
2021 02 04 06   132  -204 10041    60    20 -9999 -9999     0
2021 02 04 09   149  -269 10021   270    40 -9999 -9999     0
2021 02 04 12    78  -232 10100   170    40 -9999 -9999     0
2021 02 04 18   -12  -187 10098   170    20 -9999 -9999     0
2021 02 04 21    -1  -183 10105   260    30 -9999 -9999     0
2021 02 05 00   -51  -179 10215   170    10 -9999 -9999     0
2021 02 05 03    11  -183 10209    20    20 -9999 -9999     0
2021 02 05 06    89  -200 10114   320    10 -9999 -9999     0
2021 02 05 09   128  -207 -9999   280    20 -9999 -9999     0
2021 02 05 12    67  -198 10105   310    30 -9999 -9999     0
2021 02 05 18   -33  -159 10116     0 -9999 -9999 -9999     0
2021 02 05 21   -67  -156 10111   180    10 -9999 -9999     0
2021 02 06 00   -87  -159 10188   320    10 -9999 -9999     0
2021 02 06 03   -13  -151 10176    30    10 -9999 -9999     0
2021 02 06 06   123  -243 10044   100    50 -9999 -9999     0
2021 02 06 09   141  -348 -9999    80    40 -9999 -9999     0
2021 02 06 12    57  -275 10108   140    10 -9999 -9999     0
2021 02 06 18   -41  -222 10085   320    10 -9999 -9999     0
2021 02 06 21   -68  -207 10103     0 -9999 -9999 -9999     0
2021 02 07 00   -91  -208 10207   340    10 -9999 -9999     0
2021 02 07 03   -26  -204 -9999   320    10 -9999 -9999     0
2021 02 07 06   105  -239 10106    60    20 -9999 -9999     0
2021 02 07 09   106  -239 10106   100    10 -9999 -9999     0
2021 02 07 12    66  -148 10181   330    90 -9999 -9999     0
2021 02 07 18     2   -66 10185   300    20 -9999 -9999     0
2021 02 07 21   -36   -83 10216     0 -9999 -9999 -9999     0
2021 02 08 00   -55  -101 10288   310    20 -9999 -9999     0
2021 02 08 03   -10  -117 10298   330    20 -9999 -9999     0
2021 02 08 06    69  -180 10201   340    60 -9999 -9999     0
2021 02 08 09    88  -252 10175   320    50 -9999 -9999     0
2021 02 08 12    15  -224 10247   180    10 -9999 -9999     0
2021 02 08 18   -62  -199 10258   300    20 -9999 -9999     0
2021 02 08 21   -91  -199 10269     0 -9999 -9999 -9999     0
2021 02 09 00  -111  -190 -9999   270    10 -9999 -9999     0
2021 02 09 03   -40  -183 10334   360    10 -9999 -9999     0
2021 02 09 06    70  -205 10201    40    10 -9999 -9999     0
2021 02 09 12    35  -215 10220   150    30 -9999 -9999     0
2021 02 09 18   -61  -178 10204     0 -9999 -9999 -9999     0
2021 02 09 21   -84  -196 10196   300    10 -9999 -9999     0
2021 02 10 00  -109  -186 -9999   140    10 -9999 -9999     0
2021 02 10 03   -24  -176 10251    60    10 -9999 -9999     0
2021 02 10 06    99  -203 10105   120    30 -9999 -9999     0
2021 02 10 09   117  -202 10062   150    20 -9999 -9999     0
2021 02 11 00   -50  -146 10175     0 -9999 -9999 -9999     0
2021 02 13 12    30  -198 10176   163    12 -9999 -9999 -9999
2021 02 13 18   -61  -181 10230   140    10 -9999 -9999     0
2021 02 13 21   -84  -175 10235   310    20 -9999 -9999     0
2021 02 14 00  -105  -182 10294   300    20 -9999 -9999     0
2021 02 14 03   -34  -181 10275    10    10 -9999 -9999     0
2021 02 14 06    81  -187 10134    20    10 -9999 -9999     0
2021 02 14 09   132  -237 10064   160    10 -9999 -9999     0
2021 02 14 12    70  -171 10121   170    20 -9999 -9999     0
2021 02 14 18    -5  -144 10066     0 -9999 -9999 -9999     0
2021 02 14 21   -27  -138 10053   320    20 -9999 -9999     0
2021 02 15 00   -51  -134 -9999   310    10 -9999 -9999     0
2021 02 15 03    24  -147 10114    20    10 -9999 -9999     0
2021 02 15 06   121  -122 10004   120    40 -9999 -9999     0
2021 02 15 09   100   -86 10027   360    80 -9999 -9999     0
2021 02 15 12    70   -70 10087   140    50 -9999 -9999     0
2021 02 15 18     1   -20 10095   280    10 -9999 -9999     1
2021 02 15 21     0   -13 10119    60    10 -9999 -9999     2
2021 02 16 00   -16   -29 10167   250    10 -9999 -9999     1
2021 02 16 03    24   -78 10170   330    20 -9999 -9999     0
2021 02 16 06    97  -142 10106   160    30 -9999 -9999     0
2021 02 16 09    80  -108 10082   300    30 -9999 -9999     0
2021 02 16 12    72   -92 10100   140    60 -9999 -9999     0
2021 02 16 18    -6   -16 10119   200    10 -9999 -9999    30
2021 02 16 21   -15   -34 10127   240    10 -9999 -9999    20
2021 02 17 00   -36   -61 10162   170    20 -9999 -9999     0
2021 02 17 03     7   -30 10189   320    10 -9999 -9999     3
2021 02 17 06    88   -70 10103   140    40 -9999 -9999     3
2021 02 17 09    58   -25 10124   320    60 -9999 -9999     0
2021 02 17 12    30   -36 10180   330   110 -9999 -9999     0
2021 02 17 18    -1   -26 10181   310    10 -9999 -9999     0
2021 02 17 21   -14   -33 10210   310    30 -9999 -9999     2
2021 02 18 00   -18   -45 10251   280    10 -9999 -9999     2
2021 02 18 03    11   -47 10263   340    20 -9999 -9999     0
2021 02 18 06    51   -45 10203   350    40 -9999 -9999 -9999
2021 02 18 09    71   -49 10164   140    30 -9999 -9999     0
2021 02 18 12    46   -42 10196   210    30 -9999 -9999     0
2021 02 18 18    -3   -20 10226   300    40 -9999 -9999 -9999
2021 02 18 21    -7   -29 10216    80    10 -9999 -9999     0
2021 02 19 00   -12   -39 10253   210    10 -9999 -9999 -9999
2021 02 19 03    26   -31 10260    20    10 -9999 -9999     2
2021 02 19 06    72   -84 10201   360    30 -9999 -9999     2
2021 02 19 09    67   -77 10174   190    20 -9999 -9999     0
2021 02 20 18   -42   -98 10226    98     7 -9999 -9999 -9999
2021 02 20 21   -64  -106 10221   287    10 -9999 -9999 -9999
2021 02 21 00   -80  -115 -9999   296    15 -9999 -9999 -9999
2021 02 21 06    92  -160 10179    59    21 -9999 -9999 -9999
2021 02 21 09   135  -154 10121   274    15 -9999 -9999 -9999
2021 02 21 18   -20  -114 10163   223    16 -9999 -9999 -9999
2021 02 21 21   -25  -117 10135   180    10 -9999 -9999     0
2021 02 22 00   -50  -121 -9999   137     9 -9999 -9999 -9999
2021 02 22 03    37  -111 10194    80    20 -9999 -9999     0
2021 02 22 06   154  -139 10064   100    20 -9999 -9999     0
2021 02 22 09   159  -217 -9999   330    90 -9999 -9999     0
2021 02 22 12    87  -143 10142   170    40 -9999 -9999     0
2021 02 22 18    13  -121 10128   170    10 -9999 -9999     0
2021 02 22 21   -15  -119 10140   290    10 -9999 -9999     0
2021 02 23 00   -42  -119 10218   290    10 -9999 -9999     0
2021 02 23 03    37  -119 10183   360    10 -9999 -9999     0
2021 02 23 06   158  -135 10049    90    20 -9999 -9999     0
2021 02 23 09   173  -189  9991    40    20 -9999 -9999     0
2021 02 23 12    85  -152 10064   170    30 -9999 -9999     0
2021 02 23 18    12  -119 10007   250    10 -9999 -9999     0
2021 02 23 21   -19  -104 10022   310    10 -9999 -9999     0
2021 02 24 00   -40  -104 -9999   310    20 -9999 -9999     0
2021 02 24 03    49  -104 10086   360    10 -9999 -9999     0
2021 02 24 06   156  -118  9966   230    20 -9999 -9999     0
2021 02 24 09   184  -165  9930   330    50 -9999 -9999     0
2021 02 24 12   112  -130  9995   260    10 -9999 -9999     0
2021 02 24 18    41  -104  9972   290    10 -9999 -9999     0
2021 02 24 21    22  -100  9970   220    10 -9999 -9999     0
2021 02 25 00    29   -84 10045   100    30 -9999 -9999     0
2021 02 25 03    91   -63 10038   360    20 -9999 -9999     0
2021 02 25 06   145  -127  9963    10    30 -9999 -9999     0
2021 02 25 09   145  -146  9941   330    70 -9999 -9999     0
2021 02 25 12    93  -138  9982   210    10 -9999 -9999     0
2021 02 25 18    32  -104 10001   230    10 -9999 -9999     0
2021 02 25 21    17  -108 10006   310    70 -9999 -9999     0
2021 02 26 00   -15  -108 -9999   170    10 -9999 -9999     0
2021 02 26 03    64  -103 10086    10    20 -9999 -9999     0
2021 02 26 06   156  -137  9974   250    10 -9999 -9999     0
2021 02 26 09   180  -183 -9999   330    60 -9999 -9999     0
2021 02 26 12    99  -155  9996   190    10 -9999 -9999     0
2021 02 26 18     8  -126  9985   320    10 -9999 -9999     0
2021 02 26 21   -22  -123  9977   190    10 -9999 -9999     0
2021 02 27 00   -33  -110 -9999   300    30 -9999 -9999     0
2021 02 27 03    55  -103 10032    50    10 -9999 -9999     0
2021 02 27 06   184   -79  9905    90    30 -9999 -9999     0
2021 02 27 09   214   -92  9849   180    30 -9999 -9999     0
2021 02 27 12   138   -88  9908   190    30 -9999 -9999     0
2021 02 27 18    37   -80  9893   180    20 -9999 -9999     0
2021 02 27 21    12   -76  9889   230    10 -9999 -9999     0
2021 02 28 00    -2   -72  9970     0 -9999 -9999 -9999     0
2021 02 28 03   127   -63  9933   140    30 -9999 -9999     0
2021 02 28 06   203   -72  9855   110    30 -9999 -9999     0
2021 02 28 09   238   -84  9792   260    30 -9999 -9999     0
2021 02 28 12   163  -112  9858   140    30 -9999 -9999     0
2021 02 28 18    68   -72  9889   320    20 -9999 -9999     0
2021 02 28 21    88   -70  9925   330    80 -9999 -9999     1
2021 03 01 00    66   -81 10030   290    50 -9999 -9999     1
2021 03 01 03    77   -84 10081   310    50 -9999 -9999     0
2021 03 01 06   107   -71 10055    90    30 -9999 -9999     0
2021 03 01 09   129   -66  9981   310    20 -9999 -9999     0
2021 03 01 12    95   -52 10016   150    70 -9999 -9999     0
2021 03 01 18    20   -43 10059   270    10 -9999 -9999     0
2021 03 01 21     9   -45 10032   200    20 -9999 -9999     0
2021 03 02 00    -8   -52 10070   170    20 -9999 -9999     0
2021 03 02 03    73   -57 10030   340    20 -9999 -9999     0
2021 03 02 06   153   -89  9946   360    20 -9999 -9999     0
2021 03 02 09   158   -92  9924   190    60 -9999 -9999     0
2021 03 02 12   103   -14 10022    70    90 -9999 -9999 -9999
2021 03 02 18    11    -4 10073   310    50 -9999 -9999     4
2021 03 02 21    15   -19 10060   330    80 -9999 -9999     3
2021 03 03 00     4   -35 10125   330    60 -9999 -9999     0
2021 03 03 03    22   -54 10176   330    80 -9999 -9999     0
2021 03 03 06    61   -49 10126    10    30 -9999 -9999 -9999
2021 03 03 09   108   -70 10057   160    20 -9999 -9999     0
2021 03 03 12    48   -87 10107   150    40 -9999 -9999     0
2021 03 03 18   -11   -68 10131   150    10 -9999 -9999     0
2021 03 03 21   -21   -70 10087   210    10 -9999 -9999     0
2021 03 04 00   -29   -76 10140   230    10 -9999 -9999     0
2021 03 04 03    72   -69 10095   130    30 -9999 -9999     0
2021 03 04 06   154   -88  9990   110    40 -9999 -9999     0
2021 03 04 09   145  -110  9968   300    30 -9999 -9999     0
2021 03 04 12    98   -38 10034   270    70 -9999 -9999     0
2021 03 04 18    36   -37  9996   190    20 -9999 -9999     0
2021 03 04 21     2   -44 10025   170    30 -9999 -9999     0
2021 03 05 00   -16   -51 10085   170    20 -9999 -9999     0
2021 03 05 03    71   -40 10052    40    20 -9999 -9999     0
2021 03 05 06   151   -83  9968    40    30 -9999 -9999     0
2021 03 05 09   120  -103  9989   200    60 -9999 -9999     0
2021 03 05 12    78   -75 10052   170    30 -9999 -9999     0
2021 03 05 18    18    -1 10050   310    20 -9999 -9999     6
2021 03 05 21     7    -6 10081   170    20 -9999 -9999    10
2021 03 06 00     8    -1 10124   160    20 -9999 -9999     6
2021 03 06 03     6   -10 10183   280    10 -9999 -9999     9
2021 03 06 06    17    -5 10155   310    30 -9999 -9999    20
2021 03 06 09    18    -1 10136   320    30 -9999 -9999    20
2021 03 06 12     1    -7 10158   160    10 -9999 -9999    40
2021 03 06 18     0   -13 10160     0 -9999 -9999 -9999    70
2021 03 06 21    -9   -22 10155     0 -9999 -9999 -9999     4
2021 03 07 00   -13   -24 10178     0 -9999 -9999 -9999     0
2021 03 07 03    45   -13 10152   120    10 -9999 -9999     0
2021 03 07 06    28   -31 10134   180    30 -9999 -9999     7
2021 03 07 09    74   -53 10093   280    30 -9999 -9999     7
2021 03 07 12    30   -64 10162   160    30 -9999 -9999     0
2021 03 07 18   -32   -72 10229   240    10 -9999 -9999     0
2021 03 07 21   -53   -92 10212   260    10 -9999 -9999     0
2021 03 08 00   -56  -104 10264   180    10 -9999 -9999     0
2021 03 08 03     2   -69 10243    80    20 -9999 -9999     0
2021 03 08 06    90   -49 10136    70    20 -9999 -9999     0
2021 03 08 09   129   -77 10084   250    20 -9999 -9999     0
2021 03 08 12    56   -43 10150   170    40 -9999 -9999     0
2021 03 08 18   -10   -45 10138   210    10 -9999 -9999     0
2021 03 08 21   -29   -52 10128   170    10 -9999 -9999     0
2021 03 09 00   -41   -59 10200   180    10 -9999 -9999     0
2021 03 09 03    47   -36 10171    66    23 -9999 -9999 -9999
2021 03 09 06   142   -72 10062    80    20 -9999 -9999     0
2021 03 09 09   139   -58 10033   130    60 -9999 -9999     0
2021 03 09 12    90   -46 10092   150    20 -9999 -9999     0
2021 03 09 18    45   -26 10052   300    20 -9999 -9999     0
2021 03 09 21    29    -4 10071   260    20 -9999 -9999     0
2021 03 10 00    15     3 10140   310    20 -9999 -9999    10
2021 03 10 03    52    10 10158   340    20 -9999 -9999    10
2021 03 10 06   115   -64 10067   340    60 -9999 -9999     0
2021 03 10 09   131  -122 10043   330    60 -9999 -9999     0
2021 03 10 12    85   -81 10098   170    30 -9999 -9999     0
2021 03 10 18    32   -62 10117   190    10 -9999 -9999     0
2021 03 10 21    20   -56 10117   300    24 -9999 -9999 -9999
2021 03 11 00    -9   -62 10203     0 -9999 -9999 -9999     0
2021 03 11 03    77   -50 10173    50    20 -9999 -9999     0
2021 03 11 06   126   -64 10103   340    20 -9999 -9999     0
2021 03 11 09   133   -86 10079   190    40 -9999 -9999     0
2021 03 11 12   112   -62 10126   250    40 -9999 -9999     0
2021 03 11 18    44     7 10135   330    60 -9999 -9999 -9999
2021 03 11 21    27     8 10137   320    20 -9999 -9999 -9999
2021 03 12 00    30     2 10168   300    30 -9999 -9999     0
2021 03 12 03    91     3 10162    50    20 -9999 -9999     0
2021 03 12 06   150   -49 10097    50    20 -9999 -9999     0
2021 03 12 09    98   -19 10148   330   160 -9999 -9999     0
2021 03 12 12    73   -41 10187   180    20 -9999 -9999     0
2021 03 12 18     1   -47 10203     0 -9999 -9999 -9999     0
2021 03 12 21   -20   -50 10244   300    20 -9999 -9999     0
2021 03 13 00   -33   -56 10283   300    10 -9999 -9999     0
2021 03 13 03    50   -43 10242    40    20 -9999 -9999     0
2021 03 13 06   164   -87 10108    20    20 -9999 -9999     0
2021 03 13 09   186  -124 10049   270    10 -9999 -9999     0
2021 03 13 12   128   -73 10094   160    30 -9999 -9999     0
2021 03 13 18    59   -29 10041   170    30 -9999 -9999     0
2021 03 13 21    29   -28 10030   170    20 -9999 -9999     0
2021 03 14 00    12   -29 10094   170    20 -9999 -9999     0
2021 03 14 03   120   -19 10026   110    30 -9999 -9999     0
2021 03 14 06   159   -64  9997   360    40 -9999 -9999     0
2021 03 14 09   163   -61  9977   300    30 -9999 -9999     0
2021 03 14 12    58    17 10123   350   110 -9999 -9999 -9999
2021 03 14 18    38    10 10070   300    20 -9999 -9999     0
2021 03 14 21    35    -3 10062   320    40 -9999 -9999     0
2021 03 15 00    34    -6 10140   340    40 -9999 -9999     0
2021 03 15 03    75   -12 10130    30    10 -9999 -9999     0
2021 03 15 06   149   -34 10043   110    20 -9999 -9999     0
2021 03 15 09   138   -44 10016   320    50 -9999 -9999     0
2021 03 15 12   104   -10 10051   320    60 -9999 -9999     0
2021 03 15 18    43     1 10053   160    20 -9999 -9999     0
2021 03 15 21    16    -8 10074   150    10 -9999 -9999     0
2021 03 16 00     1   -15 10126   320    20 -9999 -9999     0
2021 03 16 03    88     3 10089    70    20 -9999 -9999     0
2021 03 16 06   162   -44 10002    50    20 -9999 -9999     0
2021 03 16 09   140   -52 10014   170    40 -9999 -9999     0
2021 03 16 12   127   -58 10051   200    30 -9999 -9999     0
2021 03 16 18    33   -44 10043   160    30 -9999 -9999     0
2021 03 16 21     9   -43 10074   190    20 -9999 -9999     0
2021 03 17 00    -5   -44 10108   170    10 -9999 -9999     0
2021 03 17 03   101   -39 10067   350    10 -9999 -9999     0
2021 03 17 06   156   -86 10004   170    20 -9999 -9999     0
2021 03 17 09   158   -71  9996   120    40 -9999 -9999     0
2021 03 17 12   123   -52 10038   140    10 -9999 -9999     0
2021 03 17 18    70     0 10034   130    40 -9999 -9999     0
2021 03 17 21    29   -13 10056   170    10 -9999 -9999     0
2021 03 18 00    11   -20 10110   160    20 -9999 -9999     0
2021 03 18 03   113   -15 10044    50    10 -9999 -9999     0
2021 03 18 06   177   -69  9974   120    40 -9999 -9999     0
2021 03 18 09   190  -133  9953   330    20 -9999 -9999     0
2021 03 18 12   130  -101 10003   196    14 -9999 -9999 -9999
2021 03 18 18    30   -78  9997   300    20 -9999 -9999     0
2021 03 18 21     8   -79 10022   160    20 -9999 -9999     0
2021 03 19 00    -3   -71 10095   180    10 -9999 -9999     0
2021 03 19 03   119   -70 10055    90    20 -9999 -9999     0
2021 03 19 06   162  -113 10007    90    20 -9999 -9999     0
2021 03 19 09   185  -104  9967   340    70 -9999 -9999     0
2021 03 19 12   134   -85 10019   310    40 -9999 -9999     0
2021 03 19 18    58   -68  9995   210    20 -9999 -9999     0
2021 03 19 21    28   -61  9993   140    10 -9999 -9999     0
2021 03 20 00    11   -58 10054   330    10 -9999 -9999     0
2021 03 20 03   114   -51  9993    60    10 -9999 -9999     0
2021 03 20 06   170  -107  9922   340    60 -9999 -9999     0
2021 03 20 09   171   -97  9920   340    90 -9999 -9999     0
2021 03 20 12    65    -5 10071   340   130 -9999 -9999     0
2021 03 20 18    35    14 10032   290    30 -9999 -9999     3
2021 03 20 21    23     8 10029   320    20 -9999 -9999    20
2021 03 21 00    21     8 10111   320    30 -9999 -9999    30
2021 03 21 03    25     9 10133   330    30 -9999 -9999    20
2021 03 21 06    55     7 10116   320    50 -9999 -9999    40
2021 03 21 09    37     0 10141   330    50 -9999 -9999    20
2021 03 21 12    29    -6 10170   210    10 -9999 -9999     0
2021 03 21 18    -7   -23 10196   170    20 -9999 -9999     0
2021 03 21 21    -5   -24 10201    80    10 -9999 -9999     0
2021 03 22 00    -4   -43 10222   110    20 -9999 -9999     0
2021 03 22 03    57   -19 10195   360    20 -9999 -9999     0
2021 03 22 06   138   -30 10089    70    30 -9999 -9999     0
2021 03 22 09   164  -131 -9999   290    50 -9999 -9999     0
2021 03 22 12   101   -50 10112   330   120 -9999 -9999     0
2021 03 22 18    26   -44 10130   270    10 -9999 -9999     0
2021 03 22 21   -10   -52 10145     0 -9999 -9999 -9999     0
2021 03 23 00   -25   -65 10221     0 -9999 -9999 -9999     0
2021 03 23 03    52   -70 10189    10    20 -9999 -9999     0
2021 03 23 06   150  -114 10090    30    20 -9999 -9999     0
2021 03 23 09   193  -144 10036   330    20 -9999 -9999     0
2021 03 23 12   117  -105 10104   160    30 -9999 -9999     0
2021 03 23 18    16   -82 10099   190    10 -9999 -9999     0
2021 03 23 21   -11   -81 10088    80    10 -9999 -9999     0
2021 03 24 00   -18   -81 10153   170    20 -9999 -9999     0
2021 03 24 03    90   -68 10108    40    20 -9999 -9999     0
2021 03 24 06   180   -99 10009    90    10 -9999 -9999     0
2021 03 24 09   192  -109  9974   100    20 -9999 -9999     0
2021 03 24 12   127  -103 10027   170    30 -9999 -9999     0
2021 03 24 18    28   -71 10006     0 -9999 -9999 -9999     0
2021 03 24 21    -2   -70 10024   180    10 -9999 -9999     0
2021 03 25 00    -8   -64 10094   220    10 -9999 -9999     0
2021 03 25 03   103   -65 10044    30    20 -9999 -9999     0
2021 03 25 06   200   -58  9944    40    40 -9999 -9999     0
2021 03 25 09   212   -83  9920   170    20 -9999 -9999     0
2021 03 25 12   143   -60  9965   170    20 -9999 -9999     0
2021 03 25 18    57   -53  9953   280    10 -9999 -9999     0
2021 03 25 21    28   -46  9977   120    10 -9999 -9999     0
2021 03 26 00    18   -51 10061   300    10 -9999 -9999     0
2021 03 26 03   121   -54 10016   360    20 -9999 -9999     0
2021 03 26 06   167  -101  9955   110    30 -9999 -9999     0
2021 03 26 09   181  -128  9939   330    60 -9999 -9999     0
2021 03 26 12   112   -37 10023   350   130 -9999 -9999     0
2021 03 26 18    35   -22 10055   160    20 -9999 -9999     0
2021 03 26 21    16   -27 10050   310    20 -9999 -9999     0
2021 03 27 00     6   -30 10121   360    10 -9999 -9999     0
2021 03 27 03    79   -36 10101   330    10 -9999 -9999     0
2021 03 27 06   106   -71 10096   320    30 -9999 -9999     0
2021 03 27 09   121  -108 10080   310    70 -9999 -9999     0
2021 03 27 12    75   -77 10144   160    20 -9999 -9999     0
2021 03 27 18   -10   -78 10162     0 -9999 -9999 -9999     0
2021 03 27 21   -32   -81 10158   240    10 -9999 -9999     0
2021 03 28 00   -32   -68 10202    30    10 -9999 -9999     0
2021 03 28 03    79   -78 10142   110    20 -9999 -9999     0
2021 03 28 06   176  -121 10026   130    40 -9999 -9999     0
2021 03 28 09   188  -178  9978   310    30 -9999 -9999     0
2021 03 28 12   126  -195 10025   160    30 -9999 -9999     0
2021 03 28 18    31  -120 10014   160    10 -9999 -9999     0
2021 03 28 21     0  -123 10030   300    10 -9999 -9999     0
2021 03 29 00   -16  -114 10098   180    10 -9999 -9999     0
2021 03 29 03   107  -113 10042    20    20 -9999 -9999     0
2021 03 29 06   181  -128  9950    60    20 -9999 -9999     0
2021 03 29 09   193  -158  9921   170    40 -9999 -9999     0
2021 03 29 12   154  -129  9961   320    30 -9999 -9999     0
2021 03 29 18    73   -83  9933   340    20 -9999 -9999     0
2021 03 29 21    40   -57  9941   180    30 -9999 -9999     0
2021 03 30 00    16   -55 10002   320    10 -9999 -9999     0
2021 03 30 03   123   -43  9956    10    10 -9999 -9999     0
2021 03 30 06   201   -82  9856   150    50 -9999 -9999     0
2021 03 30 09   200  -114  9839   130    20 -9999 -9999     0
2021 03 30 12   157  -100  9899   190    30 -9999 -9999     0
2021 03 30 18    72   -72  9885   174    16 -9999 -9999 -9999
2021 03 30 21    54   -62  9895   300    10 -9999 -9999     0
2021 03 31 00    41   -49  9945   160    10 -9999 -9999     0
2021 03 31 03   161   -62  9903   140    30 -9999 -9999     0
2021 03 31 06   192   -80  9842   190    40 -9999 -9999     0
2021 03 31 09   194   -71  9824   200    30 -9999 -9999     0
2021 03 31 12   136   -28  9902   170    50 -9999 -9999     0
2021 03 31 18    65   -29  9900   180    20 -9999 -9999     0
2021 03 31 21    31   -35  9935   170    10 -9999 -9999     0
2021 04 01 00    24   -27  9994   160    20 -9999 -9999     0
2021 04 01 03   156   -54  9918   140    40 -9999 -9999     0
2021 04 01 06   192   -64  9859   150    50 -9999 -9999     0
2021 04 01 09   186   -69  9866   210    50 -9999 -9999     0
2021 04 01 12   158   -65  9902    30    10 -9999 -9999     0
2021 04 01 18    84   -65  9892   250    10 -9999 -9999     0
2021 04 01 21    63   -70  9918   160    30 -9999 -9999     0
2021 04 02 00    45   -64  9968   160    30 -9999 -9999     0
2021 04 02 03   152   -70  9921   160    40 -9999 -9999     0
2021 04 02 06   167   -77  9896   150    50 -9999 -9999     0
2021 04 02 09   180  -108  9871   160    70 -9999 -9999     0
2021 04 02 12   133   -98  9933   150    30 -9999 -9999     0
2021 04 02 18    87  -118  9960    70    20 -9999 -9999     0
2021 04 02 21    38  -110 10002   160    20 -9999 -9999     0
2021 04 03 00    22   -94 10073   160    20 -9999 -9999     0
2021 04 03 03   137  -117  9985   150    40 -9999 -9999     0
2021 04 03 06   180  -141  9930   270    50 -9999 -9999     0
2021 04 03 09   192  -132  9913   140    30 -9999 -9999     0
2021 04 03 12   162  -155  9968   190    30 -9999 -9999     0
2021 04 03 18    80  -120 10001   139    27 -9999 -9999 -9999
2021 04 03 21    38  -114 10028     0 -9999 -9999 -9999     0
2021 04 04 00    24   -92 10074   180    20 -9999 -9999     0
2021 04 04 03   138  -141 10001   150    50 -9999 -9999     0
2021 04 04 06   189  -161  9945   160    60 -9999 -9999     0
2021 04 04 09   201  -186  9931    20    40 -9999 -9999     0
2021 04 04 12   161  -198  9996   330    30 -9999 -9999     0
2021 04 04 18    87   -67 10018   330    90 -9999 -9999     1
2021 04 04 21    45   -45 10068   340    80 -9999 -9999     2
2021 04 05 00    28   -44 10132   310    20 -9999 -9999     1
2021 04 05 03   106   -58 10097    10    20 -9999 -9999     0
2021 04 05 06   153  -130 10048   170    20 -9999 -9999     0
2021 04 05 09   166  -164 10026   300    30 -9999 -9999     0
2021 04 05 12   141  -171 10067   280    10 -9999 -9999     0
2021 04 05 18    49  -116 10085   250    10 -9999 -9999     0
2021 04 05 21    38  -122 10077   320    20 -9999 -9999     0
2021 04 06 00    23  -112 10117   320    30 -9999 -9999     0
2021 04 06 03   101  -118 10091    80    20 -9999 -9999     0
2021 04 06 06   168   -69 10014   320    50 -9999 -9999     0
2021 04 06 09   145   -43 10013   100    60 -9999 -9999     0
2021 04 06 12   120   -19 10058   120    30 -9999 -9999     0
2021 04 06 18    41   -30 10060   210    10 -9999 -9999     0
2021 04 06 21    23   -30 10085   180    10 -9999 -9999     0
2021 04 07 00    25   -32 10124   170    20 -9999 -9999     0
2021 04 07 03   125    -7 10077    50    10 -9999 -9999     0
2021 04 07 06   199   -66 -9999   340    40 -9999 -9999     0
2021 04 07 09   143   -35 10029   280    80 -9999 -9999     0
2021 04 07 12    92    -4 10104   160    40 -9999 -9999     0
2021 04 07 18    48     9 10052   170    10 -9999 -9999     0
2021 04 07 21    46    13 10088   160    10 -9999 -9999     0
2021 04 08 00    54    10 10130     0 -9999 -9999 -9999     0
2021 04 08 03   131    11 10098    60    30 -9999 -9999     0
2021 04 08 06   196   -40  9999    70    40 -9999 -9999     0
2021 04 08 09   179   -60  9963   150    70 -9999 -9999     0
2021 04 08 12   122   -13 10030   160    50 -9999 -9999     0
2021 04 08 18    60   -19 10000   170    20 -9999 -9999     0
2021 04 08 21    36   -22 10038   200    20 -9999 -9999     0
2021 04 09 00    25   -20 10105   170    20 -9999 -9999     0
2021 04 09 03   124   -12 10049   350    10 -9999 -9999     0
2021 04 09 06   188   -75  9971   120    30 -9999 -9999     0
2021 04 09 09   173   -52  9967   290    10 -9999 -9999     0
2021 04 09 12   151   -33  9996   350    60 -9999 -9999     0
2021 04 09 18    69    -1 10016   320    30 -9999 -9999     0
2021 04 09 21    42    -6 10038   300    10 -9999 -9999     0
2021 04 10 00    40    -2 10066     0 -9999 -9999 -9999     0
2021 04 10 03    98     7 10049    30    10 -9999 -9999     0
2021 04 10 06   174   -45  9972    90    30 -9999 -9999     0
2021 04 10 09   154   -16  9965   340    80 -9999 -9999     0
2021 04 10 12   114    -1 10042   310    50 -9999 -9999     0
2021 04 10 18    50    -6 10049   160    30 -9999 -9999     0
2021 04 10 21    35    -7 10071   130    10 -9999 -9999     0
2021 04 11 00    42     4 10115   160    20 -9999 -9999     0
2021 04 11 03    48    13 10144   310    80 -9999 -9999 -9999
2021 04 11 06    61    16 10155   180    40 -9999 -9999     3
2021 04 11 09   122    -3 10082   180    60 -9999 -9999     3
2021 04 11 12    96     0 10108   180    40 -9999 -9999     0
2021 04 11 18    34    -2 10175   360    10 -9999 -9999     0
2021 04 11 21    27    -4 10141     0 -9999 -9999 -9999     0
2021 04 12 00    36     3 10150   140    20 -9999 -9999     0
2021 04 12 03    95     4 10122    10    10 -9999 -9999     0
2021 04 12 06    83     3 10141   170    60 -9999 -9999 -9999
2021 04 12 09   121    -4 10086   190    40 -9999 -9999 -9999
2021 04 12 12   105   -15 10092   310    50 -9999 -9999     0
2021 04 12 18    61   -18 10124   320    30 -9999 -9999     0
2021 04 12 21    16   -23 10123   180    10 -9999 -9999     0
2021 04 13 00     8   -28 10150   310    30 -9999 -9999     0
2021 04 13 03   103   -14 10083    50    20 -9999 -9999     0
2021 04 13 06   159   -64 10013    50    50 -9999 -9999     0
2021 04 13 09   185   -78  9989    40    10 -9999 -9999     0
2021 04 13 12   144   -76 10035   340    70 -9999 -9999     0
2021 04 13 18    52     0 10071   310    30 -9999 -9999     0
2021 04 13 21    24    -9 10067   250    10 -9999 -9999     0
2021 04 14 00    16   -13 10106     0 -9999 -9999 -9999     0
2021 04 14 03   100    -5 10074    10    20 -9999 -9999     0
2021 04 14 06   130   -37 10041   170    40 -9999 -9999     0
2021 04 14 09   117   -57 10079    90    10 -9999 -9999     0
2021 04 14 12    93   -54 10103   180    30 -9999 -9999     0
2021 04 14 18     7   -60 10113   180    10 -9999 -9999     0
2021 04 14 21   -11   -64 10124   210    10 -9999 -9999     0
2021 04 15 00     6   -58 10143   160    20 -9999 -9999     0
2021 04 15 03   137   -50 10074   112    36 -9999 -9999 -9999
2021 04 15 06   179  -109 10011   330    10 -9999 -9999     0
2021 04 15 09   184  -115  9981   110    50 -9999 -9999     0
2021 04 15 12   146   -75 10025   320   110 -9999 -9999     0
2021 04 15 18    34    10 10091   160    20 -9999 -9999     3
2021 04 15 21    35    12 10091   320    30 -9999 -9999     3
2021 04 16 00    40    10 10124   350    10 -9999 -9999     0
2021 04 16 03    83    -7 10170    30    10 -9999 -9999     0
2021 04 16 06   152   -10 10091   110    20 -9999 -9999     0
2021 04 16 09   171   -42 10032   160    20 -9999 -9999     0
2021 04 16 12   140   -37 10056   220    20 -9999 -9999     0
2021 04 16 18    62   -29 10062   180    10 -9999 -9999     0
2021 04 16 21    36   -30 10068     0 -9999 -9999 -9999     0
2021 04 17 00    34   -23 10111   140    10 -9999 -9999     0
2021 04 17 03   166   -25 10038    90    20 -9999 -9999     0
2021 04 17 06   206   -45  9983   150    40 -9999 -9999     0
2021 04 17 09   192   -50  9963   330    40 -9999 -9999     0
2021 04 17 12   157   -37  9989   160    30 -9999 -9999     0
2021 04 17 18   132   -19  9949   350    60 -9999 -9999     0
2021 04 17 21    88    12 10001   330   120 -9999 -9999     0
2021 04 18 00    75    24 10058   300    60 -9999 -9999 -9999
2021 04 18 03   130     1 10025   350    80 -9999 -9999     0
2021 04 18 06   145   -12  9980   290    40 -9999 -9999 -9999
2021 04 18 09   175   -12  9946   320    20 -9999 -9999     0
2021 04 18 12   152    -5  9965   130    80 -9999 -9999     0
2021 04 18 18    67   -10  9987   170    30 -9999 -9999     0
2021 04 18 21    43   -13  9983   220    10 -9999 -9999     0
2021 04 19 00    40   -10 10017   170    10 -9999 -9999     0
2021 04 19 03   172   -41  9943    80    30 -9999 -9999     0
2021 04 19 06   200   -50  9898    50    30 -9999 -9999     0
2021 04 19 09   197   -68  9883   150    50 -9999 -9999     0
2021 04 19 12   143   -26  9950   320    60 -9999 -9999     0
2021 04 19 18    72    36  9971   320    50 -9999 -9999 -9999
2021 04 19 21    50    20  9980   170    10 -9999 -9999     0
2021 04 20 00    53    16 10035   140    10 -9999 -9999     0
2021 04 20 03   150    -7  9981    60    20 -9999 -9999     0
2021 04 20 06   196   -69  9929   330    50 -9999 -9999     0
2021 04 20 09   201  -125  9919   350    60 -9999 -9999     0
2021 04 20 12   169   -83  9964   180    40 -9999 -9999     0
2021 04 20 18    64    23 10032   240    10 -9999 -9999     2
2021 04 20 21    43    15 10047   230    10 -9999 -9999     2
