2021 01 01 00   -32   -39 10325   295     8 -9999 -9999 -9999
2021 01 01 03    47    13 10324   116     9 -9999 -9999 -9999
2021 01 01 06    71    -1 10276    58    17 -9999 -9999 -9999
2021 01 01 09    66    -4 10270    58     6 -9999 -9999 -9999
2021 01 01 12    47    17 10293    65     7 -9999 -9999 -9999
2021 01 01 15    51     5 10288    23    12 -9999 -9999 -9999
2021 01 01 18    47     7 10277    39    10 -9999 -9999 -9999
2021 01 01 21    37    18 10265    58     7 -9999 -9999 -9999
2021 01 02 00    35    18 10268   302     6 -9999 -9999 -9999
2021 01 02 03    42    27 10270   272     6 -9999 -9999 -9999
2021 01 02 06    60    15 10225   233     5 -9999 -9999 -9999
2021 01 02 09    60    12 10236    20    20 -9999 -9999 -9999
2021 01 02 12    46    16 10273    40     7 -9999 -9999 -9999
2021 01 02 15    40    24 10298   266    14 -9999 -9999 -9999
2021 01 02 18    40    24 10294   283    15 -9999 -9999 -9999
2021 01 02 21    32    21 10295   277     8 -9999 -9999 -9999
2021 01 03 00    30    22 10307   169     6 -9999 -9999 -9999
2021 01 03 03    62    26 10304   149    15 -9999 -9999 -9999
2021 01 03 06   105     2 10257   124    20 -9999 -9999 -9999
2021 01 03 09   100    -9 10253    82    12 -9999 -9999 -9999
2021 01 03 12    85    -6 10279    85    14 -9999 -9999 -9999
2021 01 03 15    60    20 10287   311     6 -9999 -9999 -9999
2021 01 03 18    50    27 10267   360     2 -9999 -9999 -9999
2021 01 03 21    45    28 10257   351     8 -9999 -9999 -9999
2021 01 04 00    52    19 10264    38    19 -9999 -9999 -9999
2021 01 04 03    55    23 10279    27    12 -9999 -9999 -9999
2021 01 04 06    60    19 10244    51    22 -9999 -9999 -9999
2021 01 04 09    57    23 10252    38    25 -9999 -9999 -9999
2021 01 04 12    52    27 10283    19    14 -9999 -9999 -9999
2021 01 04 15    45    27 10294   279     7 -9999 -9999 -9999
2021 01 04 18    27    19 10288   305     6 -9999 -9999 -9999
2021 01 04 21    27    22 10285   296     6 -9999 -9999 -9999
2021 01 05 00    25    18 10306   270    15 -9999 -9999 -9999
2021 01 05 03    86    26 10303   175    18 -9999 -9999 -9999
2021 01 05 06   106     1 10262    92    21 -9999 -9999 -9999
2021 01 05 09    92     6 10267    84    39 -9999 -9999 -9999
2021 01 05 12    70    13 10298    46    29 -9999 -9999 -9999
2021 01 05 15    62    15 10295    37    22 -9999 -9999 -9999
2021 01 05 18    50    24 10277   277     3 -9999 -9999 -9999
2021 01 05 21    50    23 10256   360     1 -9999 -9999 -9999
2021 01 06 00    42    30 10265   254     7 -9999 -9999 -9999
2021 01 06 03    61    14 10263   160     5 -9999 -9999 -9999
2021 01 06 06    57    11 10227    24    27 -9999 -9999 -9999
2021 01 06 09    51    18 10232    15    32 -9999 -9999 -9999
2021 01 06 12    45    27 10267    31    31 -9999 -9999 -9999
2021 01 06 15    35    15 10291    33    37 -9999 -9999     1
2021 01 06 18    35     8 10292   360    17 -9999 -9999     2
2021 01 06 21    30   -12 10290    40    20 -9999 -9999     1
2021 01 07 00    26   -21 10307    48    25 -9999 -9999 -9999
2021 01 07 03    22   -33 10329     6    39 -9999 -9999 -9999
2021 01 07 06    21   -28 10289    35    25 -9999 -9999 -9999
2021 01 07 09    10   -27 10309    35    40 -9999 -9999 -9999
2021 01 07 12     2   -14 10353     4    24 -9999 -9999     1
2021 01 07 15     5    -6 10372   274    10 -9999 -9999     1
2021 01 07 18     2   -12 10365   271     5 -9999 -9999 -9999
2021 01 07 21   -22   -31 10355   343     5 -9999 -9999 -9999
2021 01 08 00   -40   -47 10363   360     1 -9999 -9999 -9999
2021 01 08 03    17    -5 10375   321    11 -9999 -9999     1
2021 01 08 06    45  -100 10327    40    20 -9999 -9999     0
2021 01 08 09    46   -82 10305   140    20 -9999 -9999     0
2021 01 08 12    29   -13 10329   200    10 -9999 -9999     0
2021 01 08 15    22    -4 10332   190    10 -9999 -9999     0
2021 01 08 18    15    -1 10321   220    10 -9999 -9999     0
2021 01 08 21    13     1 10305   130    10 -9999 -9999     0
2021 01 09 00    12     0 10310   170     9 -9999 -9999 -9999
2021 01 09 03    25     2 10322   346     6 -9999 -9999 -9999
2021 01 09 06    40   -19 10282    59    14 -9999 -9999 -9999
2021 01 09 09    37   -21 10277    41    22 -9999 -9999 -9999
2021 01 09 12    27   -17 10315    31    22 -9999 -9999 -9999
2021 01 09 15    21   -12 10332   360     7 -9999 -9999 -9999
2021 01 09 18    12    -2 10320   225     5 -9999 -9999 -9999
2021 01 09 21    10     0 10299   318     6 -9999 -9999 -9999
2021 01 10 00     7    -1 10302   281    11 -9999 -9999 -9999
2021 01 10 03    37   -35 10325   307    11 -9999 -9999 -9999
2021 01 10 06    52   -32 10295    49    31 -9999 -9999 -9999
2021 01 10 09    55   -36 10292    51    21 -9999 -9999 -9999
2021 01 10 12     1   -20 10344   307    11 -9999 -9999 -9999
2021 01 10 15    10    -8 10377   266     9 -9999 -9999 -9999
2021 01 10 18     2   -14 10391   296     9 -9999 -9999 -9999
2021 01 10 21   -15   -27 10397   249    12 -9999 -9999 -9999
2021 01 11 00   -34   -45 10417   269    10 -9999 -9999 -9999
2021 01 11 03    50   -85 10420   144    14 -9999 -9999 -9999
2021 01 11 06    76   -93 10370   358    12 -9999 -9999 -9999
2021 01 11 09    75   -81 10354   215    19 -9999 -9999 -9999
2021 01 11 12     0   -46 10374     1     5 -9999 -9999 -9999
2021 01 11 15   -25   -44 10372   264    10 -9999 -9999 -9999
2021 01 11 18   -39   -52 10348    87     7 -9999 -9999 -9999
2021 01 11 21   -50   -61 10319   316     3 -9999 -9999 -9999
2021 01 12 00   -55   -65 10320   291     7 -9999 -9999 -9999
2021 01 12 03    45   -22 10315    68     9 -9999 -9999 -9999
2021 01 12 06    81   -57 10256   135    19 -9999 -9999 -9999
2021 01 12 09    87   -48 10226   105    11 -9999 -9999 -9999
2021 01 12 12    10   -28 10243   326     7 -9999 -9999 -9999
2021 01 12 15   -15   -31 10244   315    12 -9999 -9999 -9999
2021 01 12 18   -25   -38 10236     2     6 -9999 -9999 -9999
2021 01 12 21   -35   -46 10235   328     8 -9999 -9999 -9999
2021 01 13 00   -42   -50 10253   254     9 -9999 -9999 -9999
2021 01 13 03    45   -17 10258   346    12 -9999 -9999 -9999
2021 01 13 06    97   -26 10211   175    20 -9999 -9999 -9999
2021 01 13 09   102   -21 10196   153    15 -9999 -9999 -9999
2021 01 13 12    21   -10 10228   300     5 -9999 -9999 -9999
2021 01 13 15    -5   -19 10240   265    12 -9999 -9999 -9999
2021 01 13 18   -22   -30 10231   270    10 -9999 -9999 -9999
2021 01 13 21   -32   -39 10219   332    10 -9999 -9999 -9999
2021 01 14 00   -40   -47 10232   335     8 -9999 -9999 -9999
2021 01 14 03    60     3 10224   158     5 -9999 -9999 -9999
2021 01 14 06   110     0 10175   195    22 -9999 -9999 -9999
2021 01 14 09   115     8 10160    66    15 -9999 -9999 -9999
2021 01 14 12    32     8 10183   334     6 -9999 -9999 -9999
2021 01 14 15     6    -5 10189   333    12 -9999 -9999 -9999
2021 01 14 18    15     8 10198    27     8 -9999 -9999 -9999
2021 01 14 21    32     6 10192   294    15 -9999 -9999 -9999
2021 01 15 00    -5   -12 10211   243    11 -9999 -9999 -9999
2021 01 15 03    90    18 10224   207    14 -9999 -9999 -9999
2021 01 15 06   132   -15 10175   114    23 -9999 -9999 -9999
2021 01 15 09   135   -34 10159    93    16 -9999 -9999 -9999
2021 01 15 12    45    -1 10195   295     5 -9999 -9999 -9999
2021 01 15 15    20    -3 10209   286     8 -9999 -9999 -9999
2021 01 15 18    20    -3 10209   298    10 -9999 -9999 -9999
2021 01 15 21    22     5 10209   277     7 -9999 -9999 -9999
2021 01 16 00    37    15 10228   339    17 -9999 -9999 -9999
2021 01 16 03    67    25 10256   300     5 -9999 -9999 -9999
2021 01 16 06   101   -25 10236    72    33 -9999 -9999 -9999
2021 01 16 09    82    11 10266    49    30 -9999 -9999 -9999
2021 01 16 12    62    10 10329    48    22 -9999 -9999 -9999
2021 01 16 15    57    -4 10379   343     9 -9999 -9999 -9999
2021 01 16 18    47     7 10404   282    26 -9999 -9999 -9999
2021 01 16 21    37     3 10405   287    11 -9999 -9999 -9999
2021 01 17 00    21     2 10411   177    12 -9999 -9999 -9999
2021 01 17 03    72    -9 10400   217    18 -9999 -9999 -9999
2021 01 17 06   107   -53 10344   174    29 -9999 -9999 -9999
2021 01 17 09   107   -66 10324   162    26 -9999 -9999 -9999
2021 01 17 12    41   -30 10340   201    15 -9999 -9999 -9999
2021 01 17 15    -2   -27 10332   236     9 -9999 -9999 -9999
2021 01 17 18   -19   -32 10314   328     9 -9999 -9999 -9999
2021 01 17 21   -30   -41 10303   309     5 -9999 -9999 -9999
2021 01 18 00   -37   -46 10311   318     9 -9999 -9999 -9999
2021 01 18 03    62     4 10307   116    16 -9999 -9999 -9999
2021 01 18 06   105   -16 10248   147    30 -9999 -9999 -9999
2021 01 18 09   112   -37 10223   196    16 -9999 -9999 -9999
2021 01 18 12    31   -16 10235   115    13 -9999 -9999 -9999
2021 01 18 15     0   -17 10224    13    11 -9999 -9999 -9999
2021 01 18 18   -14   -22 10199   306     5 -9999 -9999 -9999
2021 01 18 21   -25   -32 10187   360     1 -9999 -9999 -9999
2021 01 19 00    -9   -15 10197   255     8 -9999 -9999 -9999
2021 01 19 03    45    15 10205   329     5 -9999 -9999 -9999
2021 01 19 06    85    -5 10167   291    17 -9999 -9999 -9999
2021 01 19 09    87    -3 10157   281    20 -9999 -9999 -9999
2021 01 19 12    52     0 10182   257    13 -9999 -9999 -9999
2021 01 19 15    10    -8 10193   287     6 -9999 -9999 -9999
2021 01 19 18     2    -6 10186   330     4 -9999 -9999 -9999
2021 01 19 21    30    13 10180   280     4 -9999 -9999 -9999
2021 01 20 00    36    20 10202   262    12 -9999 -9999 -9999
2021 01 20 03    56    26 10211   348    10 -9999 -9999 -9999
2021 01 20 06    96    22 10182   145    15 -9999 -9999 -9999
2021 01 20 09    86    36 10180   331    10 -9999 -9999 -9999
2021 01 20 12    65    37 10201   128     5 -9999 -9999 -9999
2021 01 20 15    57    37 10216   298     5 -9999 -9999 -9999
2021 01 20 18    61    41 10211    44    12 -9999 -9999 -9999
2021 01 20 21    51    38 10202   360    10 -9999 -9999     0
2021 01 21 00    57    40 10216    90    10 -9999 -9999     0
2021 01 21 03   109    37 10230   200    10 -9999 -9999     0
2021 01 21 06   143    16 10193   190    20 -9999 -9999     0
2021 01 21 09   145    14 10186   154    12 -9999 -9999 -9999
2021 01 21 12    87    37 10216     0 -9999 -9999 -9999     0
2021 01 21 15    44    29 10222   320    10 -9999 -9999     0
2021 01 21 18    41    29 10209    30    10 -9999 -9999     0
2021 01 21 21    43    34 10207     0 -9999 -9999 -9999     0
2021 01 22 00    11     4 10214   326    10 -9999 -9999 -9999
2021 01 22 03   100    48 10210   123    11 -9999 -9999 -9999
2021 01 22 06   150    34 10157   142    26 -9999 -9999 -9999
2021 01 22 09   160    21 10138   193    15 -9999 -9999 -9999
2021 01 22 12    71    32 10175    34    10 -9999 -9999 -9999
2021 01 22 15    41    26 10182   352    10 -9999 -9999 -9999
2021 01 22 18    52    38 10165    31    11 -9999 -9999 -9999
2021 01 22 21    75    43 10149    30    16 -9999 -9999 -9999
2021 01 23 00    76    46 10158    38    16 -9999 -9999 -9999
2021 01 23 03    90    48 10170    34    14 -9999 -9999 -9999
2021 01 23 06   115    52 10121    19    20 -9999 -9999 -9999
2021 01 23 09   111    52 10109   329    17 -9999 -9999 -9999
2021 01 23 12    96    44 10136   347    13 -9999 -9999 -9999
2021 01 23 15    82    54 10152   280    11 -9999 -9999 -9999
2021 01 23 18    80    55 10146   309     8 -9999 -9999 -9999
2021 01 23 21    72    56 10125   160    11 -9999 -9999 -9999
2021 01 24 00    70    56 10133   279     9 -9999 -9999 -9999
2021 01 24 03    82    65 10147   350     9 -9999 -9999 -9999
2021 01 24 06   106    54 10117    34    31 -9999 -9999 -9999
2021 01 24 09   100    60 10120    38    29 -9999 -9999 -9999
2021 01 24 12    91    62 10159    30    31 -9999 -9999 -9999
2021 01 24 15    79    67 10192   350    20 -9999 -9999     1
2021 01 24 18    75    66 10202   290    10 -9999 -9999     2
2021 01 24 21    69    63 10220   150    10 -9999 -9999     1
2021 01 25 00    67    62 10253   284     9 -9999 -9999     1
2021 01 25 03    90    71 10273   213    11 -9999 -9999     1
2021 01 25 06    97    59 10246   253    17 -9999 -9999 -9999
2021 01 25 09    95    57 10230   264    12 -9999 -9999 -9999
2021 01 25 12    76    59 10243   343     7 -9999 -9999 -9999
2021 01 25 15    67    58 10250   297     5 -9999 -9999 -9999
2021 01 25 18    65    57 10243   176    12 -9999 -9999 -9999
2021 01 25 21    60    53 10231   352     4 -9999 -9999 -9999
2021 01 26 00    55    49 10239   264     6 -9999 -9999 -9999
2021 01 26 03    95    42 10245   258    16 -9999 -9999 -9999
2021 01 26 06   131    29 10195   161    13 -9999 -9999 -9999
2021 01 26 09   130     6 10174   187    18 -9999 -9999 -9999
2021 01 26 12   101    38 10199    12    13 -9999 -9999 -9999
2021 01 26 15    90    44 10214   353    25 -9999 -9999 -9999
2021 01 26 18    75    67 10213    88     7 -9999 -9999    14
2021 01 26 21    70    60 10209   326     9 -9999 -9999    18
2021 01 27 00    67    61 10220   288     8 -9999 -9999     5
2021 01 27 03    82    51 10243    65    19 -9999 -9999     1
2021 01 27 06   112    40 10223    27    18 -9999 -9999 -9999
2021 01 27 09   122    33 10221   339    16 -9999 -9999 -9999
2021 01 27 12    65    46 10266   230    11 -9999 -9999 -9999
2021 01 27 15    41    32 10291   310     6 -9999 -9999 -9999
2021 01 27 18    45    39 10295   199     5 -9999 -9999 -9999
2021 01 27 21    25    21 10291   115     8 -9999 -9999 -9999
2021 01 28 00    22    19 10310   347     6 -9999 -9999 -9999
2021 01 28 03    90    58 10321    54    19 -9999 -9999 -9999
2021 01 28 06   132    42 10278   149    25 -9999 -9999 -9999
2021 01 28 09   127    36 10256   113    31 -9999 -9999 -9999
2021 01 28 12    97    50 10276   302    11 -9999 -9999 -9999
2021 01 28 15    86    62 10271   290    10 -9999 -9999 -9999
2021 01 28 18    81    62 10254    46    15 -9999 -9999 -9999
2021 01 28 21    75    62 10234    32     8 -9999 -9999 -9999
2021 01 29 00    75    62 10237    33     7 -9999 -9999 -9999
2021 01 29 03    85    59 10244   346    10 -9999 -9999 -9999
2021 01 29 06    92    47 10210    37    26 -9999 -9999 -9999
2021 01 29 09    92    38 10202    21    28 -9999 -9999 -9999
2021 01 29 12    87    54 10228     2    14 -9999 -9999 -9999
2021 01 29 15    77    53 10252   295    10 -9999 -9999 -9999
2021 01 29 18    67    55 10252   294    10 -9999 -9999     1
2021 01 29 21    70    49 10242   297    15 -9999 -9999     2
2021 01 30 00    57    48 10248   214     8 -9999 -9999     1
2021 01 30 03    95    50 10256   205    13 -9999 -9999 -9999
2021 01 30 06   137    14 10211   122    30 -9999 -9999 -9999
2021 01 30 09   126    10 10199    60    24 -9999 -9999 -9999
2021 01 30 12    92    40 10228   296     5 -9999 -9999 -9999
2021 01 30 15    82    36 10241   268    11 -9999 -9999 -9999
2021 01 30 18    67    38 10237   250     8 -9999 -9999 -9999
2021 01 30 21    61    43 10227   250     9 -9999 -9999 -9999
2021 01 31 00    46    31 10235   209     8 -9999 -9999 -9999
2021 01 31 03   111    39 10233   176    13 -9999 -9999 -9999
2021 01 31 06   145     6 10191   296    16 -9999 -9999 -9999
2021 01 31 09   140     2 10186   149    16 -9999 -9999 -9999
2021 01 31 12   106    14 10215   192    13 -9999 -9999 -9999
2021 01 31 15    82    27 10236   276    12 -9999 -9999 -9999
2021 01 31 18    30    16 10234   350     9 -9999 -9999 -9999
2021 01 31 21    12     5 10227   344     8 -9999 -9999 -9999
2021 02 01 00     5    -2 10243   318     8 -9999 -9999 -9999
2021 02 01 03   102    33 10245   102    13 -9999 -9999 -9999
2021 02 01 06   145    14 10209   145    32 -9999 -9999 -9999
2021 02 01 09   151     5 10197   116    12 -9999 -9999 -9999
2021 02 01 12    76    31 10234   187     9 -9999 -9999 -9999
2021 02 01 15    70    41 10245   360     1 -9999 -9999 -9999
2021 02 01 18    80    48 10242   319    13 -9999 -9999 -9999
2021 02 01 21    76    54 10229   116     8 -9999 -9999 -9999
2021 02 02 00    72    54 10249     3     6 -9999 -9999 -9999
2021 02 02 03   101    57 10265   331     8 -9999 -9999 -9999
2021 02 02 06   117    41 10233   193     7 -9999 -9999 -9999
2021 02 02 09   121    53 10223   334     8 -9999 -9999 -9999
2021 02 02 12    95    63 10242   106     5 -9999 -9999 -9999
2021 02 02 15    51    44 10249   282     4 -9999 -9999 -9999
2021 02 02 18    46    39 10236   324    10 -9999 -9999 -9999
2021 02 02 21    27    22 10228   329    10 -9999 -9999 -9999
2021 02 03 00    35    31 10243   284     5 -9999 -9999 -9999
2021 02 03 03    87    51 10262    36    27 -9999 -9999 -9999
2021 02 03 06   126    55 10233    40    34 -9999 -9999 -9999
2021 02 03 09   122    56 10227   341    25 -9999 -9999 -9999
2021 02 03 12   101    61 10245   292     5 -9999 -9999 -9999
2021 02 03 15    80    60 10252   313    10 -9999 -9999 -9999
2021 02 03 18    76    57 10233   280     7 -9999 -9999 -9999
2021 02 03 21    71    54 10218   305     5 -9999 -9999 -9999
2021 02 04 00    70    55 10227   357     6 -9999 -9999 -9999
2021 02 04 03    92    71 10237   311     8 -9999 -9999 -9999
2021 02 04 06   112    65 10205    35    19 -9999 -9999 -9999
2021 02 04 09   117    62 10196    34    19 -9999 -9999 -9999
2021 02 04 12   102    59 10230    32    19 -9999 -9999 -9999
2021 02 04 15    96    42 10251   350    16 -9999 -9999 -9999
2021 02 04 18    62    40 10247   239     5 -9999 -9999 -9999
2021 02 04 21    27    18 10246   360     2 -9999 -9999 -9999
2021 02 05 00    12     6 10266   316    11 -9999 -9999 -9999
2021 02 05 03   116    43 10265   289    10 -9999 -9999 -9999
2021 02 05 06   161    32 10224   198    26 -9999 -9999 -9999
2021 02 05 09   171    11 10199   264    10 -9999 -9999 -9999
2021 02 05 12    82    38 10222    62     7 -9999 -9999 -9999
2021 02 05 15    55    32 10224   327     8 -9999 -9999 -9999
2021 02 05 18    55    40 10209   305     3 -9999 -9999 -9999
2021 02 05 21    47    35 10191   336     9 -9999 -9999 -9999
2021 02 06 00    20    13 10211   313     7 -9999 -9999 -9999
2021 02 06 03   117    36 10208    79    21 -9999 -9999 -9999
2021 02 06 06   152    34 10161    20    14 -9999 -9999 -9999
2021 02 06 09   152    34 10145    39    32 -9999 -9999 -9999
2021 02 06 12   130    43 10184    20    13 -9999 -9999 -9999
2021 02 06 15    62    39 10204   277    14 -9999 -9999 -9999
2021 02 06 18    41    29 10200   246    13 -9999 -9999 -9999
2021 02 06 21    30    21 10194   259    12 -9999 -9999 -9999
2021 02 07 00    12     6 10213   313     7 -9999 -9999 -9999
2021 02 07 03   125    52 10225   225     5 -9999 -9999 -9999
2021 02 07 06   187     8 10189   143    19 -9999 -9999 -9999
2021 02 07 09   186   -13 10189    78    27 -9999 -9999 -9999
2021 02 07 12    95    32 10233   352     8 -9999 -9999 -9999
2021 02 07 15    57    25 10245   305    11 -9999 -9999 -9999
2021 02 07 18    60    34 10240   295     5 -9999 -9999 -9999
2021 02 07 21    37    22 10235   333     8 -9999 -9999 -9999
2021 02 08 00    25    15 10255   308     7 -9999 -9999 -9999
2021 02 08 03   137    38 10268    20    26 -9999 -9999 -9999
2021 02 08 06   165    48 10239   123    27 -9999 -9999 -9999
2021 02 08 09   166    53 10232   167    22 -9999 -9999 -9999
2021 02 08 12   105    60 10250   360     1 -9999 -9999 -9999
2021 02 08 15    72    54 10248   336    12 -9999 -9999 -9999
2021 02 08 18    52    42 10238   291     6 -9999 -9999 -9999
2021 02 08 21    45    39 10226   268     8 -9999 -9999 -9999
2021 02 09 00    35    29 10238   284     7 -9999 -9999 -9999
2021 02 09 03   116    73 10247    42    12 -9999 -9999 -9999
2021 02 09 06   157    75 10200   124    17 -9999 -9999 -9999
2021 02 09 12   111    76 10205   334     4 -9999 -9999 -9999
2021 02 09 15   107    85 10216   131     9 -9999 -9999 -9999
2021 02 09 18    75    63 10205   306     5 -9999 -9999 -9999
2021 02 09 21    47    42 10196   327     7 -9999 -9999 -9999
2021 02 10 00    32    29 10214   343     3 -9999 -9999 -9999
2021 02 10 03   122    78 10208   126    15 -9999 -9999 -9999
2021 02 10 06   170    70 10170   143    31 -9999 -9999 -9999
2021 02 10 09   171    57 10152   145    15 -9999 -9999 -9999
2021 02 11 00   115    82 10186    76    14 -9999 -9999 -9999
2021 02 13 12   127    77 10196   224    15 -9999 -9999 -9999
2021 02 13 15    70    59 10209   359     6 -9999 -9999 -9999
2021 02 13 18    55    48 10197   337     9 -9999 -9999 -9999
2021 02 13 21    43    39 10183   270    10 -9999 -9999     0
2021 02 14 00    65    62 10188   330     5 -9999 -9999 -9999
2021 02 14 03   110   108 10197    90    12 -9999 -9999 -9999
2021 02 14 06   180    61 10147    86    20 -9999 -9999 -9999
2021 02 14 09   187    55 10120   123    17 -9999 -9999 -9999
2021 02 14 12   157    78 10134    37    38 -9999 -9999 -9999
2021 02 14 15   147    77 10157    25    16 -9999 -9999 -9999
2021 02 14 18   111    99 10160   324    13 -9999 -9999    11
2021 02 14 21   112   101 10157   303    13 -9999 -9999    20
2021 02 15 00   120    75 10181    11    29 -9999 -9999     9
2021 02 15 03   117    81 10209   333    14 -9999 -9999     1
2021 02 15 06   135    59 10187   323    16 -9999 -9999     1
2021 02 15 09   140    23 10170    90    14 -9999 -9999 -9999
2021 02 15 12   107    62 10189    19     8 -9999 -9999 -9999
2021 02 15 15    97    71 10211   284     8 -9999 -9999 -9999
2021 02 15 18    92    73 10217    79    13 -9999 -9999     1
2021 02 15 21    82    75 10223   259    14 -9999 -9999    12
2021 02 16 00    80    68 10237   298    16 -9999 -9999    11
2021 02 16 03   137    62 10245   228    28 -9999 -9999 -9999
2021 02 16 06   182     4 10212   158    22 -9999 -9999 -9999
2021 02 16 09   187    -1 10196   124    26 -9999 -9999 -9999
2021 02 16 12   122    39 10227   360     2 -9999 -9999 -9999
2021 02 16 15   102    57 10247   266    11 -9999 -9999 -9999
2021 02 16 18    97    58 10240   310     3 -9999 -9999 -9999
2021 02 16 21    82    56 10236   358     7 -9999 -9999 -9999
2021 02 17 00    75    59 10257   341    11 -9999 -9999 -9999
2021 02 17 03   152    70 10262    99    14 -9999 -9999 -9999
2021 02 17 06   177    53 10235   113    19 -9999 -9999 -9999
2021 02 17 09   175    47 10222   133    34 -9999 -9999 -9999
2021 02 17 12   125    60 10255   329    35 -9999 -9999 -9999
2021 02 17 15   117    65 10272   287    15 -9999 -9999 -9999
2021 02 17 18   102    79 10276   276    13 -9999 -9999     1
2021 02 17 21    91    82 10271   315    10 -9999 -9999     4
2021 02 18 00    92    83 10290   263    15 -9999 -9999     4
2021 02 18 03   135    75 10296   159    23 -9999 -9999     1
2021 02 18 06   152    54 10270   144    23 -9999 -9999 -9999
2021 02 18 09   162    47 10249   100    26 -9999 -9999 -9999
2021 02 18 12   122    66 10263    76    11 -9999 -9999 -9999
2021 02 18 15   101    73 10276   360     2 -9999 -9999 -9999
2021 02 18 18    92    76 10268   354     8 -9999 -9999 -9999
2021 02 18 21    82    73 10255   303     6 -9999 -9999 -9999
2021 02 19 00    62    57 10269   215     9 -9999 -9999 -9999
2021 02 19 03   147    87 10275   161    13 -9999 -9999 -9999
2021 02 19 06   185    64 10234    98    16 -9999 -9999 -9999
2021 02 19 09   192    54 10208   214    17 -9999 -9999 -9999
2021 02 20 15   112    89 10158   289     4 -9999 -9999 -9999
2021 02 20 18   120    96 10142   331     7 -9999 -9999 -9999
2021 02 20 21    86    75 10138   318     6 -9999 -9999 -9999
2021 02 21 00    75    71 10165   311     7 -9999 -9999 -9999
2021 02 21 03   176    85 10164   117    11 -9999 -9999 -9999
2021 02 21 09   207    84 10117   123    13 -9999 -9999 -9999
2021 02 21 12   136    93 10138   347     7 -9999 -9999 -9999
2021 02 21 15   117    96 10155   311    10 -9999 -9999 -9999
2021 02 21 18    92    81 10152   264     6 -9999 -9999 -9999
2021 02 21 21    76    70 10150   266    10 -9999 -9999 -9999
2021 02 22 00    67    63 10171   348     5 -9999 -9999 -9999
2021 02 22 03   175    84 10172    14    13 -9999 -9999 -9999
2021 02 22 06   217    93 10132   216    22 -9999 -9999 -9999
2021 02 22 09   212    88 10120    81    17 -9999 -9999 -9999
2021 02 22 12   185   100 10148    37    16 -9999 -9999 -9999
2021 02 22 15   142   107 10161   214     9 -9999 -9999 -9999
2021 02 22 18   120   101 10156   292     6 -9999 -9999 -9999
2021 02 22 21    95    87 10136   320     8 -9999 -9999 -9999
2021 02 23 00    85    79 10146   265     8 -9999 -9999 -9999
2021 02 23 03   191   104 10145    94     8 -9999 -9999 -9999
2021 02 23 06   230   110 10102   194    24 -9999 -9999 -9999
2021 02 23 09   231   102 10071    91    18 -9999 -9999 -9999
2021 02 23 12   160   118 10085   329     8 -9999 -9999 -9999
2021 02 23 15   150   117 10078   357     7 -9999 -9999 -9999
2021 02 23 18   141   120 10056   289    11 -9999 -9999 -9999
2021 02 23 21   156   118 10035    40    28 -9999 -9999 -9999
2021 02 24 00   155   116 10055    28    19 -9999 -9999 -9999
2021 02 24 03   172   115 10060    10    20 -9999 -9999 -9999
2021 02 24 06   215   114 10022   327    13 -9999 -9999 -9999
2021 02 24 09   217   125 10002    50    22 -9999 -9999 -9999
2021 02 24 12   196   126 10026    39    25 -9999 -9999 -9999
2021 02 24 15   170   119 10057    30    34 -9999 -9999 -9999
2021 02 24 18   165    98 10060    21    27 -9999 -9999 -9999
2021 02 24 21   135   113 10065    31    41 -9999 -9999     4
2021 02 25 00   120   109 10094    31    22 -9999 -9999    43
2021 02 25 03   121   100 10122    39    22 -9999 -9999    39
2021 02 25 06   132    95 10104    76     8 -9999 -9999     2
2021 02 25 09   140    91 10092   265     9 -9999 -9999     2
2021 02 25 12   125   104 10123    21     9 -9999 -9999 -9999
2021 02 25 15   120   111 10149   303     9 -9999 -9999     9
2021 02 25 18   112   101 10158    89    16 -9999 -9999    47
2021 02 25 21   101    93 10149   330     8 -9999 -9999    72
2021 02 26 00    95    84 10163   254     3 -9999 -9999    36
2021 02 26 03   115    66 10169     5     9 -9999 -9999     2
2021 02 26 06   111    74 10151     8    29 -9999 -9999 -9999
2021 02 26 09   115    54 10140    31    22 -9999 -9999 -9999
2021 02 26 12   110    46 10160     1    22 -9999 -9999 -9999
2021 02 26 15   100    54 10180   348    11 -9999 -9999 -9999
2021 02 26 18    97    61 10177   349    18 -9999 -9999 -9999
2021 02 26 21    92    57 10158    19    12 -9999 -9999 -9999
2021 02 27 00    90    53 10161    48    13 -9999 -9999 -9999
2021 02 27 03    95    58 10157    22    16 -9999 -9999 -9999
2021 02 27 06   101    61 10123    40    23 -9999 -9999 -9999
2021 02 27 09    95    63 10101    22    27 -9999 -9999 -9999
2021 02 27 12    87    68 10117    42    21 -9999 -9999 -9999
2021 02 27 15    82    66 10143    30    31 -9999 -9999 -9999
2021 02 27 18    80    70 10149    19    23 -9999 -9999     1
2021 02 27 21    77    71 10136    30    15 -9999 -9999     9
2021 02 28 00    76    64 10141   117     8 -9999 -9999     9
2021 02 28 03    87    62 10140    82    14 -9999 -9999     1
2021 02 28 06    80    69 10121    33    23 -9999 -9999 -9999
2021 02 28 09    92    59 10118    41    39 -9999 -9999 -9999
2021 02 28 12    85    46 10163    37    23 -9999 -9999 -9999
2021 02 28 15    77    58 10210   292    17 -9999 -9999 -9999
2021 02 28 18    72    60 10233   265    14 -9999 -9999 -9999
2021 02 28 21    72    55 10245   255    22 -9999 -9999 -9999
2021 03 01 00    80    46 10272   232    11 -9999 -9999 -9999
2021 03 01 03   110    52 10297   235    15 -9999 -9999 -9999
2021 03 01 06   136    13 10274   191    21 -9999 -9999 -9999
2021 03 01 09   145    17 10259   266    20 -9999 -9999 -9999
2021 03 01 12   107    48 10277   310    11 -9999 -9999 -9999
2021 03 01 15    92    58 10288   271    13 -9999 -9999 -9999
2021 03 01 18    80    60 10276   294     7 -9999 -9999 -9999
2021 03 01 21    71    59 10252   290     6 -9999 -9999 -9999
2021 03 02 00    70    57 10256   293    10 -9999 -9999 -9999
2021 03 02 03   125    34 10249   167    15 -9999 -9999 -9999
2021 03 02 06   147    24 10206   152    29 -9999 -9999 -9999
2021 03 02 09   145    24 10192   155    21 -9999 -9999 -9999
2021 03 02 12   117    50 10224   316     6 -9999 -9999 -9999
2021 03 02 15    87    68 10262   121    14 -9999 -9999    17
2021 03 02 18    82    71 10257   236    11 -9999 -9999    35
2021 03 02 21    77    71 10241   306     9 -9999 -9999    18
2021 03 03 00    71    67 10240   360     0 -9999 -9999 -9999
2021 03 03 03   115    61 10239   247    25 -9999 -9999 -9999
2021 03 03 06   140    50 10201   114    18 -9999 -9999 -9999
2021 03 03 09   141    38 10183    70    12 -9999 -9999 -9999
2021 03 03 12    90    62 10204   307    12 -9999 -9999 -9999
2021 03 03 15   100    80 10218   178     9 -9999 -9999 -9999
2021 03 03 18   100    85 10206   254    10 -9999 -9999 -9999
2021 03 03 21    97    84 10178   272     7 -9999 -9999 -9999
2021 03 04 00    96    85 10187   360     2 -9999 -9999 -9999
2021 03 04 03   112    78 10189   287     7 -9999 -9999 -9999
2021 03 04 06   112    82 10155   319    26 -9999 -9999 -9999
2021 03 04 09   117    75 10136   321    14 -9999 -9999 -9999
2021 03 04 12   110    74 10152    37    14 -9999 -9999 -9999
2021 03 04 15   105    76 10174   359    13 -9999 -9999 -9999
2021 03 04 18    95    81 10170   263     8 -9999 -9999 -9999
2021 03 04 21    90    82 10158   302     5 -9999 -9999 -9999
2021 03 05 00    87    81 10168   279     8 -9999 -9999 -9999
2021 03 05 03   145    77 10170   166    23 -9999 -9999 -9999
2021 03 05 06   165    72 10141   275    13 -9999 -9999 -9999
2021 03 05 09   170    56 10131    30    19 -9999 -9999 -9999
2021 03 05 12   150    60 10157     5    12 -9999 -9999 -9999
2021 03 05 15   121    86 10184   291    13 -9999 -9999 -9999
2021 03 05 18   110    99 10202   272     7 -9999 -9999     7
2021 03 05 21   106    98 10203   277    15 -9999 -9999    33
2021 03 06 00   107    99 10230   315    25 -9999 -9999    38
2021 03 06 03   150   100 10238   314    19 -9999 -9999    12
2021 03 06 06   130    86 10225   133    27 -9999 -9999   119
2021 03 06 09   145    90 10204   283    10 -9999 -9999   131
2021 03 06 12   122   107 10221   231     7 -9999 -9999    12
2021 03 06 15   117   104 10239   324    13 -9999 -9999     1
2021 03 06 18   107    99 10241   354    13 -9999 -9999    46
2021 03 06 21   101    90 10217    18    12 -9999 -9999    66
2021 03 07 00    97    93 10223   280    11 -9999 -9999    21
2021 03 07 03   121    95 10225   278    14 -9999 -9999 -9999
2021 03 07 06   130    86 10190   310    18 -9999 -9999 -9999
2021 03 07 09   130    83 10173    39    16 -9999 -9999 -9999
2021 03 07 12   110    98 10195   153    11 -9999 -9999     4
2021 03 07 15   107   100 10208   300    11 -9999 -9999     5
2021 03 07 18   107   100 10194    16     8 -9999 -9999     1
2021 03 07 21   106    98 10183    36    16 -9999 -9999 -9999
2021 03 08 00   106    95 10204    35    24 -9999 -9999 -9999
2021 03 08 03   120    98 10221    33    15 -9999 -9999 -9999
2021 03 08 06   137    96 10194   103    17 -9999 -9999 -9999
2021 03 08 09   140    97 10180   127    21 -9999 -9999 -9999
2021 03 08 12   115   100 10204   360     2 -9999 -9999 -9999
2021 03 08 15    95    89 10226   329     4 -9999 -9999 -9999
2021 03 08 18   100    94 10216   262     4 -9999 -9999 -9999
2021 03 08 21   102    98 10201   360     1 -9999 -9999 -9999
2021 03 09 00   107   103 10217    61     3 -9999 -9999    18
2021 03 09 03   122   101 10234   100    11 -9999 -9999    20
2021 03 09 06   136   108 10210   114    20 -9999 -9999     2
2021 03 09 09   142    97 10193   168    11 -9999 -9999 -9999
2021 03 09 12   125   106 10207   316    14 -9999 -9999 -9999
2021 03 09 15   117   106 10213   358     8 -9999 -9999 -9999
2021 03 09 18   112   107 10200   354    14 -9999 -9999     4
2021 03 09 21   110   104 10184    32    14 -9999 -9999    11
2021 03 10 00   110   104 10200    10    13 -9999 -9999    11
2021 03 10 03   115   106 10215    38    15 -9999 -9999     4
2021 03 10 06   142   101 10187   351    18 -9999 -9999 -9999
2021 03 10 09   145   103 10174   272     4 -9999 -9999 -9999
2021 03 10 12   127   107 10200   307    10 -9999 -9999 -9999
2021 03 10 15   120   109 10224   247    12 -9999 -9999 -9999
2021 03 10 18   114   108 10211     0 -9999 -9999 -9999     0
2021 03 10 21   110   103 10205   111     6 -9999 -9999 -9999
2021 03 11 00   110   104 10225   344    10 -9999 -9999 -9999
2021 03 11 03   155   110 10226   188    21 -9999 -9999 -9999
2021 03 11 06   177   103 10196   184    20 -9999 -9999 -9999
2021 03 11 09   161   102 10187   145    17 -9999 -9999 -9999
2021 03 11 12   147   114 10212   317     7 -9999 -9999 -9999
2021 03 11 15   137   116 10228   303    10 -9999 -9999 -9999
2021 03 11 18   127   117 10217   269     8 -9999 -9999 -9999
2021 03 11 21   111   103 10205   117     4 -9999 -9999 -9999
2021 03 12 00   110   107 10214   346    16 -9999 -9999 -9999
2021 03 12 03   140   122 10222   332    13 -9999 -9999 -9999
2021 03 12 06   170   116 10191    67    11 -9999 -9999 -9999
2021 03 12 09   157   118 10180    23    18 -9999 -9999 -9999
2021 03 12 12   146   117 10205   321    13 -9999 -9999 -9999
2021 03 12 15   140   113 10228    25    26 -9999 -9999 -9999
2021 03 12 18   105    95 10217   261     8 -9999 -9999 -9999
2021 03 12 21    82    78 10205   288     6 -9999 -9999 -9999
2021 03 13 00    72    69 10212   360     1 -9999 -9999 -9999
2021 03 13 03   167   118 10208   102    14 -9999 -9999 -9999
2021 03 13 06   205   120 10171   119    23 -9999 -9999 -9999
2021 03 13 09   207   112 10144    59     6 -9999 -9999 -9999
2021 03 13 12   177   138 10147   324     7 -9999 -9999 -9999
2021 03 13 15   152   132 10141   360     2 -9999 -9999 -9999
2021 03 13 18   147   132 10122   274    21 -9999 -9999 -9999
2021 03 13 21   142   132 10093   334     6 -9999 -9999 -9999
2021 03 14 00   141   133 10099   295     8 -9999 -9999 -9999
2021 03 14 03   162   125 10103    32    30 -9999 -9999 -9999
2021 03 14 06   172   123 10084    11    28 -9999 -9999 -9999
2021 03 14 09   177   124 10072    31    23 -9999 -9999 -9999
2021 03 14 12   156   127 10085   295     9 -9999 -9999 -9999
2021 03 14 15   135   121 10103   232    11 -9999 -9999 -9999
2021 03 14 18   136   128 10089   213    25 -9999 -9999 -9999
2021 03 14 21   120   113 10068   319     8 -9999 -9999 -9999
2021 03 15 00   105   102 10094   346     8 -9999 -9999 -9999
2021 03 15 03   196   144 10107   143    18 -9999 -9999 -9999
2021 03 15 06   235   127 10078   151    13 -9999 -9999     2
2021 03 15 09   247   116 10060    94    16 -9999 -9999     2
2021 03 15 12   177   139 10086   322     8 -9999 -9999 -9999
2021 03 15 15   142   130 10096   179     4 -9999 -9999 -9999
2021 03 15 18   126   118 10086   339     7 -9999 -9999 -9999
2021 03 15 21   122   118 10075   273     8 -9999 -9999 -9999
2021 03 16 00   135   129 10093   317     7 -9999 -9999 -9999
2021 03 16 03   200   134 10099   358    25 -9999 -9999 -9999
2021 03 16 06   242   155 10068    53    15 -9999 -9999 -9999
2021 03 16 09   240   140 10050     3    21 -9999 -9999 -9999
2021 03 16 12   207   133 10073   352    13 -9999 -9999 -9999
2021 03 16 15   186   151 10083   223     9 -9999 -9999 -9999
2021 03 16 18   176   151 10076   283    16 -9999 -9999 -9999
2021 03 16 21   165   155 10060     2    11 -9999 -9999    32
2021 03 17 00   162   154 10067   341     7 -9999 -9999    32
2021 03 17 03   172   158 10075    34    21 -9999 -9999 -9999
2021 03 17 06   197   156 10054    52    26 -9999 -9999 -9999
2021 03 17 09   190   157 10037    17    25 -9999 -9999 -9999
2021 03 17 12   181   150 10054    23    31 -9999 -9999 -9999
2021 03 17 15   177   143 10080    24    28 -9999 -9999 -9999
2021 03 17 18   177   141 10072    46    14 -9999 -9999 -9999
2021 03 17 21   160   150 10065   107    40 -9999 -9999    60
2021 03 18 00   152   146 10078   342     8 -9999 -9999    63
2021 03 18 03   200   147 10074    32    28 -9999 -9999     3
2021 03 18 06   225   160 10044    41    34 -9999 -9999 -9999
2021 03 18 09   211   145 10034    55    28 -9999 -9999 -9999
2021 03 18 12   190   141 10057    16    31 -9999 -9999 -9999
2021 03 18 15   171   126 10077    32    43 -9999 -9999 -9999
2021 03 18 18   157   128 10070    24    26 -9999 -9999 -9999
2021 03 18 21   145   129 10061    35    27 -9999 -9999 -9999
2021 03 19 00   141   130 10072    38    24 -9999 -9999     4
2021 03 19 03   146   131 10092    41    36 -9999 -9999     9
2021 03 19 06   150   120 10090    24    48 -9999 -9999     5
2021 03 19 09   151   103 10099    14    23 -9999 -9999 -9999
2021 03 19 12   145   103 10134   300    12 -9999 -9999 -9999
2021 03 19 15   137    90 10172   328    21 -9999 -9999 -9999
2021 03 19 18   121    97 10183   308    18 -9999 -9999 -9999
2021 03 19 21   120    79 10177   340    16 -9999 -9999 -9999
2021 03 20 00   117    49 10198    76    36 -9999 -9999 -9999
2021 03 20 03   110    54 10215    25    25 -9999 -9999 -9999
2021 03 20 06   111    46 10192    46    19 -9999 -9999 -9999
2021 03 20 09   110    55 10193    28    23 -9999 -9999 -9999
2021 03 20 12   105    58 10234    26    25 -9999 -9999 -9999
2021 03 20 15    77    63 10286    70     9 -9999 -9999    27
2021 03 20 18    77    69 10290   288    24 -9999 -9999    52
2021 03 20 21    77    60 10286   300    27 -9999 -9999    27
2021 03 21 00    80    57 10310   299    11 -9999 -9999     2
2021 03 21 03   120    52 10317   322    13 -9999 -9999 -9999
2021 03 21 06   141   -15 10288    81    31 -9999 -9999 -9999
2021 03 21 09   120    32 10281   140    18 -9999 -9999 -9999
2021 03 21 12    97    48 10309   140    17 -9999 -9999 -9999
2021 03 21 15    85    42 10328   145     9 -9999 -9999 -9999
2021 03 21 18    42    34 10323   120     7 -9999 -9999 -9999
2021 03 21 21    42    38 10303   360     2 -9999 -9999 -9999
2021 03 22 00    42    39 10314   360     1 -9999 -9999 -9999
2021 03 22 03   112    42 10316   119    21 -9999 -9999 -9999
2021 03 22 06   141    38 10286    87    17 -9999 -9999 -9999
2021 03 22 09   140    35 10264    76    15 -9999 -9999 -9999
2021 03 22 12   120    47 10273   305    14 -9999 -9999 -9999
2021 03 22 15   105    74 10281   226    10 -9999 -9999 -9999
2021 03 22 18    70    55 10261   206    13 -9999 -9999 -9999
2021 03 22 21    47    40 10236   360     2 -9999 -9999 -9999
2021 03 23 00    45    41 10238   312     8 -9999 -9999 -9999
2021 03 23 03   132    69 10232   210    13 -9999 -9999 -9999
2021 03 23 06   170    58 10190   189    25 -9999 -9999 -9999
2021 03 23 09   180    56 10168   133    15 -9999 -9999 -9999
2021 03 23 12   127    82 10180   265     9 -9999 -9999 -9999
2021 03 23 15   122    92 10183    33     8 -9999 -9999 -9999
2021 03 23 18   110    80 10168    19     7 -9999 -9999 -9999
2021 03 23 21    95    83 10151   278     5 -9999 -9999 -9999
2021 03 24 00   102    94 10166   360     2 -9999 -9999 -9999
2021 03 24 03   147    81 10168   313    13 -9999 -9999 -9999
2021 03 24 06   152    78 10146    12    31 -9999 -9999 -9999
2021 03 24 09   140    72 10134    14    35 -9999 -9999 -9999
2021 03 24 12   131    69 10150   346    15 -9999 -9999 -9999
2021 03 24 15   127    82 10160   299    13 -9999 -9999 -9999
2021 03 24 18   120    92 10145   301     8 -9999 -9999 -9999
2021 03 24 21   116    99 10134   352     8 -9999 -9999 -9999
2021 03 25 00   115   101 10144   360     0 -9999 -9999 -9999
2021 03 25 03   132    99 10148   130     8 -9999 -9999 -9999
2021 03 25 06   166    93 10119    17    10 -9999 -9999 -9999
2021 03 25 09   165   100 10101    17    21 -9999 -9999 -9999
2021 03 25 12   145    97 10112    20    13 -9999 -9999 -9999
2021 03 25 15   137   111 10127   113     5 -9999 -9999 -9999
2021 03 25 18   141    93 10115    37    22 -9999 -9999 -9999
2021 03 25 21   130    97 10108    14    15 -9999 -9999 -9999
2021 03 26 00   120   112 10149   325    12 -9999 -9999     3
2021 03 26 03   132   116 10160   239    20 -9999 -9999     4
2021 03 26 09   185   101 10114   188    17 -9999 -9999 -9999
2021 03 26 12   146   102 10136   281    12 -9999 -9999 -9999
2021 03 26 15   131   106 10157   360     2 -9999 -9999 -9999
2021 03 26 18   122   110 10147   282     5 -9999 -9999 -9999
2021 03 26 21   126   112 10122   166    10 -9999 -9999 -9999
2021 03 27 00   117   106 10132    96     8 -9999 -9999 -9999
2021 03 27 03   195   105 10132   168    25 -9999 -9999 -9999
2021 03 27 06   232    74 10101   155    37 -9999 -9999 -9999
2021 03 27 09   227    74 10078   132    15 -9999 -9999 -9999
2021 03 27 12   170   118 10108   311     7 -9999 -9999 -9999
2021 03 27 15   127   109 10116   254    14 -9999 -9999 -9999
2021 03 27 18   105    96 10102   336     7 -9999 -9999 -9999
2021 03 27 21    92    86 10088   257     8 -9999 -9999 -9999
2021 03 28 00    95    89 10099   259     6 -9999 -9999 -9999
2021 03 28 03   205    96 10090   123    15 -9999 -9999 -9999
2021 03 28 06   242    90 10045   139    23 -9999 -9999 -9999
2021 03 28 09   252    44 10006   107    18 -9999 -9999 -9999
2021 03 28 12   180   111 10011   279     5 -9999 -9999 -9999
2021 03 28 15   131   105 10019   286     5 -9999 -9999 -9999
2021 03 28 18   132   110 10015   171     9 -9999 -9999 -9999
2021 03 28 21   111    94 10010   273    10 -9999 -9999 -9999
2021 03 29 00   120   103 10035   263    12 -9999 -9999 -9999
2021 03 29 03   232   110 10022   342    13 -9999 -9999 -9999
2021 03 29 06   265    97  9988   345    17 -9999 -9999 -9999
2021 03 29 09   271   103  9967    22    23 -9999 -9999 -9999
2021 03 29 12   206   123  9996   331     8 -9999 -9999 -9999
2021 03 29 15   172   132 10002   256    12 -9999 -9999 -9999
2021 03 29 18   142   125  9988   337     7 -9999 -9999 -9999
2021 03 29 21   151   131  9968   315    12 -9999 -9999 -9999
2021 03 30 00   172   125  9988    41    16 -9999 -9999 -9999
2021 03 30 03   216   133  9989    11    15 -9999 -9999 -9999
2021 03 30 06   245   143  9967    45    22 -9999 -9999 -9999
2021 03 30 09   256   150  9949    10    33 -9999 -9999 -9999
2021 03 30 12   222   153  9978    39    46 -9999 -9999 -9999
2021 03 30 15   186   155 10005    35    47 -9999 -9999 -9999
2021 03 30 18   177   148  9998    10    14 -9999 -9999 -9999
2021 03 30 21   167   144  9984    18     9 -9999 -9999     2
2021 03 31 00   160   147 10006   333     7 -9999 -9999     6
2021 03 31 03   170   142 10023    23    19 -9999 -9999     5
2021 03 31 06   191   135 10005    23    35 -9999 -9999     1
2021 03 31 09   192   118  9994    33    48 -9999 -9999 -9999
2021 03 31 12   177   111 10018    38    22 -9999 -9999 -9999
2021 03 31 15   147   132 10046   343    22 -9999 -9999    26
2021 03 31 18   145   136 10044    34    17 -9999 -9999   110
2021 03 31 21   137   129 10046    10     6 -9999 -9999    86
2021 04 01 00   137   131 10077   256    10 -9999 -9999     3
2021 04 01 03   145   107 10104    91    23 -9999 -9999     1
2021 04 01 06   155    96 10092    82    19 -9999 -9999 -9999
2021 04 01 09   160    98 10078    64     9 -9999 -9999 -9999
2021 04 01 12   142   111 10096   310    10 -9999 -9999 -9999
2021 04 01 15   136   122 10115   285    11 -9999 -9999 -9999
2021 04 01 18   130   121 10103   229    10 -9999 -9999 -9999
2021 04 01 21   126   120 10099   288     6 -9999 -9999 -9999
2021 04 02 00   122   115 10129    88     9 -9999 -9999 -9999
2021 04 02 03   147    86 10143   138    13 -9999 -9999 -9999
2021 04 02 06   161    88 10129   285     7 -9999 -9999 -9999
2021 04 02 09   170    81 10118    70    10 -9999 -9999 -9999
2021 04 02 12   145    97 10143   337     4 -9999 -9999 -9999
2021 04 02 15   131   113 10171   248    10 -9999 -9999 -9999
2021 04 02 18   125   111 10168   289     8 -9999 -9999 -9999
2021 04 02 21   116   107 10164   328     7 -9999 -9999 -9999
2021 04 03 00   120   114 10188   287     6 -9999 -9999 -9999
2021 04 03 03   177    83 10191   217    10 -9999 -9999 -9999
2021 04 03 06   192    82 10158    65     9 -9999 -9999 -9999
2021 04 03 09   187    93 10143   240     6 -9999 -9999 -9999
2021 04 03 12   170    79 10168   326    14 -9999 -9999 -9999
2021 04 03 15   147   101 10189   300    17 -9999 -9999 -9999
2021 04 03 18   127   118 10194    63    15 -9999 -9999     1
2021 04 03 21   120   107 10185   342    18 -9999 -9999     2
2021 04 04 00   120   103 10202   302    12 -9999 -9999     2
2021 04 04 03   142   112 10203   338    21 -9999 -9999     1
2021 04 04 06   150   104 10178   311    11 -9999 -9999 -9999
2021 04 04 09   152    99 10159   348    21 -9999 -9999 -9999
2021 04 04 12   140   106 10184   300    17 -9999 -9999 -9999
2021 04 04 15   140   109 10200    15    22 -9999 -9999 -9999
2021 04 04 18   127   114 10195     8    24 -9999 -9999 -9999
2021 04 04 21   122   114 10190    17    16 -9999 -9999     1
2021 04 05 00   120   114 10208   294    10 -9999 -9999     1
2021 04 05 03   152   115 10206    56    15 -9999 -9999 -9999
2021 04 05 06   170   111 10175   127    23 -9999 -9999 -9999
2021 04 05 09   167   116 10158    27    20 -9999 -9999 -9999
2021 04 05 12   155   116 10169   303    13 -9999 -9999 -9999
2021 04 05 15   147   124 10179   283    10 -9999 -9999 -9999
2021 04 05 18   142   125 10168   360     2 -9999 -9999 -9999
2021 04 05 21   137   125 10157   280     4 -9999 -9999 -9999
2021 04 06 00   137   129 10182    53     7 -9999 -9999 -9999
2021 04 06 03   150   134 10197     1    16 -9999 -9999 -9999
2021 04 06 06   147   130 10190    32    19 -9999 -9999 -9999
2021 04 06 09   142   129 10180    31    18 -9999 -9999     9
2021 04 06 12   137   129 10192   255    12 -9999 -9999     9
2021 04 06 15   130   124 10199   360     2 -9999 -9999     2
2021 04 06 18   125   120 10189   348     9 -9999 -9999     5
2021 04 06 21   122   119 10175   227    10 -9999 -9999     3
2021 04 07 00   125   121 10194   291     6 -9999 -9999 -9999
2021 04 07 03   165   132 10196   309     8 -9999 -9999 -9999
2021 04 07 06   221   112 10161   205    13 -9999 -9999 -9999
2021 04 07 09   225    85 10139    80    13 -9999 -9999 -9999
2021 04 07 12   195   114 10168   207    11 -9999 -9999 -9999
2021 04 07 15   151   140 10183   360     0 -9999 -9999    23
2021 04 07 18   147   138 10172   121     5 -9999 -9999    23
2021 04 07 21   140   131 10164   135    20 -9999 -9999     6
2021 04 08 00   137   130 10186   360    11 -9999 -9999    10
2021 04 08 03   157   134 10192     9     8 -9999 -9999     4
2021 04 08 06   185   135 10169    52    22 -9999 -9999 -9999
2021 04 08 09   182   121 10146    61    17 -9999 -9999 -9999
2021 04 08 12   162   109 10162   360    16 -9999 -9999 -9999
2021 04 08 15   147   127 10177   329    10 -9999 -9999 -9999
2021 04 08 18   141   131 10164   309    16 -9999 -9999     1
2021 04 08 21   136   130 10149   342    17 -9999 -9999    11
2021 04 09 00   136   130 10164    56    11 -9999 -9999    14
2021 04 09 03   145   138 10177    53    16 -9999 -9999    16
2021 04 09 06   155   143 10161    45    19 -9999 -9999    20
2021 04 09 09   150   139 10151    57    21 -9999 -9999    15
2021 04 09 12   137   132 10170    31    20 -9999 -9999    30
2021 04 09 15   132   124 10196    12    21 -9999 -9999    56
2021 04 09 18   127   120 10189    25     7 -9999 -9999    55
2021 04 09 21   125   117 10181    33    11 -9999 -9999    23
2021 04 10 00   126   118 10195    35    11 -9999 -9999     1
2021 04 10 03   131   125 10204    19    12 -9999 -9999     8
2021 04 10 06   151   122 10180   357    11 -9999 -9999    13
2021 04 10 09   152   120 10159    17    21 -9999 -9999     5
2021 04 10 12   130   116 10184    27    22 -9999 -9999 -9999
2021 04 10 15   126   115 10196   345    15 -9999 -9999     1
2021 04 10 18   125   119 10194    28    16 -9999 -9999     2
2021 04 10 21   122   114 10185    20    17 -9999 -9999     2
2021 04 11 00   125   115 10201    35    11 -9999 -9999     1
2021 04 11 03   147   110 10205   343    15 -9999 -9999 -9999
2021 04 11 06   172   108 10175    64    22 -9999 -9999 -9999
2021 04 11 09   170   116 10156   303    26 -9999 -9999 -9999
2021 04 11 12   152   117 10169   318    12 -9999 -9999 -9999
2021 04 11 15   137   122 10193   286    10 -9999 -9999 -9999
2021 04 11 18   121   112 10192   315    10 -9999 -9999 -9999
2021 04 11 21   106   100 10180   332     9 -9999 -9999 -9999
2021 04 12 00   112   109 10194   291     6 -9999 -9999 -9999
2021 04 12 03   192   127 10190   123    13 -9999 -9999 -9999
2021 04 12 06   205   117 10161   179    22 -9999 -9999 -9999
2021 04 12 09   205   113 10144   174    24 -9999 -9999 -9999
2021 04 12 12   180   129 10160   164    10 -9999 -9999 -9999
2021 04 12 15   160   141 10185   313     7 -9999 -9999 -9999
2021 04 12 18   155   141 10177   178    13 -9999 -9999    10
2021 04 12 21   142   136 10161   331    10 -9999 -9999    14
2021 04 13 00   145   140 10166   320     4 -9999 -9999     4
2021 04 13 03   175   149 10166    99    17 -9999 -9999 -9999
2021 04 13 06   185   137 10142    85    31 -9999 -9999 -9999
2021 04 13 09   185   126 10127    48    24 -9999 -9999 -9999
2021 04 13 12   171   134 10145    47    17 -9999 -9999 -9999
2021 04 13 15   152   133 10180    29    26 -9999 -9999 -9999
2021 04 13 18   145   133 10185    20    27 -9999 -9999    28
2021 04 13 21   137   124 10178    12    18 -9999 -9999    33
2021 04 14 00   136   128 10189   292     9 -9999 -9999     5
2021 04 14 03   156   112 10185    83    12 -9999 -9999 -9999
2021 04 14 06   190   106 10145    59    30 -9999 -9999 -9999
2021 04 14 09   175   104 10143    35    30 -9999 -9999 -9999
2021 04 14 12   140   126 10144   320     3 -9999 -9999     4
2021 04 14 15   112   107 10159   304     5 -9999 -9999     4
2021 04 14 18   102    99 10148   265     7 -9999 -9999 -9999
2021 04 14 21   122   118 10141   330    14 -9999 -9999 -9999
2021 04 15 00   132   116 10161    32    14 -9999 -9999 -9999
2021 04 15 03   150   118 10184    28    16 -9999 -9999 -9999
2021 04 15 06   160   119 10166   296    30 -9999 -9999 -9999
2021 04 15 09   180    98 10144   278    12 -9999 -9999 -9999
2021 04 15 12   155   128 10171   303    13 -9999 -9999 -9999
2021 04 15 15   145   133 10203   304    10 -9999 -9999    11
2021 04 15 18   132   125 10196   243    14 -9999 -9999    59
2021 04 15 21   127   114 10178   232    22 -9999 -9999    52
2021 04 16 00   135   120 10184   243    12 -9999 -9999     4
2021 04 16 03   192   113 10185   187    22 -9999 -9999 -9999
2021 04 16 06   225    93 10164   242    22 -9999 -9999 -9999
2021 04 16 09   227    81 10152   142    20 -9999 -9999 -9999
2021 04 16 12   197   126 10179    93     5 -9999 -9999 -9999
2021 04 16 15   175   130 10200   138    13 -9999 -9999 -9999
2021 04 16 18   161   132 10194   230     5 -9999 -9999 -9999
2021 04 16 21   142   132 10188   337     4 -9999 -9999 -9999
2021 04 17 00   151   138 10206    28     7 -9999 -9999 -9999
2021 04 17 03   157   143 10217    15    10 -9999 -9999     1
2021 04 17 06   172   141 10192    51    10 -9999 -9999     1
2021 04 17 09   162   147 10169    87    12 -9999 -9999     1
2021 04 17 12   157   147 10178   306     7 -9999 -9999     1
2021 04 17 15   147   140 10188     3    20 -9999 -9999     4
2021 04 17 18   145   138 10178    11    18 -9999 -9999    14
2021 04 17 21   140   134 10172    21    29 -9999 -9999    11
2021 04 18 00   137   131 10179    37    21 -9999 -9999     3
2021 04 18 03   142   130 10186    50    31 -9999 -9999     3
2021 04 18 06   157   131 10166    37    28 -9999 -9999     1
2021 04 18 09   170   125 10143    60    22 -9999 -9999 -9999
2021 04 18 12   157   134 10152   285    13 -9999 -9999 -9999
2021 04 18 15   147   134 10160   259     7 -9999 -9999 -9999
2021 04 18 18   142   132 10141   286    11 -9999 -9999 -9999
2021 04 18 21   141   131 10126   318     6 -9999 -9999 -9999
2021 04 19 00   137   131 10131    18    14 -9999 -9999     7
2021 04 19 03   145   138 10131   319     7 -9999 -9999    11
2021 04 19 06   152   139 10102    27    14 -9999 -9999    17
2021 04 19 09   162   136 10080    22    16 -9999 -9999    13
2021 04 19 12   152   127 10099   354    15 -9999 -9999 -9999
2021 04 19 15   145   134 10118   292    13 -9999 -9999 -9999
2021 04 19 18   141   130 10109   289     8 -9999 -9999 -9999
2021 04 19 21   135   127 10095   360     1 -9999 -9999 -9999
2021 04 20 00   140   133 10111   238     7 -9999 -9999 -9999
2021 04 20 03   181   128 10116    78    25 -9999 -9999 -9999
2021 04 20 06   212   131 10088   358    22 -9999 -9999 -9999
2021 04 20 09   216   116 10079    52    17 -9999 -9999 -9999
2021 04 20 12   177   135 10096   312     9 -9999 -9999 -9999
2021 04 20 15   162   147 10116   281    11 -9999 -9999 -9999
2021 04 20 18   155   149 10104   360     1 -9999 -9999    13
2021 04 20 21   140   135 10096   271     9 -9999 -9999    13
