2021 01 01 00   -64  -159 10244   290    20 -9999 -9999     0
2021 01 01 03    26  -159 10235   180    10 -9999 -9999     0
2021 01 01 06    71  -163 10176   290    30 -9999 -9999     0
2021 01 01 09    37  -145 10181   290    10 -9999 -9999     0
2021 01 01 12    -6  -128 10252   290    30 -9999 -9999     0
2021 01 01 15   -25  -117 10206   310    20 -9999 -9999     0
2021 01 01 18   -42  -112 10182   300    20 -9999 -9999     0
2021 01 01 21   -57  -118 10207   290    20 -9999 -9999     0
2021 01 02 00   -45  -126 10233   300    10 -9999 -9999     0
2021 01 02 03    28  -131 10202   140    10 -9999 -9999     0
2021 01 02 06    77  -158 10140   280    20 -9999 -9999     0
2021 01 02 09    69  -158 10155   110    20 -9999 -9999     0
2021 01 02 12    -8  -137 10228   290    20 -9999 -9999     0
2021 01 02 15   -24  -133 10191   300    20 -9999 -9999     0
2021 01 02 18   -40  -126 10167   300    20 -9999 -9999     0
2021 01 02 21   -51  -123 10170   310    10 -9999 -9999     0
2021 01 03 00   -61  -137 10249   300    20 -9999 -9999     0
2021 01 03 03    36  -141 10209   150    10 -9999 -9999     0
2021 01 03 06    82  -147 10151   110    20 -9999 -9999     0
2021 01 03 09    36  -128 10169   290    20 -9999 -9999     0
2021 01 03 12     6  -128 10227   300    20 -9999 -9999     0
2021 01 03 15   -15  -122 10195   300    20 -9999 -9999     0
2021 01 03 18   -28  -123 10165   300    20 -9999 -9999     0
2021 01 03 21   -30  -133 10192   300    20 -9999 -9999     0
2021 01 04 00   -36  -133 10231   300    20 -9999 -9999     0
2021 01 04 03    60  -125 10194   170    10 -9999 -9999     0
2021 01 04 06   117  -118 10128   140    10 -9999 -9999     0
2021 01 04 09   100  -107 10131    90    40 -9999 -9999     0
2021 01 04 12    28   -98 10207   300    30 -9999 -9999     0
2021 01 04 15     5   -92 10171   290    20 -9999 -9999     0
2021 01 04 18   -11   -92 10140   290    20 -9999 -9999     0
2021 01 04 21   -18   -99 10147   310    10 -9999 -9999     0
2021 01 05 00   -21  -102 10220   300    20 -9999 -9999     0
2021 01 05 03    64   -95 10189   100    10 -9999 -9999     0
2021 01 05 06   109   -84 10121   120    20 -9999 -9999     0
2021 01 05 09   110   -73 10100    80    30 -9999 -9999     0
2021 01 05 12    37   -63 10173   290    30 -9999 -9999     0
2021 01 05 15    25   -56 10125   290    20 -9999 -9999     0
2021 01 05 18    19   -59 10089   300    20 -9999 -9999     0
2021 01 05 21     8   -61 10084   290    30 -9999 -9999     0
2021 01 06 00    -6   -62 10147   300    20 -9999 -9999     0
2021 01 06 03    74   -47 10114    70    20 -9999 -9999     0
2021 01 06 06    99   -52 10059   340    10 -9999 -9999     0
2021 01 06 09    90   -56 10060    90    40 -9999 -9999     0
2021 01 06 12    48   -61 10116   290    10 -9999 -9999     0
2021 01 06 15    33   -78 10086   100    20 -9999 -9999     0
2021 01 06 18     9   -83 10076   290    30 -9999 -9999     0
2021 01 06 21    -3   -85 10082   300    20 -9999 -9999     0
2021 01 07 00    19   -88 10102    70    10 -9999 -9999     0
2021 01 07 03    67   -92 10103    90    30 -9999 -9999     0
2021 01 07 06    66   -81 10094    70    30 -9999 -9999     0
2021 01 07 09    56   -69 10103    90    30 -9999 -9999     0
2021 01 07 12    -2   -72 10150   290    20 -9999 -9999     0
2021 01 07 15   -15   -66 10143   290    20 -9999 -9999     0
2021 01 07 18   -25   -63 10149   300    30 -9999 -9999     0
2021 01 07 21   -32   -62 10149   300    30 -9999 -9999     0
2021 01 08 00   -13   -53 10184   300    20 -9999 -9999     0
2021 01 08 03    16   -39 10194   110    10 -9999 -9999     0
2021 01 08 06    45   -48 10143    90    20 -9999 -9999     0
2021 01 08 09    48   -50 10127   320    30 -9999 -9999     0
2021 01 08 12    -6   -62 10173   300    20 -9999 -9999     0
2021 01 08 15    23   -56 10143   100    10 -9999 -9999     0
2021 01 08 18   -16   -67 10138   300    30 -9999 -9999     0
2021 01 08 21   -26   -71 10131   290    20 -9999 -9999     0
2021 01 09 00   -35   -76 10189   290    20 -9999 -9999     0
2021 01 09 03    44   -62 10129   130    10 -9999 -9999     0
2021 01 09 06    79   -59 10093   120    20 -9999 -9999     0
2021 01 09 09    62   -61 10091    10    30 -9999 -9999     0
2021 01 09 12    13   -65 10154   270    10 -9999 -9999     0
2021 01 09 15    18   -58 10110    40    10 -9999 -9999     0
2021 01 09 18     9   -60 10079   300    10 -9999 -9999     0
2021 01 09 21    -2   -64 10088   280    20 -9999 -9999     1
2021 01 10 00     7   -60 10127   100    10 -9999 -9999     1
2021 01 10 03    23   -60 10137    10    10 -9999 -9999     0
2021 01 10 06    54   -59 10087   310    40 -9999 -9999     0
2021 01 10 09    39   -61 10089   340    30 -9999 -9999     0
2021 01 10 12    -1   -65 10134   250    10 -9999 -9999     0
2021 01 10 15    13   -58 10127   260    10 -9999 -9999     0
2021 01 10 18    12   -59 10104   300    10 -9999 -9999     1
2021 01 10 21     2   -64 10124   290    10 -9999 -9999     1
2021 01 11 00   -11   -62 10182   300    10 -9999 -9999     0
2021 01 11 03    18   -39 10188   110    20 -9999 -9999     0
2021 01 11 06    43   -37 10141   100    20 -9999 -9999     0
2021 01 11 09    34   -28 10141   350    10 -9999 -9999     0
2021 01 11 12    12   -35 10184   280    10 -9999 -9999     0
2021 01 11 15    -2   -31 10194   290    10 -9999 -9999     0
2021 01 11 18    -5   -18 10178   150    10 -9999 -9999     1
2021 01 11 21    -7   -15 10170   100    20 -9999 -9999     9
2021 01 12 00   -11   -14 10181     0 -9999 -9999 -9999    20
2021 01 12 03    -8   -11 10204    70    10 -9999 -9999    30
2021 01 12 06     6   -24 10165   320    30 -9999 -9999    20
2021 01 12 09    11   -36 10143    80    10 -9999 -9999     3
2021 01 12 12    -2   -31 10166   120    10 -9999 -9999     2
2021 01 12 15   -11   -24 10187   170    10 -9999 -9999     0
2021 01 12 18   -11   -33 10172     0 -9999 -9999 -9999     1
2021 01 12 21   -18   -34 10169   240    10 -9999 -9999     1
2021 01 13 00   -45   -60 10203   290    20 -9999 -9999     0
2021 01 13 03    -3   -47 10199   100    20 -9999 -9999     0
2021 01 13 06    36   -61 10137   110    20 -9999 -9999     0
2021 01 13 09    37   -60 10117   320    20 -9999 -9999     0
2021 01 13 12   -17   -59 10204   290    20 -9999 -9999     0
2021 01 13 15   -36   -69 10207   300    30 -9999 -9999     0
2021 01 13 18   -52   -76 10192   290    20 -9999 -9999     0
2021 01 13 21   -62   -83 10200   290    30 -9999 -9999     0
2021 01 14 00   -68   -95 10261   290    20 -9999 -9999     0
2021 01 14 03     8  -104 10238   210    10 -9999 -9999     0
2021 01 14 06    75  -160 10156   120    20 -9999 -9999     0
2021 01 14 09    31  -105 10160   290    20 -9999 -9999     0
2021 01 14 12     4   -99 10196   290    30 -9999 -9999     0
2021 01 14 15   -11   -81 10175   300    20 -9999 -9999     0
2021 01 14 18   -30   -79 10143   300    20 -9999 -9999     0
2021 01 14 21   -43   -79 10183   290    20 -9999 -9999     0
2021 01 15 00   -48   -77 10210   290    30 -9999 -9999     0
2021 01 15 03    33   -81 10181   120    20 -9999 -9999     0
2021 01 15 06    85   -99 10106   110    20 -9999 -9999     0
2021 01 15 09    80  -103 10085    90    20 -9999 -9999     0
2021 01 15 12    14   -66 10153   300    20 -9999 -9999     0
2021 01 15 15     1   -49 10114   300    20 -9999 -9999     0
2021 01 15 18    15   -32 10063   120    10 -9999 -9999     0
2021 01 15 21    12   -42 10062   110    10 -9999 -9999     0
2021 01 16 00     0   -41 10125     0 -9999 -9999 -9999     0
2021 01 16 03    26   -37 10128   100    20 -9999 -9999     0
2021 01 16 06    68   -43 10057   290    20 -9999 -9999     0
2021 01 16 09    37   -40 10081   360    20 -9999 -9999     0
2021 01 16 12    23   -47 10129    40    10 -9999 -9999     0
2021 01 16 15     5   -40 10156     0 -9999 -9999 -9999     0
2021 01 16 18   -19   -54 10152   300    20 -9999 -9999     0
2021 01 16 21    -9   -42 10169   260    10 -9999 -9999     0
2021 01 17 00    -7   -42 10197   290    10 -9999 -9999     0
2021 01 17 03     6   -19 10228   130    10 -9999 -9999     1
2021 01 17 06    54   -45 10176   100    30 -9999 -9999     2
2021 01 17 09    21   -28 10182    80    20 -9999 -9999     1
2021 01 17 12    13   -50 10212   290    10 -9999 -9999     0
2021 01 17 15    -5   -49 10253   230    10 -9999 -9999     1
2021 01 17 18   -44   -72 10246   280    20 -9999 -9999     1
2021 01 17 21   -67   -96 10280   290    20 -9999 -9999     0
2021 01 18 00   -81  -113 10300   300    20 -9999 -9999     0
2021 01 18 03   -14   -86 10271   110    20 -9999 -9999     0
2021 01 18 06    38  -114 10219   100    30 -9999 -9999     0
2021 01 18 09    45   -83 10189   100    30 -9999 -9999     0
2021 01 18 12     7   -85 10240   340    20 -9999 -9999     0
2021 01 18 15   -25   -70 10219   290    10 -9999 -9999     0
2021 01 18 18   -38   -72 10171   280    10 -9999 -9999     0
2021 01 18 21   -30   -56 10142   290    10 -9999 -9999     0
2021 01 19 00   -18   -34 10160   100    10 -9999 -9999     3
2021 01 19 03     4   -41 10187   280    10 -9999 -9999    10
2021 01 19 06    29   -57 10146    90    20 -9999 -9999     8
2021 01 19 09    19   -62 10130    90    30 -9999 -9999     0
2021 01 19 12   -12   -80 10156   290    20 -9999 -9999     0
2021 01 19 15   -33   -80 10175   280    20 -9999 -9999     0
2021 01 19 18   -46   -75 10161   290    20 -9999 -9999     0
2021 01 19 21   -60   -84 10165   290    20 -9999 -9999     0
2021 01 20 00   -38   -59 10178   290    10 -9999 -9999     0
2021 01 20 03    -9   -42 10186   110    30 -9999 -9999     0
2021 01 20 06    18   -45 10145    80    20 -9999 -9999     0
2021 01 20 09    21   -51 10132   120    20 -9999 -9999     0
2021 01 20 12     1   -70 10161   290    10 -9999 -9999     0
2021 01 20 15    -9   -57 10165   280    10 -9999 -9999 -9999
2021 01 20 18   -27   -58 10149    90    10 -9999 -9999     0
2021 01 20 21   -24   -54 10136     0 -9999 -9999 -9999     0
2021 01 21 00   -26   -49 10161     0 -9999 -9999 -9999     1
2021 01 21 03   -24   -28 10186   110    20 -9999 -9999     5
2021 01 21 06    15   -44 10143   100    30 -9999 -9999     6
2021 01 21 09    26   -70 10108    80    10 -9999 -9999     2
2021 01 21 12     5   -57 10157   290    10 -9999 -9999     0
2021 01 21 15    -4   -52 10180     0 -9999 -9999 -9999 -9999
2021 01 21 18   -21   -28 10173   110    20 -9999 -9999     5
2021 01 21 21   -39   -47 10182   170    10 -9999 -9999    20
2021 01 22 00   -60   -75 10240   290    10 -9999 -9999    10
2021 01 22 03    -5   -75 10217   110    20 -9999 -9999     0
2021 01 22 06    44   -80 10156   110    30 -9999 -9999     0
2021 01 22 09    24   -75 10155   280    10 -9999 -9999     0
2021 01 22 12   -16   -71 10222   290    30 -9999 -9999     0
2021 01 22 15   -42   -87 10213   300    20 -9999 -9999     0
2021 01 22 18   -53   -92 10181   300    10 -9999 -9999     0
2021 01 22 21   -67   -99 10183   290    10 -9999 -9999     0
2021 01 23 00   -71  -104 10209   310    20 -9999 -9999     0
2021 01 23 03    16  -105 10172   120    20 -9999 -9999     0
2021 01 23 06    75  -134 10106   140    10 -9999 -9999     0
2021 01 23 09    58  -113 10112   130    20 -9999 -9999     0
2021 01 23 12    -9   -81 10194   100    10 -9999 -9999     0
2021 01 23 15   -29   -90 10155   300    20 -9999 -9999     0
2021 01 23 18   -20   -77 10106   290    10 -9999 -9999     0
2021 01 23 21   -38   -76 10113   300    10 -9999 -9999     0
2021 01 24 00   -24   -64 10159   300    10 -9999 -9999     0
2021 01 24 03    21   -62 10159   340    30 -9999 -9999     0
2021 01 24 06    75   -66 10075   120    20 -9999 -9999     0
2021 01 24 09    74  -109 10075   110    20 -9999 -9999     0
2021 01 24 12    -3   -90 10146   290    20 -9999 -9999     0
2021 01 24 15   -15   -94 10141   300    20 -9999 -9999     0
2021 01 24 18   -28   -95 10127   290    20 -9999 -9999     0
2021 01 24 21   -37   -91 10140   300    20 -9999 -9999     0
2021 01 25 00   -60   -99 10224   300    20 -9999 -9999     0
2021 01 25 03    20   -84 10177   130    20 -9999 -9999     0
2021 01 25 06    65   -90 10118   100    40 -9999 -9999     0
2021 01 25 09    77  -106 10098    90    30 -9999 -9999     0
2021 01 25 12     3   -92 10194   300    10 -9999 -9999     0
2021 01 25 15   -28   -99 10176   290    20 -9999 -9999     0
2021 01 25 18   -39   -97 10152   310    10 -9999 -9999     0
2021 01 25 21   -30  -101 10124   170    20 -9999 -9999     0
2021 01 26 00   -52  -107 10198   300    10 -9999 -9999     0
2021 01 26 03    14  -127 10190   310    40 -9999 -9999     0
2021 01 26 06    74  -141 10121   120    20 -9999 -9999     0
2021 01 26 09    77  -139 10084   110    30 -9999 -9999     0
2021 01 26 12    24  -108 10163   100    30 -9999 -9999     0
2021 01 26 15     0  -102 10154   110    20 -9999 -9999     0
2021 01 26 18   -23  -103 10124   310    20 -9999 -9999     0
2021 01 26 21   -39  -105 10121   280    10 -9999 -9999     0
2021 01 27 00   -54  -109 10183   310    10 -9999 -9999     0
2021 01 27 03    25  -107 10170    90    20 -9999 -9999     0
2021 01 27 06    72  -131 10130   110    20 -9999 -9999     0
2021 01 27 09    70  -133 10126    90    30 -9999 -9999     0
2021 01 27 12    12  -126 10204   320    20 -9999 -9999     0
2021 01 27 15   -23  -135 10191   300    30 -9999 -9999     0
2021 01 27 18   -42  -136 10175   290    20 -9999 -9999     0
2021 01 27 21   -65  -143 10186   290    30 -9999 -9999     0
2021 01 28 00   -75  -152 10242   290    30 -9999 -9999     0
2021 01 28 03    27  -199 10213   230    20 -9999 -9999     0
2021 01 28 06    73  -213 10165    90    20 -9999 -9999     0
2021 01 28 09    71  -195 10167   100    40 -9999 -9999     0
2021 01 28 12    36  -185 10216   350    30 -9999 -9999     0
2021 01 28 15   -23  -150 10194   290    20 -9999 -9999     0
2021 01 28 18   -38  -164 10165   290    20 -9999 -9999     0
2021 01 28 21   -54  -185 10166   310    20 -9999 -9999     0
2021 01 29 00   -52  -193 10190   280    10 -9999 -9999     0
2021 01 29 03    31  -211 10182   130    10 -9999 -9999     0
2021 01 29 06    79  -259 10122    90    50 -9999 -9999     0
2021 01 29 09    60  -204 10135    90    50 -9999 -9999     0
2021 01 29 12    27  -180 10178    80    40 -9999 -9999     0
2021 01 29 15   -12  -162 10148   300    20 -9999 -9999     0
2021 01 29 18   -32  -146 10131   330    10 -9999 -9999     0
2021 01 29 21   -24  -172 10127    20    20 -9999 -9999     0
2021 01 30 00   -41  -137 10164   160    10 -9999 -9999     0
2021 01 30 03    13  -125 10171    80    40 -9999 -9999     0
2021 01 30 06    21  -107 10158    90    40 -9999 -9999     0
2021 01 30 09    15  -110 10142    90    30 -9999 -9999     0
2021 01 30 12   -20   -50 10188   120    20 -9999 -9999 -9999
2021 01 30 15   -27   -38 10159   140    10 -9999 -9999     1
2021 01 30 18   -29   -37 10150   290    10 -9999 -9999     7
2021 01 30 21   -49   -75 10169   290    20 -9999 -9999    10
2021 01 31 00   -47   -70 10210     0 -9999 -9999 -9999     5
2021 01 31 03   -35   -55 10232   100    10 -9999 -9999     8
2021 01 31 06     6   -67 10173   110    10 -9999 -9999     8
2021 01 31 09    -4   -74 10197    90    20 -9999 -9999 -9999
2021 01 31 12   -33   -71 10243     0 -9999 -9999 -9999     0
2021 01 31 15   -55   -82 10280   310    10 -9999 -9999     0
2021 01 31 18   -45   -77 10243   300    10 -9999 -9999     0
2021 01 31 21   -59   -98 10251   290    10 -9999 -9999     0
2021 02 01 00   -86  -117 10295   300    30 -9999 -9999     0
2021 02 01 03    -3   -95 10264   110    10 -9999 -9999     0
2021 02 01 06    31  -105 10204    80    30 -9999 -9999     0
2021 02 01 09    37   -86 10187   100    20 -9999 -9999     0
2021 02 01 12   -16   -88 10267   290    20 -9999 -9999     0
2021 02 01 15   -33   -76 10240   290    10 -9999 -9999     0
2021 02 01 18   -32   -84 10214   270    10 -9999 -9999     0
2021 02 01 21   -75  -117 10234   290    20 -9999 -9999     0
2021 02 02 00   -90  -128 10299   290    20 -9999 -9999     0
2021 02 02 03   -10  -114 10266   110    20 -9999 -9999     0
2021 02 02 06    41  -107 10199   100    30 -9999 -9999     0
2021 02 02 09    61   -94 10189   320    20 -9999 -9999     0
2021 02 02 12   -14   -88 10277   290    20 -9999 -9999     0
2021 02 02 15   -34   -90 10258   300    20 -9999 -9999     0
2021 02 02 18   -55   -96 10241   300    30 -9999 -9999     0
2021 02 02 21   -67  -102 10221   290    20 -9999 -9999     0
2021 02 03 00   -77  -112 10292   300    20 -9999 -9999     0
2021 02 03 03     5   -92 10253   100    20 -9999 -9999     0
2021 02 03 06    52  -123 10196   310    50 -9999 -9999     0
2021 02 03 09    71  -132 10171   110    40 -9999 -9999     0
2021 02 03 12    28  -119 10230   110    20 -9999 -9999     0
2021 02 03 15   -24  -104 10224   290    20 -9999 -9999     0
2021 02 03 18   -40  -117 10198   300    20 -9999 -9999     0
2021 02 03 21   -54  -121 10187   350    10 -9999 -9999     0
2021 02 04 00   -51  -121 10235   290    20 -9999 -9999     0
2021 02 04 03    13  -118 10233   110    20 -9999 -9999     0
2021 02 04 06    82  -147 10157   130    20 -9999 -9999     0
2021 02 04 09    85  -145 10149   100    30 -9999 -9999     0
2021 02 04 12     5  -115 10226    60    20 -9999 -9999     0
2021 02 04 15   -20  -108 10218   300    20 -9999 -9999     0
2021 02 04 18   -40  -110 10187   280    10 -9999 -9999     0
2021 02 04 21   -23  -106 10161   300    20 -9999 -9999     0
2021 02 05 00   -47  -124 10252   310    20 -9999 -9999     0
2021 02 05 03    25  -129 10224   110    20 -9999 -9999     0
2021 02 05 06    74  -168 10171   110    20 -9999 -9999     0
2021 02 05 09    83  -177 10121    90    40 -9999 -9999     0
2021 02 05 12    34  -134 10193   100    30 -9999 -9999     0
2021 02 05 15   -23  -129 10197   310    10 -9999 -9999     0
2021 02 05 18   -43  -124 10179   290    20 -9999 -9999     0
2021 02 05 21   -56  -149 10174   290    30 -9999 -9999     0
2021 02 06 00   -76  -167 10232   300    20 -9999 -9999     0
2021 02 06 03    15  -169 10216   110    20 -9999 -9999     0
2021 02 06 06    75  -222 10150    70    20 -9999 -9999     0
2021 02 06 09    70  -205 10151    90    40 -9999 -9999     0
2021 02 06 12    28  -174 10202    80    20 -9999 -9999     0
2021 02 06 15   -23  -141 10195   300    10 -9999 -9999     0
2021 02 06 18   -45  -129 10170   300    20 -9999 -9999     0
2021 02 06 21   -63  -130 10184   290    20 -9999 -9999     0
2021 02 07 00   -73  -127 10231   290    20 -9999 -9999     0
2021 02 07 03    14  -110 10227   100    20 -9999 -9999     0
2021 02 07 06    51  -115 10183   100    40 -9999 -9999     0
2021 02 07 09    57  -133 10177   100    40 -9999 -9999     0
2021 02 07 12   -10  -104 10258   290    20 -9999 -9999     0
2021 02 07 15   -36  -102 10235   300    30 -9999 -9999     0
2021 02 07 18   -51  -103 10221   300    30 -9999 -9999     0
2021 02 07 21   -61  -109 10216   290    30 -9999 -9999     0
2021 02 08 00   -38  -106 10265   280    20 -9999 -9999     0
2021 02 08 03    32  -119 10248   280    30 -9999 -9999     0
2021 02 08 06    78  -151 10183   150    20 -9999 -9999     0
2021 02 08 09    74  -161 10165   280    30 -9999 -9999     0
2021 02 08 12 -9999  -128 10212     0 -9999 -9999 -9999     0
2021 02 08 15     7  -120 10189   290    20 -9999 -9999     0
2021 02 08 18    -5  -102 10172   290    20 -9999 -9999     0
2021 02 08 21   -25   -92 10185   300    30 -9999 -9999     0
2021 02 09 00   -53  -101 -9999   290    20 -9999 -9999     0
2021 02 09 03    34  -113 10194    90    20 -9999 -9999     0
2021 02 09 06    94  -207 10118   100    30 -9999 -9999     0
2021 02 09 12    15  -146 10190   300    30 -9999 -9999     0
2021 02 09 15    -6  -105 10170   290    20 -9999 -9999     0
2021 02 09 18   -20  -108 10146   300    20 -9999 -9999     0
2021 02 09 21   -38   -96 10146   300    30 -9999 -9999     0
2021 02 10 00   -52   -98 10225   290    30 -9999 -9999     0
2021 02 10 03    31   -71 10184   100    10 -9999 -9999     0
2021 02 10 06    87   -88 10116   100    20 -9999 -9999     0
2021 02 10 09    98  -134 10083    80    40 -9999 -9999     0
2021 02 11 00    -4   -62 10142   290    10 -9999 -9999     0
2021 02 13 12    31   -61 10193   270    10 -9999 -9999     0
2021 02 13 15   -10   -63 10195   290    20 -9999 -9999     0
2021 02 13 18   -24   -69 10169   300    20 -9999 -9999     0
2021 02 13 21   -38   -74 10158   300    30 -9999 -9999     0
2021 02 14 00   -46   -72 10218   290    20 -9999 -9999     0
2021 02 14 03    34   -58 10199   120    20 -9999 -9999     0
2021 02 14 06    78   -67 10143   100    20 -9999 -9999     0
2021 02 14 09    83   -83 10119   100    40 -9999 -9999     0
2021 02 14 12    30   -72 10177   110    10 -9999 -9999     0
2021 02 14 15    -4   -72 10158   300    30 -9999 -9999     0
2021 02 14 18   -16   -75 10124   290    20 -9999 -9999     0
2021 02 14 21   -23   -82 10112   290    20 -9999 -9999     0
2021 02 15 00   -34   -81 10168   300    20 -9999 -9999     0
2021 02 15 03    55   -67 10143    60    20 -9999 -9999     0
2021 02 15 06    74   -67 10115    90    40 -9999 -9999     0
2021 02 15 09    45   -64 10131    90    40 -9999 -9999     0
2021 02 15 12     6   -54 10187   290    10 -9999 -9999     0
2021 02 15 15   -16   -53 10151   320    10 -9999 -9999     0
2021 02 15 18   -36   -64 10160   290    20 -9999 -9999     0
2021 02 15 21   -46   -70 10179   300    20 -9999 -9999     0
2021 02 16 00   -51   -74 10216   300    20 -9999 -9999     0
2021 02 16 03    27   -47 10192   120    20 -9999 -9999     0
2021 02 16 06    45   -50 10171   130    20 -9999 -9999     0
2021 02 16 09    48   -83 10159    90    40 -9999 -9999     0
2021 02 16 12    18   -68 10195   320    10 -9999 -9999     0
2021 02 16 15    -5   -18 10185   110    10 -9999 -9999     1
2021 02 16 18    -8   -41 10179   130    10 -9999 -9999     1
2021 02 16 21   -20   -34 10169     0 -9999 -9999 -9999     1
2021 02 17 00   -22   -29 10200   100    10 -9999 -9999     2
2021 02 17 03    28   -27 10190   130    20 -9999 -9999     3
2021 02 17 06    52   -70 10162    90    40 -9999 -9999     2
2021 02 17 09    38   -54 10172   100    30 -9999 -9999     0
2021 02 17 12    20   -52 10210    90    20 -9999 -9999     0
2021 02 17 15     2   -49 10210   285     7 -9999 -9999 -9999
2021 02 17 18    -1   -42 10197   250    10 -9999 -9999     0
2021 02 17 21   -12   -23 10209   140    10 -9999 -9999     1
2021 02 18 00   -15   -18 10236   110    10 -9999 -9999     4
2021 02 18 03     0   -14 10259   100    20 -9999 -9999     8
2021 02 18 06    12   -17 10237   110    20 -9999 -9999     7
2021 02 18 09    22   -37 10227    60    20 -9999 -9999     3
2021 02 18 12    -3   -37 10256   290    20 -9999 -9999     1
2021 02 18 15    -4   -29 10264   280    10 -9999 -9999 -9999
2021 02 18 18   -17   -35 10264   277     6 -9999 -9999 -9999
2021 02 18 21   -23   -51 10250   290    20 -9999 -9999     0
2021 02 19 00   -36   -58 10287   300    10 -9999 -9999     0
2021 02 19 03    17   -34 10272   110    20 -9999 -9999     0
2021 02 19 06    71   -73 10214   100    30 -9999 -9999     0
2021 02 19 09    66  -102 10198    90    30 -9999 -9999     0
2021 02 20 15    -9   -66 10247   299    18 -9999 -9999 -9999
2021 02 20 18   -30   -72 10226   289    22 -9999 -9999 -9999
2021 02 20 21   -45   -78 10222   296    22 -9999 -9999 -9999
2021 02 21 00   -55   -83 10281   297    27 -9999 -9999 -9999
2021 02 21 03    25   -71 10240   106    27 -9999 -9999 -9999
2021 02 21 06    87  -113 10179    98    24 -9999 -9999 -9999
2021 02 21 12    15   -84 10237   291    29 -9999 -9999 -9999
2021 02 21 15    -5   -75 10220   295    21 -9999 -9999 -9999
2021 02 21 18   -17   -72 10185   296    23 -9999 -9999 -9999
2021 02 21 21   -29   -74 10162   295    26 -9999 -9999 -9999
2021 02 22 00   -42   -78 10250   295    21 -9999 -9999 -9999
2021 02 22 03    46   -60 10209   100    20 -9999 -9999     0
2021 02 22 06   102  -100 10139   100    30 -9999 -9999     0
2021 02 22 09   132   -80 10092   130    20 -9999 -9999     0
2021 02 22 12    42   -64 10186   300    30 -9999 -9999     0
2021 02 22 15     6   -46 10187   300    30 -9999 -9999     0
2021 02 22 18    -7   -46 10160   300    20 -9999 -9999     0
2021 02 22 21   -17   -47 10131   290    20 -9999 -9999     0
2021 02 23 00   -27   -52 10208   300    30 -9999 -9999     0
2021 02 23 03    53   -38 10178   110    20 -9999 -9999     0
2021 02 23 06   112   -45 10111   100    20 -9999 -9999     0
2021 02 23 09   120   -59 10070    80    40 -9999 -9999     0
2021 02 23 12    62   -54 10144    90    40 -9999 -9999     0
2021 02 23 15    10   -61 10141   290    30 -9999 -9999     0
2021 02 23 18    -5   -59 10104   300    20 -9999 -9999     0
2021 02 23 21    -6   -54 10087   290    10 -9999 -9999     0
2021 02 24 00   -23   -56 10142   290    20 -9999 -9999     0
2021 02 24 03    64   -50 10139   100    20 -9999 -9999     0
2021 02 24 06    98   -61 10090   100    40 -9999 -9999     0
2021 02 24 09    92   -66 10068    80    25 -9999 -9999 -9999
2021 02 24 12    50   -59 10125   100    20 -9999 -9999     0
2021 02 24 15    -1   -63 10114   300    30 -9999 -9999     0
2021 02 24 18    -7   -63 10088   300    20 -9999 -9999     0
2021 02 24 21   -10   -56 10084   300    10 -9999 -9999     0
2021 02 25 00   -25   -63 10134   300    30 -9999 -9999     0
2021 02 25 03    54   -56 10130   110    30 -9999 -9999     0
2021 02 25 06   107   -66 10058   100    20 -9999 -9999     0
2021 02 25 09   104   -48 10037    90    40 -9999 -9999     0
2021 02 25 12    50   -57 10099    10    10 -9999 -9999     0
2021 02 25 15     9   -56 10090   290    20 -9999 -9999     0
2021 02 25 18    -3   -47 10067   300    20 -9999 -9999     0
2021 02 25 21   -17   -52 10070   300    20 -9999 -9999     0
2021 02 26 00   -28   -58 10125   290    20 -9999 -9999     0
2021 02 26 03    54   -42 10121   110    30 -9999 -9999     0
2021 02 26 06   109   -43 10064   100    20 -9999 -9999     0
2021 02 26 09   103   -41 10059   100    40 -9999 -9999     0
2021 02 26 12    49   -55 10128   120    10 -9999 -9999     0
2021 02 26 15    12   -61 10112   300    20 -9999 -9999     0
2021 02 26 18    -8   -56 10077   290    20 -9999 -9999     0
2021 02 26 21   -11   -50 10058   290    20 -9999 -9999     0
2021 02 27 00   -18   -50 10100   290    20 -9999 -9999     0
2021 02 27 03    48   -40 10097    90    20 -9999 -9999     0
2021 02 27 06    91   -55 10063   100    20 -9999 -9999     0
2021 02 27 09    94   -38 10043    90    40 -9999 -9999     0
2021 02 27 12    49   -34 10103   290    10 -9999 -9999     0
2021 02 27 15     6   -44 10100   300    30 -9999 -9999     0
2021 02 27 18    35   -25 10042   270    10 -9999 -9999     0
2021 02 27 21    -3   -37 10048   300    20 -9999 -9999     1
2021 02 28 00    -3   -33 10089   290    20 -9999 -9999     1
2021 02 28 03    84   -23 10071   100    20 -9999 -9999     0
2021 02 28 06   121   -29 10014    90    30 -9999 -9999     0
2021 02 28 09   101   -25 10049   100    40 -9999 -9999     0
2021 02 28 12    55   -19 10102    90    10 -9999 -9999     0
2021 02 28 15    29   -26 10073   300    10 -9999 -9999     0
2021 02 28 18    21   -20 10054   290    10 -9999 -9999     0
2021 02 28 21    29   -13 10060   300    10 -9999 -9999     0
2021 03 01 00    16   -23 10119   290    10 -9999 -9999     0
2021 03 01 03    60   -12 10133   320    20 -9999 -9999     0
2021 03 01 06    74    -8 10123    80    30 -9999 -9999     0
2021 03 01 09    54    -6 10116    60    20 -9999 -9999 -9999
2021 03 01 12    34    -4 10150   320    10 -9999 -9999    -1
2021 03 01 15    21    -2 10141   300    10 -9999 -9999     2
2021 03 01 18    17   -12 10121     0 -9999 -9999 -9999     3
2021 03 01 21    14   -17 10113    90    10 -9999 -9999     2
2021 03 02 00    15   -21 10134   290    20 -9999 -9999     2
2021 03 02 03    39   -32 10147   300    20 -9999 -9999     1
2021 03 02 06    77   -64 10109   100    50 -9999 -9999     0
2021 03 02 09    49   -39 10124   110    30 -9999 -9999     0
2021 03 02 12    17   -26 10159   170    10 -9999 -9999     0
2021 03 02 15    10   -17 10169     0 -9999 -9999 -9999 -9999
2021 03 02 18     1   -13 10144   300    10 -9999 -9999     1
2021 03 02 21    -6   -23 10154   200    10 -9999 -9999     2
2021 03 03 00    -7   -29 10188   300    20 -9999 -9999     2
2021 03 03 03    47   -38 10173   110    10 -9999 -9999     1
2021 03 03 06    85   -50 10122   100    30 -9999 -9999     0
2021 03 03 09    68   -43 10115    90    40 -9999 -9999     0
2021 03 03 12    33   -33 10161    80    30 -9999 -9999     0
2021 03 03 15    18   -37 10163   240    10 -9999 -9999     0
2021 03 03 18    -3   -45 10135   290    10 -9999 -9999     0
2021 03 03 21   -18   -53 10138   300    20 -9999 -9999     0
2021 03 04 00    -7   -39 10164   280    10 -9999 -9999     0
2021 03 04 03     8   -23 10182    70    10 -9999 -9999     1
2021 03 04 06    57   -39 10135   100    30 -9999 -9999     1
2021 03 04 09    39   -29 10140    90    40 -9999 -9999     0
2021 03 04 12    20   -29 10160   100    10 -9999 -9999     0
2021 03 04 15     4   -20 10173   100    20 -9999 -9999 -9999
2021 03 04 18   -14   -37 10142   290    10 -9999 -9999     0
2021 03 04 21   -17   -36 10137   240    10 -9999 -9999     0
2021 03 05 00   -22   -42 10167   190    10 -9999 -9999     1
2021 03 05 03    17   -30 10163   120    20 -9999 -9999     1
2021 03 05 06    46   -27 10136   110    30 -9999 -9999     0
2021 03 05 09    31   -26 10139    80    20 -9999 -9999     0
2021 03 05 12    11   -21 10170   300    10 -9999 -9999     1
2021 03 05 15    -3   -27 10169   230    10 -9999 -9999     1
2021 03 05 18   -15   -40 10155   300    10 -9999 -9999     0
2021 03 05 21   -16   -38 10162     0 -9999 -9999 -9999 -9999
2021 03 06 00   -11   -22 10185     0 -9999 -9999 -9999     3
2021 03 06 03    -7   -21 10212   300    30 -9999 -9999    10
2021 03 06 06    32   -25 10175    80    20 -9999 -9999     9
2021 03 06 09    20   -33 10170   110    30 -9999 -9999     2
2021 03 06 12    -3   -17 10195    80    10 -9999 -9999 -9999
2021 03 06 15   -15   -28 10225   330    10 -9999 -9999     0
2021 03 06 18   -28   -50 10201   320    10 -9999 -9999     0
2021 03 06 21   -26   -49 10191     0 -9999 -9999 -9999     0
2021 03 07 00   -17   -40 10211   100    10 -9999 -9999     1
2021 03 07 03     7   -29 10222    40    20 -9999 -9999     1
2021 03 07 06    34   -32 10191   300    30 -9999 -9999     0
2021 03 07 09    35   -33 10169    90    40 -9999 -9999     0
2021 03 07 12    21   -30 10203   290    20 -9999 -9999     0
2021 03 07 15     5   -24 10222     0 -9999 -9999 -9999     0
2021 03 07 18     3   -18 10209     0 -9999 -9999 -9999     2
2021 03 07 21   -14   -37 10202   290    20 -9999 -9999     2
2021 03 08 00   -11   -38 10218   300    10 -9999 -9999     1
2021 03 08 03    47   -71 10202   100    30 -9999 -9999     1
2021 03 08 06    74   -63 10161   100    40 -9999 -9999     0
2021 03 08 09    75   -70 10141    90    30 -9999 -9999     0
2021 03 08 12    29   -62 10187   280    20 -9999 -9999     0
2021 03 08 15    -8   -54 10192   300    20 -9999 -9999     0
2021 03 08 18   -19   -56 10176   300    20 -9999 -9999     0
2021 03 08 21    -4   -41 10147   300    10 -9999 -9999     0
2021 03 09 00    -3   -42 10191   310    10 -9999 -9999     0
2021 03 09 03    36   -58 10209    90    20 -9999 -9999     0
2021 03 09 06    58   -61 10180    90    30 -9999 -9999     0
2021 03 09 09    75   -56 10126   100    50 -9999 -9999     0
2021 03 09 12    37   -38 10169    90    10 -9999 -9999     0
2021 03 09 15    -9   -53 10195   290    20 -9999 -9999     0
2021 03 09 18    -4   -38 10180   290    10 -9999 -9999     0
2021 03 09 21   -12   -40 10163   290    20 -9999 -9999     0
2021 03 10 00   -13   -45 10206   300    20 -9999 -9999     0
2021 03 10 09    90   -64 10133   100    50 -9999 -9999     0
2021 03 10 12    41   -49 10185   290    10 -9999 -9999     0
2021 03 10 15     9   -41 10180   290    30 -9999 -9999     0
2021 03 10 18    -7   -41 10172   300    20 -9999 -9999     0
2021 03 10 21   -21   -48 10175   300    30 -9999 -9999     0
2021 03 11 00     0   -37 10210   300    20 -9999 -9999     0
2021 03 11 03    67   -30 10205   100    30 -9999 -9999     0
2021 03 11 06   112   -41 10159    90    30 -9999 -9999     0
2021 03 11 09    86   -24 10169   100    40 -9999 -9999     0
2021 03 11 12    52   -29 10201    40    10 -9999 -9999     0
2021 03 11 15    39   -15 10185     0 -9999 -9999 -9999 -9999
2021 03 11 18     5   -29 10173   290    20 -9999 -9999     0
2021 03 11 21    -9   -37 10189   290    20 -9999 -9999     0
2021 03 12 00   -13   -41 10228   310    20 -9999 -9999     0
2021 03 12 03    67   -33 10197   100    30 -9999 -9999     0
2021 03 12 06   129   -47 10146   110    30 -9999 -9999     0
2021 03 12 09   134   -38 10123    70    30 -9999 -9999     0
2021 03 12 12    72   -25 10196   270    10 -9999 -9999     0
2021 03 12 15    21   -32 10209   300    20 -9999 -9999     0
2021 03 12 18     2   -35 10181   290    30 -9999 -9999     0
2021 03 12 21    -4   -36 10165   300    20 -9999 -9999     0
2021 03 13 00   -13   -40 10224   290    20 -9999 -9999     0
2021 03 13 03    87   -20 10195   110    20 -9999 -9999     0
2021 03 13 06   143   -40 10134   100    40 -9999 -9999     0
2021 03 13 09   144   -89 10097    90    50 -9999 -9999     0
2021 03 13 12   101   -47 10147    90    40 -9999 -9999     0
2021 03 13 15    38   -39 10139   300    30 -9999 -9999     0
2021 03 13 18    20   -41 10104   290    20 -9999 -9999     0
2021 03 13 21    21   -36 10080   300    10 -9999 -9999     0
2021 03 14 00    19   -30 10116   310    10 -9999 -9999     1
2021 03 14 03    71   -16 10144   120    20 -9999 -9999     0
2021 03 14 06    80   -10 10127   100    20 -9999 -9999 -9999
2021 03 14 09   100   -59 10081   100    50 -9999 -9999     0
2021 03 14 12    36   -28 10152   270    10 -9999 -9999     0
2021 03 14 15     5   -40 10160   300    20 -9999 -9999     0
2021 03 14 18    10   -29 10147   290    10 -9999 -9999     0
2021 03 14 21    16   -25 10111   100    10 -9999 -9999     1
2021 03 15 00   -14   -41 10194   290    10 -9999 -9999     1
2021 03 15 03    68   -37 10165   100    30 -9999 -9999     0
2021 03 15 06   105   -36 10109   100    30 -9999 -9999     0
2021 03 15 09   106   -35 10080    90    40 -9999 -9999     0
2021 03 15 12    68   -26 10149    90    20 -9999 -9999     0
2021 03 15 15    30   -29 10144   300    20 -9999 -9999     0
2021 03 15 18     4   -33 10132   290    20 -9999 -9999     0
2021 03 15 21    -4   -41 10122   300    20 -9999 -9999     0
2021 03 16 00     2   -34 10155   290    20 -9999 -9999     0
2021 03 16 03    81   -37 10138   110    20 -9999 -9999     0
2021 03 16 06   123   -52 10100   100    30 -9999 -9999     0
2021 03 16 09   110   -42 10094   100    40 -9999 -9999     0
2021 03 16 12    67   -30 10146   300    10 -9999 -9999     0
2021 03 16 15    18   -43 10151   290    20 -9999 -9999     0
2021 03 16 18     7   -34 10122   300    10 -9999 -9999     0
2021 03 16 21    -5   -42 10122   300    20 -9999 -9999     0
2021 03 17 00    -9   -46 10165   290    20 -9999 -9999     0
2021 03 17 03    98   -49 10133   110    20 -9999 -9999     0
2021 03 17 06   136   -96 10083    90    40 -9999 -9999     0
2021 03 17 09    98   -42 10112   100    40 -9999 -9999     0
2021 03 17 12    63   -34 10164   100    30 -9999 -9999     0
2021 03 17 15    39   -27 10131   250    20 -9999 -9999     0
2021 03 17 18     7   -47 10125   290    20 -9999 -9999     0
2021 03 17 21    -8   -72 10149   290    30 -9999 -9999     0
2021 03 18 00   -12   -75 10185   290    30 -9999 -9999     0
2021 03 18 03    90   -72 10138   360    20 -9999 -9999     0
2021 03 18 06   129   -72 10100    90    30 -9999 -9999     0
2021 03 18 12    82   -49 10143    92    34 -9999 -9999 -9999
2021 03 18 15    63   -54 10112    80    30 -9999 -9999     0
2021 03 18 18    13   -63 10124   290    20 -9999 -9999     0
2021 03 18 21    -1   -67 10129   300    30 -9999 -9999     0
2021 03 19 00    -2   -72 10162   290    30 -9999 -9999     0
2021 03 19 03    87   -79 10129    90    30 -9999 -9999     0
2021 03 19 06   122   -78 10101   110    30 -9999 -9999     0
2021 03 19 09   124   -56 10088   100    40 -9999 -9999     0
2021 03 19 12    90   -60 10129    90    40 -9999 -9999     0
2021 03 19 15    28   -61 10132   290    20 -9999 -9999     0
2021 03 19 18    17   -52 10108   300    10 -9999 -9999     0
2021 03 19 21    10   -66 10093   290    30 -9999 -9999     0
2021 03 20 00     1   -55 10133   300    20 -9999 -9999     0
2021 03 20 03   101   -76 10111   110    20 -9999 -9999     0
2021 03 20 06   129  -102 10062    90    40 -9999 -9999     0
2021 03 20 09   119   -65 10060    90    40 -9999 -9999     0
2021 03 20 12    80   -48 10118    90    40 -9999 -9999     0
2021 03 20 15    67   -41 10078   360    10 -9999 -9999     0
2021 03 20 18    66   -78 10054    90    30 -9999 -9999     0
2021 03 20 21    58   -64 10047    80    30 -9999 -9999     0
2021 03 21 00    64   -59 10075    80    40 -9999 -9999     0
2021 03 21 03    62   -34 10115    90    50 -9999 -9999     0
2021 03 21 06    75   -34 10098    90    40 -9999 -9999     0
2021 03 21 09    29     3 10139    90    10 -9999 -9999     3
2021 03 21 12    25    18 10157   300    10 -9999 -9999    10
2021 03 21 15    19    10 10185   350    10 -9999 -9999    10
2021 03 21 18     5    -2 10190   320    10 -9999 -9999     0
2021 03 21 21     0   -10 10207   290    10 -9999 -9999     2
2021 03 22 00    -9   -22 10227   310    10 -9999 -9999     3
2021 03 22 03    59   -17 10202   120    30 -9999 -9999     1
2021 03 22 06    85    -8 10171    90    30 -9999 -9999     0
2021 03 22 09    82   -22 10150    90    30 -9999 -9999     0
2021 03 22 12    45   -26 10200   300    20 -9999 -9999     0
2021 03 22 15     5   -40 10201   300    20 -9999 -9999     0
2021 03 22 18    -8   -41 10198   300    30 -9999 -9999     0
2021 03 22 21   -11   -39 10193   290    20 -9999 -9999     0
2021 03 23 00   -11   -43 10232   290    20 -9999 -9999     0
2021 03 23 03    71   -43 10212   100    20 -9999 -9999     0
2021 03 23 06   120   -50 10154    90    30 -9999 -9999     0
2021 03 23 09   134   -38 10109   100    40 -9999 -9999     0
2021 03 23 12    83   -42 10167   100    30 -9999 -9999     0
2021 03 23 15    18   -47 10180   290    30 -9999 -9999     0
2021 03 23 18     4   -46 10154   290    30 -9999 -9999     0
2021 03 23 21    17   -35 10117   300    19 -9999 -9999 -9999
2021 03 24 00    -2   -39 10171   290    20 -9999 -9999     0
2021 03 24 03    91   -28 10163   110    30 -9999 -9999     0
2021 03 24 06   135   -37 10101   110    30 -9999 -9999     0
2021 03 24 09   142   -27 10056    90    20 -9999 -9999     0
2021 03 24 12    94   -22 10114   110    10 -9999 -9999     0
2021 03 24 15    60   -23 10096   300    20 -9999 -9999     0
2021 03 24 18    58    -7 10063   270    10 -9999 -9999     0
2021 03 24 21    47    -3 10055   150    10 -9999 -9999     0
2021 03 25 00    43    -1 10102   130    10 -9999 -9999     0
2021 03 25 03    65    -9 10136   302    28 -9999 -9999 -9999
2021 03 25 06    82   -30 10111    90    30 -9999 -9999     0
2021 03 25 09    98   -53 10085    70    30 -9999 -9999     0
2021 03 25 12    69   -42 10105    70    30 -9999 -9999     0
2021 03 25 15    15   -52 10156   290    20 -9999 -9999     0
2021 03 25 18    -2   -64 10153   280    30 -9999 -9999     0
2021 03 25 21    -1   -78 10117   300    20 -9999 -9999     0
2021 03 26 00    -2   -64 10154   290    20 -9999 -9999     0
2021 03 26 03    98   -69 10125    90    10 -9999 -9999     0
2021 03 26 06   119   -91 10100   100    50 -9999 -9999     0
2021 03 26 09   115   -84 10090   100    60 -9999 -9999     0
2021 03 26 12    75   -52 10132    80    20 -9999 -9999     0
2021 03 26 15    23   -56 10128   290    20 -9999 -9999     0
2021 03 26 18    22   -41 10114   260    10 -9999 -9999     0
2021 03 26 21    21   -40 10102   290    20 -9999 -9999     0
2021 03 27 00    -7   -51 10157   290    20 -9999 -9999     0
2021 03 27 03    85   -61 10142   110    30 -9999 -9999     0
2021 03 27 06   106  -114 10116   170    40 -9999 -9999     0
2021 03 27 09   122  -136 10078   231    29 -9999 -9999 -9999
2021 03 27 12    53  -109 10163   280    20 -9999 -9999     0
2021 03 27 15    17   -76 10150   300    30 -9999 -9999     0
2021 03 27 18     3   -68 10143   290    30 -9999 -9999     0
2021 03 27 21    -7   -65 10126   300    30 -9999 -9999     0
2021 03 28 00    -9   -57 10184   290    20 -9999 -9999     0
2021 03 28 03    87   -52 10146   110    20 -9999 -9999     0
2021 03 28 06   144  -103 10079   100    30 -9999 -9999     0
2021 03 28 09   137   -60 10058   100    30 -9999 -9999     0
2021 03 28 12    98   -65 10102    80    30 -9999 -9999     0
2021 03 28 15    35   -57 10110   290    30 -9999 -9999     0
2021 03 28 18    23   -53 10077   300    30 -9999 -9999     0
2021 03 28 21     1   -65 10087   290    30 -9999 -9999     0
2021 03 29 00    -4   -64 10125   290    20 -9999 -9999     0
2021 03 29 03    88   -66 10106   110    30 -9999 -9999     0
2021 03 29 06   139   -75 10036   110    30 -9999 -9999     0
2021 03 29 09   129   -72 10024   100    40 -9999 -9999     0
2021 03 29 12    82   -53 10078    90    30 -9999 -9999     0
2021 03 29 15    24   -57 10083   290    30 -9999 -9999     0
2021 03 29 18    13   -45 10049   300    20 -9999 -9999     0
2021 03 29 21     8   -46 10043   290    20 -9999 -9999     0
2021 03 30 00    -6   -60 10091   300    20 -9999 -9999     0
2021 03 30 03    78   -60 10079   110    30 -9999 -9999     0
2021 03 30 06   102   -35 10052    90    30 -9999 -9999     0
2021 03 30 09    71   -13 10057   100    30 -9999 -9999     0
2021 03 30 12    46   -12 10084   300    20 -9999 -9999     0
2021 03 30 15    20     8 10061   250    20 -9999 -9999     7
2021 03 30 18    18    11 10036   180    10 -9999 -9999    20
2021 03 30 21    14    10 10042   280    30 -9999 -9999    20
2021 03 31 00    16     9 10063   150    20 -9999 -9999     5
2021 03 31 03    33    10 10088   290    10 -9999 -9999     2
2021 03 31 06    54    15 10066    90    20 -9999 -9999     1
2021 03 31 09    43    15 10057   120    10 -9999 -9999     2
2021 03 31 12    36    10 10070    50    20 -9999 -9999     3
2021 03 31 15    28     2 10084   140    10 -9999 -9999     1
2021 03 31 18    27     4 10075     0 -9999 -9999 -9999 -9999
2021 03 31 21    24     8 10062   300    20 -9999 -9999     1
2021 04 01 00    26    13 10069   120    10 -9999 -9999     2
2021 04 01 03    70    19 10055    90    30 -9999 -9999     2
2021 04 01 06    98   -38 10041    90    70 -9999 -9999     1
2021 04 01 09    65     0 10054    90    20 -9999 -9999 -9999
2021 04 01 12    40    12 10076   110    20 -9999 -9999 -9999
2021 04 01 15    36     5 10064    90    20 -9999 -9999     0
2021 04 01 18    25     7 10048    90    10 -9999 -9999     0
2021 04 01 21    26   -12 10057    90    20 -9999 -9999 -9999
2021 04 02 00    11    -8 10102   110    30 -9999 -9999 -9999
2021 04 02 03    81   -89 10085    90    50 -9999 -9999     0
2021 04 02 06    91   -59 10095    90    40 -9999 -9999     0
2021 04 02 09    59   -29 10104   350    40 -9999 -9999     0
2021 04 02 12    24   -16 10152   110    10 -9999 -9999     0
2021 04 02 15     7   -23 10135   270    10 -9999 -9999     0
2021 04 02 18     1   -45 10129   270    10 -9999 -9999     0
2021 04 02 21     7   -20 10140   110    10 -9999 -9999     0
2021 04 03 00     4   -12 10176   100    20 -9999 -9999     0
2021 04 03 03    61   -13 10161    90    30 -9999 -9999     0
2021 04 03 06    70   -27 10156   310    20 -9999 -9999     0
2021 04 03 09    81   -31 10142   110    20 -9999 -9999     0
2021 04 03 12    45   -38 10181   290    10 -9999 -9999     0
2021 04 03 15     9   -49 10182   290    20 -9999 -9999     0
2021 04 03 18     3   -57 10180   300    20 -9999 -9999     0
2021 04 03 21   -18   -51 10180   300    20 -9999 -9999     0
2021 04 04 00   -16   -54 10213   310    20 -9999 -9999     0
2021 04 04 03    79   -59 10181    90    30 -9999 -9999     0
2021 04 04 06   102   -66 10148    90    30 -9999 -9999     0
2021 04 04 09   106   -81 10137    90    40 -9999 -9999     0
2021 04 04 12    69   -68 10175   350    20 -9999 -9999     0
2021 04 04 15    24   -50 10165   300    20 -9999 -9999     0
2021 04 04 18    22   -39 10157   200    10 -9999 -9999     0
2021 04 04 21     4   -46 10161   290    20 -9999 -9999     0
2021 04 05 00    -7   -44 10215   290    20 -9999 -9999     0
2021 04 05 03    78   -46 10191   100    30 -9999 -9999     0
2021 04 05 06   124   -99 10124    90    30 -9999 -9999     0
2021 04 05 09   130   -94 10091   110    50 -9999 -9999     0
2021 04 05 12    68   -69 10159   300    20 -9999 -9999     0
2021 04 05 15    23   -65 10162   290    20 -9999 -9999     0
2021 04 05 18    24   -52 10123   300    20 -9999 -9999     0
2021 04 05 21    20   -43 10110   300    20 -9999 -9999     0
2021 04 06 00    19   -36 10168   290    10 -9999 -9999     0
2021 04 06 03    94   -25 10149    90    30 -9999 -9999     0
2021 04 06 06   112   -45 10105   110    30 -9999 -9999     0
2021 04 06 09   117   -32 10074   100    20 -9999 -9999     0
2021 04 06 12    80   -18 10124    70    20 -9999 -9999     0
2021 04 06 15    29   -28 10140   290    20 -9999 -9999     0
2021 04 06 18    17   -28 10142   300    20 -9999 -9999     0
2021 04 06 21     3   -31 10138   290    30 -9999 -9999     0
2021 04 07 00     1   -31 10179   300    20 -9999 -9999     0
2021 04 07 03    94   -29 10151    90    30 -9999 -9999     0
2021 04 07 06   119   -35 10112   100    30 -9999 -9999     0
2021 04 07 09   119   -27 10089   100    40 -9999 -9999     0
2021 04 07 12    83   -23 10127   110    20 -9999 -9999     0
2021 04 07 15    23   -36 10136   300    20 -9999 -9999     0
2021 04 07 18    12   -35 10120   300    30 -9999 -9999     0
2021 04 07 21    13   -26 10109   290    20 -9999 -9999     0
2021 04 08 00     6   -26 10157   290    20 -9999 -9999     0
2021 04 08 06   125   -46 10098   290    30 -9999 -9999     0
2021 04 08 09   120   -15 10077   100    50 -9999 -9999     0
2021 04 08 12    80    -7 10131   100    20 -9999 -9999     0
2021 04 08 15    54   -13 10104   270    10 -9999 -9999     0
2021 04 08 18    22   -23 10101   290    20 -9999 -9999     0
2021 04 08 21     6   -28 10110   300    20 -9999 -9999     0
2021 04 09 00    12   -17 10155   290    20 -9999 -9999     0
2021 04 09 03   106    -5 10118   100    30 -9999 -9999     0
2021 04 09 06   122    -7 10106    90    50 -9999 -9999     0
2021 04 09 09   106     3 10112    90    30 -9999 -9999     0
2021 04 09 12    77     2 10143   350    20 -9999 -9999     0
2021 04 09 15    50   -15 10119   290    20 -9999 -9999     0
2021 04 09 18    20   -21 10123   290    20 -9999 -9999     0
2021 04 09 21    24   -33 10122   290    20 -9999 -9999     0
2021 04 10 00    40   -26 10141   180    10 -9999 -9999     0
2021 04 10 03    88   -10 10140   120    10 -9999 -9999     0
2021 04 10 06   134   -52 10119    80    40 -9999 -9999     0
2021 04 10 09   114   -24 10117    90    40 -9999 -9999     0
2021 04 10 12    89   -36 10127   100    30 -9999 -9999     0
2021 04 10 15    55   -19 10138   300    10 -9999 -9999     0
2021 04 10 18    59   -10 10100   300    20 -9999 -9999     0
2021 04 10 21    35   -20 10113   290    10 -9999 -9999     0
2021 04 11 00    36   -32 10139     0 -9999 -9999 -9999     0
2021 04 11 03    62     1 10173    50    20 -9999 -9999 -9999
2021 04 11 06   111   -58 10114    90    40 -9999 -9999     0
2021 04 11 09   101   -36 10127    90    30 -9999 -9999     0
2021 04 11 12    72   -20 10160    60    20 -9999 -9999     0
2021 04 11 15    27   -43 10191   300    20 -9999 -9999     0
2021 04 11 18    14   -35 10166   300    20 -9999 -9999     0
2021 04 11 21     3   -45 10165   300    20 -9999 -9999     0
2021 04 12 00     4   -44 10197   300    10 -9999 -9999     0
2021 04 12 03   107   -45 10159   100    30 -9999 -9999     0
2021 04 12 06   133   -63 10135    90    40 -9999 -9999     0
2021 04 12 09   128   -62 10124    90    50 -9999 -9999     0
2021 04 12 12    96   -55 10162    80    30 -9999 -9999     0
2021 04 12 15    34   -55 10150   300    30 -9999 -9999     0
2021 04 12 18    16   -55 10142   290    20 -9999 -9999     0
2021 04 12 21     8   -61 10136   300    20 -9999 -9999     0
2021 04 13 00    16   -55 10169   300    20 -9999 -9999     0
2021 04 13 03   106   -54 10148    90    20 -9999 -9999     0
2021 04 13 06    91   -22 10162   100    50 -9999 -9999     0
2021 04 13 09    67    -1 10167   320    20 -9999 -9999     7
2021 04 13 12    31   -24 10190   290    20 -9999 -9999     7
2021 04 13 15     1   -42 10169   290    30 -9999 -9999     0
2021 04 13 18    -6   -48 10171   300    10 -9999 -9999     0
2021 04 13 21    -5   -49 10170   300    10 -9999 -9999     0
2021 04 14 00    13   -41 10196   120    10 -9999 -9999     0
2021 04 14 03    48   -21 10212   320    40 -9999 -9999     0
2021 04 14 06    81   -14 10176   110    20 -9999 -9999     0
2021 04 14 09    85   -11 10148   290    10 -9999 -9999     0
2021 04 14 12    55    -3 10172   320    20 -9999 -9999     0
2021 04 14 15     8   -24 10205   290    20 -9999 -9999     0
2021 04 14 18     2   -22 10179   290    20 -9999 -9999     0
2021 04 14 21    18   -13 10154   290    10 -9999 -9999     0
2021 04 15 00     2   -34 10191   300    30 -9999 -9999     0
2021 04 15 03    94   -35 10167   110    20 -9999 -9999     0
2021 04 15 06   132   -35 10110    90    30 -9999 -9999     0
2021 04 15 09   130   -37 10070   100    40 -9999 -9999     0
2021 04 15 12    91   -19 10123    90    30 -9999 -9999     0
2021 04 15 15    62   -17 10110   290    20 -9999 -9999     0
2021 04 15 18    31   -33 10104   300    20 -9999 -9999     0
2021 04 15 21    11   -36 10116   300    20 -9999 -9999     0
2021 04 16 00    29   -20 10148   300    10 -9999 -9999     0
2021 04 16 03    87    -9 10144   100    20 -9999 -9999     0
2021 04 16 06   116    -5 10128    70    20 -9999 -9999     0
2021 04 16 09   111   -10 10125    90    30 -9999 -9999     0
2021 04 16 12    82   -11 10146   300    10 -9999 -9999     0
2021 04 16 15    32   -29 10162   300    20 -9999 -9999     0
2021 04 16 18    17   -34 10148   300    20 -9999 -9999     0
2021 04 16 21     9   -36 10141   290    30 -9999 -9999     0
2021 04 17 00     7   -29 10186   290    20 -9999 -9999     0
2021 04 17 03    98   -25 10171   100    30 -9999 -9999     0
2021 04 17 06   130   -29 10125   110    40 -9999 -9999     0
2021 04 17 09   125   -25 10104   100    40 -9999 -9999     0
2021 04 17 12    91   -10 10140   320    30 -9999 -9999     0
2021 04 17 15    40   -20 10133   300    20 -9999 -9999     0
2021 04 17 18    53     1 10100     0 -9999 -9999 -9999     0
2021 04 17 21    44    24 10100   300    10 -9999 -9999 -9999
2021 04 18 00    45    20 10131   270    10 -9999 -9999     1
2021 04 18 03    95     1 10133    90    30 -9999 -9999     1
2021 04 18 06   128    -5 10072   310    40 -9999 -9999     0
2021 04 18 09   116    -2 10064   100    40 -9999 -9999     0
2021 04 18 12    70    -2 10104   300    10 -9999 -9999     0
2021 04 18 15    39    -3 10107   270    10 -9999 -9999     0
2021 04 18 18    47    -1 10060   290    10 -9999 -9999     0
2021 04 18 21    44     0 10057   340    10 -9999 -9999     0
2021 04 19 00    37    -9 10104   130    10 -9999 -9999     0
2021 04 19 03    65     8 10119   110    20 -9999 -9999 -9999
2021 04 19 06    96     5 10075    80    30 -9999 -9999 -9999
2021 04 19 09    85    -5 10068   100    30 -9999 -9999     0
2021 04 19 12    62   -14 10095     0 -9999 -9999 -9999     0
2021 04 19 15    56   -11 10102   300    10 -9999 -9999 -9999
2021 04 19 18    12   -24 10108   290    20 -9999 -9999     0
2021 04 19 21    -3   -30 10117   300    20 -9999 -9999     0
2021 04 20 00    23   -15 10143     0 -9999 -9999 -9999     0
2021 04 20 03    91   -31 10110    80    20 -9999 -9999     0
2021 04 20 06   125   -22 10092   110    40 -9999 -9999     0
2021 04 20 09    97   -14 10116    90    30 -9999 -9999     0
2021 04 20 12    76   -16 10126   110    20 -9999 -9999     0
2021 04 20 15    31   -26 10131   300    20 -9999 -9999     0
2021 04 20 18     7   -30 10125   300    30 -9999 -9999     0
2021 04 20 21    -1   -30 10153   300    20 -9999 -9999     0
