2021 01 01 00    15    14 10206     0 -9999 -9999 -9999     0
2021 01 01 03   103    38 10208   170    10 -9999 -9999     0
2021 01 01 06   162    39 10150   180    20 -9999 -9999     0
2021 01 01 09   176    20 10122   160    30 -9999 -9999     0
2021 01 01 12   112    30 10165   360    30 -9999 -9999     0
2021 01 01 18    39    23 10150   180    10 -9999 -9999     0
2021 01 01 21    22    15 10146   180    10 -9999 -9999     0
2021 01 02 00    14    10 10185   180    10 -9999 -9999     0
2021 01 02 03   116    21 10177   130    10 -9999 -9999     1
2021 01 02 06   168    17 10118   170    30 -9999 -9999     1
2021 01 02 09   188   -11 10096   180    40 -9999 -9999     0
2021 01 02 12   115    12 10139   358    25 -9999 -9999 -9999
2021 01 02 18    35     4 10133   167     7 -9999 -9999 -9999
2021 01 02 21    20    -8 10128   216     7 -9999 -9999 -9999
2021 01 03 00     7   -11 10185   180    10 -9999 -9999     0
2021 01 03 03   113     4 10186   130    10 -9999 -9999     0
2021 01 03 06   170   -16 10134   210    30 -9999 -9999     0
2021 01 03 09   192   -18 10112   180    20 -9999 -9999     0
2021 01 03 12   118     3 10157   350    30 -9999 -9999     0
2021 01 03 18    36    10 10148   190    10 -9999 -9999     0
2021 01 03 21    25     9 10143   170    10 -9999 -9999     0
2021 01 04 00    21     8 10187   180    10 -9999 -9999     0
2021 01 04 03   120    37 10185   106     7 -9999 -9999 -9999
2021 01 04 06   178    29 10124   150    30 -9999 -9999     0
2021 01 04 09   204    36 10098   180    20 -9999 -9999     0
2021 01 04 12   121    48 10143    50    10 -9999 -9999     0
2021 01 04 18    54    32 10125   160    10 -9999 -9999     0
2021 01 04 21    40    27 10122   155     7 -9999 -9999 -9999
2021 01 05 00    32    20 10172   240    10 -9999 -9999     0
2021 01 05 03   141    52 10164    81     6 -9999 -9999 -9999
2021 01 05 06   199    23 10103   190    30 -9999 -9999     0
2021 01 05 09   221     6 10077   171    36 -9999 -9999 -9999
2021 01 05 12   139    31 10123   360    20 -9999 -9999     0
2021 01 05 18    81    28 10095   350    10 -9999 -9999     0
2021 01 05 21    62    25 10090    30    10 -9999 -9999     0
2021 01 06 00    48    23 10136   290    10 -9999 -9999     0
2021 01 06 03   160    21 10111   123    16 -9999 -9999 -9999
2021 01 06 06   209    12 10042   170    50 -9999 -9999     0
2021 01 06 09   227    11 10017   190    30 -9999 -9999     0
2021 01 06 12   141    33 10067    16    10 -9999 -9999 -9999
2021 01 06 18    95    29 10055   125     7 -9999 -9999 -9999
2021 01 06 21   107    15 10044   107    14 -9999 -9999 -9999
2021 01 07 00    63    16 10110    40    10 -9999 -9999     0
2021 01 07 03   142     9 10109   125    13 -9999 -9999 -9999
2021 01 07 06   202    21 10034   192    52 -9999 -9999 -9999
2021 01 07 09   212    30 10002   180    40 -9999 -9999     0
2021 01 07 12   142    40 10067   352    12 -9999 -9999 -9999
2021 01 07 18    66    -6 10116    20    30 -9999 -9999     0
2021 01 07 21    43   -13 10125    40    20 -9999 -9999     0
2021 01 08 00    32   -10 10177   330    10 -9999 -9999     0
2021 01 08 03    76     1 10184   210    10 -9999 -9999     0
2021 01 08 06   138    30 10127   160    20 -9999 -9999     0
2021 01 08 09   148    20 10100   130    30 -9999 -9999     0
2021 01 08 12    91    20 10144    60    20 -9999 -9999     0
2021 01 08 18    40    14 10144   130    10 -9999 -9999     0
2021 01 08 21    22    10 10141   179    10 -9999 -9999 -9999
2021 01 09 00    10     4 10177   180    10 -9999 -9999     0
2021 01 09 03    83    21 10166   150    10 -9999 -9999     0
2021 01 09 06   156    10 10093   130    30 -9999 -9999     0
2021 01 09 09   186    -2 10054   190    20 -9999 -9999     0
2021 01 09 12   110    14 10096    22    25 -9999 -9999 -9999
2021 01 09 18    46    -2 10113    20    10 -9999 -9999     0
2021 01 09 21    37   -10 10105   313    17 -9999 -9999 -9999
2021 01 10 00    14   -12 10158   180    10 -9999 -9999     0
2021 01 10 03    81     3 10157   190    10 -9999 -9999     0
2021 01 10 06   155    20 10085   157    42 -9999 -9999 -9999
2021 01 10 09   175    18 10050   157    31 -9999 -9999 -9999
2021 01 10 12   112    30 10107   280    10 -9999 -9999     0
2021 01 10 18    25   -49 10195    20    30 -9999 -9999     0
2021 01 10 21     7   -55 10225    30    30 -9999 -9999 -9999
2021 01 11 00    -2   -75 10287    70    30 -9999 -9999 -9999
2021 01 11 03    -6   -64 10347   100    10 -9999 -9999 -9999
2021 01 11 06     5   -55 10326   165    12 -9999 -9999 -9999
2021 01 11 09    15   -63 10306   180    10 -9999 -9999     0
2021 01 11 12    15   -68 10322   220    10 -9999 -9999     0
2021 01 11 18    11   -72 10342   200    10 -9999 -9999     0
2021 01 11 21     9   -69 10321   180    10 -9999 -9999     0
2021 01 12 03    22   -59 10325   110    10 -9999 -9999     0
2021 01 12 06    55   -46 10263   240    10 -9999 -9999     0
2021 01 12 09    64   -38 10224   350    10 -9999 -9999     0
2021 01 12 12    40   -35 10233   270    10 -9999 -9999     0
2021 01 12 18    36   -22 10212   360    10 -9999 -9999     0
2021 01 12 21    32   -14 10194   160    10 -9999 -9999     0
2021 01 13 00    31   -15 10209   360    10 -9999 -9999     0
2021 01 13 03    63    -9 10212    40    10 -9999 -9999     0
2021 01 13 06    90    -6 10165   180    10 -9999 -9999     0
2021 01 13 09   119    -9 10125   170    20 -9999 -9999     0
2021 01 13 12    69    -3 10157   340    30 -9999 -9999     0
2021 01 13 18    15    -7 10175   170    10 -9999 -9999     0
2021 01 13 21     0    -8 10172   180    10 -9999 -9999     0
2021 01 14 00    -7   -12 10214   201     7 -9999 -9999 -9999
2021 01 14 03    60     3 10216   221    10 -9999 -9999 -9999
2021 01 14 06   136     9 10154   130    20 -9999 -9999     0
2021 01 14 09   148     6 10133   130    20 -9999 -9999     0
2021 01 14 12    89    18 10176   320    20 -9999 -9999     0
2021 01 14 18    27     8 10158   200    10 -9999 -9999     0
2021 01 14 21    12     2 10151   180     7 -9999 -9999 -9999
2021 01 15 00     6     0 10185   180    10 -9999 -9999     0
2021 01 15 03    77    19 10181   171     9 -9999 -9999 -9999
2021 01 15 06   150    29 10118   140    20 -9999 -9999     0
2021 01 15 09   160    24 10101   170    30 -9999 -9999     0
2021 01 15 12    94    23 10142   350    20 -9999 -9999     0
2021 01 15 18    60    25 10109   154     4 -9999 -9999 -9999
2021 01 15 21    30    20 10116   185    10 -9999 -9999 -9999
2021 01 16 00    42    25 10150   186     6 -9999 -9999 -9999
2021 01 16 03    80    35 10170   190    10 -9999 -9999     0
2021 01 16 06   135    18 10112   180    30 -9999 -9999     0
2021 01 16 09   140     6 10114   172    13 -9999 -9999 -9999
2021 01 16 12   112    28 10149    10    10 -9999 -9999     0
2021 01 16 18    67    -5 10208    20    30 -9999 -9999 -9999
2021 01 16 21    41   -15 10237    20    20 -9999 -9999     3
2021 01 17 00    28   -27 10282    70    40 -9999 -9999     4
2021 01 17 03    22   -18 10313    30    20 -9999 -9999     5
2021 01 17 06    29   -13 10301   300    10 -9999 -9999     6
2021 01 17 09    31   -11 10297   260    10 -9999 -9999     2
2021 01 17 12    29   -11 10315   180    10 -9999 -9999     0
2021 01 17 18    26   -17 10325   150    10 -9999 -9999     0
2021 01 17 21    10   -14 10315   200    10 -9999 -9999     0
2021 01 18 00   -10   -13 10326   184    12 -9999 -9999 -9999
2021 01 18 03    46   -10 10309   200    10 -9999 -9999     0
2021 01 18 06    96    -6 10242   170    27 -9999 -9999 -9999
2021 01 18 09   102    -6 10218   157    29 -9999 -9999 -9999
2021 01 18 12    52     4 10244   310    10 -9999 -9999     0
2021 01 18 18     6    -5 10204   160    10 -9999 -9999     0
2021 01 18 21     0    -4 10183   200    10 -9999 -9999     0
2021 01 19 00     9    -1 10198     0 -9999 -9999 -9999     0
2021 01 19 03    47    10 10202   180    10 -9999 -9999     0
2021 01 19 06   111    34 10146   330    20 -9999 -9999     0
2021 01 19 09   158    26 10093   180    40 -9999 -9999     0
2021 01 19 12   105    35 10128   170    10 -9999 -9999     0
2021 01 19 18    61    39 10123     6    17 -9999 -9999 -9999
2021 01 19 21    36    33 10111     0 -9999 -9999 -9999     0
2021 01 20 00    25    25 10143   180    10 -9999 -9999     0
2021 01 20 03   111    52 10130   180    30 -9999 -9999     0
2021 01 20 06   163    34 10076   170    40 -9999 -9999     0
2021 01 20 09   133    31 10095   190    30 -9999 -9999 -9999
2021 01 20 12   116    41 10131   160    10 -9999 -9999     0
2021 01 20 18    63    41 10115   360    20 -9999 -9999     0
2021 01 20 21    36    32 10130   300    10 -9999 -9999     0
2021 01 21 00    28    28 10152   180    10 -9999 -9999     0
2021 01 21 03   104    30 10153   170    20 -9999 -9999     0
2021 01 21 06   136     6 10118   190    10 -9999 -9999     0
2021 01 21 09   144     6 10107   100    10 -9999 -9999     0
2021 01 21 12   128    18 10145   200    40 -9999 -9999 -9999
2021 01 21 18    83    45 10135   130    10 -9999 -9999     0
2021 01 21 21    62    39 10135    10    20 -9999 -9999     0
2021 01 22 00    65    29 10164   353    19 -9999 -9999 -9999
2021 01 22 03    82    33 10192   160    10 -9999 -9999     0
2021 01 22 06   124    28 10143   150    20 -9999 -9999     0
2021 01 22 09   145    14 10121   150    22 -9999 -9999 -9999
2021 01 22 12    95    13 10156   344    27 -9999 -9999 -9999
2021 01 22 18    32    12 10172     0 -9999 -9999 -9999     0
2021 01 22 21    15     8 10151   184    13 -9999 -9999 -9999
2021 01 23 00     5     2 10182   180    10 -9999 -9999     0
2021 01 23 03    76    19 10177   310    10 -9999 -9999     0
2021 01 23 06   157    14 10113   170    50 -9999 -9999     0
2021 01 23 09   151    16 10099   180    50 -9999 -9999     0
2021 01 23 12   104    34 10136   330    10 -9999 -9999     0
2021 01 23 18    59    29 10098   360    10 -9999 -9999     0
2021 01 23 21    54    29 10086   200    10 -9999 -9999     0
2021 01 24 00    34    24 10120   180    10 -9999 -9999     0
2021 01 24 03   137    26 10107   140    20 -9999 -9999     0
2021 01 24 06   172    16 10064   180    40 -9999 -9999     0
2021 01 24 09   191    16 10040   170    50 -9999 -9999     0
2021 01 24 12   153     7 10078   230    20 -9999 -9999     0
2021 01 24 18   114     8 10083   240    20 -9999 -9999     0
2021 01 24 21    67    12 10099    30    20 -9999 -9999     0
2021 01 25 00    39     9 10147    30    10 -9999 -9999     0
2021 01 25 03   134    17 10140    30    10 -9999 -9999     0
2021 01 25 06   177   -15 10096   150    20 -9999 -9999     0
2021 01 25 09   194   -28 10085   180    40 -9999 -9999     0
2021 01 25 12   128    -8 10125   350    20 -9999 -9999     0
2021 01 25 18    57    -7 10123   319     8 -9999 -9999 -9999
2021 01 25 21    30    -5 10123     0 -9999 -9999 -9999     0
2021 01 26 00    15    -7 10164   175     7 -9999 -9999 -9999
2021 01 26 03   140     3 10149   150    20 -9999 -9999     0
2021 01 26 06   177    -5 10099   157    49 -9999 -9999 -9999
2021 01 26 09   198   -25 10072   180    40 -9999 -9999     0
2021 01 26 12   121   -11 10115   360    20 -9999 -9999     0
2021 01 26 18    60   -12 10106    20    10 -9999 -9999     0
2021 01 26 21    37    -9 10103   170    10 -9999 -9999     0
2021 01 27 00    36    -8 10147    30    10 -9999 -9999     0
2021 01 27 03   153    -1 10129   150    20 -9999 -9999     0
2021 01 27 06   195   -40 10085   180    40 -9999 -9999     0
2021 01 27 09   210   -50 10065   180    40 -9999 -9999     0
2021 01 27 12   125   -18 10124   300    10 -9999 -9999     0
2021 01 27 18    56   -27 10149   340    10 -9999 -9999     0
2021 01 27 21    49   -31 10167    30    20 -9999 -9999     0
2021 01 28 00    29   -32 10228   310    10 -9999 -9999     0
2021 01 28 03   100   -20 10233   190    10 -9999 -9999     0
2021 01 28 06   144   -12 10182   190    20 -9999 -9999     0
2021 01 28 09   181   -33 10130   204    19 -9999 -9999 -9999
2021 01 28 12   114   -10 10167   360    20 -9999 -9999     0
2021 01 28 18    39    -5 10168   180    10 -9999 -9999     0
2021 01 28 21    23    -6 10149     0 -9999 -9999 -9999     0
2021 01 29 00    13    -8 10186   200    10 -9999 -9999     0
2021 01 29 03   130    10 10168   160    20 -9999 -9999     0
2021 01 29 06   189   -21 10112   180    30 -9999 -9999     0
2021 01 29 09   205   -54 10078   190    40 -9999 -9999     0
2021 01 29 12   129   -22 10123   310    10 -9999 -9999     0
2021 01 29 18    61   -23 10117    30    10 -9999 -9999     0
2021 01 29 21    42   -20 10118    10    10 -9999 -9999     0
2021 01 30 00    24   -19 10166   160    10 -9999 -9999     0
2021 01 30 03   143   -13 10152   170    20 -9999 -9999     0
2021 01 30 06   180   -82 10103   231    36 -9999 -9999 -9999
2021 01 30 09   185   -55 10082   185    41 -9999 -9999 -9999
2021 01 30 12   161   -45 10110   200    40 -9999 -9999     0
2021 01 30 18    81    -1 10111   330    10 -9999 -9999     0
2021 01 30 21    63     6 10112    40    10 -9999 -9999     0
2021 01 31 00    52    12 10142    18    16 -9999 -9999 -9999
2021 01 31 03   145     0 10126   170    40 -9999 -9999     0
2021 01 31 06   154    -8 10110   250    20 -9999 -9999     0
2021 01 31 09   173   -14 10096   250    30 -9999 -9999     0
2021 01 31 12   143   -17 10134   210    20 -9999 -9999     0
2021 01 31 18    53     3 10170   320    10 -9999 -9999     0
2021 01 31 21    34    -4 10164   160    10 -9999 -9999     0
2021 02 01 00    19    -5 10193   190    10 -9999 -9999     0
2021 02 01 03   121    11 10184   170    10 -9999 -9999     0
2021 02 01 06   164   -87 10144   240    50 -9999 -9999     0
2021 02 01 09   180   -46 10122   191    44 -9999 -9999 -9999
2021 02 01 12   103   -37 10168   340    10 -9999 -9999     0
2021 02 01 18    42   -22 10166   150    10 -9999 -9999     0
2021 02 01 21    27   -22 10163   200    10 -9999 -9999     0
2021 02 02 00    17   -19 10213   180    10 -9999 -9999     0
2021 02 02 03   122     3 10201   210    10 -9999 -9999     0
2021 02 02 06   169   -69 10159   270    30 -9999 -9999     0
2021 02 02 09   177   -26 10137   187    41 -9999 -9999 -9999
2021 02 02 12   124   -15 10178   340    30 -9999 -9999     0
2021 02 02 18    42    -8 10175   180    10 -9999 -9999     0
2021 02 02 21    23   -17 10178   170    10 -9999 -9999     0
2021 02 03 00    13   -21 10217   170    10 -9999 -9999     0
2021 02 03 03   120   -15 10211   150    10 -9999 -9999     0
2021 02 03 06   175   -34 10161   155    40 -9999 -9999 -9999
2021 02 03 09   185   -49 10140   160    40 -9999 -9999     0
2021 02 03 12   126   -24 10177   350    30 -9999 -9999     0
2021 02 03 18    42   -12 10168     0 -9999 -9999 -9999     0
2021 02 03 21    28   -14 10166   180    10 -9999 -9999     0
2021 02 04 00    20   -12 10205   176    11 -9999 -9999 -9999
2021 02 04 03   145     7 10185   170    20 -9999 -9999     0
2021 02 04 06   185   -24 10143   150    50 -9999 -9999     0
2021 02 04 09   205   -39 10112   180    40 -9999 -9999     0
2021 02 04 12   123   -16 10154    10    10 -9999 -9999     0
2021 02 04 18    52   -29 10147   120    10 -9999 -9999     0
2021 02 04 21    27   -24 10151   180    10 -9999 -9999     0
2021 02 05 00    15   -28 10204   180    10 -9999 -9999     0
2021 02 05 03   136   -20 10191   130    20 -9999 -9999     0
2021 02 05 06   185   -42 10143   140    30 -9999 -9999     0
2021 02 05 09   201   -57 10117   170    40 -9999 -9999     0
2021 02 05 12   137   -31 10153   340    20 -9999 -9999     0
2021 02 05 18    53   -21 10141   160    10 -9999 -9999     0
2021 02 05 21    32   -19 10138   180    10 -9999 -9999     0
2021 02 06 00    17   -21 10185   160    10 -9999 -9999     0
2021 02 06 03   145    -8 10171   170    40 -9999 -9999     0
2021 02 06 06   187    -2 10121   180    30 -9999 -9999     0
2021 02 06 09   198   -25 10099   170    40 -9999 -9999     0
2021 02 06 12   142   -35 10134   220     8 -9999 -9999 -9999
2021 02 06 18    57   -12 10133   324     6 -9999 -9999 -9999
2021 02 06 21    63    -9 10121   210    10 -9999 -9999     0
2021 02 07 00    59     2 10155   190    10 -9999 -9999     0
2021 02 07 03   117    22 10175   160    10 -9999 -9999     0
2021 02 07 06   181    -7 10124   110    20 -9999 -9999     0
2021 02 07 09   173    17 10116   170    40 -9999 -9999     0
2021 02 07 12   123    19 10154   350    10 -9999 -9999 -9999
2021 02 07 18    82    18 10154   196     8 -9999 -9999 -9999
2021 02 07 21    67    20 10154   319    15 -9999 -9999 -9999
2021 02 08 00    86    22 10199    30    20 -9999 -9999     0
2021 02 08 03   106    22 10216    30    30 -9999 -9999     0
2021 02 08 06   118     3 10199    70    30 -9999 -9999     0
2021 02 08 09    98    17 10205    60    30 -9999 -9999     0
2021 02 08 12    82    38 10223   102    10 -9999 -9999 -9999
2021 02 08 18    68    41 10217   160    10 -9999 -9999     0
2021 02 08 21    64    11 10196   360    20 -9999 -9999     0
2021 02 09 00    54    27 10218   180    10 -9999 -9999     0
2021 02 09 03    84    22 10216   210    10 -9999 -9999     0
2021 02 09 06   110    13 10180   180    30 -9999 -9999     0
2021 02 09 12    85    26 10182   166     7 -9999 -9999 -9999
2021 02 09 18    36    24 10196   210    10 -9999 -9999     0
2021 02 09 21    16    13 10198   174     7 -9999 -9999 -9999
2021 02 10 00     6     6 10220   180    10 -9999 -9999     0
2021 02 10 03    79    26 10213   220    10 -9999 -9999     0
2021 02 10 06   144    26 10158   160    20 -9999 -9999     0
2021 02 10 09   167    16 10126   160    30 -9999 -9999     0
2021 02 11 00    27    17 10172   170    10 -9999 -9999     0
2021 02 13 12   142    -6 10138   346    31 -9999 -9999 -9999
2021 02 13 18    86     6 10136   330    10 -9999 -9999     0
2021 02 13 21    60    10 10137   170    10 -9999 -9999     0
2021 02 14 00    39    11 10175   170    10 -9999 -9999     0
2021 02 14 03   133    34 10165   200    10 -9999 -9999     0
2021 02 14 06   186    12 10112   150    30 -9999 -9999     0
2021 02 14 09   201     0 10081   170    30 -9999 -9999     0
2021 02 14 12   145     7 10110   340    30 -9999 -9999     0
2021 02 14 18    65    12 10101    88     5 -9999 -9999 -9999
2021 02 14 21    49    12 10097   180    10 -9999 -9999     0
2021 02 15 00    37     9 10140   200    10 -9999 -9999     0
2021 02 15 03   156    13 10126   130    10 -9999 -9999     0
2021 02 15 06   191   -19 10082   240    40 -9999 -9999     0
2021 02 15 09   220   -34 10047   236    23 -9999 -9999 -9999
2021 02 15 12   140   -13 10090    40     6 -9999 -9999 -9999
2021 02 15 18    72     0 10093    50    10 -9999 -9999     0
2021 02 15 21    57     2 10088    36     8 -9999 -9999 -9999
2021 02 16 00    45     5 10148   177     8 -9999 -9999 -9999
2021 02 16 03   151    23 10144   100    10 -9999 -9999     0
2021 02 16 06   191     7 10111   160    30 -9999 -9999     0
2021 02 16 09   170    18 10113    55    37 -9999 -9999 -9999
2021 02 16 12   115     9 10162    21    37 -9999 -9999 -9999
2021 02 16 18    90     7 10154    20    30 -9999 -9999     0
2021 02 16 21    67     6 10170   330    20 -9999 -9999     0
2021 02 17 00    52     8 10213    10    10 -9999 -9999     0
2021 02 17 03   124    20 10199   340    10 -9999 -9999     0
2021 02 17 06   160    34 10155   300    10 -9999 -9999     0
2021 02 17 09   189     5 10116   180    20 -9999 -9999     0
2021 02 17 12   145    21 10148   340    20 -9999 -9999     0
2021 02 17 18    93    22 10169   340    20 -9999 -9999     0
2021 02 17 21    71    20 10165     7    17 -9999 -9999 -9999
2021 02 18 00    61    16 10211     6    27 -9999 -9999 -9999
2021 02 18 03   125    32 10209   210    10 -9999 -9999     0
2021 02 18 06   179    10 10163   160    20 -9999 -9999     0
2021 02 18 09   212    -7 10131   250    20 -9999 -9999     0
2021 02 18 12   148    10 10165   360    20 -9999 -9999     0
2021 02 18 18    70    17 10177   180    10 -9999 -9999     0
2021 02 18 21    50    13 10168   190    10 -9999 -9999     0
2021 02 19 00    40    12 10217   190    10 -9999 -9999     0
2021 02 19 03   147    44 10207   140    10 -9999 -9999     0
2021 02 19 06   202   -15 10159   210    46 -9999 -9999 -9999
2021 02 19 09   219   -27 10128   230    30 -9999 -9999     0
2021 02 20 18    85    30 10120   164     7 -9999 -9999 -9999
2021 02 20 21    60    24 10124   160    11 -9999 -9999 -9999
2021 02 21 00    62    23 10160   211    10 -9999 -9999 -9999
2021 02 21 03   125    45 10161   218    12 -9999 -9999 -9999
2021 02 21 06   202     7 10105   155    35 -9999 -9999 -9999
2021 02 21 09   215   -54 10085   152    28 -9999 -9999 -9999
2021 02 21 18    75    -6 10127   204     9 -9999 -9999 -9999
2021 02 21 21    53     1 10131   170    10 -9999 -9999     0
2021 02 22 00    42     5 10176   186    12 -9999 -9999 -9999
2021 02 22 03   150    29 10161   180    10 -9999 -9999     0
2021 02 22 06   216    23 10104   140    30 -9999 -9999     0
2021 02 22 09   228   -27 10076   190    40 -9999 -9999     0
2021 02 22 12   161     2 10115   350    20 -9999 -9999     0
2021 02 22 18    82    16 10117   180    10 -9999 -9999     0
2021 02 22 21    65    12 10111   200    10 -9999 -9999     0
2021 02 23 00    54    13 10151   170    10 -9999 -9999     0
2021 02 23 03   167    23 10136   159    16 -9999 -9999 -9999
2021 02 23 06   213    21 10092   150    30 -9999 -9999     0
2021 02 23 09   225    -3 10057   170    40 -9999 -9999     0
2021 02 23 12   158    19 10086    30    10 -9999 -9999     0
2021 02 23 18    97     6 10068    80    10 -9999 -9999     0
2021 02 23 21    77     2 10059   320    10 -9999 -9999     0
2021 02 24 00    59     2 10096   190    10 -9999 -9999     0
2021 02 24 03   178   -14 10074   160    30 -9999 -9999     0
2021 02 24 06   209   -22 10034   250    40 -9999 -9999     0
2021 02 24 09   236   -37  9993   212    28 -9999 -9999 -9999
2021 02 24 12   167     0 10029   328     8 -9999 -9999 -9999
2021 02 24 18   147    29 10011   250    20 -9999 -9999     0
2021 02 24 21   102    41 10009    90    10 -9999 -9999     0
2021 02 25 00    87    39 10055   339    15 -9999 -9999 -9999
2021 02 25 03   176    31 10037   120    30 -9999 -9999     0
2021 02 25 06   218     4  9996   160    40 -9999 -9999     0
2021 02 25 09   225    14  9983   139    32 -9999 -9999 -9999
2021 02 25 12   192    30 10008   190    31 -9999 -9999 -9999
2021 02 25 18   130    33 10013   266     7 -9999 -9999 -9999
2021 02 25 21   121    36 10010   213     4 -9999 -9999 -9999
2021 02 26 00   102    44 10052   164     9 -9999 -9999 -9999
2021 02 26 03   174    44 10056   180    20 -9999 -9999     0
2021 02 26 06   212    30 10025   139    22 -9999 -9999 -9999
2021 02 26 09   220    16  9999   176    25 -9999 -9999 -9999
2021 02 26 12   157    33 10038   323    10 -9999 -9999 -9999
2021 02 26 18   103    38 10043   210    10 -9999 -9999     0
2021 02 26 21    82    37 10039   236    10 -9999 -9999 -9999
2021 02 27 00    79    37 10069   220    10 -9999 -9999     0
2021 02 27 03   172    52 10052   170    60 -9999 -9999     0
2021 02 27 06   196    45 10027   207    31 -9999 -9999 -9999
2021 02 27 09   184    27 10025   200    50 -9999 -9999     0
2021 02 27 12   172    38 10042   198    27 -9999 -9999 -9999
2021 02 27 18   157    28 10015   196    32 -9999 -9999 -9999
2021 02 27 21   148    17 10006   200    30 -9999 -9999     0
2021 02 28 00   133    16 10029   170    10 -9999 -9999     0
2021 02 28 03   174    22 10026   160    40 -9999 -9999     0
2021 02 28 06   208    31  9995   200    60 -9999 -9999     0
2021 02 28 09   203    26  9984   190    30 -9999 -9999     0
2021 02 28 12   185    19 10012   200    40 -9999 -9999     0
2021 02 28 18   120    35 10050   360    20 -9999 -9999     0
2021 02 28 21   106    32 10066   360    20 -9999 -9999     0
2021 03 01 00    87    34 10109   180     7 -9999 -9999 -9999
2021 03 01 03   142    34 10127    60    20 -9999 -9999     0
2021 03 01 06   143    28 10148    70    40 -9999 -9999     0
2021 03 01 09   135    12 10140    60    40 -9999 -9999     0
2021 03 01 12   106     3 10176    40    20 -9999 -9999     0
2021 03 01 18    76   -11 10188    20    30 -9999 -9999     0
2021 03 01 21    52     0 10180   303    13 -9999 -9999 -9999
2021 03 02 00    35    -1 10203   190    10 -9999 -9999     0
2021 03 02 03   119     0 10175   190    20 -9999 -9999     0
2021 03 02 06   197    26 10101   190    40 -9999 -9999     0
2021 03 02 09   215    17 10069   229    37 -9999 -9999 -9999
2021 03 02 12   186     2 10093   217    26 -9999 -9999 -9999
2021 03 02 18    92    28 10105     0 -9999 -9999 -9999     0
2021 03 02 21    88    24 10097   320    10 -9999 -9999     0
2021 03 03 00    67    24 10128    17    13 -9999 -9999 -9999
2021 03 03 03   184     5 10111   170    30 -9999 -9999     0
2021 03 03 06   206    -7 10086   240    50 -9999 -9999     0
2021 03 03 09   210   -15 10062   240    50 -9999 -9999     0
2021 03 03 12   176   -16 10101   220    10 -9999 -9999     0
2021 03 03 18   135    17 10090   192    12 -9999 -9999 -9999
2021 03 03 21    99    23 10090   180    10 -9999 -9999     0
2021 03 04 00    80    20 10120   290    10 -9999 -9999     0
2021 03 04 03   178     5 10091   220    30 -9999 -9999     0
2021 03 04 06   200    -1 10054   230    50 -9999 -9999     0
2021 03 04 09   210     8 10040   210    40 -9999 -9999     0
2021 03 04 12   175   -12 10073   200    20 -9999 -9999     0
2021 03 04 18   143    -6 10060   240    20 -9999 -9999     0
2021 03 04 21   106     3 10062   160    10 -9999 -9999     0
2021 03 05 00    81     6 10098   210    10 -9999 -9999     0
2021 03 05 03   178   -14 10074   200    50 -9999 -9999     0
2021 03 05 06   207    -5 10037   234    45 -9999 -9999 -9999
2021 03 05 09   190   -38 10044   190    40 -9999 -9999     0
2021 03 05 12   172   -19 10078   190    30 -9999 -9999     0
2021 03 05 18   115    14 10092     0 -9999 -9999 -9999     0
2021 03 05 21    98     9 10106   290    10 -9999 -9999     0
2021 03 06 00    88     8 10139   360    10 -9999 -9999     0
2021 03 06 03   170     6 10133   160    40 -9999 -9999     0
2021 03 06 06   190   -15 10111   250    39 -9999 -9999 -9999
2021 03 06 09   187    -2 10100   220    30 -9999 -9999     0
2021 03 06 12   134    32 10149   310    10 -9999 -9999     0
2021 03 06 18    95    30 10142   139     8 -9999 -9999 -9999
2021 03 06 21    70    25 10141     0 -9999 -9999 -9999     0
2021 03 07 00    76    25 10169   190    10 -9999 -9999     0
2021 03 07 03   150    29 10155   159    16 -9999 -9999 -9999
2021 03 07 06   187    13 10111   261    46 -9999 -9999 -9999
2021 03 07 09   200    14 10084   210    30 -9999 -9999     0
2021 03 07 12   165    14 10111   256    11 -9999 -9999 -9999
2021 03 07 18    88    28 10131    10    10 -9999 -9999     0
2021 03 07 21    68    21 10129   100    10 -9999 -9999     0
2021 03 08 00    55    14 10160   173    10 -9999 -9999 -9999
2021 03 08 03   169    21 10137   160    30 -9999 -9999     0
2021 03 08 06   204   -26 10108   230    40 -9999 -9999     0
2021 03 08 09   221   -26 10073   270    30 -9999 -9999     0
2021 03 08 12   197    -9 10100   200    20 -9999 -9999     0
2021 03 08 18   140    26 10096    20    20 -9999 -9999     0
2021 03 08 21   124    26 10084   350    20 -9999 -9999     0
2021 03 09 00   106    27 10115   350    23 -9999 -9999 -9999
2021 03 09 03   181    39 10107   140    20 -9999 -9999     0
2021 03 09 06   197    17 10089   202    31 -9999 -9999 -9999
2021 03 09 09   207    16 10073   190    40 -9999 -9999     0
2021 03 09 12   170    26 10100   170    10 -9999 -9999     0
2021 03 09 18   118    52 10105    20    10 -9999 -9999     0
2021 03 09 21   115    45 10094   160    10 -9999 -9999     0
2021 03 10 00    87    46 10134   286     9 -9999 -9999 -9999
2021 03 10 03   176    39 10118   160    30 -9999 -9999     0
2021 03 10 06   215    27 10080   240    40 -9999 -9999     0
2021 03 10 09   227    17 10050   190    40 -9999 -9999     0
2021 03 10 12   194    19 10086   180    20 -9999 -9999     0
2021 03 10 18   128    37 10107   330    10 -9999 -9999     0
2021 03 10 21   105    32 10108    12    16 -9999 -9999 -9999
2021 03 11 00    82    37 10150   156     4 -9999 -9999 -9999
2021 03 11 03   180    35 10145   133    24 -9999 -9999 -9999
2021 03 11 06   217    24 10100   164    32 -9999 -9999 -9999
2021 03 11 09   222    13 10088   173    23 -9999 -9999 -9999
2021 03 11 12   175    37 10121   318    14 -9999 -9999 -9999
2021 03 11 18   105    33 10126   150    10 -9999 -9999     0
2021 03 11 21    81    28 10129   180    10 -9999 -9999     0
2021 03 12 00    67    27 10170   164     4 -9999 -9999 -9999
2021 03 12 03   189    10 10147   150    30 -9999 -9999     0
2021 03 12 06   231     9 10109   180    30 -9999 -9999     0
2021 03 12 09   242   -15 10088   252    30 -9999 -9999 -9999
2021 03 12 12   177    36 10129   330    10 -9999 -9999     0
2021 03 12 18   105    20 10130   179     9 -9999 -9999 -9999
2021 03 12 21    86    24 10129   178    11 -9999 -9999 -9999
2021 03 13 00    77    21 10175   178    11 -9999 -9999 -9999
2021 03 13 03   191    33 10158   240    10 -9999 -9999     0
2021 03 13 06   240    28 10115   146    27 -9999 -9999 -9999
2021 03 13 09   257    -4 10077   160    30 -9999 -9999     0
2021 03 13 12   185    36 10103   335    13 -9999 -9999 -9999
2021 03 13 18   112    37 10089     0 -9999 -9999 -9999     0
2021 03 13 21    93    31 10071   180    10 -9999 -9999     0
2021 03 14 00    85    33 10114   180    10 -9999 -9999     0
2021 03 14 03   202    11 10089   150    50 -9999 -9999     0
2021 03 14 06   239     3 10046   260    50 -9999 -9999     0
2021 03 14 09   256   -12 10015   230    50 -9999 -9999     0
2021 03 14 12   215     1 10044   228    20 -9999 -9999 -9999
2021 03 14 18   138    24 10048   180    20 -9999 -9999     0
2021 03 14 21   104    27 10047   170    10 -9999 -9999     0
2021 03 15 00    93    28 10081   120    10 -9999 -9999     0
2021 03 15 03   204    18 10058   180    40 -9999 -9999     0
2021 03 15 06   242     5 10035   196    31 -9999 -9999 -9999
2021 03 15 09   256    10 10017   240    30 -9999 -9999     0
2021 03 15 12   197    26 10050    30    10 -9999 -9999     0
2021 03 15 18   122    39 10050   217     3 -9999 -9999 -9999
2021 03 15 21   108    34 10047   310    10 -9999 -9999     0
2021 03 16 00    90    22 10091     5    11 -9999 -9999 -9999
2021 03 16 03   204    -3 10073   170    30 -9999 -9999     0
2021 03 16 06   238   -19 10041   180    50 -9999 -9999     0
2021 03 16 09   254   -22 10015   250    50 -9999 -9999     0
2021 03 16 12   195     4 10052   329    10 -9999 -9999 -9999
2021 03 16 18   141    20 10050   150    10 -9999 -9999     0
2021 03 16 21   101    32 10056   360    10 -9999 -9999     0
2021 03 17 00    93    31 10099   160    10 -9999 -9999     0
2021 03 17 03   212    10 10080   150    30 -9999 -9999     0
2021 03 17 06   250     5 10035   215    35 -9999 -9999 -9999
2021 03 17 09   273   -46 10005   210    50 -9999 -9999     0
2021 03 17 12   218   -43 10040   180    10 -9999 -9999     0
2021 03 17 18   131     2 10051   290    10 -9999 -9999     0
2021 03 17 21   115     0 10049   320    16 -9999 -9999 -9999
2021 03 18 00    95    13 10097   162     7 -9999 -9999 -9999
2021 03 18 03   213    -1 10059   160    30 -9999 -9999     0
2021 03 18 06   253   -32 10037   230    40 -9999 -9999     0
2021 03 18 09   268   -50 10007   250    40 -9999 -9999     0
2021 03 18 12   212   -32 10044   201    15 -9999 -9999 -9999
2021 03 18 18   136    19 10047   340    10 -9999 -9999     0
2021 03 18 21   111    29 10050   150    10 -9999 -9999     0
2021 03 19 00   100    32 10093    28     7 -9999 -9999 -9999
2021 03 19 03   217     8 10058   160    30 -9999 -9999     0
2021 03 19 06   246   -37 10038   245    50 -9999 -9999 -9999
2021 03 19 09   270   -27 10000   270    40 -9999 -9999     0
2021 03 19 12   214   -18 10039   200    10 -9999 -9999     0
2021 03 19 18   147    16 10034   180    10 -9999 -9999     0
2021 03 19 21   109    20 10037   280    10 -9999 -9999     0
2021 03 20 00   106    14 10075   160    10 -9999 -9999     0
2021 03 20 03   188    13 10056   150    10 -9999 -9999     0
2021 03 20 06   240   -18 10019   162    55 -9999 -9999 -9999
2021 03 20 09   251   -33 10003   180    50 -9999 -9999     0
2021 03 20 12   208     1 10032   170    10 -9999 -9999     0
2021 03 20 18   155    13 10040   170    10 -9999 -9999     0
2021 03 20 21   136    31 10046    30    10 -9999 -9999     0
2021 03 21 00   126    22 10105    18    28 -9999 -9999 -9999
2021 03 21 03   140    19 10141    56    26 -9999 -9999 -9999
2021 03 21 06   172    29 10101    81    18 -9999 -9999 -9999
2021 03 21 09   203    39 10060   190    30 -9999 -9999     0
2021 03 21 12   149    24 10114    50    40 -9999 -9999     0
2021 03 21 18    77     0 10200    30    40 -9999 -9999     0
2021 03 21 21    80    -5 10184    40    32 -9999 -9999 -9999
2021 03 22 00    81    -4 10215    37    14 -9999 -9999 -9999
2021 03 22 03    92    11 10247    50    10 -9999 -9999     0
2021 03 22 06   105    31 10218   170    10 -9999 -9999     0
2021 03 22 09   132    30 10166   137     9 -9999 -9999 -9999
2021 03 22 12   126    43 10165   310    20 -9999 -9999 -9999
2021 03 22 18   120    63 10180   300    10 -9999 -9999     0
2021 03 22 21   116    57 10154     0 -9999 -9999 -9999     0
2021 03 23 00   107    53 10172   351     9 -9999 -9999 -9999
2021 03 23 03   161    68 10161   170    20 -9999 -9999     0
2021 03 23 06   213    64 10101   110    30 -9999 -9999     0
2021 03 23 09   242    12 10059   148    27 -9999 -9999 -9999
2021 03 23 12   176    42 10092   337    14 -9999 -9999 -9999
2021 03 23 18   107    40 10096   116     4 -9999 -9999 -9999
2021 03 23 21    89    37 10079   190    10 -9999 -9999     0
2021 03 24 00    83    36 10115   170    10 -9999 -9999     0
2021 03 24 03   200    64 10083   150    30 -9999 -9999     0
2021 03 24 06   244     7 10043   230    40 -9999 -9999     0
2021 03 24 09   264     9 10005   220    30 -9999 -9999     0
2021 03 24 12   192    49 10040   352     8 -9999 -9999 -9999
2021 03 24 18   120    45 10037    40    10 -9999 -9999     0
2021 03 24 21   106    45 10035    89     4 -9999 -9999 -9999
2021 03 25 00   101    49 10082   170    10 -9999 -9999     0
2021 03 25 03   220    41 10060   150    20 -9999 -9999     0
2021 03 25 06   250     5 10027   240    40 -9999 -9999     0
2021 03 25 09   268   -11  9995   250    50 -9999 -9999     0
2021 03 25 12   234    17 10016   200    30 -9999 -9999     0
2021 03 25 18   188    26 10011   220    20 -9999 -9999     0
2021 03 25 21   128    35 10020   180    10 -9999 -9999     0
2021 03 26 00   112    47 10064    70    10 -9999 -9999     0
2021 03 26 03   219    21 10044   180    40 -9999 -9999     0
2021 03 26 06   245    26 10011   260    50 -9999 -9999     0
2021 03 26 09   270   -37  9991   210    40 -9999 -9999     0
2021 03 26 12   225    -3 10022   236    11 -9999 -9999 -9999
2021 03 26 18   130    42 10045   360     1 -9999 -9999 -9999
2021 03 26 21   130    23 10029   110    10 -9999 -9999     0
2021 03 27 00   102    26 10071    40    10 -9999 -9999     0
2021 03 27 03   214     6 10065   170    30 -9999 -9999     0
2021 03 27 06   245   -14 10029   160    40 -9999 -9999     0
2021 03 27 09   268   -11  9989   160    40 -9999 -9999     0
2021 03 27 12   205     3 10038   212     8 -9999 -9999 -9999
2021 03 27 18   128    15 10052   130    10 -9999 -9999     0
2021 03 27 21   101    20 10046   150    10 -9999 -9999     0
2021 03 28 00    96    13 10089   360     2 -9999 -9999 -9999
2021 03 28 03   204    23 10074   160    30 -9999 -9999     0
2021 03 28 06   247     9 10028   120    20 -9999 -9999     0
2021 03 28 09   261   -17  9997   213    38 -9999 -9999 -9999
2021 03 28 12   194    32 10020   300    10 -9999 -9999     0
2021 03 28 18   173    -4 10001   170    20 -9999 -9999     0
2021 03 28 21   170   -21  9993   203    20 -9999 -9999 -9999
2021 03 29 00   139     9 10044   180    10 -9999 -9999     0
2021 03 29 03   204   -26 10045   190    20 -9999 -9999     0
2021 03 29 06   245   -47  9987   259    23 -9999 -9999 -9999
2021 03 29 09   257   -69  9944   210    30 -9999 -9999     0
2021 03 29 12   231   -78  9963   211    21 -9999 -9999 -9999
2021 03 29 18   157   -37  9979   236    15 -9999 -9999 -9999
2021 03 29 21   113   -15  9983   300    10 -9999 -9999     0
2021 03 30 00   102    16 10016    70    10 -9999 -9999     0
2021 03 30 03   203    12  9990   180    30 -9999 -9999     0
2021 03 30 06   240   -10  9964   230    40 -9999 -9999     0
2021 03 30 09   253    -7  9950   200    30 -9999 -9999     0
2021 03 30 12   220     4  9983   220    19 -9999 -9999 -9999
2021 03 30 18   170    30  9983   185    13 -9999 -9999 -9999
2021 03 30 21   134    40  9977   280    10 -9999 -9999     0
2021 03 31 00   121    41 10005   182    12 -9999 -9999 -9999
2021 03 31 03   203    35  9995   160    30 -9999 -9999     0
2021 03 31 06   229    44  9968   180    50 -9999 -9999     0
2021 03 31 09   239    32  9957   200    40 -9999 -9999     0
2021 03 31 12   212    30  9987   203    43 -9999 -9999 -9999
2021 03 31 18   123    50 10012   310    10 -9999 -9999     0
2021 03 31 21   128    50 10000    20    10 -9999 -9999     0
2021 04 01 00   135    61 10027    30    20 -9999 -9999 -9999
2021 04 01 03   180    85 10051   199    11 -9999 -9999 -9999
2021 04 01 06   213    86 10032   180    40 -9999 -9999     0
2021 04 01 09   223    77 10005   210    30 -9999 -9999     0
2021 04 01 12   194    75 10012     0 -9999 -9999 -9999 -9999
2021 04 01 18   135    61 10033    60    10 -9999 -9999     0
2021 04 01 21   108    49 10041     0 -9999 -9999 -9999     0
2021 04 02 00   102    58 10076    90    10 -9999 -9999     0
2021 04 02 03   217    -3 10040   270    30 -9999 -9999     0
2021 04 02 06   246     8 10030   235    41 -9999 -9999 -9999
2021 04 02 09   232   -10 10026   234    40 -9999 -9999 -9999
2021 04 02 12   212    21 10047   201    38 -9999 -9999 -9999
2021 04 02 18   117    49 10068   102     8 -9999 -9999 -9999
2021 04 02 21    90    42 10082   230    10 -9999 -9999     0
2021 04 03 00    92    40 10114   192    11 -9999 -9999 -9999
2021 04 03 03   213    44 10090   170    40 -9999 -9999     0
2021 04 03 06   246   -20 10068   250    50 -9999 -9999     0
2021 04 03 09   268   -11 10038   220    30 -9999 -9999     0
2021 04 03 12   230   -18 10059   194    24 -9999 -9999 -9999
2021 04 03 18   146    37 10070    30    10 -9999 -9999     0
2021 04 03 21   125    32 10065   174     8 -9999 -9999 -9999
2021 04 04 00   126    30 10096   200    10 -9999 -9999     0
2021 04 04 03   197    50 10088   210    10 -9999 -9999     0
2021 04 04 06   237   -36 10065   160    40 -9999 -9999     0
2021 04 04 09   235   -47 10050   174    31 -9999 -9999 -9999
2021 04 04 12   198   -13 10078   190    10 -9999 -9999     0
2021 04 04 18   170    53 10075     8     6 -9999 -9999 -9999
2021 04 04 21   155    50 10078   345    13 -9999 -9999 -9999
2021 04 05 00   145    61 10117   180    10 -9999 -9999 -9999
2021 04 05 03   199    36 10104   110    20 -9999 -9999     0
2021 04 05 06   216    13 10084   180    40 -9999 -9999     0
2021 04 05 09   204    13 10075   160    40 -9999 -9999     0
2021 04 05 12   182    37 10097   180    20 -9999 -9999     0
2021 04 05 18   145    78 10114   170    10 -9999 -9999 -9999
2021 04 05 21   122    94 10122   210    10 -9999 -9999     1
2021 04 06 00   115   115 10156   199    11 -9999 -9999    18
2021 04 06 03   121   121 10168   170    20 -9999 -9999    40
2021 04 06 06   127   119 10156   148    25 -9999 -9999    57
2021 04 06 09   135   109 10134   164    19 -9999 -9999    39
2021 04 06 12   125   112 10146     0 -9999 -9999 -9999     8
2021 04 06 18   122 -9999 10153   121    10 -9999 -9999 -9999
2021 04 06 21   122   122 10140   150    10 -9999 -9999     0
2021 04 07 00   117   117 10163   200    10 -9999 -9999     0
2021 04 07 03   155   101 10155   130    20 -9999 -9999     0
2021 04 07 06   195    91 10101    82    16 -9999 -9999 -9999
2021 04 07 09   222    76 10055   170    20 -9999 -9999     0
2021 04 07 12   182    94 10072   335    19 -9999 -9999 -9999
2021 04 07 18   142    96 10085   302    15 -9999 -9999 -9999
2021 04 07 21   135    93 10078   329    12 -9999 -9999 -9999
2021 04 08 00   136    80 10114   360    30 -9999 -9999     0
2021 04 08 03   178    89 10112    40    20 -9999 -9999     0
2021 04 08 06   218    80 10069   120    20 -9999 -9999     0
2021 04 08 09   237    73 10036   170    30 -9999 -9999     0
2021 04 08 12   202    76 10055    95    24 -9999 -9999 -9999
2021 04 08 18   143    87 10074   320    10 -9999 -9999     0
2021 04 08 21   121    88 10071   210    10 -9999 -9999     0
2021 04 09 00   116    92 10100   190    10 -9999 -9999     0
2021 04 09 03   199    86 10086   170    30 -9999 -9999     0
2021 04 09 06   242    61 10044   191    37 -9999 -9999 -9999
2021 04 09 09   257    53 10017   170    40 -9999 -9999     0
2021 04 09 12   218    69 10040   140    10 -9999 -9999     0
2021 04 09 18   130    83 10064   330    10 -9999 -9999     0
2021 04 09 21   116    71 10068    15     4 -9999 -9999 -9999
2021 04 10 00   125    82 10100   351    12 -9999 -9999 -9999
2021 04 10 03   224    74 10085   160    30 -9999 -9999     0
2021 04 10 06   254    40 10056   240    40 -9999 -9999     0
2021 04 10 09   280    50 10016   180    30 -9999 -9999     0
2021 04 10 12   240    22 10034   200    30 -9999 -9999     0
2021 04 10 18   141    62 10064   140    10 -9999 -9999     0
2021 04 10 21   118    61 10064     0 -9999 -9999 -9999     0
2021 04 11 00   130    66 10095   332    13 -9999 -9999 -9999
2021 04 11 03   234    58 10088   190    40 -9999 -9999     0
2021 04 11 06   260    50 10060   233    51 -9999 -9999 -9999
2021 04 11 09   257    58 10034   190    30 -9999 -9999     0
2021 04 11 12   237    36 10046   240    20 -9999 -9999     0
2021 04 11 18   149    72 10072   350    10 -9999 -9999     0
2021 04 11 21   138    62 10079   360    20 -9999 -9999     0
2021 04 12 00   127    74 10109   170    10 -9999 -9999     0
2021 04 12 03   226    76 10093   160    30 -9999 -9999     0
2021 04 12 06   265    43 10053   190    40 -9999 -9999     0
2021 04 12 09   281    31 10015   164    38 -9999 -9999 -9999
2021 04 12 12   237    25 10042   220    10 -9999 -9999     0
2021 04 12 18   155    54 10055   260    10 -9999 -9999     0
2021 04 12 21   118    57 10065     0 -9999 -9999 -9999     0
2021 04 13 00   129    56 10095   160    10 -9999 -9999     0
2021 04 13 03   232    42 10059   190    30 -9999 -9999     0
2021 04 13 06   271    22 10037   220    40 -9999 -9999     0
2021 04 13 09   283     1 10009   230    50 -9999 -9999     0
2021 04 13 12   244     0 10026   230    20 -9999 -9999     0
2021 04 13 18   153    25 10052   220    10 -9999 -9999     0
2021 04 13 21   130    34 10055   115    13 -9999 -9999 -9999
2021 04 14 00   128    43 10087   180    10 -9999 -9999     0
2021 04 14 03   230    44 10064   152    29 -9999 -9999 -9999
2021 04 14 06   259    12 10035   220    40 -9999 -9999     0
2021 04 14 09   272   -17 10005   240    40 -9999 -9999     0
2021 04 14 12   239   -26 10024   220    20 -9999 -9999     0
2021 04 14 18   130    14 10048   100    10 -9999 -9999     0
2021 04 14 21   111    24 10051   300    10 -9999 -9999     0
2021 04 15 00   112    23 10074   168     7 -9999 -9999 -9999
2021 04 15 03   226    27 10068   143    27 -9999 -9999 -9999
2021 04 15 06   265   -14 10028   238    40 -9999 -9999 -9999
2021 04 15 09   276    12  9999   170    40 -9999 -9999     0
2021 04 15 12   222    52 10027   330    10 -9999 -9999     0
2021 04 15 18   173    39 10029   340    20 -9999 -9999     0
2021 04 15 21   147    50 10038   164     8 -9999 -9999 -9999
2021 04 16 00   156    58 10075    20    10 -9999 -9999     0
2021 04 16 03   218    57 10080   190    20 -9999 -9999     0
2021 04 16 06   260     6 10037   170    40 -9999 -9999     0
2021 04 16 09   265    24 10023   260    30 -9999 -9999     0
2021 04 16 12   218    69 10046    50    10 -9999 -9999     0
2021 04 16 18   188    76 10072    10    40 -9999 -9999     0
2021 04 16 21   153   107 10092    20    20 -9999 -9999     1
2021 04 17 00   150   108 10122   360    20 -9999 -9999     1
2021 04 17 03   199   103 10113   210    10 -9999 -9999     0
2021 04 17 06   222    76 10083   190    40 -9999 -9999     0
2021 04 17 09   233    78 10060   180    50 -9999 -9999     0
2021 04 17 12   198    91 10086   180    20 -9999 -9999     0
2021 04 17 18   148    87 10097   220    10 -9999 -9999     0
2021 04 17 21   133    92 10094   190    10 -9999 -9999     0
2021 04 18 00   138    95 10111   180    10 -9999 -9999     0
2021 04 18 03   186    94 10100   120    20 -9999 -9999     0
2021 04 18 06   241    93 10043    90    20 -9999 -9999     0
2021 04 18 09   259    65 10004   170    40 -9999 -9999     0
2021 04 18 12   226    87 10013   300    20 -9999 -9999     0
2021 04 18 18   189    74 10015   280    10 -9999 -9999     0
2021 04 18 21   141    72 10021   320    10 -9999 -9999     0
2021 04 19 00   151    76 10043   350    10 -9999 -9999     0
2021 04 19 03   221    75 10031   160    40 -9999 -9999     0
2021 04 19 06   256    63  9984   182    41 -9999 -9999 -9999
2021 04 19 09   271    22  9964   190    50 -9999 -9999     0
2021 04 19 12   235    40  9986   190    50 -9999 -9999     0
2021 04 19 18   150    52 10015   330    10 -9999 -9999     0
2021 04 19 21   127    54 10015   290    10 -9999 -9999     0
2021 04 20 00   140    59 10048   340    10 -9999 -9999     0
2021 04 20 03   214    53 10037   150    30 -9999 -9999     0
2021 04 20 06   252    33 10011   225    33 -9999 -9999 -9999
2021 04 20 09   266    38  9990   170    40 -9999 -9999     0
2021 04 20 12   232    37 10002   290    20 -9999 -9999     0
2021 04 20 18   153    52 10031   150    10 -9999 -9999     0
2021 04 20 21   126    48 10033   200    10 -9999 -9999     0
