2021 01 01 00    30    21 10215   201     4 -9999 -9999 -9999
2021 01 01 03   116    43 10215    67     6 -9999 -9999 -9999
2021 01 01 06   187   -23 10169   220    73 -9999 -9999 -9999
2021 01 01 09   187     9 10159   227    42 -9999 -9999 -9999
2021 01 01 12   117    38 10198   228    29 -9999 -9999 -9999
2021 01 01 18    55    37 10172   360     1 -9999 -9999 -9999
2021 01 01 21    37    28 10174     2     4 -9999 -9999 -9999
2021 01 02 00    22    14 10215   360     1 -9999 -9999 -9999
2021 01 02 03   105    46 10214    83     6 -9999 -9999 -9999
2021 01 02 06   177   -31 10169   195    69 -9999 -9999 -9999
2021 01 02 09   181   -17 10152   211    64 -9999 -9999 -9999
2021 01 02 12   110    10 10195   217    20 -9999 -9999 -9999
2021 01 02 18    42    15 10170   250     8 -9999 -9999 -9999
2021 01 02 21    25    10 10170   203     6 -9999 -9999 -9999
2021 01 03 00    10     0 10217    25     6 -9999 -9999 -9999
2021 01 03 03   105    12 10220    64     5 -9999 -9999 -9999
2021 01 03 06   180   -53 10168   213    30 -9999 -9999 -9999
2021 01 03 09   192   -36 10151   231    43 -9999 -9999 -9999
2021 01 03 12   112    17 10199   250    30 -9999 -9999 -9999
2021 01 03 18    42    17 10179   360     2 -9999 -9999 -9999
2021 01 03 21    27    12 10179   360     2 -9999 -9999 -9999
2021 01 04 00    20     4 10230   360     2 -9999 -9999 -9999
2021 01 04 03   107    30 10230    15     5 -9999 -9999 -9999
2021 01 04 06   195    19 10169   221    62 -9999 -9999 -9999
2021 01 04 09   202    30 10153   210    61 -9999 -9999 -9999
2021 01 04 12   132    45 10193   245    37 -9999 -9999 -9999
2021 01 04 18    70    35 10166   360     2 -9999 -9999 -9999
2021 01 04 21    46    23 10168   171    16 -9999 -9999 -9999
2021 01 05 00    35    22 10212   360     2 -9999 -9999 -9999
2021 01 05 03   122    43 10206    35     6 -9999 -9999 -9999
2021 01 05 06   205    33 10150   212    70 -9999 -9999 -9999
2021 01 05 09   207    40 10141   219    68 -9999 -9999 -9999
2021 01 05 12   162    55 10181   227    39 -9999 -9999 -9999
2021 01 05 18    80    26 10154   360     2 -9999 -9999 -9999
2021 01 05 21    52    25 10154   334     6 -9999 -9999 -9999
2021 01 06 00    45    26 10175   284     3 -9999 -9999 -9999
2021 01 06 03   162    26 10152   161    37 -9999 -9999 -9999
2021 01 06 06   205     4 10119   220    71 -9999 -9999 -9999
2021 01 06 09   207    11 10104   246    69 -9999 -9999 -9999
2021 01 06 12   175    -8 10132   251    23 -9999 -9999 -9999
2021 01 06 18   105    10 10112   215    19 -9999 -9999 -9999
2021 01 06 21   105    18 10102   208    12 -9999 -9999 -9999
2021 01 07 00   132    18 10110   151    50 -9999 -9999 -9999
2021 01 07 03   150    41 10147   163    61 -9999 -9999 -9999
2021 01 07 06   195    48 10107   252    74 -9999 -9999 -9999
2021 01 07 09   180    41 10098   237    68 -9999 -9999 -9999
2021 01 07 12   152    47 10108   174    34 -9999 -9999 -9999
2021 01 07 18    82    38 10128   314     4 -9999 -9999 -9999
2021 01 07 21    57    35 10136   198     7 -9999 -9999 -9999
2021 01 08 00    37    25 10167   360     1 -9999 -9999 -9999
2021 01 08 03   117    41 10179   356     7 -9999 -9999 -9999
2021 01 08 06   183   -26 10133   230    60 -9999 -9999     0
2021 01 08 09   193   -23 10116   210    60 -9999 -9999     0
2021 01 08 12   142   -18 10153   230    30 -9999 -9999     0
2021 01 08 18    43     6 10149    20    10 -9999 -9999     0
2021 01 08 21    40    -3 10136   169     8 -9999 -9999 -9999
2021 01 09 00    25    -1 10168   211     7 -9999 -9999 -9999
2021 01 09 03   126    13 10166   110    16 -9999 -9999 -9999
2021 01 09 06   187    -6 10128   217    78 -9999 -9999 -9999
2021 01 09 09   190    35 10104   220    64 -9999 -9999 -9999
2021 01 09 12   147    42 10138   181    48 -9999 -9999 -9999
2021 01 09 18   100     0 10108   149    43 -9999 -9999 -9999
2021 01 09 21   110    -5 10093   159    51 -9999 -9999 -9999
2021 01 10 00   100    13 10123   168    31 -9999 -9999 -9999
2021 01 10 03   156    24 10141   203    69 -9999 -9999 -9999
2021 01 10 06   181    36 10101   220    73 -9999 -9999 -9999
2021 01 10 09   192    38 10064   213    54 -9999 -9999 -9999
2021 01 10 12   156    31 10097   156    54 -9999 -9999 -9999
2021 01 10 18    95    29 10116   217    24 -9999 -9999 -9999
2021 01 10 21    71    30 10127   134     5 -9999 -9999 -9999
2021 01 11 00    57    26 10170    52     9 -9999 -9999 -9999
2021 01 11 03   130    37 10184    93     7 -9999 -9999 -9999
2021 01 11 06   177    53 10145   215    69 -9999 -9999 -9999
2021 01 11 09   185    32 10127   204    71 -9999 -9999 -9999
2021 01 11 12   142    61 10163   235    33 -9999 -9999 -9999
2021 01 11 18    67    46 10171   272    10 -9999 -9999 -9999
2021 01 11 21    70    17 10180   174    27 -9999 -9999 -9999
2021 01 12 00    71     1 10208    28    39 -9999 -9999 -9999
2021 01 12 03    75    -8 10241    18    45 -9999 -9999 -9999
2021 01 12 06    86   -12 10219    81    14 -9999 -9999 -9999
2021 01 12 09    86    -7 10194   126    36 -9999 -9999 -9999
2021 01 12 12    75    -3 10197   124    22 -9999 -9999 -9999
2021 01 12 18    62    11 10200    57    11 -9999 -9999 -9999
2021 01 12 21    40     7 10199    25     6 -9999 -9999 -9999
2021 01 13 00    22     2 10214   184     6 -9999 -9999 -9999
2021 01 13 03    77    11 10207   358     7 -9999 -9999 -9999
2021 01 13 06   147     9 10147   248    64 -9999 -9999 -9999
2021 01 13 09   162     3 10125   241    44 -9999 -9999 -9999
2021 01 13 12   101    22 10167   239    29 -9999 -9999 -9999
2021 01 13 18    50    -3 10156   124    14 -9999 -9999 -9999
2021 01 13 21    25     7 10156   217     4 -9999 -9999 -9999
2021 01 14 00    12    -1 10195   341     4 -9999 -9999 -9999
2021 01 14 03    92     9 10195   136     9 -9999 -9999 -9999
2021 01 14 06   150    25 10152   115    21 -9999 -9999 -9999
2021 01 14 09   165    17 10135   230    43 -9999 -9999 -9999
2021 01 14 12   112    33 10167   225    21 -9999 -9999 -9999
2021 01 14 18    50    29 10156   360     2 -9999 -9999 -9999
2021 01 14 21    32    18 10149   360     0 -9999 -9999 -9999
2021 01 15 00    37    22 10174   303     3 -9999 -9999 -9999
2021 01 15 03   102    37 10182    93     6 -9999 -9999 -9999
2021 01 15 06   157    -8 10133   205    44 -9999 -9999 -9999
2021 01 15 09   165    -7 10115   227    39 -9999 -9999 -9999
2021 01 15 12   117    27 10142   229    25 -9999 -9999 -9999
2021 01 15 18    50    18 10134     4     6 -9999 -9999 -9999
2021 01 15 21    41    21 10128   140     9 -9999 -9999 -9999
2021 01 16 00    27    14 10162   211     3 -9999 -9999 -9999
2021 01 16 03   100    35 10172    65     5 -9999 -9999 -9999
2021 01 16 06   147    26 10132   228    49 -9999 -9999 -9999
2021 01 16 09   162    29 10117   223    33 -9999 -9999 -9999
2021 01 16 12   106    39 10160   239    23 -9999 -9999 -9999
2021 01 16 18    77    44 10160   191     7 -9999 -9999 -9999
2021 01 16 21    70    47 10164   223    10 -9999 -9999 -9999
2021 01 17 00    46    34 10213   215     7 -9999 -9999 -9999
2021 01 17 03   107    46 10227   359     6 -9999 -9999 -9999
2021 01 17 06   152    49 10181    31    15 -9999 -9999 -9999
2021 01 17 09   166    53 10158   208    44 -9999 -9999 -9999
2021 01 17 12   117    59 10200   192    15 -9999 -9999 -9999
2021 01 17 18    65    47 10208    69     3 -9999 -9999 -9999
2021 01 17 21    62    48 10203   204     5 -9999 -9999 -9999
2021 01 18 00    77    55 10222   360     0 -9999 -9999 -9999
2021 01 18 03   101    36 10245   112    14 -9999 -9999 -9999
2021 01 18 06   135    43 10204   152    14 -9999 -9999 -9999
2021 01 18 09   147    47 10171   112    19 -9999 -9999 -9999
2021 01 18 12   120    55 10179   216     7 -9999 -9999 -9999
2021 01 18 18    87    77 10162   206     7 -9999 -9999    12
2021 01 18 21    62    53 10152   326     5 -9999 -9999    13
2021 01 19 00    50    44 10171   360     1 -9999 -9999     2
2021 01 19 03    92    83 10177    98    11 -9999 -9999     1
2021 01 19 06   100    89 10154   191    12 -9999 -9999    43
2021 01 19 09   115    81 10135   237    55 -9999 -9999    44
2021 01 19 12   110    75 10148   248    52 -9999 -9999    12
2021 01 19 18    97    65 10141   176    17 -9999 -9999     7
2021 01 19 21    80    59 10131   219    33 -9999 -9999     3
2021 01 20 00    72    60 10139   239     5 -9999 -9999 -9999
2021 01 20 03    80    68 10157    33     3 -9999 -9999    30
2021 01 20 06    87    76 10142    46     4 -9999 -9999   104
2021 01 20 09   115    70 10126   198    38 -9999 -9999    85
2021 01 20 12    85    60 10160   219    26 -9999 -9999    11
2021 01 20 18    35    25 10190   360     2 -9999 -9999 -9999
2021 01 20 21    33    27 10164   310    10 -9999 -9999     0
2021 01 21 00    47    40 10184   230    10 -9999 -9999 -9999
2021 01 21 03    60    46 10209   350    10 -9999 -9999     1
2021 01 21 06    68    56 10194     0 -9999 -9999 -9999    30
2021 01 21 09    77    58 10172     0 -9999 -9999 -9999    30
2021 01 21 12    74    60 10184    40    10 -9999 -9999     4
2021 01 21 18    54    45 10198   320    10 -9999 -9999     0
2021 01 21 21    45    28 10192   350    20 -9999 -9999     0
2021 01 22 00    42    24 10212   333    22 -9999 -9999 -9999
2021 01 22 03    57    23 10232   290    10 -9999 -9999 -9999
2021 01 22 06   102    37 10189   102    17 -9999 -9999 -9999
2021 01 22 09   157     7 10145   214    46 -9999 -9999 -9999
2021 01 22 12    82    49 10182   188     9 -9999 -9999 -9999
2021 01 22 18    30    23 10199    56     4 -9999 -9999 -9999
2021 01 22 21    15     9 10167    86     5 -9999 -9999 -9999
2021 01 23 00    35    30 10191   360     1 -9999 -9999 -9999
2021 01 23 03    67    38 10206   146    11 -9999 -9999 -9999
2021 01 23 06   112    50 10167    10     8 -9999 -9999 -9999
2021 01 23 09   132    56 10147   215    40 -9999 -9999 -9999
2021 01 23 12   115    60 10159   195    23 -9999 -9999 -9999
2021 01 23 18    86    46 10156   186    24 -9999 -9999 -9999
2021 01 23 21    50    32 10148   260    10 -9999 -9999 -9999
2021 01 24 00    30    19 10172   303     7 -9999 -9999 -9999
2021 01 24 03   110    53 10163   115     6 -9999 -9999 -9999
2021 01 24 06   152    38 10139   240    54 -9999 -9999 -9999
2021 01 24 09   160    44 10135   209    69 -9999 -9999 -9999
2021 01 24 12   127    43 10165   155    51 -9999 -9999 -9999
2021 01 24 18    66    41 10165   290    10 -9999 -9999     0
2021 01 24 21    34    22 10170     0 -9999 -9999 -9999     0
2021 01 25 00    22    16 10194   189     3 -9999 -9999 -9999
2021 01 25 03   102    46 10201   135     5 -9999 -9999 -9999
2021 01 25 06   171     3 10155   223    48 -9999 -9999 -9999
2021 01 25 09   180   -24 10146   230    60 -9999 -9999 -9999
2021 01 25 12   120    34 10181   273    17 -9999 -9999 -9999
2021 01 25 18    47    32 10169   316     3 -9999 -9999 -9999
2021 01 25 21    32    22 10163   360     2 -9999 -9999 -9999
2021 01 26 00    25    17 10196   113     3 -9999 -9999 -9999
2021 01 26 03   101    51 10207    34     5 -9999 -9999 -9999
2021 01 26 06   175     1 10159   227    55 -9999 -9999 -9999
2021 01 26 09   181    -2 10137   229    65 -9999 -9999 -9999
2021 01 26 12   145     0 10163   237    49 -9999 -9999 -9999
2021 01 26 18    55    28 10156   220    10 -9999 -9999 -9999
2021 01 26 21    35    14 10155   360     2 -9999 -9999 -9999
2021 01 27 00    21    11 10181    63     4 -9999 -9999 -9999
2021 01 27 03   112    45 10191    91     6 -9999 -9999 -9999
2021 01 27 06   187   -28 10148   215    57 -9999 -9999 -9999
2021 01 27 09   195   -35 10136   235    65 -9999 -9999 -9999
2021 01 27 12   137     4 10178   204    24 -9999 -9999 -9999
2021 01 27 18    42    17 10181   215     3 -9999 -9999 -9999
2021 01 27 21    27    11 10183   360     2 -9999 -9999 -9999
2021 01 28 00    16     4 10220   184     4 -9999 -9999 -9999
2021 01 28 03   106    22 10234   147     8 -9999 -9999 -9999
2021 01 28 06   182    -5 10187   236    41 -9999 -9999 -9999
2021 01 28 09   192   -50 10165   208    57 -9999 -9999 -9999
2021 01 28 12   120     1 10201   195    26 -9999 -9999 -9999
2021 01 28 18    47    24 10180   360     0 -9999 -9999 -9999
2021 01 28 21    35    21 10172   360     1 -9999 -9999 -9999
2021 01 29 00    21    12 10212   130     3 -9999 -9999 -9999
2021 01 29 03   107    40 10210   146    10 -9999 -9999 -9999
2021 01 29 06   185     6 10167   222    72 -9999 -9999 -9999
2021 01 29 09   190    -9 10143   241    66 -9999 -9999 -9999
2021 01 29 12   142     8 10170   251    27 -9999 -9999 -9999
2021 01 29 18    52   -30 10162   359    13 -9999 -9999 -9999
2021 01 29 21    26    -7 10157   360     2 -9999 -9999 -9999
2021 01 30 00    16    -6 10187   171     9 -9999 -9999 -9999
2021 01 30 03   107   -13 10195    83     5 -9999 -9999 -9999
2021 01 30 06   165    38 10157   229    60 -9999 -9999 -9999
2021 01 30 09   165    32 10144   237    62 -9999 -9999 -9999
2021 01 30 12   125    39 10169   234    33 -9999 -9999 -9999
2021 01 30 18    80    42 10152   225    33 -9999 -9999 -9999
2021 01 30 21    42    23 10161    35     8 -9999 -9999 -9999
2021 01 31 00    30    10 10187    58    12 -9999 -9999 -9999
2021 01 31 03   115    42 10181   104     9 -9999 -9999 -9999
2021 01 31 06   167    17 10146   229    59 -9999 -9999 -9999
2021 01 31 09   171    27 10142   219    66 -9999 -9999 -9999
2021 01 31 12   137    30 10178   204    25 -9999 -9999 -9999
2021 01 31 18    52    25 10189   257     4 -9999 -9999 -9999
2021 01 31 21    32    11 10187   145     4 -9999 -9999 -9999
2021 02 01 00    16     4 10217   148     7 -9999 -9999 -9999
2021 02 01 03   105    21 10212    73     4 -9999 -9999 -9999
2021 02 01 06   172    12 10180   221    43 -9999 -9999 -9999
2021 02 01 09   172     4 10163   238    46 -9999 -9999 -9999
2021 02 01 12   110    21 10195   257    23 -9999 -9999 -9999
2021 02 01 18    50    26 10183   171    12 -9999 -9999 -9999
2021 02 01 21    32    21 10184   201     5 -9999 -9999 -9999
2021 02 02 00    21    12 10224   360     0 -9999 -9999 -9999
2021 02 02 03   110    26 10224   131    11 -9999 -9999 -9999
2021 02 02 06   165   -25 10190   236    46 -9999 -9999 -9999
2021 02 02 09   175   -39 10169   254    44 -9999 -9999 -9999
2021 02 02 12   121   -33 10202   262    38 -9999 -9999 -9999
2021 02 02 18    37     0 10202   138     8 -9999 -9999 -9999
2021 02 02 21    17    -3 10197   360     2 -9999 -9999 -9999
2021 02 03 00    11    -4 10233   360     2 -9999 -9999 -9999
2021 02 03 03   102     3 10239   123     9 -9999 -9999 -9999
2021 02 03 06   175    -3 10192   244    50 -9999 -9999 -9999
2021 02 03 09   191   -25 10169   247    42 -9999 -9999 -9999
2021 02 03 12   107    18 10212   260    16 -9999 -9999 -9999
2021 02 03 18    50    20 10197   360     1 -9999 -9999 -9999
2021 02 03 21    30    14 10192   259     5 -9999 -9999 -9999
2021 02 04 00    17     7 10240   175     7 -9999 -9999 -9999
2021 02 04 03   111    29 10234   103     6 -9999 -9999 -9999
2021 02 04 06   187   -17 10186   229    46 -9999 -9999 -9999
2021 02 04 09   197   -39 10166   233    38 -9999 -9999 -9999
2021 02 04 12   120     7 10206   190    20 -9999 -9999 -9999
2021 02 04 18    50    12 10189   177     7 -9999 -9999 -9999
2021 02 04 21    31     3 10186   302     3 -9999 -9999 -9999
2021 02 05 00    17    -1 10231   197     5 -9999 -9999 -9999
2021 02 05 03   112     7 10230   162     5 -9999 -9999 -9999
2021 02 05 06   182   -38 10187   205    54 -9999 -9999 -9999
2021 02 05 09   192   -30 10158   226    56 -9999 -9999 -9999
2021 02 05 12   111    11 10197   246    17 -9999 -9999 -9999
2021 02 05 18    46    11 10179   216     5 -9999 -9999 -9999
2021 02 05 21    32    12 10171   360     1 -9999 -9999 -9999
2021 02 06 00    22    10 10215   360     1 -9999 -9999 -9999
2021 02 06 03   115    25 10213    46     5 -9999 -9999 -9999
2021 02 06 06   190     5 10165   219    50 -9999 -9999 -9999
2021 02 06 09   187     9 10140   225    71 -9999 -9999 -9999
2021 02 06 12   141    44 10166   239    27 -9999 -9999 -9999
2021 02 06 18    95    54 10139    96     8 -9999 -9999 -9999
2021 02 06 21    91    47 10132   160     7 -9999 -9999 -9999
2021 02 07 00    77    48 10164    60    20 -9999 -9999 -9999
2021 02 07 03   126    58 10183   174    18 -9999 -9999 -9999
2021 02 07 06   176    49 10143   128    62 -9999 -9999 -9999
2021 02 07 09   177    37 10122   205    37 -9999 -9999 -9999
2021 02 07 12   115    49 10172   120    31 -9999 -9999 -9999
2021 02 07 18    66    48 10171   220     9 -9999 -9999 -9999
2021 02 07 21    72    52 10153   217     6 -9999 -9999 -9999
2021 02 08 00    50    34 10189   315     8 -9999 -9999 -9999
2021 02 08 03   110    45 10203   187     7 -9999 -9999 -9999
2021 02 08 06   135    67 10176   205    27 -9999 -9999 -9999
2021 02 08 09   112    50 10175   154    21 -9999 -9999    71
2021 02 08 12    97    51 10199   117    31 -9999 -9999    71
2021 02 08 18    96    38 10190     3    40 -9999 -9999 -9999
2021 02 08 21    72    58 10187   192     8 -9999 -9999    22
2021 02 09 00    67    56 10202   189     6 -9999 -9999    22
2021 02 09 03   100    54 10207   115     7 -9999 -9999 -9999
2021 02 09 06   142    63 10157   154    30 -9999 -9999 -9999
2021 02 09 12   112    47 10158   227    20 -9999 -9999 -9999
2021 02 09 18    47    35 10175   221     6 -9999 -9999 -9999
2021 02 09 21    32    26 10168   360     0 -9999 -9999 -9999
2021 02 10 00    17    10 10202     1     4 -9999 -9999 -9999
2021 02 10 03   105    43 10199   132    12 -9999 -9999 -9999
2021 02 10 06   171    63 10147   222    13 -9999 -9999 -9999
2021 02 10 09   195    19 10122   202    55 -9999 -9999 -9999
2021 02 11 00    20     4 10184   360     0 -9999 -9999 -9999
2021 02 13 12   155     9 10159   145    48 -9999 -9999 -9999
2021 02 13 18    66    19 10160   248     9 -9999 -9999 -9999
2021 02 13 21    43    12 10162     0 -9999 -9999 -9999     0
2021 02 14 00    22     5 10192   155     6 -9999 -9999 -9999
2021 02 14 03   126    22 10192   139     5 -9999 -9999 -9999
2021 02 14 06   192    -8 10146   194    48 -9999 -9999 -9999
2021 02 14 09   201     5 10127   237    41 -9999 -9999 -9999
2021 02 14 12   160    38 10154   143    49 -9999 -9999 -9999
2021 02 14 18    71    28 10143   307     9 -9999 -9999 -9999
2021 02 14 21    50    20 10143   277     4 -9999 -9999 -9999
2021 02 15 00    31    11 10174   343     3 -9999 -9999 -9999
2021 02 15 03   132    39 10169   155     8 -9999 -9999 -9999
2021 02 15 06   192    26 10127   239    45 -9999 -9999 -9999
2021 02 15 09   195    19 10107   217    69 -9999 -9999 -9999
2021 02 15 12   155    42 10141   233    38 -9999 -9999 -9999
2021 02 15 18    77    37 10136   237    19 -9999 -9999 -9999
2021 02 15 21    51    28 10138   147     7 -9999 -9999 -9999
2021 02 16 00    35    21 10167   360     2 -9999 -9999 -9999
2021 02 16 03   131    40 10168   176     6 -9999 -9999 -9999
2021 02 16 06   195   -22 10133   224    54 -9999 -9999 -9999
2021 02 16 09   202     1 10119   214    58 -9999 -9999 -9999
2021 02 16 12   160    28 10154   178    22 -9999 -9999 -9999
2021 02 16 18    70    41 10161   160    12 -9999 -9999 -9999
2021 02 16 21    47    31 10161    21     4 -9999 -9999 -9999
2021 02 17 00    35    20 10194    92     7 -9999 -9999 -9999
2021 02 17 03   126    35 10199    26     4 -9999 -9999 -9999
2021 02 17 06   202   -41 10159   216    54 -9999 -9999 -9999
2021 02 17 09   206   -12 10144   225    61 -9999 -9999 -9999
2021 02 17 12   172    16 10175   201    36 -9999 -9999 -9999
2021 02 17 18    72     9 10183   360     2 -9999 -9999 -9999
2021 02 17 21    55     7 10179   208     6 -9999 -9999 -9999
2021 02 18 00    42     0 10213   336     7 -9999 -9999 -9999
2021 02 18 03   127     2 10226     4     5 -9999 -9999 -9999
2021 02 18 06   207    25 10188   223    73 -9999 -9999 -9999
2021 02 18 09   207    20 10168   218    53 -9999 -9999 -9999
2021 02 18 12   180    27 10190   254    48 -9999 -9999 -9999
2021 02 18 18    77    32 10194   263     7 -9999 -9999 -9999
2021 02 18 21    60    28 10191   360     0 -9999 -9999 -9999
2021 02 19 00    42    23 10220   324     4 -9999 -9999 -9999
2021 02 19 03   137    38 10223   134     4 -9999 -9999 -9999
2021 02 19 06   205    13 10192   245    53 -9999 -9999 -9999
2021 02 19 09   205    23 10166   217    63 -9999 -9999 -9999
2021 02 20 18   111    64 10154    70     6 -9999 -9999 -9999
2021 02 20 21   101    61 10148   335     9 -9999 -9999 -9999
2021 02 21 00   100    66 10176   178     9 -9999 -9999 -9999
2021 02 21 06   200    28 10135   271    37 -9999 -9999 -9999
2021 02 21 09   195    44 10115   243    44 -9999 -9999 -9999
2021 02 21 18    80    42 10161   356     4 -9999 -9999 -9999
2021 02 21 21    60    39 10161   207     4 -9999 -9999 -9999
2021 02 22 00    40    26 10191   107     7 -9999 -9999 -9999
2021 02 22 03   140    42 10179    19     7 -9999 -9999 -9999
2021 02 22 06   206    -1 10135   217    45 -9999 -9999 -9999
2021 02 22 09   217    14 10111   220    66 -9999 -9999 -9999
2021 02 22 12   167    24 10148   238    46 -9999 -9999 -9999
2021 02 22 18   101    36 10139   244     5 -9999 -9999 -9999
2021 02 22 21    57    21 10140   360     1 -9999 -9999 -9999
2021 02 23 00    40    13 10172   111     3 -9999 -9999 -9999
2021 02 23 03   142    28 10157   356    10 -9999 -9999 -9999
2021 02 23 06   207     0 10123   223    74 -9999 -9999 -9999
2021 02 23 09   217    -3 10108   231    45 -9999 -9999 -9999
2021 02 23 12   177    12 10134   237    62 -9999 -9999 -9999
2021 02 23 18   142     5 10103   235    27 -9999 -9999 -9999
2021 02 23 21    92    32 10105   208     5 -9999 -9999 -9999
2021 02 24 00    90    32 10125   110    10 -9999 -9999 -9999
2021 02 24 03   166    36 10124   129    15 -9999 -9999 -9999
2021 02 24 06   197    61 10091   246    59 -9999 -9999 -9999
2021 02 24 09   206    62 10071   238    53 -9999 -9999 -9999
2021 02 24 12   176    68 10081   230    27 -9999 -9999 -9999
2021 02 24 18   131    53 10082   258    35 -9999 -9999 -9999
2021 02 24 21   125    56 10065   239    38 -9999 -9999 -9999
2021 02 25 00    90    55 10099   151     4 -9999 -9999 -9999
2021 02 25 03   167    56 10104   226    62 -9999 -9999 -9999
2021 02 25 06   182    48 10080   237    59 -9999 -9999 -9999
2021 02 25 09   182    52 10052   283    44 -9999 -9999 -9999
2021 02 25 12   165    44 10075   235    40 -9999 -9999 -9999
2021 02 25 18   145    48 10062   259    58 -9999 -9999 -9999
2021 02 25 21   116    48 10064   316     7 -9999 -9999 -9999
2021 02 26 00   105    58 10087   355     6 -9999 -9999 -9999
2021 02 26 03   170    68 10088   209    31 -9999 -9999 -9999
2021 02 26 06   200    60 10065   219    69 -9999 -9999 -9999
2021 02 26 09   190    65 10054   227    80 -9999 -9999 -9999
2021 02 26 12   167    74 10078   201    36 -9999 -9999 -9999
2021 02 26 18   115    76 10077   216     4 -9999 -9999 -9999
2021 02 26 21   115    79 10064   360     0 -9999 -9999 -9999
2021 02 27 00   107    82 10082   360     1 -9999 -9999 -9999
2021 02 27 03   175    72 10083   219    49 -9999 -9999 -9999
2021 02 27 06   162    73 10094   244    46 -9999 -9999 -9999
2021 02 27 09   170    61 10079   267    47 -9999 -9999 -9999
2021 02 27 12   145    45 10100   247    30 -9999 -9999 -9999
2021 02 27 18   122    34 10103   244    43 -9999 -9999 -9999
2021 02 27 21    95    45 10093    28    17 -9999 -9999 -9999
2021 02 28 00   112    57 10102   255    27 -9999 -9999 -9999
2021 02 28 03   155    60 10120   223    47 -9999 -9999 -9999
2021 02 28 06   182    48 10100   240    48 -9999 -9999 -9999
2021 02 28 09   181    39 10094   241    47 -9999 -9999 -9999
2021 02 28 12   167    27 10100   246    27 -9999 -9999 -9999
2021 02 28 18   102    44 10122   250    18 -9999 -9999 -9999
2021 02 28 21    95    54 10117   215    17 -9999 -9999 -9999
2021 03 01 00   105    53 10134   202    39 -9999 -9999 -9999
2021 03 01 03   185    47 10157   225    44 -9999 -9999 -9999
2021 03 01 06   202    39 10146   236    71 -9999 -9999 -9999
2021 03 01 09   190    44 10140   261    38 -9999 -9999 -9999
2021 03 01 12   172    42 10147   210    28 -9999 -9999 -9999
2021 03 01 18   130    53 10149   249    35 -9999 -9999 -9999
2021 03 01 21    95    52 10147   141    12 -9999 -9999 -9999
2021 03 02 00    70    47 10172   225    15 -9999 -9999 -9999
2021 03 02 03   160    66 10167    67    22 -9999 -9999 -9999
2021 03 02 06   202    31 10130   240    72 -9999 -9999 -9999
2021 03 02 09   216    33 10108   232    58 -9999 -9999 -9999
2021 03 02 12   191    -8 10131   236    41 -9999 -9999 -9999
2021 03 02 18   126    38 10129   180    18 -9999 -9999 -9999
2021 03 02 21    97    22 10122   211    32 -9999 -9999 -9999
2021 03 03 00    75    24 10151   349     7 -9999 -9999 -9999
2021 03 03 03   182    26 10139   213    55 -9999 -9999 -9999
2021 03 03 06   192    22 10132   235    68 -9999 -9999 -9999
2021 03 03 09   192    21 10119   255    47 -9999 -9999 -9999
2021 03 03 12   167     9 10143   214    21 -9999 -9999 -9999
2021 03 03 18   137    14 10132   223    33 -9999 -9999 -9999
2021 03 03 21   110    26 10129   148     7 -9999 -9999 -9999
2021 03 04 00    97    35 10146   225     3 -9999 -9999 -9999
2021 03 04 03   181    32 10136   174    33 -9999 -9999 -9999
2021 03 04 06   217    15 10103   227    60 -9999 -9999 -9999
2021 03 04 09   197    17 10097   265    53 -9999 -9999 -9999
2021 03 04 12   185     6 10110   234    58 -9999 -9999 -9999
2021 03 04 18   145    -1 10100   231    36 -9999 -9999 -9999
2021 03 04 21   120    18 10103   183    21 -9999 -9999 -9999
2021 03 05 00    92    30 10124   168    25 -9999 -9999 -9999
2021 03 05 03   166    30 10128   218    55 -9999 -9999 -9999
2021 03 05 06   172    20 10119   231    61 -9999 -9999 -9999
2021 03 05 09   187    -2 10102   225    88 -9999 -9999 -9999
2021 03 05 12   156     2 10137   235    46 -9999 -9999 -9999
2021 03 05 18    96    27 10151   116    12 -9999 -9999 -9999
2021 03 05 21    71    24 10149    28    14 -9999 -9999 -9999
2021 03 06 00    65    27 10178   226    18 -9999 -9999 -9999
2021 03 06 03   152    34 10168   133    22 -9999 -9999 -9999
2021 03 06 06   185    27 10168   265    49 -9999 -9999 -9999
2021 03 06 09   187    29 10149   238    29 -9999 -9999 -9999
2021 03 06 12   131    43 10183   299    15 -9999 -9999 -9999
2021 03 06 18    77    33 10174   226    12 -9999 -9999 -9999
2021 03 06 21    67    31 10159   198     8 -9999 -9999 -9999
2021 03 07 00    71    42 10185   360     1 -9999 -9999 -9999
2021 03 07 03   130    41 10204    10    12 -9999 -9999 -9999
2021 03 07 06   210    22 10148   236    58 -9999 -9999 -9999
2021 03 07 09   207    16 10126   222    69 -9999 -9999 -9999
2021 03 07 12   172    20 10154   156    14 -9999 -9999 -9999
2021 03 07 18    86    38 10164   183    11 -9999 -9999 -9999
2021 03 07 21    65    32 10162   136    11 -9999 -9999 -9999
2021 03 08 00    50    30 10194   128     5 -9999 -9999 -9999
2021 03 08 03   140    48 10194   127    14 -9999 -9999 -9999
2021 03 08 06   212    48 10148   228    42 -9999 -9999 -9999
2021 03 08 09   192    42 10140   237    46 -9999 -9999 -9999
2021 03 08 12   150    43 10166   239    20 -9999 -9999 -9999
2021 03 08 18   100    45 10141    77     9 -9999 -9999 -9999
2021 03 08 21    71    44 10147   142     7 -9999 -9999 -9999
2021 03 09 00    77    47 10174   107    13 -9999 -9999 -9999
2021 03 09 03   162    67 10173   119    17 -9999 -9999 -9999
2021 03 09 06   182    76 10158   239    43 -9999 -9999 -9999
2021 03 09 09   160    79 10161   239    58 -9999 -9999 -9999
2021 03 09 12   146    74 10166   211    26 -9999 -9999 -9999
2021 03 09 18   126    55 10160   224    23 -9999 -9999 -9999
2021 03 09 21    85    50 10168   219    15 -9999 -9999 -9999
2021 03 10 00    90    68 10182   219    20 -9999 -9999 -9999
2021 03 10 03   162    72 10173   114    12 -9999 -9999 -9999
2021 03 10 06   197    55 10143   273    59 -9999 -9999 -9999
2021 03 10 09   190    64 10143   240    49 -9999 -9999    12
2021 03 10 12   175    23 10151   248    46 -9999 -9999    12
2021 03 10 18    86    32 10173    70    20 -9999 -9999     0
2021 03 10 21    61    33 10172   315    10 -9999 -9999 -9999
2021 03 11 00    51    33 10196    37     3 -9999 -9999 -9999
2021 03 11 03   162    39 10195    75    15 -9999 -9999 -9999
2021 03 11 06   222    38 10164   239    66 -9999 -9999 -9999
2021 03 11 09   212    10 10151   275    52 -9999 -9999 -9999
2021 03 11 12   185     1 10172   273    30 -9999 -9999 -9999
2021 03 11 18    95    34 10169   328     7 -9999 -9999 -9999
2021 03 11 21    70    33 10165   154     3 -9999 -9999 -9999
2021 03 12 00    57    29 10197    86     6 -9999 -9999 -9999
2021 03 12 03   177    39 10187    98    11 -9999 -9999 -9999
2021 03 12 06   225    41 10158   235    53 -9999 -9999 -9999
2021 03 12 09   215    46 10147   236    57 -9999 -9999 -9999
2021 03 12 12   181    53 10171   241    30 -9999 -9999 -9999
2021 03 12 18   111    60 10155   355     9 -9999 -9999 -9999
2021 03 12 21    80    48 10158   360     2 -9999 -9999 -9999
2021 03 13 00    65    46 10191   244    12 -9999 -9999 -9999
2021 03 13 03   177    57 10181    35     9 -9999 -9999 -9999
2021 03 13 06   236    35 10138   215    45 -9999 -9999 -9999
2021 03 13 09   242    40 10112   204    55 -9999 -9999 -9999
2021 03 13 12   200    24 10137   207    34 -9999 -9999 -9999
2021 03 13 18   102     5 10126   225    10 -9999 -9999 -9999
2021 03 13 21    75    18 10121   151    10 -9999 -9999 -9999
2021 03 14 00    72    22 10153   212     6 -9999 -9999 -9999
2021 03 14 03   180    19 10142   102    11 -9999 -9999 -9999
2021 03 14 06   232    38 10110   291    62 -9999 -9999 -9999
2021 03 14 09   216    47 10107   329    41 -9999 -9999 -9999
2021 03 14 12   192    13 10115   237    34 -9999 -9999 -9999
2021 03 14 18   120    42 10108   252     8 -9999 -9999 -9999
2021 03 14 21    96    42 10107   104     9 -9999 -9999 -9999
2021 03 15 00    80    38 10130   189    13 -9999 -9999 -9999
2021 03 15 03   182    61 10114    77    18 -9999 -9999 -9999
2021 03 15 06   235    29 10093   274    59 -9999 -9999 -9999
2021 03 15 09   227    34 10080   240    73 -9999 -9999 -9999
2021 03 15 12   207     0 10107   250    70 -9999 -9999 -9999
2021 03 15 18   142     9 10095   246    35 -9999 -9999 -9999
2021 03 15 21    85    24 10108    54     4 -9999 -9999 -9999
2021 03 16 00    75    27 10132   170     7 -9999 -9999 -9999
2021 03 16 03   190    43 10124   120    23 -9999 -9999 -9999
2021 03 16 06   235    34 10089   250    53 -9999 -9999 -9999
2021 03 16 09   237    31 10087   240    77 -9999 -9999 -9999
2021 03 16 12   210    17 10112   156    27 -9999 -9999 -9999
2021 03 16 18   107    30 10121   336     7 -9999 -9999 -9999
2021 03 16 21    80    25 10116   131    10 -9999 -9999 -9999
2021 03 17 00    67    24 10144   360     2 -9999 -9999 -9999
2021 03 17 03   186    40 10131    21     9 -9999 -9999 -9999
2021 03 17 06   245    13 10109   218    57 -9999 -9999 -9999
2021 03 17 09   250    18 10087   218    60 -9999 -9999 -9999
2021 03 17 12   216    42 10111   245    50 -9999 -9999 -9999
2021 03 17 18   122    30 10109   343    21 -9999 -9999 -9999
2021 03 17 21    85    30 10111   153     9 -9999 -9999 -9999
2021 03 18 00    77    37 10139   202     3 -9999 -9999 -9999
2021 03 18 03   181    28 10135    98    16 -9999 -9999 -9999
2021 03 18 06   247    51 10100   239    50 -9999 -9999 -9999
2021 03 18 09   252    44 10081   232    64 -9999 -9999 -9999
2021 03 18 12   216    51 10106   237    46 -9999 -9999 -9999
2021 03 18 18   112    49 10111   321     9 -9999 -9999 -9999
2021 03 18 21    85    38 10110   234     8 -9999 -9999 -9999
2021 03 19 00    75    42 10139   223    13 -9999 -9999 -9999
2021 03 19 03   192    38 10127   108    16 -9999 -9999 -9999
2021 03 19 06   250     5 10098   240    37 -9999 -9999 -9999
2021 03 19 09   260    13 10070   213    60 -9999 -9999 -9999
2021 03 19 12   212    30 10105   231    32 -9999 -9999 -9999
2021 03 19 18   121    48 10091   360     1 -9999 -9999 -9999
2021 03 19 21    95    44 10083   241     3 -9999 -9999 -9999
2021 03 20 00    80    42 10115   163     9 -9999 -9999 -9999
2021 03 20 03   192    39 10105    92    11 -9999 -9999 -9999
2021 03 20 06   242    30 10078   230    63 -9999 -9999 -9999
2021 03 20 09   252    20 10057   242    68 -9999 -9999 -9999
2021 03 20 12   220    66 10084   241    46 -9999 -9999 -9999
2021 03 20 18   130    67 10084   251     4 -9999 -9999 -9999
2021 03 20 21   106    67 10078   163     4 -9999 -9999 -9999
2021 03 21 00    97    63 10113   360     0 -9999 -9999 -9999
2021 03 21 03   202    65 10106    93    12 -9999 -9999 -9999
2021 03 21 06   245    38 10094   245    73 -9999 -9999 -9999
2021 03 21 09   245    47 10082   233    55 -9999 -9999 -9999
2021 03 21 12   212    59 10109   225    46 -9999 -9999 -9999
2021 03 21 18   147    55 10105   213     8 -9999 -9999 -9999
2021 03 21 21   125    57 10106   152     6 -9999 -9999 -9999
2021 03 22 00   115    64 10141    49     3 -9999 -9999 -9999
2021 03 22 03   177    60 10150   150    11 -9999 -9999 -9999
2021 03 22 06   241    34 10116   213    53 -9999 -9999 -9999
2021 03 22 09   225    50 10104   239    54 -9999 -9999 -9999
2021 03 22 12   206    69 10118   231    43 -9999 -9999 -9999
2021 03 22 18   110    53 10138    23    15 -9999 -9999 -9999
2021 03 22 21    85    49 10141   345     7 -9999 -9999 -9999
2021 03 23 00    77    37 10165   360     2 -9999 -9999 -9999
2021 03 23 03   195    48 10150   135    15 -9999 -9999 -9999
2021 03 23 06   251    25 10115   268    40 -9999 -9999 -9999
2021 03 23 09   260    20 10088   243    58 -9999 -9999 -9999
2021 03 23 12   215    61 10120   241    50 -9999 -9999 -9999
2021 03 23 18   152    25 10101   258    32 -9999 -9999 -9999
2021 03 23 21    97    48 10108   177    13 -9999 -9999 -9999
2021 03 24 00    85    42 10142   360     2 -9999 -9999 -9999
2021 03 24 03   196    41 10115   114    14 -9999 -9999 -9999
2021 03 24 06   247    56 10079   235    49 -9999 -9999 -9999
2021 03 24 09   256    52 10060   223    60 -9999 -9999 -9999
2021 03 24 12   220    36 10087   210    44 -9999 -9999 -9999
2021 03 24 18   167    56 10082   235    33 -9999 -9999 -9999
2021 03 24 21   121    50 10083    88    24 -9999 -9999 -9999
2021 03 25 00   121    70 10115   299     3 -9999 -9999 -9999
2021 03 25 03   210    95 10109   213    61 -9999 -9999 -9999
2021 03 25 06   226    83 10089   251    62 -9999 -9999 -9999
2021 03 25 09   240    75 10074   244    42 -9999 -9999 -9999
2021 03 25 12   207    71 10089   233    41 -9999 -9999 -9999
2021 03 25 18   125    54 10101   207     4 -9999 -9999 -9999
2021 03 25 21   100    48 10092   205     7 -9999 -9999 -9999
2021 03 26 00    91    49 10122   222     6 -9999 -9999 -9999
2021 03 26 03   202    69 10114   349    16 -9999 -9999 -9999
2021 03 26 06   247    50 10088   238    49 -9999 -9999 -9999
2021 03 26 09   251     6 10067   231    83 -9999 -9999 -9999
2021 03 26 12   211    -2 10095   219    31 -9999 -9999 -9999
2021 03 26 18   120    18 10105    18    26 -9999 -9999 -9999
2021 03 26 21   105    21 10097   197    12 -9999 -9999 -9999
2021 03 27 00    75    30 10132   360     2 -9999 -9999 -9999
2021 03 27 03   187    21 10124    93    11 -9999 -9999 -9999
2021 03 27 06   242    12 10091   242    50 -9999 -9999 -9999
2021 03 27 09   252     7 10060   220    64 -9999 -9999 -9999
2021 03 27 12   217    -3 10092   187    27 -9999 -9999 -9999
2021 03 27 18   120    22 10095   215     7 -9999 -9999 -9999
2021 03 27 21    85    14 10091   219     5 -9999 -9999 -9999
2021 03 28 00    80    24 10121   360     2 -9999 -9999 -9999
2021 03 28 03   197    26 10111    54    11 -9999 -9999 -9999
2021 03 28 06   242   -24 10087   215    62 -9999 -9999 -9999
2021 03 28 09   245     7 10070   239    54 -9999 -9999 -9999
2021 03 28 12   207   -18 10086   236    29 -9999 -9999 -9999
2021 03 28 18   180   -29 10060   154    26 -9999 -9999 -9999
2021 03 28 21   127     5 10069    34    21 -9999 -9999 -9999
2021 03 29 00   105    18 10105   186     7 -9999 -9999 -9999
2021 03 29 03   205    13 10081   119    14 -9999 -9999 -9999
2021 03 29 06   236     0 10049   243    51 -9999 -9999 -9999
2021 03 29 09   227   -28 10043   239    65 -9999 -9999 -9999
2021 03 29 12   196    33 10060   244    64 -9999 -9999 -9999
2021 03 29 18   122    38 10055   214    15 -9999 -9999 -9999
2021 03 29 21   116    29 10053   222    32 -9999 -9999 -9999
2021 03 30 00    85    37 10081     6     9 -9999 -9999 -9999
2021 03 30 03   186    44 10065   101    29 -9999 -9999 -9999
2021 03 30 06   225    35 10052   238    71 -9999 -9999 -9999
2021 03 30 09   202    39 10044   243    69 -9999 -9999     2
2021 03 30 12   147    69 10079   232    18 -9999 -9999     2
2021 03 30 18   160    49 10035   194    33 -9999 -9999 -9999
2021 03 30 21   145    53 10031   149    16 -9999 -9999 -9999
2021 03 31 00   115    91 10080   224    28 -9999 -9999    13
2021 03 31 03   165    98 10088   197    31 -9999 -9999    15
2021 03 31 06   187    89 10064   232    35 -9999 -9999     2
2021 03 31 09   182    87 10050   211    38 -9999 -9999 -9999
2021 03 31 12   175    77 10057   240    20 -9999 -9999 -9999
2021 03 31 18   162    93 10044   237    28 -9999 -9999 -9999
2021 03 31 21   142   103 10041   174    14 -9999 -9999 -9999
2021 04 01 00   140   105 10058   131    13 -9999 -9999 -9999
2021 04 01 03   187    93 10081   208    42 -9999 -9999 -9999
2021 04 01 06   226   107 10053   261    64 -9999 -9999 -9999
2021 04 01 09   170   106 10061   296    63 -9999 -9999     5
2021 04 01 12   172   101 10059   352     6 -9999 -9999     5
2021 04 01 18   117    71 10077   206     7 -9999 -9999 -9999
2021 04 01 21    87    58 10104   152     3 -9999 -9999 -9999
2021 04 02 00    76    57 10127   360     2 -9999 -9999 -9999
2021 04 02 03   130    83 10137   131    10 -9999 -9999     4
2021 04 02 06   185    93 10121   302    26 -9999 -9999    22
2021 04 02 09   226    83 10089   253    41 -9999 -9999    18
2021 04 02 12   190    88 10105   267    23 -9999 -9999 -9999
2021 04 02 18   102    58 10129   129    12 -9999 -9999 -9999
2021 04 02 21    72    47 10116   159     3 -9999 -9999 -9999
2021 04 03 00    75    57 10151   128     6 -9999 -9999 -9999
2021 04 03 03   187    52 10140    68    10 -9999 -9999 -9999
2021 04 03 06   247    34 10112   224    60 -9999 -9999 -9999
2021 04 03 09   255    22 10092   233    51 -9999 -9999 -9999
2021 04 03 12   215    12 10110   240    22 -9999 -9999 -9999
2021 04 03 18   117    43 10108   360     2 -9999 -9999 -9999
2021 04 03 21   107    50 10101   213     6 -9999 -9999 -9999
2021 04 04 00    97    43 10135   186    11 -9999 -9999 -9999
2021 04 04 03   196    25 10129   147    10 -9999 -9999 -9999
2021 04 04 06   227    11 10113   202    41 -9999 -9999 -9999
2021 04 04 09   220    -1 10105   243    59 -9999 -9999 -9999
2021 04 04 12   196    16 10128   240    39 -9999 -9999 -9999
2021 04 04 18   137    64 10122   100     5 -9999 -9999 -9999
2021 04 04 21   145    48 10116    88    15 -9999 -9999 -9999
2021 04 05 00   130    66 10147    60     4 -9999 -9999 -9999
2021 04 05 03   196    41 10144   114    28 -9999 -9999 -9999
2021 04 05 06   201    38 10131   158    33 -9999 -9999 -9999
2021 04 05 09   200    44 10101   211    32 -9999 -9999 -9999
2021 04 05 12   177    53 10127   212    12 -9999 -9999 -9999
2021 04 05 18   132    95 10139   236    26 -9999 -9999     1
2021 04 05 21   115   100 10143   351     7 -9999 -9999    26
2021 04 06 00   112   100 10157   275    13 -9999 -9999    47
2021 04 06 03   135    97 10177    90     8 -9999 -9999    22
2021 04 06 06   165   105 10144   119    10 -9999 -9999 -9999
2021 04 06 09   182   102 10122   138    34 -9999 -9999 -9999
2021 04 06 12   157   103 10143   150    32 -9999 -9999 -9999
2021 04 06 18    95    83 10175   347     7 -9999 -9999 -9999
2021 04 06 21    85    79 10165   360     1 -9999 -9999 -9999
2021 04 07 00    96    90 10184   360     1 -9999 -9999 -9999
2021 04 07 03   157   107 10184   125    22 -9999 -9999 -9999
2021 04 07 06   216    78 10131   226    57 -9999 -9999 -9999
2021 04 07 09   217    90 10100   245    40 -9999 -9999 -9999
2021 04 07 12   190    86 10114   242    29 -9999 -9999 -9999
2021 04 07 18   130    94 10109   226    21 -9999 -9999 -9999
2021 04 07 21   105    85 10114   234     7 -9999 -9999 -9999
2021 04 08 00   112    96 10137   196     8 -9999 -9999 -9999
2021 04 08 06   232    56 10101   245    50 -9999 -9999 -9999
2021 04 08 09   220    84 10096   248    48 -9999 -9999 -9999
2021 04 08 12   191    90 10110   243    39 -9999 -9999 -9999
2021 04 08 18   120    87 10111   137     6 -9999 -9999 -9999
2021 04 08 21   100    77 10114   128     7 -9999 -9999 -9999
2021 04 09 00   100    88 10141   209     9 -9999 -9999 -9999
2021 04 09 03   215    76 10117   149    37 -9999 -9999 -9999
2021 04 09 06   222    88 10116   234    43 -9999 -9999 -9999
2021 04 09 09   240    87 10092   272    31 -9999 -9999 -9999
2021 04 09 12   175   109 10122   237    22 -9999 -9999 -9999
2021 04 09 18   127    82 10118   290    25 -9999 -9999 -9999
2021 04 09 21    97    71 10119   312     6 -9999 -9999 -9999
2021 04 10 00   100    85 10159    94     3 -9999 -9999 -9999
2021 04 10 03   221    86 10141   214    52 -9999 -9999 -9999
2021 04 10 06   255    62 10114   229    63 -9999 -9999 -9999
2021 04 10 09   262    35 10098   248    51 -9999 -9999 -9999
2021 04 10 12   220    50 10116   237    32 -9999 -9999 -9999
2021 04 10 18   172    71 10103   235    33 -9999 -9999 -9999
2021 04 10 21   185    76 10086   230    36 -9999 -9999 -9999
2021 04 11 00   152   116 10130   270    13 -9999 -9999     1
2021 04 11 03   192   107 10153   185    31 -9999 -9999     1
2021 04 11 06   245    96 10115   206    66 -9999 -9999 -9999
2021 04 11 09   237    93 10087   341    39 -9999 -9999 -9999
2021 04 11 12   217    76 10106   239    29 -9999 -9999 -9999
2021 04 11 18   160    66 10123   235    42 -9999 -9999 -9999
2021 04 11 21   110    71 10138    96     3 -9999 -9999 -9999
2021 04 12 00   105    65 10163   202    10 -9999 -9999 -9999
2021 04 12 03   216    71 10147   139    24 -9999 -9999 -9999
2021 04 12 06   252    64 10117   266    45 -9999 -9999 -9999
2021 04 12 09   265    48 10095   218    80 -9999 -9999 -9999
2021 04 12 12   222    24 10120   228    35 -9999 -9999 -9999
2021 04 12 18   130    47 10122   194    19 -9999 -9999 -9999
2021 04 12 21   107    47 10118    62     4 -9999 -9999 -9999
2021 04 13 00   110    63 10145   360     1 -9999 -9999 -9999
2021 04 13 03   235    79 10130   233    47 -9999 -9999 -9999
2021 04 13 06   256    68 10113   258    52 -9999 -9999 -9999
2021 04 13 09   240    43 10103   267    61 -9999 -9999 -9999
2021 04 13 12   212    48 10107   215    29 -9999 -9999 -9999
2021 04 13 18   122    54 10111   253     7 -9999 -9999 -9999
2021 04 13 21   107    50 10113   291     4 -9999 -9999 -9999
2021 04 14 00   105    63 10137    67     4 -9999 -9999 -9999
2021 04 14 03   227    57 10123   229    47 -9999 -9999 -9999
2021 04 14 06   257    31 10102   250    71 -9999 -9999 -9999
2021 04 14 09   265     9 10068   225    90 -9999 -9999 -9999
2021 04 14 12   230   -50 10087   260    68 -9999 -9999 -9999
2021 04 14 18   155    48 10089    13    18 -9999 -9999 -9999
2021 04 14 21   116    55 10093   334     7 -9999 -9999 -9999
2021 04 15 00   106    62 10125    59     6 -9999 -9999 -9999
2021 04 15 03   230    53 10110   227    44 -9999 -9999 -9999
2021 04 15 06   260    56 10075   248    54 -9999 -9999 -9999
2021 04 15 09   262    41 10057   217    68 -9999 -9999 -9999
2021 04 15 12   222    28 10085   243    40 -9999 -9999 -9999
2021 04 15 18   165    55 10080   304    13 -9999 -9999 -9999
2021 04 15 21   120    67 10086   182    14 -9999 -9999 -9999
2021 04 16 00   115    67 10120   360     1 -9999 -9999 -9999
2021 04 16 03   227    53 10108   134    29 -9999 -9999 -9999
2021 04 16 06   252    55 10087   219    43 -9999 -9999 -9999
2021 04 16 09   240    62 10083   223    68 -9999 -9999 -9999
2021 04 16 12   217    60 10096   226    44 -9999 -9999 -9999
2021 04 16 18   200    55 10090   213    49 -9999 -9999 -9999
2021 04 16 21   175    50 10099   175    14 -9999 -9999 -9999
2021 04 17 00   157    71 10137   224    21 -9999 -9999 -9999
2021 04 17 03   177    83 10151   102    27 -9999 -9999 -9999
2021 04 17 06   205    87 10119   125    29 -9999 -9999 -9999
2021 04 17 09   215    87 10085   150    35 -9999 -9999 -9999
2021 04 17 12   192    89 10112   236    42 -9999 -9999 -9999
2021 04 17 18   126    94 10136   221    18 -9999 -9999 -9999
2021 04 17 21   132   107 10123   237     5 -9999 -9999 -9999
2021 04 18 00   115   102 10147   351     9 -9999 -9999 -9999
2021 04 18 03   201    99 10124   112    22 -9999 -9999 -9999
2021 04 18 06   237    82 10096   234    62 -9999 -9999 -9999
2021 04 18 09   232    66 10069   263    49 -9999 -9999 -9999
2021 04 18 12   207    78 10088   231    39 -9999 -9999 -9999
2021 04 18 18   155    83 10079   273    19 -9999 -9999 -9999
2021 04 18 21   151    72 10071   164    21 -9999 -9999 -9999
2021 04 19 00   130    77 10100   339     8 -9999 -9999 -9999
2021 04 19 03   171    75 10118   232    48 -9999 -9999 -9999
2021 04 19 06   222    76 10086   261    38 -9999 -9999 -9999
2021 04 19 09   200    89 10077   209    49 -9999 -9999 -9999
2021 04 19 12   172    99 10096   202    45 -9999 -9999 -9999
2021 04 19 18   121    86 10098     3    12 -9999 -9999 -9999
2021 04 19 21    95    79 10108   360     0 -9999 -9999 -9999
2021 04 20 00   102    87 10134    43     5 -9999 -9999 -9999
2021 04 20 03   206    73 10117   202    73 -9999 -9999 -9999
2021 04 20 06   240    72 10092   221    50 -9999 -9999 -9999
2021 04 20 09   252    44 10072   227    63 -9999 -9999 -9999
2021 04 20 12   215    27 10091   215    32 -9999 -9999 -9999
2021 04 20 18   136    47 10099   349    16 -9999 -9999 -9999
2021 04 20 21    96    52 10100    77     6 -9999 -9999 -9999
