2021 01 01 00    85    64 10196   221    17 -9999 -9999 -9999
2021 01 01 03   112    59 10207   201    32 -9999 -9999 -9999
2021 01 01 06   161    57 10153   179    37 -9999 -9999 -9999
2021 01 01 09   171    54 10123   143    37 -9999 -9999 -9999
2021 01 01 12   130    58 10157   203    23 -9999 -9999 -9999
2021 01 01 18    82    57 10153   263     8 -9999 -9999 -9999
2021 01 01 21    62    47 10152   273     8 -9999 -9999 -9999
2021 01 02 00    55    52 10183   168    18 -9999 -9999 -9999
2021 01 02 03   122    60 10178   150    21 -9999 -9999 -9999
2021 01 02 06   166    53 10130   192    39 -9999 -9999 -9999
2021 01 02 09   181    43 10112   202    45 -9999 -9999 -9999
2021 01 02 12   132    44 10146   197    26 -9999 -9999 -9999
2021 01 02 18    76    29 10139   317     7 -9999 -9999 -9999
2021 01 02 21    56    23 10137   295     8 -9999 -9999 -9999
2021 01 03 00    40    19 10180   346     7 -9999 -9999 -9999
2021 01 03 03   132    59 10175   118    16 -9999 -9999 -9999
2021 01 03 06   181    50 10129   189    37 -9999 -9999 -9999
2021 01 03 09   181    50 10121   182    52 -9999 -9999 -9999
2021 01 03 12   135    58 10166   179    35 -9999 -9999 -9999
2021 01 03 18    87    55 10145   143     7 -9999 -9999 -9999
2021 01 03 21    70    48 10155   355     6 -9999 -9999 -9999
2021 01 04 00    70    63 10187   169    15 -9999 -9999 -9999
2021 01 04 03   130    71 10185   175    36 -9999 -9999 -9999
2021 01 04 06   192    46 10124   217    37 -9999 -9999 -9999
2021 01 04 09   197    64 10111   194    37 -9999 -9999 -9999
2021 01 04 12   157    56 10146   193    25 -9999 -9999 -9999
2021 01 04 18   122    71 10119   163    18 -9999 -9999 -9999
2021 01 04 21   110    68 10121   170     8 -9999 -9999 -9999
2021 01 05 00    76    54 10164   268     8 -9999 -9999 -9999
2021 01 05 03   152    63 10156   288     9 -9999 -9999 -9999
2021 01 05 06   216    33 10095   235    39 -9999 -9999 -9999
2021 01 05 09   221    33 10086   211    50 -9999 -9999 -9999
2021 01 05 12   166    59 10139   194    24 -9999 -9999 -9999
2021 01 05 18   115    58 10111   302     6 -9999 -9999 -9999
2021 01 05 21    92    55 10109   306     9 -9999 -9999 -9999
2021 01 06 00    75    48 10144   289     9 -9999 -9999 -9999
2021 01 06 03   162    50 10122   198    43 -9999 -9999 -9999
2021 01 06 06   200    33 10076   182    53 -9999 -9999 -9999
2021 01 06 09   217    25 10055   214    41 -9999 -9999 -9999
2021 01 06 12   172    31 10093   176    32 -9999 -9999 -9999
2021 01 06 18   135    35 10081   188    14 -9999 -9999 -9999
2021 01 06 21   107    33 10078   137    12 -9999 -9999 -9999
2021 01 07 00   100    31 10110   199    21 -9999 -9999 -9999
2021 01 07 03   161    42 10118   180    27 -9999 -9999 -9999
2021 01 07 06   190    40 10066   223    61 -9999 -9999 -9999
2021 01 07 09   192    43 10058   220    75 -9999 -9999 -9999
2021 01 07 12   162    44 10090   182    33 -9999 -9999 -9999
2021 01 07 18   125    47 10097   120    12 -9999 -9999 -9999
2021 01 07 21   102    59 10101   151    14 -9999 -9999 -9999
2021 01 08 00    82    57 10139   267     6 -9999 -9999 -9999
2021 01 08 03   120    76 10161   164    40 -9999 -9999 -9999
2021 01 08 06   140    75 10121   130    30 -9999 -9999     0
2021 01 08 09   122    73 10113   140    40 -9999 -9999     0
2021 01 08 12    83    63 10157   160    30 -9999 -9999     0
2021 01 08 18    66    52 10155   200    20 -9999 -9999     0
2021 01 08 21    55    48 10155   174    25 -9999 -9999 -9999
2021 01 09 00    55    45 10180   158    17 -9999 -9999 -9999
2021 01 09 03    70    48 10195   142    16 -9999 -9999 -9999
2021 01 09 06   145    45 10116   188    43 -9999 -9999 -9999
2021 01 09 09   157    50 10084   172    38 -9999 -9999 -9999
2021 01 09 12    77    52 10140   148    24 -9999 -9999 -9999
2021 01 09 18    72    59 10129   147    16 -9999 -9999 -9999
2021 01 09 21    71    56 10118   140    25 -9999 -9999 -9999
2021 01 10 00    65    54 10163   161    27 -9999 -9999 -9999
2021 01 10 03    86    55 10175   192    41 -9999 -9999 -9999
2021 01 10 06   137    66 10106   188    52 -9999 -9999 -9999
2021 01 10 09   132    62 10077   167    51 -9999 -9999 -9999
2021 01 10 12    80    63 10128   174    21 -9999 -9999 -9999
2021 01 10 18    81    66 10149   169    17 -9999 -9999 -9999
2021 01 10 21    55    35 10179    79    30 -9999 -9999 -9999
2021 01 11 00    12     1 10269    84    25 -9999 -9999 -9999
2021 01 11 03     0   -28 10314    88    32 -9999 -9999     2
2021 01 11 06    10   -52 10288    71    22 -9999 -9999     2
2021 01 11 09    15   -57 10282    92     7 -9999 -9999 -9999
2021 01 11 12    15   -60 10309    83    13 -9999 -9999 -9999
2021 01 11 18    12   -52 10334    73    18 -9999 -9999 -9999
2021 01 11 21    11   -49 10319    64    14 -9999 -9999 -9999
2021 01 12 00    10   -50 10322    47    15 -9999 -9999 -9999
2021 01 12 03    35   -43 10320    75    18 -9999 -9999 -9999
2021 01 12 06    47   -35 10273    26     9 -9999 -9999 -9999
2021 01 12 09    37   -15 10252   222    14 -9999 -9999 -9999
2021 01 12 12    27    -6 10247   205    20 -9999 -9999     2
2021 01 12 18    16    -8 10228   175    11 -9999 -9999 -9999
2021 01 12 21     7   -11 10222   106     3 -9999 -9999     1
2021 01 13 00    12    -9 10227   175    10 -9999 -9999     1
2021 01 13 03    61    -2 10216    62    14 -9999 -9999 -9999
2021 01 13 06   131    -2 10152   227    38 -9999 -9999 -9999
2021 01 13 09   146     5 10123   220    36 -9999 -9999 -9999
2021 01 13 12   105     7 10152   193    29 -9999 -9999 -9999
2021 01 13 18    52    22 10148    53     3 -9999 -9999 -9999
2021 01 13 21    32    17 10145   315     8 -9999 -9999 -9999
2021 01 14 00    20     5 10182   268     7 -9999 -9999 -9999
2021 01 14 03    77    24 10195   340     4 -9999 -9999 -9999
2021 01 14 06   147    26 10141     7     9 -9999 -9999 -9999
2021 01 14 09   157    33 10125   189    18 -9999 -9999 -9999
2021 01 14 12   107    44 10162   131    17 -9999 -9999 -9999
2021 01 14 18    52    35 10143   260     9 -9999 -9999 -9999
2021 01 14 21    36    23 10141   259    12 -9999 -9999 -9999
2021 01 15 00    22    16 10177   280     7 -9999 -9999 -9999
2021 01 15 03    77    31 10178    14     4 -9999 -9999 -9999
2021 01 15 06   137    46 10126   265    13 -9999 -9999 -9999
2021 01 15 09   170    29 10099   155    19 -9999 -9999 -9999
2021 01 15 12   115    38 10138   188    24 -9999 -9999 -9999
2021 01 15 18    62    37 10123   310     4 -9999 -9999 -9999
2021 01 15 21    45    28 10117   261     7 -9999 -9999 -9999
2021 01 16 00    37    19 10156   288     8 -9999 -9999 -9999
2021 01 16 03   105    42 10155    81     9 -9999 -9999 -9999
2021 01 16 06   137    33 10120   182    39 -9999 -9999 -9999
2021 01 16 09   141    38 10115   200    35 -9999 -9999 -9999
2021 01 16 12   115    48 10154   106    12 -9999 -9999 -9999
2021 01 16 18    76    46 10169   309     8 -9999 -9999 -9999
2021 01 16 21    72    46 10179   248     7 -9999 -9999 -9999
2021 01 17 00    80    34 10216    83    23 -9999 -9999 -9999
2021 01 17 03    31    15 10290    70    27 -9999 -9999    12
2021 01 17 06    22     7 10290    66    24 -9999 -9999    24
2021 01 17 09    25    -5 10281    89    18 -9999 -9999    12
2021 01 17 12    22   -11 10291   104    12 -9999 -9999 -9999
2021 01 17 18    25   -18 10329    67     5 -9999 -9999 -9999
2021 01 17 21    26   -12 10311    32     9 -9999 -9999 -9999
2021 01 18 00    25    -2 10307   217    12 -9999 -9999 -9999
2021 01 18 03    40     5 10311   293    15 -9999 -9999 -9999
2021 01 18 06    70    16 10268     7     8 -9999 -9999 -9999
2021 01 18 09    90    23 10225   255    21 -9999 -9999 -9999
2021 01 18 12    76    33 10225   360     1 -9999 -9999 -9999
2021 01 18 18    32    22 10210   360     2 -9999 -9999 -9999
2021 01 18 21    25    18 10185   286     7 -9999 -9999 -9999
2021 01 19 00    17    17 10200   296     9 -9999 -9999 -9999
2021 01 19 03    82    44 10199    58    12 -9999 -9999 -9999
2021 01 19 06   135    61 10155   195    39 -9999 -9999 -9999
2021 01 19 09   137    58 10132   209    35 -9999 -9999 -9999
2021 01 19 12   105    75 10157   201    32 -9999 -9999 -9999
2021 01 19 18    87    79 10128   236     5 -9999 -9999    11
2021 01 19 21    80    79 10115   255     9 -9999 -9999    10
2021 01 20 00    72 -9999 10135   256    15 -9999 -9999     6
2021 01 20 03   117    78 10137   198    28 -9999 -9999     2
2021 01 20 06   147    71 10102   228    28 -9999 -9999 -9999
2021 01 20 09   136    76 10101   207    29 -9999 -9999 -9999
2021 01 20 12   117    69 10125   213    14 -9999 -9999 -9999
2021 01 20 18    80    62 10132   277     9 -9999 -9999 -9999
2021 01 20 21    58    44 10130    20    10 -9999 -9999     0
2021 01 21 00    39    27 10160   290    10 -9999 -9999     0
2021 01 21 03   103    36 10163     0 -9999 -9999 -9999     0
2021 01 21 06   144    13 10121   220    50 -9999 -9999     0
2021 01 21 09   134    40 10125   200    30 -9999 -9999 -9999
2021 01 21 12   100    46 10167   290    10 -9999 -9999     0
2021 01 21 18    63    43 10153     0 -9999 -9999 -9999     0
2021 01 21 21    52    40 10149   200    10 -9999 -9999     0
2021 01 22 00    30    29 10187   284    13 -9999 -9999 -9999
2021 01 22 03    77    34 10199   273     6 -9999 -9999 -9999
2021 01 22 06   152    -1 10138   321    15 -9999 -9999 -9999
2021 01 22 09   162    26 10118   175    27 -9999 -9999 -9999
2021 01 22 12   121    28 10160   198    27 -9999 -9999 -9999
2021 01 22 18    55    22 10156   237     6 -9999 -9999 -9999
2021 01 22 21    35    14 10145   266     7 -9999 -9999 -9999
2021 01 23 00    30    10 10171   275    13 -9999 -9999 -9999
2021 01 23 03    62    35 10187   289     8 -9999 -9999 -9999
2021 01 23 06   147    53 10123   210    34 -9999 -9999 -9999
2021 01 23 09   146    62 10115   185    27 -9999 -9999 -9999
2021 01 23 12   127    66 10136   199    15 -9999 -9999 -9999
2021 01 23 18   112    62 10099   187    18 -9999 -9999 -9999
2021 01 23 21   115    47 10083   236    43 -9999 -9999 -9999
2021 01 24 00    97    38 10108   198    19 -9999 -9999 -9999
2021 01 24 03   137    46 10116   195    45 -9999 -9999 -9999
2021 01 24 06   180    39 10071   222    50 -9999 -9999 -9999
2021 01 24 09   192     8 10058   232    56 -9999 -9999 -9999
2021 01 24 12   150    12 10103   257    20 -9999 -9999 -9999
2021 01 24 18    83    25 10117   200    10 -9999 -9999     0
2021 01 24 21    81    23 10112   300    20 -9999 -9999     0
2021 01 25 00    55    20 10153   277    10 -9999 -9999 -9999
2021 01 25 03   125    26 10158    58     9 -9999 -9999 -9999
2021 01 25 06   185    10 10123   193    43 -9999 -9999 -9999
2021 01 25 09   201    10 10096   188    37 -9999 -9999 -9999
2021 01 25 12   147    32 10143   165    18 -9999 -9999 -9999
2021 01 25 18    82    24 10130   281     6 -9999 -9999 -9999
2021 01 25 21    60    24 10127   250    11 -9999 -9999 -9999
2021 01 26 00    42    14 10168   272    14 -9999 -9999 -9999
2021 01 26 03   121    36 10163    74     6 -9999 -9999 -9999
2021 01 26 06   191    11 10113   204    43 -9999 -9999 -9999
2021 01 26 09   201     0 10092   205    34 -9999 -9999 -9999
2021 01 26 12   157    38 10130   173    16 -9999 -9999 -9999
2021 01 26 18    91    37 10113   269    13 -9999 -9999 -9999
2021 01 26 21    70    31 10113   360     0 -9999 -9999 -9999
2021 01 27 00    52    22 10147   360     2 -9999 -9999 -9999
2021 01 27 03   147    38 10142    99    12 -9999 -9999 -9999
2021 01 27 06   197   -26 10105   199    48 -9999 -9999 -9999
2021 01 27 09   205   -71 10093   245    76 -9999 -9999 -9999
2021 01 27 12   166   -46 10139   201    17 -9999 -9999 -9999
2021 01 27 18    77   -14 10155   269    10 -9999 -9999 -9999
2021 01 27 21    50   -15 10166   273    15 -9999 -9999 -9999
2021 01 28 00    31   -20 10201   272    14 -9999 -9999 -9999
2021 01 28 03   105    -7 10208   307     3 -9999 -9999 -9999
2021 01 28 06   190   -15 10155   175    35 -9999 -9999 -9999
2021 01 28 09   195     9 10137   174    37 -9999 -9999 -9999
2021 01 28 12   150    22 10173   207    22 -9999 -9999 -9999
2021 01 28 18    77    23 10152   261    14 -9999 -9999 -9999
2021 01 28 21    60    21 10149   261     9 -9999 -9999 -9999
2021 01 29 00    45    15 10180   262    11 -9999 -9999 -9999
2021 01 29 03   132    61 10174   190    37 -9999 -9999 -9999
2021 01 29 06   187     9 10124   213    43 -9999 -9999 -9999
2021 01 29 09   195    -1 10104   227    65 -9999 -9999 -9999
2021 01 29 12   161    10 10134   244    18 -9999 -9999 -9999
2021 01 29 18   110    15 10123   198    12 -9999 -9999 -9999
2021 01 29 21    75    20 10126   220     5 -9999 -9999 -9999
2021 01 30 00    57    14 10155   313     8 -9999 -9999 -9999
2021 01 30 03   135    33 10156    83    10 -9999 -9999 -9999
2021 01 30 06   182    25 10113   213    39 -9999 -9999 -9999
2021 01 30 09   180    34 10107   190    44 -9999 -9999 -9999
2021 01 30 12   141    38 10138   174    18 -9999 -9999 -9999
2021 01 30 18    85    44 10132   360     2 -9999 -9999 -9999
2021 01 30 21    72    38 10130   305    11 -9999 -9999 -9999
2021 01 31 00    60    37 10164   360     2 -9999 -9999 -9999
2021 01 31 03   120    61 10174     7     8 -9999 -9999 -9999
2021 01 31 06   170    14 10130   238    49 -9999 -9999 -9999
2021 01 31 09   172   -14 10112   236    67 -9999 -9999 -9999
2021 01 31 12   146    18 10147   199    21 -9999 -9999 -9999
2021 01 31 18    80    19 10165   234     8 -9999 -9999 -9999
2021 01 31 21    62    14 10166   276     6 -9999 -9999 -9999
2021 02 01 00    42     6 10195   280    12 -9999 -9999 -9999
2021 02 01 03   125    28 10186    55     7 -9999 -9999 -9999
2021 02 01 06   171   -25 10147   255    48 -9999 -9999 -9999
2021 02 01 09   182   -15 10127   229    44 -9999 -9999 -9999
2021 02 01 12   150    -4 10160   234    29 -9999 -9999 -9999
2021 02 01 18    75    14 10164   246     9 -9999 -9999 -9999
2021 02 01 21    52    10 10166   251    15 -9999 -9999 -9999
2021 02 02 00    37     5 10201   278    12 -9999 -9999 -9999
2021 02 02 03   105    15 10208   329     5 -9999 -9999 -9999
2021 02 02 06   177     8 10154   185    39 -9999 -9999 -9999
2021 02 02 09   185    11 10136   162    37 -9999 -9999 -9999
2021 02 02 12   145    18 10175   200    22 -9999 -9999 -9999
2021 02 02 18    70     7 10173   219     8 -9999 -9999 -9999
2021 02 02 21    50    -2 10174   249     9 -9999 -9999 -9999
2021 02 03 00    32    -6 10211   261    12 -9999 -9999 -9999
2021 02 03 03   110     7 10213    14     4 -9999 -9999 -9999
2021 02 03 06   180   -13 10163   196    39 -9999 -9999 -9999
2021 02 03 09   195    -1 10140   202    31 -9999 -9999 -9999
2021 02 03 12   151    23 10179   191    25 -9999 -9999 -9999
2021 02 03 18    81    26 10165   271     9 -9999 -9999 -9999
2021 02 03 21    60    23 10164   270    10 -9999 -9999 -9999
2021 02 04 00    47    15 10202   263    12 -9999 -9999 -9999
2021 02 04 03   132    34 10195    39    10 -9999 -9999 -9999
2021 02 04 06   197    -2 10145   191    39 -9999 -9999 -9999
2021 02 04 09   205   -39 10126   248    55 -9999 -9999 -9999
2021 02 04 12   157     4 10164   191    21 -9999 -9999 -9999
2021 02 04 18    85     1 10150   273    14 -9999 -9999 -9999
2021 02 04 21    65     8 10151   262     7 -9999 -9999 -9999
2021 02 05 00    50     3 10190   240     7 -9999 -9999 -9999
2021 02 05 03   130    20 10191    25     9 -9999 -9999 -9999
2021 02 05 06   196   -15 10143   168    23 -9999 -9999 -9999
2021 02 05 09   207   -11 10117   182    33 -9999 -9999 -9999
2021 02 05 12   160     5 10154   173    20 -9999 -9999 -9999
2021 02 05 18    85     9 10141   311     4 -9999 -9999 -9999
2021 02 05 21    62     7 10139   275    11 -9999 -9999 -9999
2021 02 06 00    47     5 10181   263    12 -9999 -9999 -9999
2021 02 06 03   122    24 10181   344     7 -9999 -9999 -9999
2021 02 06 06   190     6 10130   237    43 -9999 -9999 -9999
2021 02 06 09   202     2 10108   238    46 -9999 -9999 -9999
2021 02 06 12   165    13 10139   208    12 -9999 -9999 -9999
2021 02 06 18   102    28 10130   280     9 -9999 -9999 -9999
2021 02 06 21   100    34 10111   228     3 -9999 -9999 -9999
2021 02 07 00    97    47 10145   280    21 -9999 -9999 -9999
2021 02 07 03   105    83 10187   360     1 -9999 -9999     1
2021 02 07 06   135    36 10163   221    43 -9999 -9999     1
2021 02 07 09   122    43 10157   196    20 -9999 -9999 -9999
2021 02 07 12   110    61 10172   124     7 -9999 -9999 -9999
2021 02 07 18    92    73 10178   149    15 -9999 -9999 -9999
2021 02 07 21    82    68 10166   213     8 -9999 -9999 -9999
2021 02 08 00    92    69 10190    84    17 -9999 -9999 -9999
2021 02 08 03   102    70 10203   107    14 -9999 -9999 -9999
2021 02 08 06    81    64 10202   169    25 -9999 -9999    92
2021 02 08 09    90    67 10190   155    12 -9999 -9999    98
2021 02 08 12    72    58 10219    93    15 -9999 -9999    10
2021 02 08 18    67    60 10227    58    10 -9999 -9999    36
2021 02 08 21    62    46 10204    48     7 -9999 -9999    23
2021 02 09 00    57    46 10220    59     7 -9999 -9999    10
2021 02 09 03    66    49 10228   205     5 -9999 -9999     7
2021 02 09 06    82    58 10193   360     2 -9999 -9999     4
2021 02 09 12    71    52 10191   152     9 -9999 -9999 -9999
2021 02 09 18    57    45 10200    25     3 -9999 -9999 -9999
2021 02 09 21    56    46 10188   165     4 -9999 -9999     1
2021 02 10 00    56    34 10204   291    14 -9999 -9999     1
2021 02 10 03    65    37 10229   292    16 -9999 -9999 -9999
2021 02 10 06   120    54 10175   140    18 -9999 -9999 -9999
2021 02 10 09   150    60 10136   197    30 -9999 -9999 -9999
2021 02 11 00    27 -9999 10183   234     4 -9999 -9999 -9999
2021 02 13 12   162    -4 10128   217    37 -9999 -9999 -9999
2021 02 13 18    95    25 10131   315    11 -9999 -9999 -9999
2021 02 13 21    68    21 10135   260    10 -9999 -9999     0
2021 02 14 00    50    17 10171   265    14 -9999 -9999 -9999
2021 02 14 03   141    38 10161    67     6 -9999 -9999 -9999
2021 02 14 06   191    29 10120   192    37 -9999 -9999 -9999
2021 02 14 09   200    28 10097   206    46 -9999 -9999 -9999
2021 02 14 12   160    58 10128   200    29 -9999 -9999 -9999
2021 02 14 18   106    52 10106   276     8 -9999 -9999 -9999
2021 02 14 21    95    37 10103   273    18 -9999 -9999 -9999
2021 02 15 00    62    29 10139   279     9 -9999 -9999 -9999
2021 02 15 03   156     2 10125   279    32 -9999 -9999 -9999
2021 02 15 06   205    -8 10084   219    41 -9999 -9999 -9999
2021 02 15 09   207    -6 10063   204    48 -9999 -9999 -9999
2021 02 15 12   166    36 10108   196    27 -9999 -9999 -9999
2021 02 15 18   116    41 10094   256    17 -9999 -9999 -9999
2021 02 15 21   122    34 10083    64     7 -9999 -9999 -9999
2021 02 16 00    82    34 10132   302    10 -9999 -9999 -9999
2021 02 16 03   161    35 10133    12    13 -9999 -9999 -9999
2021 02 16 06   195    10 10101   182    32 -9999 -9999 -9999
2021 02 16 09   206     4 10073   190    36 -9999 -9999 -9999
2021 02 16 12   165    32 10125   211    22 -9999 -9999 -9999
2021 02 16 18   100    37 10136   313     6 -9999 -9999 -9999
2021 02 16 21    76    31 10144   320     7 -9999 -9999 -9999
2021 02 17 00    60    26 10185   272    11 -9999 -9999 -9999
2021 02 17 03   137    64 10184    93    13 -9999 -9999 -9999
2021 02 17 06   195    55 10142   178    36 -9999 -9999 -9999
2021 02 17 09   196    41 10123   178    42 -9999 -9999 -9999
2021 02 17 12   166    56 10158   196    34 -9999 -9999 -9999
2021 02 17 18   110    63 10159   304     5 -9999 -9999 -9999
2021 02 17 21    90    56 10162   279    10 -9999 -9999 -9999
2021 02 18 00    76    67 10201   111     3 -9999 -9999 -9999
2021 02 18 03   142    86 10208   153    29 -9999 -9999 -9999
2021 02 18 06   175    88 10177   137    53 -9999 -9999 -9999
2021 02 18 09   195    84 10151   155    36 -9999 -9999 -9999
2021 02 18 12   150    91 10184   191    36 -9999 -9999 -9999
2021 02 18 18   112    98 10188   181    18 -9999 -9999 -9999
2021 02 18 21    91    72 10182   265    20 -9999 -9999 -9999
2021 02 19 00    82    67 10215   281    11 -9999 -9999 -9999
2021 02 19 03   135    90 10222   269     5 -9999 -9999 -9999
2021 02 19 06   190    61 10169   221    42 -9999 -9999 -9999
2021 02 19 09   197    65 10138   199    52 -9999 -9999 -9999
2021 02 20 18   137    53 10128   206    23 -9999 -9999 -9999
2021 02 20 21   127    55 10108   349    12 -9999 -9999 -9999
2021 02 21 00   110    57 10136   360     2 -9999 -9999 -9999
2021 02 21 06   180    52 10112   145    26 -9999 -9999 -9999
2021 02 21 09   195    48 10085   200    36 -9999 -9999 -9999
2021 02 21 18    97    53 10138   261    13 -9999 -9999 -9999
2021 02 21 21    76    47 10134   272     9 -9999 -9999 -9999
2021 02 22 00    61    39 10173   265    14 -9999 -9999 -9999
2021 02 22 03   146    54 10161    64     8 -9999 -9999 -9999
2021 02 22 06   216     2 10110   182    28 -9999 -9999 -9999
2021 02 22 09   217    19 10090   156    45 -9999 -9999 -9999
2021 02 22 12   180    18 10125   173    33 -9999 -9999 -9999
2021 02 22 18   110    41 10117   317     5 -9999 -9999 -9999
2021 02 22 21    82    37 10117   275    17 -9999 -9999 -9999
2021 02 23 00    62    29 10149   276     9 -9999 -9999 -9999
2021 02 23 03   156    43 10140    85    10 -9999 -9999 -9999
2021 02 23 06   207    16 10100   195    39 -9999 -9999 -9999
2021 02 23 09   226    -2 10071   213    45 -9999 -9999 -9999
2021 02 23 12   185     5 10103   194    32 -9999 -9999 -9999
2021 02 23 18   151     2 10080   177    22 -9999 -9999 -9999
2021 02 23 21   107    19 10074   298     3 -9999 -9999 -9999
2021 02 24 00    95    27 10100   300     8 -9999 -9999 -9999
2021 02 24 03   182    25 10077   224    73 -9999 -9999 -9999
2021 02 24 06   212    35 10038   233    44 -9999 -9999 -9999
2021 02 24 09   212    48 10029   231    64 -9999 -9999 -9999
2021 02 24 12   185    42 10053   218    23 -9999 -9999 -9999
2021 02 24 18   165    54 10030   231    57 -9999 -9999 -9999
2021 02 24 21   145    23 10025   222    29 -9999 -9999 -9999
2021 02 25 00   127    37 10055   229    30 -9999 -9999 -9999
2021 02 25 03   170    43 10067   260    35 -9999 -9999 -9999
2021 02 25 06   200    37 10021   270    59 -9999 -9999 -9999
2021 02 25 09   197    22 10007   236    52 -9999 -9999 -9999
2021 02 25 12   172    28 10032   239    27 -9999 -9999 -9999
2021 02 25 18   147    29 10026   230    20 -9999 -9999 -9999
2021 02 25 21   122    34 10029   207    14 -9999 -9999 -9999
2021 02 26 00    97    41 10069   326     5 -9999 -9999 -9999
2021 02 26 03   166    43 10071    18     9 -9999 -9999 -9999
2021 02 26 06   217    35 10029   301    36 -9999 -9999 -9999
2021 02 26 09   216    42 10018   223    43 -9999 -9999 -9999
2021 02 26 12   176    42 10054   217    23 -9999 -9999 -9999
2021 02 26 18   141    52 10042   292    13 -9999 -9999 -9999
2021 02 26 21   111    54 10044   290     8 -9999 -9999 -9999
2021 02 27 00    90    49 10077   264    12 -9999 -9999 -9999
2021 02 27 03   145    58 10083    50     6 -9999 -9999 -9999
2021 02 27 06   176    65 10058   218    51 -9999 -9999 -9999
2021 02 27 09   176    55 10055   224    38 -9999 -9999 -9999
2021 02 27 12   162    56 10079   214    22 -9999 -9999 -9999
2021 02 27 18   131    50 10066   189    19 -9999 -9999 -9999
2021 02 27 21   125    21 10056   205     9 -9999 -9999 -9999
2021 02 28 00   121    20 10071   189    22 -9999 -9999 -9999
2021 02 28 03   167    45 10074   209    45 -9999 -9999 -9999
2021 02 28 06   195    32 10052   232    70 -9999 -9999 -9999
2021 02 28 09   197    39 10041   218    48 -9999 -9999 -9999
2021 02 28 12   177    33 10064   232    48 -9999 -9999 -9999
2021 02 28 18   152    30 10074   217    29 -9999 -9999 -9999
2021 02 28 21   137    10 10078   189    26 -9999 -9999 -9999
2021 03 01 00   122    15 10116   252     7 -9999 -9999 -9999
2021 03 01 03   185    39 10119   230    30 -9999 -9999 -9999
2021 03 01 06   211    42 10094   241    34 -9999 -9999 -9999
2021 03 01 09   217    39 10088   244    47 -9999 -9999 -9999
2021 03 01 12   186    40 10125   249    21 -9999 -9999 -9999
2021 03 01 18   130    43 10135   354     4 -9999 -9999 -9999
2021 03 01 21   105    44 10129   345     6 -9999 -9999 -9999
2021 03 02 00    95    46 10150   302    12 -9999 -9999 -9999
2021 03 02 03   182    33 10138   201    39 -9999 -9999 -9999
2021 03 02 06   202    26 10108   242    47 -9999 -9999 -9999
2021 03 02 09   217    14 10081   251    54 -9999 -9999 -9999
2021 03 02 12   187    12 10101   217    31 -9999 -9999 -9999
2021 03 02 18   166    19 10098   206    15 -9999 -9999 -9999
2021 03 02 21   157    28 10093   240    33 -9999 -9999 -9999
2021 03 03 00   127    26 10127   198    24 -9999 -9999 -9999
2021 03 03 03   187     8 10120   202    36 -9999 -9999 -9999
2021 03 03 06   195     4 10092   231    48 -9999 -9999 -9999
2021 03 03 09   197     8 10075   256    60 -9999 -9999 -9999
2021 03 03 12   185     5 10098   243    42 -9999 -9999 -9999
2021 03 03 18   151    16 10111   201    22 -9999 -9999 -9999
2021 03 03 21   136    16 10102   192    15 -9999 -9999 -9999
2021 03 04 00   130    16 10120   208    23 -9999 -9999 -9999
2021 03 04 03   185    27 10116   219    42 -9999 -9999 -9999
2021 03 04 06   202    17 10081   230    66 -9999 -9999 -9999
2021 03 04 09   202    11 10065   252    43 -9999 -9999 -9999
2021 03 04 12   187     4 10079   238    48 -9999 -9999 -9999
2021 03 04 18   167    16 10074   251    51 -9999 -9999 -9999
2021 03 04 21   152   -10 10080   234    27 -9999 -9999 -9999
2021 03 05 00   115     3 10104   133    12 -9999 -9999 -9999
2021 03 05 03   171    15 10102   235    48 -9999 -9999 -9999
2021 03 05 06   195     9 10065   241    69 -9999 -9999 -9999
2021 03 05 09   200    -2 10052   224    69 -9999 -9999 -9999
2021 03 05 12   172    -4 10094   229    38 -9999 -9999 -9999
2021 03 05 18   145    -9 10117   255    34 -9999 -9999 -9999
2021 03 05 21   131     2 10110   225    29 -9999 -9999 -9999
2021 03 06 00    97    11 10149   360     2 -9999 -9999 -9999
2021 03 06 03   175    22 10142   314    14 -9999 -9999 -9999
2021 03 06 06   201     0 10106   246    49 -9999 -9999 -9999
2021 03 06 09   180    11 10112   291    32 -9999 -9999 -9999
2021 03 06 12   155    19 10151   212    27 -9999 -9999 -9999
2021 03 06 18   100    26 10151   274     9 -9999 -9999 -9999
2021 03 06 21    80    24 10151   278    12 -9999 -9999 -9999
2021 03 07 00    66    21 10172   270    17 -9999 -9999 -9999
2021 03 07 03   137    38 10168    11     4 -9999 -9999 -9999
2021 03 07 06   207     5 10115   214    80 -9999 -9999 -9999
2021 03 07 09   206     4 10098   259    63 -9999 -9999 -9999
2021 03 07 12   177     8 10128   198    19 -9999 -9999 -9999
2021 03 07 18   125    12 10123   128    16 -9999 -9999 -9999
2021 03 07 21    97    16 10126    81     4 -9999 -9999 -9999
2021 03 08 00    90    17 10158   326     6 -9999 -9999 -9999
2021 03 08 03   172    13 10144    48    12 -9999 -9999 -9999
2021 03 08 06   202    -9 10113   267    44 -9999 -9999 -9999
2021 03 08 09   202    11 10098   244    55 -9999 -9999 -9999
2021 03 08 12   185    15 10120   249    28 -9999 -9999 -9999
2021 03 08 18   130    39 10115   157     5 -9999 -9999 -9999
2021 03 08 21   117    44 10108   228     6 -9999 -9999 -9999
2021 03 09 00   105    42 10136   302    12 -9999 -9999 -9999
2021 03 09 03   177    47 10133   204    22 -9999 -9999 -9999
2021 03 09 06   192    30 10114   256    50 -9999 -9999 -9999
2021 03 09 09   192    34 10105   220    55 -9999 -9999 -9999
2021 03 09 12   172    46 10129   241    38 -9999 -9999 -9999
2021 03 09 18   147    50 10121   225    30 -9999 -9999 -9999
2021 03 09 21   127    37 10115   200    20 -9999 -9999 -9999
2021 03 10 00   100    42 10148   322     7 -9999 -9999 -9999
2021 03 10 03   185    35 10133   245    51 -9999 -9999 -9999
2021 03 10 06   207    43 10097   239    44 -9999 -9999 -9999
2021 03 10 09   207    35 10083   254    54 -9999 -9999 -9999
2021 03 10 12   185    36 10124   243    41 -9999 -9999 -9999
2021 03 10 18   149    21 10116   240    20 -9999 -9999     0
2021 03 10 21   112    40 10125   268    11 -9999 -9999 -9999
2021 03 11 00    92    35 10160   297     5 -9999 -9999 -9999
2021 03 11 03   186    16 10146   264    23 -9999 -9999 -9999
2021 03 11 06   225     9 10107   252    39 -9999 -9999 -9999
2021 03 11 09   231     9 10098   230    47 -9999 -9999 -9999
2021 03 11 12   201    -5 10130   234    36 -9999 -9999 -9999
2021 03 11 18   152    18 10123   173    19 -9999 -9999 -9999
2021 03 11 21   122    27 10118   279     5 -9999 -9999 -9999
2021 03 12 00   105    25 10155   307     5 -9999 -9999 -9999
2021 03 12 03   197    34 10147   329    14 -9999 -9999 -9999
2021 03 12 06   232   -17 10107   247    43 -9999 -9999 -9999
2021 03 12 09   242    12 10087   223    52 -9999 -9999 -9999
2021 03 12 12   206    24 10122   223    38 -9999 -9999 -9999
2021 03 12 18   141    41 10124   235     5 -9999 -9999 -9999
2021 03 12 21   115    40 10122   242     8 -9999 -9999 -9999
2021 03 13 00    97    44 10160   303     7 -9999 -9999 -9999
2021 03 13 03   195    55 10145    68    14 -9999 -9999 -9999
2021 03 13 06   237    20 10114   203    29 -9999 -9999 -9999
2021 03 13 09   245    37 10087   210    26 -9999 -9999 -9999
2021 03 13 12   206    46 10109   153    25 -9999 -9999 -9999
2021 03 13 18   152    54 10091   360     2 -9999 -9999 -9999
2021 03 13 21   121    55 10085   272     6 -9999 -9999 -9999
2021 03 14 00   100    50 10121   269    10 -9999 -9999 -9999
2021 03 14 03   205    19 10096   229    30 -9999 -9999 -9999
2021 03 14 06   237     1 10059   273    71 -9999 -9999 -9999
2021 03 14 09   247     3 10040   218    56 -9999 -9999 -9999
2021 03 14 12   210    27 10079   275    37 -9999 -9999 -9999
2021 03 14 18   180    11 10053   241    48 -9999 -9999 -9999
2021 03 14 21   170    10 10043   258    52 -9999 -9999 -9999
2021 03 15 00   145    20 10084    43     4 -9999 -9999 -9999
2021 03 15 03   206    15 10079   261    61 -9999 -9999 -9999
2021 03 15 06   241    -2 10040   261    54 -9999 -9999 -9999
2021 03 15 09   250    24 10018   268    50 -9999 -9999 -9999
2021 03 15 12   212    30 10056   230    25 -9999 -9999 -9999
2021 03 15 18   181    24 10056   254    28 -9999 -9999 -9999
2021 03 15 21   132    37 10065   308    10 -9999 -9999 -9999
2021 03 16 00   112    40 10098   279    16 -9999 -9999 -9999
2021 03 16 03   202    12 10081   240    47 -9999 -9999 -9999
2021 03 16 06   250    -9 10035   243    55 -9999 -9999 -9999
2021 03 16 09   252    -7 10034   256    73 -9999 -9999 -9999
2021 03 16 12   222     1 10066   231    34 -9999 -9999 -9999
2021 03 16 18   185    10 10059   226    29 -9999 -9999 -9999
2021 03 16 21   167     9 10050   252    43 -9999 -9999 -9999
2021 03 17 00   132    25 10092   360     0 -9999 -9999 -9999
2021 03 17 03   210    -4 10079   273    35 -9999 -9999 -9999
2021 03 17 06   255   -49 10045   258    67 -9999 -9999 -9999
2021 03 17 09   265   -22 10022   226    43 -9999 -9999 -9999
2021 03 17 12   225   -23 10066   218    23 -9999 -9999 -9999
2021 03 17 18   165     9 10068   268    13 -9999 -9999 -9999
2021 03 17 21   132    18 10067   318     8 -9999 -9999 -9999
2021 03 18 00   120    22 10099   360     2 -9999 -9999 -9999
2021 03 18 03   217    15 10086    76    10 -9999 -9999 -9999
2021 03 18 06   257   -38 10049   258    41 -9999 -9999 -9999
2021 03 18 09   262     1 10032   216    48 -9999 -9999 -9999
2021 03 18 12   227    12 10065   229    27 -9999 -9999 -9999
2021 03 18 18   195    19 10052   242    25 -9999 -9999 -9999
2021 03 18 21   147    29 10061    76     7 -9999 -9999 -9999
2021 03 19 00   132    39 10092   360     2 -9999 -9999 -9999
2021 03 19 03   220   -27 10073   235    51 -9999 -9999 -9999
2021 03 19 06   261   -25 10032   241    46 -9999 -9999 -9999
2021 03 19 09   262   -16 10021   239    42 -9999 -9999 -9999
2021 03 19 12   232   -10 10055   248    49 -9999 -9999 -9999
2021 03 19 18   201     0 10033   247    52 -9999 -9999 -9999
2021 03 19 21   167    30 10036   334     5 -9999 -9999 -9999
2021 03 20 00   136    28 10071   360     2 -9999 -9999 -9999
2021 03 20 03   225    14 10061   210    35 -9999 -9999 -9999
2021 03 20 06   257    -4 10014   248    62 -9999 -9999 -9999
2021 03 20 09   260    -1 10005   221    61 -9999 -9999 -9999
2021 03 20 12   235    -1 10043   231    44 -9999 -9999 -9999
2021 03 20 18   202    34 10038   224    29 -9999 -9999 -9999
2021 03 20 21   167    50 10042   130     4 -9999 -9999 -9999
2021 03 21 00   146    57 10080   302     5 -9999 -9999 -9999
2021 03 21 03   197    69 10095   360     1 -9999 -9999 -9999
2021 03 21 06   231    64 10061   201    32 -9999 -9999 -9999
2021 03 21 09   237    51 10047   197    36 -9999 -9999 -9999
2021 03 21 12   216    55 10078   157    14 -9999 -9999 -9999
2021 03 21 18   120    70 10146    74    26 -9999 -9999 -9999
2021 03 21 21   107    66 10144    85    22 -9999 -9999 -9999
2021 03 22 00    95    59 10176    86    26 -9999 -9999 -9999
2021 03 22 03    95    59 10214    75    21 -9999 -9999 -9999
2021 03 22 06   106    66 10207   112    17 -9999 -9999 -9999
2021 03 22 09   130    67 10167    81    17 -9999 -9999 -9999
2021 03 22 12   117    74 10179   175    25 -9999 -9999 -9999
2021 03 22 18    96    75 10205   147    16 -9999 -9999 -9999
2021 03 22 21    92    77 10176   175    19 -9999 -9999 -9999
2021 03 23 00    95    79 10192   122    14 -9999 -9999 -9999
2021 03 23 03   152    96 10181   150    26 -9999 -9999 -9999
2021 03 23 06   226    72 10107    77    23 -9999 -9999 -9999
2021 03 23 09   236    81 10073   181    54 -9999 -9999 -9999
2021 03 23 12   177    94 10109   203    46 -9999 -9999 -9999
2021 03 23 18   125   106 10107    84     9 -9999 -9999 -9999
2021 03 23 21   116   103 10091   140    18 -9999 -9999 -9999
2021 03 24 00   120   100 10124   147    28 -9999 -9999 -9999
2021 03 24 03   187   103 10115   141    14 -9999 -9999 -9999
2021 03 24 06   250    30 10050   277    22 -9999 -9999 -9999
2021 03 24 09   265    17 10017   236    51 -9999 -9999 -9999
2021 03 24 12   227    22 10042   204    21 -9999 -9999 -9999
2021 03 24 18   192    30 10038   241    30 -9999 -9999 -9999
2021 03 24 21   181    32 10033   258    37 -9999 -9999 -9999
2021 03 25 00   146    43 10078    20     7 -9999 -9999 -9999
2021 03 25 03   217    48 10075   237    42 -9999 -9999 -9999
2021 03 25 06   240    58 10040   255    54 -9999 -9999 -9999
2021 03 25 09   247    56 10016   257    48 -9999 -9999 -9999
2021 03 25 12   226    42 10045   219    35 -9999 -9999 -9999
2021 03 25 18   190    31 10046   273    26 -9999 -9999 -9999
2021 03 25 21   172    17 10039   231    44 -9999 -9999 -9999
2021 03 26 00   160    33 10074   344     6 -9999 -9999 -9999
2021 03 26 03   215    41 10073   242    64 -9999 -9999 -9999
2021 03 26 06   250    35 10034   232    63 -9999 -9999 -9999
2021 03 26 09   256    36 10012   228    55 -9999 -9999 -9999
2021 03 26 12   227    28 10040   226    38 -9999 -9999 -9999
2021 03 26 18   175    33 10054   207    20 -9999 -9999 -9999
2021 03 26 21   141    38 10055   275    11 -9999 -9999 -9999
2021 03 27 00   120    29 10086   332    10 -9999 -9999 -9999
2021 03 27 03   207   -37 10075   273    46 -9999 -9999 -9999
2021 03 27 06   257   -47 10029   229    40 -9999 -9999 -9999
2021 03 27 09   265   -41 10013   251    50 -9999 -9999 -9999
2021 03 27 12   231   -25 10052   226    44 -9999 -9999 -9999
2021 03 27 18   150    11 10056   360     2 -9999 -9999 -9999
2021 03 27 21   130    25 10048   360     6 -9999 -9999 -9999
2021 03 28 00   115    27 10085   252    10 -9999 -9999 -9999
2021 03 28 03   212    -1 10072    58    11 -9999 -9999 -9999
2021 03 28 06   257   -58 10037   256    66 -9999 -9999 -9999
2021 03 28 09   251   -86 10021   252    69 -9999 -9999 -9999
2021 03 28 12   222   -56 10043   249    33 -9999 -9999 -9999
2021 03 28 18   200   -51 10024   241    29 -9999 -9999 -9999
2021 03 28 21   190   -32 10017   224    45 -9999 -9999 -9999
2021 03 29 00   182   -32 10041   236    28 -9999 -9999 -9999
2021 03 29 03   225   -31 10040   272    49 -9999 -9999 -9999
2021 03 29 06   251   -25 10001   245    53 -9999 -9999 -9999
2021 03 29 09   250   -17  9982   224    54 -9999 -9999 -9999
2021 03 29 12   217   -21 10003   212    49 -9999 -9999 -9999
2021 03 29 18   172   -14 10001   209    24 -9999 -9999 -9999
2021 03 29 21   155   -15 10001   205    38 -9999 -9999 -9999
2021 03 30 00   142    -2 10029   277     9 -9999 -9999 -9999
2021 03 30 03   210    18 10021   256    50 -9999 -9999 -9999
2021 03 30 06   240    16  9989   235    49 -9999 -9999 -9999
2021 03 30 09   230    25  9984   245    65 -9999 -9999 -9999
2021 03 30 12   210    27 10007   228    44 -9999 -9999 -9999
2021 03 30 18   177    25 10007   255    33 -9999 -9999 -9999
2021 03 30 21   166    40  9994   214    40 -9999 -9999 -9999
2021 03 31 00   170    50 10013   233    37 -9999 -9999 -9999
2021 03 31 03   192    68 10027   254    49 -9999 -9999 -9999
2021 03 31 06   227    53  9997   272    81 -9999 -9999 -9999
2021 03 31 09   227    48  9988   239    65 -9999 -9999 -9999
2021 03 31 12   202    47 10008   251    22 -9999 -9999 -9999
2021 03 31 18   155    59 10024   291     6 -9999 -9999 -9999
2021 03 31 21   151    67 10014   276    38 -9999 -9999 -9999
2021 04 01 00   132   110 10049   254     9 -9999 -9999    15
2021 04 01 03   201    99 10046   188    16 -9999 -9999    15
2021 04 01 06   245    58 10023   241    35 -9999 -9999 -9999
2021 04 01 09   247    46 10000   258    50 -9999 -9999 -9999
2021 04 01 12   220    53 10025   274    17 -9999 -9999 -9999
2021 04 01 18   150    72 10039   284     9 -9999 -9999 -9999
2021 04 01 21   130    54 10048   360     0 -9999 -9999 -9999
2021 04 02 00   130    48 10079   328     4 -9999 -9999 -9999
2021 04 02 03   217    34 10065   246    49 -9999 -9999 -9999
2021 04 02 06   200    55 10079   294    68 -9999 -9999 -9999
2021 04 02 09   212    67 10061   312    55 -9999 -9999 -9999
2021 04 02 12   200    64 10069   304    14 -9999 -9999 -9999
2021 04 02 18   137    69 10097   267     7 -9999 -9999 -9999
2021 04 02 21   116    67 10096     2     6 -9999 -9999 -9999
2021 04 03 00   107    64 10124   302    10 -9999 -9999 -9999
2021 04 03 03   217    39 10107    39     9 -9999 -9999 -9999
2021 04 03 06   261   -25 10071   204    46 -9999 -9999 -9999
2021 04 03 09   267   -20 10053   230    50 -9999 -9999 -9999
2021 04 03 12   232   -23 10077   261    30 -9999 -9999 -9999
2021 04 03 18   181    24 10064   274    15 -9999 -9999 -9999
2021 04 03 21   165    36 10062   280    10 -9999 -9999 -9999
2021 04 04 00   156    43 10091   328     3 -9999 -9999 -9999
2021 04 04 03   187    56 10107   360     2 -9999 -9999 -9999
2021 04 04 06   220    50 10088   202    34 -9999 -9999 -9999
2021 04 04 09   211    62 10076   199    35 -9999 -9999 -9999
2021 04 04 12   185    82 10106   182    27 -9999 -9999 -9999
2021 04 04 18   167    72 10101   218    14 -9999 -9999 -9999
2021 04 04 21   157    78 10112   257    17 -9999 -9999 -9999
2021 04 05 00   162    27 10137   201    31 -9999 -9999 -9999
2021 04 05 03   165    39 10155   197    19 -9999 -9999 -9999
2021 04 05 06   125    90 10164   180    20 -9999 -9999    19
2021 04 05 09   145    95 10132   181    18 -9999 -9999    19
2021 04 05 12   127    94 10141   196    22 -9999 -9999 -9999
2021 04 05 18   117    99 10178   197    17 -9999 -9999     1
2021 04 05 21   112   102 10155   218    19 -9999 -9999    17
2021 04 06 00   112   104 10175   189    14 -9999 -9999    67
2021 04 06 03   116   107 10189   156     7 -9999 -9999   113
2021 04 06 06   122   110 10176   168    17 -9999 -9999   115
2021 04 06 09   131   106 10145   171    14 -9999 -9999    77
2021 04 06 12   121   103 10159   158    21 -9999 -9999    24
2021 04 06 18   107    96 10173   185    21 -9999 -9999 -9999
2021 04 06 21   102    90 10159   139     7 -9999 -9999 -9999
2021 04 07 00   100    88 10181   276     7 -9999 -9999 -9999
2021 04 07 03   157   101 10166    80    14 -9999 -9999 -9999
2021 04 07 06   207   108 10108   144    41 -9999 -9999 -9999
2021 04 07 09   222    80 10074   213    45 -9999 -9999 -9999
2021 04 07 12   187    84 10095   203    28 -9999 -9999 -9999
2021 04 07 18   141   101 10088   296     8 -9999 -9999 -9999
2021 04 07 21   121    97 10088   297     6 -9999 -9999 -9999
2021 04 08 00   115    93 10120   360     2 -9999 -9999 -9999
2021 04 08 03   202    95 10102    30    10 -9999 -9999 -9999
2021 04 08 06   231    64 10067   216    46 -9999 -9999 -9999
2021 04 08 09   235    62 10054   245    49 -9999 -9999 -9999
2021 04 08 12   202    63 10077   215    22 -9999 -9999 -9999
2021 04 08 18   152    81 10077   106     4 -9999 -9999 -9999
2021 04 08 21   132    86 10080   344     3 -9999 -9999 -9999
2021 04 09 00   126    89 10108   271     7 -9999 -9999 -9999
2021 04 09 03   210    73 10097   258    36 -9999 -9999 -9999
2021 04 09 06   246    44 10059   251    52 -9999 -9999 -9999
2021 04 09 09   255    57 10041   239    55 -9999 -9999 -9999
2021 04 09 12   222    68 10069   229    28 -9999 -9999 -9999
2021 04 09 18   192    64 10067   255    34 -9999 -9999 -9999
2021 04 09 21   152    68 10073   196    22 -9999 -9999 -9999
2021 04 10 00   157    81 10102   123    11 -9999 -9999 -9999
2021 04 10 03   222    83 10095   235    34 -9999 -9999 -9999
2021 04 10 06   260    56 10055   269    60 -9999 -9999 -9999
2021 04 10 09   262    47 10047   248    50 -9999 -9999 -9999
2021 04 10 12   235    34 10064   255    35 -9999 -9999 -9999
2021 04 10 18   197    57 10071   233    23 -9999 -9999 -9999
2021 04 10 21   182    65 10067   242    28 -9999 -9999 -9999
2021 04 11 00   165    79 10103   360     2 -9999 -9999 -9999
2021 04 11 03   231    80 10097   229    52 -9999 -9999 -9999
2021 04 11 06   221    75 10097   259    54 -9999 -9999 -9999
2021 04 11 09   242    70 10053   234    64 -9999 -9999 -9999
2021 04 11 12   215    83 10079   225    33 -9999 -9999 -9999
2021 04 11 18   170    93 10107   193    20 -9999 -9999 -9999
2021 04 11 21   155    91 10099   160    12 -9999 -9999 -9999
2021 04 12 00   151    92 10127   256     3 -9999 -9999 -9999
2021 04 12 03   226    51 10111   273    22 -9999 -9999 -9999
2021 04 12 06   265    31 10071   225    31 -9999 -9999 -9999
2021 04 12 09   272    37 10045   253    48 -9999 -9999 -9999
2021 04 12 12   240    28 10067   238    47 -9999 -9999 -9999
2021 04 12 18   201    33 10066   222    23 -9999 -9999 -9999
2021 04 12 21   165    44 10069   119     9 -9999 -9999 -9999
2021 04 13 00   151    53 10101   298    10 -9999 -9999 -9999
2021 04 13 03   230    35 10085   276    61 -9999 -9999 -9999
2021 04 13 06   265    43 10048   275    46 -9999 -9999 -9999
2021 04 13 09   267    39 10032   250    60 -9999 -9999 -9999
2021 04 13 12   236    50 10055   242    37 -9999 -9999 -9999
2021 04 13 18   182    55 10066   234    25 -9999 -9999 -9999
2021 04 13 21   152    65 10068    42     6 -9999 -9999 -9999
2021 04 14 00   140    61 10102   261     5 -9999 -9999 -9999
2021 04 14 03   225    31 10085   276    69 -9999 -9999 -9999
2021 04 14 06   255    -5 10052   274    68 -9999 -9999 -9999
2021 04 14 09   261     0 10031   256    76 -9999 -9999 -9999
2021 04 14 12   232     4 10047   243    31 -9999 -9999 -9999
2021 04 14 18   197    -3 10047   246    25 -9999 -9999 -9999
2021 04 14 21   161    22 10052   288    10 -9999 -9999 -9999
2021 04 15 00   141    41 10083   182     8 -9999 -9999 -9999
2021 04 15 03   217    39 10072   267    60 -9999 -9999 -9999
2021 04 15 06   256    23 10027   296    32 -9999 -9999 -9999
2021 04 15 09   266    25 10009   227    44 -9999 -9999 -9999
2021 04 15 12   236    19 10042   233    35 -9999 -9999 -9999
2021 04 15 18   202    34 10040   264    40 -9999 -9999 -9999
2021 04 15 21   187    34 10039   210    16 -9999 -9999 -9999
2021 04 16 00   170    58 10075   263     7 -9999 -9999 -9999
2021 04 16 03   232    52 10075   202    28 -9999 -9999 -9999
2021 04 16 06   267     4 10036   309    28 -9999 -9999 -9999
2021 04 16 09   275    -6 10014   219    38 -9999 -9999 -9999
2021 04 16 12   237    26 10048   209    26 -9999 -9999 -9999
2021 04 16 18   205    44 10057   158     8 -9999 -9999 -9999
2021 04 16 21   190    70 10063   316    18 -9999 -9999 -9999
2021 04 17 00   176    71 10102   293    26 -9999 -9999 -9999
2021 04 17 03   167   100 10139   331    17 -9999 -9999 -9999
2021 04 17 06   161   125 10126   130    17 -9999 -9999     2
2021 04 17 09   137   117 10120   158    21 -9999 -9999    30
2021 04 17 12   141   116 10121   171     9 -9999 -9999    30
2021 04 17 18   135   111 10140   199    19 -9999 -9999 -9999
2021 04 17 21   127   107 10141   153     9 -9999 -9999 -9999
2021 04 18 00   127   106 10144   211     9 -9999 -9999 -9999
2021 04 18 03   185   108 10125   217    17 -9999 -9999 -9999
2021 04 18 06   240    80 10063   268    39 -9999 -9999 -9999
2021 04 18 09   255    57 10028   236    54 -9999 -9999 -9999
2021 04 18 12   220    66 10051   229    38 -9999 -9999 -9999
2021 04 18 18   170    78 10047   218    23 -9999 -9999 -9999
2021 04 18 21   145    79 10042   170    21 -9999 -9999 -9999
2021 04 19 00   152    89 10065   188    14 -9999 -9999 -9999
2021 04 19 03   220    50 10051   249    34 -9999 -9999 -9999
2021 04 19 06   235    49 10037   239    46 -9999 -9999 -9999
2021 04 19 09   235    53 10033   252    67 -9999 -9999 -9999
2021 04 19 12   200    52 10044   218    34 -9999 -9999 -9999
2021 04 19 18   165    68 10047   239    24 -9999 -9999 -9999
2021 04 19 21   151    67 10044   240    20 -9999 -9999 -9999
2021 04 20 00   135    75 10087   337     8 -9999 -9999 -9999
2021 04 20 03   210    50 10069   255    39 -9999 -9999 -9999
2021 04 20 06   251    19 10031   264    65 -9999 -9999 -9999
2021 04 20 09   262    29 10012   255    56 -9999 -9999 -9999
2021 04 20 12   230    29 10043   245    45 -9999 -9999 -9999
2021 04 20 18   190    36 10046   244    25 -9999 -9999 -9999
2021 04 20 21   166    36 10042   209    17 -9999 -9999 -9999
