2021 01 01 00   126   112 10196   265     7 -9999 -9999 -9999
2021 01 01 03   170   122 10216   180    11 -9999 -9999 -9999
2021 01 01 06   221   115 10170   167    17 -9999 -9999 -9999
2021 01 01 09   242   113 10138   183    23 -9999 -9999 -9999
2021 01 01 12   172   113 10167   329    12 -9999 -9999 -9999
2021 01 01 18   117   107 10175   304     4 -9999 -9999 -9999
2021 01 01 21   112   103 10166   310     9 -9999 -9999 -9999
2021 01 02 00   120   111 10193   162     5 -9999 -9999 -9999
2021 01 02 03   170   118 10202   190     6 -9999 -9999 -9999
2021 01 02 06   217   115 10159   101    16 -9999 -9999 -9999
2021 01 02 09   242    86 10134   241    31 -9999 -9999 -9999
2021 01 02 12   170   111 10161   346     9 -9999 -9999 -9999
2021 01 02 18   110   105 10169   360     2 -9999 -9999 -9999
2021 01 02 21    97    94 10162   339     4 -9999 -9999 -9999
2021 01 03 00   101   101 10194   271    12 -9999 -9999 -9999
2021 01 03 03   125   105 10213   271     7 -9999 -9999 -9999
2021 01 03 06   225   124 10154    69    12 -9999 -9999 -9999
2021 01 03 09   245   115 10131   185    26 -9999 -9999 -9999
2021 01 03 12   172   116 10163   301    10 -9999 -9999 -9999
2021 01 03 18   111   105 10174   360     1 -9999 -9999 -9999
2021 01 03 21   100    97 10175   360     0 -9999 -9999 -9999
2021 01 04 00   105   102 10204   196     6 -9999 -9999 -9999
2021 01 04 03   127   107 10223    85    10 -9999 -9999 -9999
2021 01 04 06   231   130 10159    83    12 -9999 -9999 -9999
2021 01 04 09   267    91 10132   291    22 -9999 -9999 -9999
2021 01 04 12   182   120 10172   291     5 -9999 -9999 -9999
2021 01 04 18   115   108 10172   335     4 -9999 -9999 -9999
2021 01 04 21    98    97 10163     0 -9999 -9999 -9999     0
2021 01 05 00   101   101 10197   360     2 -9999 -9999 -9999
2021 01 05 03   117   108 10220    64    11 -9999 -9999 -9999
2021 01 05 06   236   123 10152   126    10 -9999 -9999 -9999
2021 01 05 09   270    80 10132   300    20 -9999 -9999 -9999
2021 01 05 12   180   111 10170   236     8 -9999 -9999 -9999
2021 01 05 18   111   105 10169   360     0 -9999 -9999 -9999
2021 01 05 21    95    92 10156   360     0 -9999 -9999 -9999
2021 01 06 00    92    91 10189   360     1 -9999 -9999 -9999
2021 01 06 03   130    99 10198   323     4 -9999 -9999 -9999
2021 01 06 06   237   111 10129    94     9 -9999 -9999 -9999
2021 01 06 09   275    45 10096   264    23 -9999 -9999 -9999
2021 01 06 12   185   103 10135   262     5 -9999 -9999 -9999
2021 01 06 18   115   100 10141   320     4 -9999 -9999 -9999
2021 01 06 21   101    96 10130   360     2 -9999 -9999 -9999
2021 01 07 00    92    91 10166   173     5 -9999 -9999 -9999
2021 01 07 03   147   101 10179   200     5 -9999 -9999 -9999
2021 01 07 06   252   115 10114   185    14 -9999 -9999 -9999
2021 01 07 09   261    77 10096   241    39 -9999 -9999 -9999
2021 01 07 12   190   113 10132   149     3 -9999 -9999 -9999
2021 01 07 18   122   115 10134   360     0 -9999 -9999 -9999
2021 01 07 21   107   106 10131   360     0 -9999 -9999 -9999
2021 01 08 00    97    96 10163   344     3 -9999 -9999 -9999
2021 01 08 03   152   110 10177   220     6 -9999 -9999 -9999
2021 01 08 06   244   120 10119    80    10 -9999 -9999     0
2021 01 08 09   258   119 10096   270    30 -9999 -9999     0
2021 01 08 12   191   135 10131   290    10 -9999 -9999     0
2021 01 08 18   138   124 10127   270    10 -9999 -9999     0
2021 01 08 21   132   121 10118   311     5 -9999 -9999 -9999
2021 01 09 00   121   116 10147   279     6 -9999 -9999 -9999
2021 01 09 03   162   128 10162   249     4 -9999 -9999 -9999
2021 01 09 06   247   116 10100   241    47 -9999 -9999 -9999
2021 01 09 09   257   119 10079   301    19 -9999 -9999 -9999
2021 01 09 12   192   126 10115   134    11 -9999 -9999 -9999
2021 01 09 18   137   122 10115   315     6 -9999 -9999 -9999
2021 01 09 21   126   118 10112   270    10 -9999 -9999     0
2021 01 10 00   120   114 10142   302     5 -9999 -9999 -9999
2021 01 10 03   157   125 10160   360     2 -9999 -9999 -9999
2021 01 10 06   251   146 10097   231    33 -9999 -9999 -9999
2021 01 10 09   245   120 10078   242    36 -9999 -9999 -9999
2021 01 10 12   207   137 10104    66     8 -9999 -9999 -9999
2021 01 10 18   147   132 10115   309     4 -9999 -9999 -9999
2021 01 10 21   145   134 10118   360     2 -9999 -9999 -9999
2021 01 11 00   147   138 10149   314     5 -9999 -9999 -9999
2021 01 11 03   167   141 10185    45     4 -9999 -9999 -9999
2021 01 11 06   221   145 10144    88    19 -9999 -9999 -9999
2021 01 11 09   175   118 10144    63    40 -9999 -9999 -9999
2021 01 11 12   140    88 10178    74    50 -9999 -9999 -9999
2021 01 11 18   105    49 10218    81    39 -9999 -9999 -9999
2021 01 11 21    91    43 10230    52    37 -9999 -9999 -9999
2021 01 12 00    76    46 10253    57    26 -9999 -9999     2
2021 01 12 03    81    54 10279    28    11 -9999 -9999     6
2021 01 12 06    80    49 10257    87    17 -9999 -9999     7
2021 01 12 09    95    45 10224    89    15 -9999 -9999     7
2021 01 12 12    87    43 10223    52    15 -9999 -9999     4
2021 01 12 18    85    58 10230   274     8 -9999 -9999 -9999
2021 01 12 21    85    60 10207   140     5 -9999 -9999 -9999
2021 01 13 00    85    63 10212   216    14 -9999 -9999 -9999
2021 01 13 03    96    63 10228   238     6 -9999 -9999 -9999
2021 01 13 06    96    80 10206    55    10 -9999 -9999     7
2021 01 13 09   110    79 10178   261    10 -9999 -9999     7
2021 01 13 12   110    84 10182   137     6 -9999 -9999 -9999
2021 01 13 18   106    92 10188   122     5 -9999 -9999 -9999
2021 01 13 21   106    94 10180   209    14 -9999 -9999 -9999
2021 01 14 00   106    94 10186    88     6 -9999 -9999 -9999
2021 01 14 03   142    88 10203   251    19 -9999 -9999 -9999
2021 01 14 06   185    78 10160   193    19 -9999 -9999 -9999
2021 01 14 09   205    40 10127   258    41 -9999 -9999 -9999
2021 01 14 12   140    78 10153   265     5 -9999 -9999 -9999
2021 01 14 18    77    69 10167   251     7 -9999 -9999 -9999
2021 01 14 21    67    63 10158   231     3 -9999 -9999 -9999
2021 01 15 00    65    61 10180   266     7 -9999 -9999 -9999
2021 01 15 06   205    85 10129   120     9 -9999 -9999 -9999
2021 01 15 09   220    82 10108   306    16 -9999 -9999 -9999
2021 01 15 12   155   100 10138   140     9 -9999 -9999 -9999
2021 01 15 18    97    92 10138   348     5 -9999 -9999 -9999
2021 01 15 21    92    87 10131   360     2 -9999 -9999 -9999
2021 01 16 00    90    85 10157   326     6 -9999 -9999 -9999
2021 01 16 03   125    93 10173   300     3 -9999 -9999 -9999
2021 01 16 06   210   108 10118   109    12 -9999 -9999 -9999
2021 01 16 09   232    96 10094   203    19 -9999 -9999 -9999
2021 01 16 12   167   118 10128   296    10 -9999 -9999 -9999
2021 01 16 18   107    97 10153   359     3 -9999 -9999 -9999
2021 01 16 21   105    97 10157   164     7 -9999 -9999 -9999
2021 01 17 00   106    98 10195   344     3 -9999 -9999 -9999
2021 01 17 03   141   101 10216   319     6 -9999 -9999 -9999
2021 01 17 06   230    67 10163   160    30 -9999 -9999 -9999
2021 01 17 09   230    91 10145   168    23 -9999 -9999 -9999
2021 01 17 12   167   112 10175   297     9 -9999 -9999 -9999
2021 01 17 18   127   107 10191   337     8 -9999 -9999 -9999
2021 01 17 21   106   101 10193   360     4 -9999 -9999 -9999
2021 01 18 00   117   106 10212   356     4 -9999 -9999 -9999
2021 01 18 03   142   109 10232    50    22 -9999 -9999 -9999
2021 01 18 06   141    93 10214   198    10 -9999 -9999 -9999
2021 01 18 09   161    98 10189   332    28 -9999 -9999 -9999
2021 01 18 12   140    96 10194   246    11 -9999 -9999 -9999
2021 01 18 18   110    99 10189   158     7 -9999 -9999 -9999
2021 01 18 21   105    96 10170   177    12 -9999 -9999 -9999
2021 01 19 00   111   102 10188   335     6 -9999 -9999 -9999
2021 01 19 03   141   103 10199   261     7 -9999 -9999 -9999
2021 01 19 06   175   108 10161    13    14 -9999 -9999 -9999
2021 01 19 09   207   116 10125    93     7 -9999 -9999 -9999
2021 01 19 12   157   125 10136   343     7 -9999 -9999 -9999
2021 01 19 18   125   118 10145   291     7 -9999 -9999 -9999
2021 01 19 21   112   108 10129   360     2 -9999 -9999 -9999
2021 01 20 00   117   115 10147   302     8 -9999 -9999 -9999
2021 01 20 03   145   121 10166   116     8 -9999 -9999 -9999
2021 01 20 06   220    70 10114   208    48 -9999 -9999 -9999
2021 01 20 09   225    82 10100   262    35 -9999 -9999 -9999
2021 01 20 12   167   106 10136   117     8 -9999 -9999 -9999
2021 01 20 18   105    97 10148   350     5 -9999 -9999 -9999
2021 01 20 21    92    87 10144   180    10 -9999 -9999     0
2021 01 21 00    85    79 10170   260    10 -9999 -9999     0
2021 01 21 03   122    90 10186    60    10 -9999 -9999     0
2021 01 21 06   216    71 10132   110    10 -9999 -9999     0
2021 01 21 09   225    59 10108   250    40 -9999 -9999     0
2021 01 21 12   163    93 10139   310    10 -9999 -9999     0
2021 01 21 18   126   100 10137   330    10 -9999 -9999     1
2021 01 21 21   121   110 10132     0 -9999 -9999 -9999     5
2021 01 22 00   112   109 10164   274     9 -9999 -9999     4
2021 01 22 03   150   110 10178   170     7 -9999 -9999 -9999
2021 01 22 06   221    96 10127   143    20 -9999 -9999 -9999
2021 01 22 09   237    89 10101   244    20 -9999 -9999 -9999
2021 01 22 12   175   110 10130   105     4 -9999 -9999 -9999
2021 01 22 18   137   107 10135   209     3 -9999 -9999 -9999
2021 01 22 21   126   108 10120   100     4 -9999 -9999 -9999
2021 01 23 00   122   109 10140    44     3 -9999 -9999 -9999
2021 01 23 03   157   113 10158   234     3 -9999 -9999 -9999
2021 01 23 06   217   111 10111   109     8 -9999 -9999 -9999
2021 01 23 09   235    94 10088   290    23 -9999 -9999 -9999
2021 01 23 12   175   118 10122   115    10 -9999 -9999 -9999
2021 01 23 18   112    98 10138   360     1 -9999 -9999 -9999
2021 01 23 21   100    94 10129   344     5 -9999 -9999 -9999
2021 01 24 00    97    87 10158   306     6 -9999 -9999 -9999
2021 01 24 03   132   102 10182   159     9 -9999 -9999 -9999
2021 01 24 06   227    91 10130   188    26 -9999 -9999 -9999
2021 01 24 09   242    78 10110   224    31 -9999 -9999 -9999
2021 01 24 12   177   103 10144   102     5 -9999 -9999 -9999
2021 01 24 18   108    92 10154   330    10 -9999 -9999     0
2021 01 24 21    92    86 10149   260    10 -9999 -9999     0
2021 01 25 00    82    79 10179   300     3 -9999 -9999 -9999
2021 01 25 03   112    87 10203   240    12 -9999 -9999 -9999
2021 01 25 06   227   102 10147   204    13 -9999 -9999 -9999
2021 01 25 09   255    84 10121   179    31 -9999 -9999 -9999
2021 01 25 12   177   108 10151   244     3 -9999 -9999 -9999
2021 01 25 18   102    94 10159   360     2 -9999 -9999 -9999
2021 01 25 21    88    84 10148     0 -9999 -9999 -9999     0
2021 01 26 00    81    78 10179   360     2 -9999 -9999 -9999
2021 01 26 03   130    89 10197   236     8 -9999 -9999 -9999
2021 01 26 06   237   112 10140   126    16 -9999 -9999 -9999
2021 01 26 09   257    99 10111   233    28 -9999 -9999 -9999
2021 01 26 12   185    95 10142   141     8 -9999 -9999 -9999
2021 01 26 18   106    97 10149   331     4 -9999 -9999 -9999
2021 01 26 21    92    86 10142   344     4 -9999 -9999 -9999
2021 01 27 00    82    79 10173   360     2 -9999 -9999 -9999
2021 01 27 03   136    93 10189   233    10 -9999 -9999 -9999
2021 01 27 06   246    97 10135   172    20 -9999 -9999 -9999
2021 01 27 09   265    74 10113   240    32 -9999 -9999 -9999
2021 01 27 12   187    98 10151   123     7 -9999 -9999 -9999
2021 01 27 18   112    97 10168   109     4 -9999 -9999 -9999
2021 01 27 21    95    90 10163   336     3 -9999 -9999 -9999
2021 01 28 00    82    79 10198   360     1 -9999 -9999 -9999
2021 01 28 03   135    87 10216   254    12 -9999 -9999 -9999
2021 01 28 06   245    85 10161   124    13 -9999 -9999 -9999
2021 01 28 09   265    85 10131   229    30 -9999 -9999 -9999
2021 01 28 12   186   109 10163   251     9 -9999 -9999 -9999
2021 01 28 18   107    95 10166   360     1 -9999 -9999 -9999
2021 01 28 21    95    88 10155   360     2 -9999 -9999 -9999
2021 01 29 00    85    79 10188   250     6 -9999 -9999 -9999
2021 01 29 03   142    92 10200   188     6 -9999 -9999 -9999
2021 01 29 06   251   113 10142   162    22 -9999 -9999 -9999
2021 01 29 09   257    87 10119   257    45 -9999 -9999 -9999
2021 01 29 12   192   107 10142   155     4 -9999 -9999 -9999
2021 01 29 18   120   105 10150   326     4 -9999 -9999 -9999
2021 01 29 21   106    98 10140   360     1 -9999 -9999 -9999
2021 01 30 00    95    86 10170   310     3 -9999 -9999 -9999
2021 01 30 03   155   101 10183   136     8 -9999 -9999 -9999
2021 01 30 06   227   105 10137   208    40 -9999 -9999 -9999
2021 01 30 09   260    93 10102   290    25 -9999 -9999 -9999
2021 01 30 12   187   105 10136   250    10 -9999 -9999     0
2021 01 30 18   122    99 10152   257     4 -9999 -9999 -9999
2021 01 30 21   107    99 10143   360     1 -9999 -9999 -9999
2021 01 31 00    95    89 10172   360     1 -9999 -9999 -9999
2021 01 31 03   142    98 10192   176     8 -9999 -9999 -9999
2021 01 31 06   242    83 10136   217    31 -9999 -9999 -9999
2021 01 31 09   250    52 10117   261    21 -9999 -9999 -9999
2021 01 31 12   202    83 10149    41     6 -9999 -9999 -9999
2021 01 31 18   115    86 10170   151    11 -9999 -9999 -9999
2021 01 31 21    95    82 10168   296     4 -9999 -9999 -9999
2021 02 01 00    82    74 10196   248     7 -9999 -9999 -9999
2021 02 01 03   140    86 10211   243     7 -9999 -9999 -9999
2021 02 01 06   240    49 10155   263    21 -9999 -9999 -9999
2021 02 01 09   250    30 10131   210    36 -9999 -9999 -9999
2021 02 01 12   181    57 10160   144    10 -9999 -9999 -9999
2021 02 01 18   101    72 10166   360     1 -9999 -9999 -9999
2021 02 01 21    80    68 10171   360     1 -9999 -9999 -9999
2021 02 02 00    71    59 10207   293     3 -9999 -9999 -9999
2021 02 02 03   132    70 10216   249     5 -9999 -9999 -9999
2021 02 02 06   240    44 10162   213    21 -9999 -9999 -9999
2021 02 02 09   250    30 10140   212    31 -9999 -9999 -9999
2021 02 02 12   180    59 10168   240     5 -9999 -9999 -9999
2021 02 02 18    95    64 10178   225     4 -9999 -9999 -9999
2021 02 02 21    76    54 10177   291     3 -9999 -9999 -9999
2021 02 03 00    65    51 10209     2     3 -9999 -9999 -9999
2021 02 03 03   130    60 10222   278     9 -9999 -9999 -9999
2021 02 03 06   246    38 10161   341    20 -9999 -9999 -9999
2021 02 03 09   266    44 10135   223    18 -9999 -9999 -9999
2021 02 03 12   190    86 10170   266     7 -9999 -9999 -9999
2021 02 03 18   105    83 10182    33     6 -9999 -9999 -9999
2021 02 03 21    85    73 10180   326     5 -9999 -9999 -9999
2021 02 04 00    72    65 10216   322     5 -9999 -9999 -9999
2021 02 04 03   135    73 10223    47     7 -9999 -9999 -9999
2021 02 04 06   250    24 10168   207    23 -9999 -9999 -9999
2021 02 04 09   270    21 10138   271    21 -9999 -9999 -9999
2021 02 04 12   186    48 10171   315     5 -9999 -9999 -9999
2021 02 04 18    95    59 10180     1     4 -9999 -9999 -9999
2021 02 04 21    77    57 10172   360     1 -9999 -9999 -9999
2021 02 05 00    70    53 10212   188    10 -9999 -9999 -9999
2021 02 05 03   132    56 10221   123     4 -9999 -9999 -9999
2021 02 05 06   242    61 10164    76    12 -9999 -9999 -9999
2021 02 05 09   262    46 10134   292    27 -9999 -9999 -9999
2021 02 05 12   187    75 10160   166     7 -9999 -9999 -9999
2021 02 05 18   105    72 10163   163     8 -9999 -9999 -9999
2021 02 05 21    87    69 10156   220     9 -9999 -9999 -9999
2021 02 06 00    75    63 10191   281     6 -9999 -9999 -9999
2021 02 06 03   132    72 10201    37     4 -9999 -9999 -9999
2021 02 06 06   220    81 10151   162     6 -9999 -9999 -9999
2021 02 06 09   232   110 10126   129    10 -9999 -9999 -9999
2021 02 06 12   185   125 10145   341     6 -9999 -9999 -9999
2021 02 06 18   150   125 10141   302     8 -9999 -9999 -9999
2021 02 06 21   142   124 10127   320    10 -9999 -9999 -9999
2021 02 07 00   137   129 10151   131     5 -9999 -9999 -9999
2021 02 07 03   156   127 10182   111    10 -9999 -9999 -9999
2021 02 07 06   171   112 10168   322    22 -9999 -9999 -9999
2021 02 07 09   142   132 10166   272     7 -9999 -9999    31
2021 02 07 12   137   134 10178   360     2 -9999 -9999    48
2021 02 07 18   126   126 10169   273    18 -9999 -9999     2
2021 02 07 21   126   126 10160   316     6 -9999 -9999    56
2021 02 08 00   125   125 10171    59    14 -9999 -9999    86
2021 02 08 03   130   128 10198    77     9 -9999 -9999    47
2021 02 08 06   136   127 10175   215    11 -9999 -9999    51
2021 02 08 09   132   127 10165    93    24 -9999 -9999    77
2021 02 08 12   132    96 10177    47    23 -9999 -9999    60
2021 02 08 18   126    81 10186   234     7 -9999 -9999 -9999
2021 02 08 21   112    99 10181    62    12 -9999 -9999     2
2021 02 09 00   107    89 10189   328     7 -9999 -9999     2
2021 02 09 03   137    75 10198   263     8 -9999 -9999 -9999
2021 02 09 06   166    70 10166   308    14 -9999 -9999 -9999
2021 02 09 09   182    65 10138   217    19 -9999 -9999 -9999
2021 02 09 12   140    88 10159   187     5 -9999 -9999 -9999
2021 02 09 18    85    80 10186   150     5 -9999 -9999 -9999
2021 02 09 21    80    78 10175   360     1 -9999 -9999 -9999
2021 02 10 00    75    74 10199   268    13 -9999 -9999 -9999
2021 02 10 03    95    76 10216   263     6 -9999 -9999 -9999
2021 02 10 06   195    87 10159   326    12 -9999 -9999 -9999
2021 02 10 09   232    66 10121   189    18 -9999 -9999 -9999
2021 02 11 00    80    79 10185   255     8 -9999 -9999 -9999
2021 02 13 12   190   105 10146   156     6 -9999 -9999 -9999
2021 02 13 18   111   102 10155   342     5 -9999 -9999 -9999
2021 02 13 21    95    89 10148   349     4 -9999 -9999 -9999
2021 02 14 00    85    79 10182   272     7 -9999 -9999 -9999
2021 02 14 03   141    93 10196   209     7 -9999 -9999 -9999
2021 02 14 06   242    95 10143   128    14 -9999 -9999 -9999
2021 02 14 09   250    84 10116   239    23 -9999 -9999 -9999
2021 02 14 12   195   105 10136   151    11 -9999 -9999 -9999
2021 02 14 18   115   102 10142   352     4 -9999 -9999 -9999
2021 02 14 21   102    94 10135   360     2 -9999 -9999 -9999
2021 02 15 00    96    90 10160   309     5 -9999 -9999 -9999
2021 02 15 03   145    97 10175   163     6 -9999 -9999 -9999
2021 02 15 06   247   103 10118    76    29 -9999 -9999 -9999
2021 02 15 09   257    59 10092   231    32 -9999 -9999 -9999
2021 02 15 12   196   100 10121   139     9 -9999 -9999 -9999
2021 02 15 18   115    98 10133   198     4 -9999 -9999 -9999
2021 02 15 21    97    89 10128   213     6 -9999 -9999 -9999
2021 02 16 00    85    79 10158   360     1 -9999 -9999 -9999
2021 02 16 03   145    89 10174   220     8 -9999 -9999 -9999
2021 02 16 06   247    83 10123    71    13 -9999 -9999 -9999
2021 02 16 09   265    70 10098   242    24 -9999 -9999 -9999
2021 02 16 12   196    74 10136   135    15 -9999 -9999 -9999
2021 02 16 18   116    88 10153   230     5 -9999 -9999 -9999
2021 02 16 21    95    84 10153   335     4 -9999 -9999 -9999
2021 02 17 00    85    76 10188    47     4 -9999 -9999 -9999
2021 02 17 03   150    86 10200   337     5 -9999 -9999 -9999
2021 02 17 06   257    95 10148   134    11 -9999 -9999 -9999
2021 02 17 09   270    75 10122   218    33 -9999 -9999 -9999
2021 02 17 12   210    99 10157   177    13 -9999 -9999 -9999
2021 02 17 18   127   101 10170     2     4 -9999 -9999 -9999
2021 02 17 21   111   100 10165   360     1 -9999 -9999 -9999
2021 02 18 00   105    99 10196   326     3 -9999 -9999 -9999
2021 02 18 03   167   103 10212   168     5 -9999 -9999 -9999
2021 02 18 06   261   129 10168   154    15 -9999 -9999 -9999
2021 02 18 09   267   112 10144   318    23 -9999 -9999 -9999
2021 02 18 12   201   140 10171   168    17 -9999 -9999 -9999
2021 02 18 18   152   141 10188   276    12 -9999 -9999    77
2021 02 18 21   140   134 10185   360     2 -9999 -9999    77
2021 02 19 00   135   123 10216   286     8 -9999 -9999 -9999
2021 02 19 03   162   128 10234    57    11 -9999 -9999 -9999
2021 02 19 06   220   134 10193   341    12 -9999 -9999 -9999
2021 02 19 09   232   131 10158   232    29 -9999 -9999 -9999
2021 02 20 18   140   135 10177   317     7 -9999 -9999    26
2021 02 20 21   132   129 10161   291    10 -9999 -9999 -9999
2021 02 21 00   130   121 10179    78    11 -9999 -9999 -9999
2021 02 21 03   161   123 10203   354    10 -9999 -9999 -9999
2021 02 21 12   191   109 10152   320    17 -9999 -9999     1
2021 02 21 18   112   107 10175   360     1 -9999 -9999 -9999
2021 02 21 21   100    90 10162   265    10 -9999 -9999 -9999
2021 02 22 00    95    91 10190    21     8 -9999 -9999 -9999
2021 02 22 03   132    97 10201   260     4 -9999 -9999 -9999
2021 02 22 06   240    88 10145   176    13 -9999 -9999 -9999
2021 02 22 09   266    38 10110   237    41 -9999 -9999 -9999
2021 02 22 12   195    82 10141   295     7 -9999 -9999 -9999
2021 02 22 18   117    92 10157    78     8 -9999 -9999 -9999
2021 02 22 21   100    88 10142   277    11 -9999 -9999 -9999
2021 02 23 00    92    83 10168   259     3 -9999 -9999 -9999
2021 02 23 03   162    88 10181    84     4 -9999 -9999 -9999
2021 02 23 06   260    80 10128   126    17 -9999 -9999 -9999
2021 02 23 09   272    76 10099   264    38 -9999 -9999 -9999
2021 02 23 12   215   107 10119   129    10 -9999 -9999 -9999
2021 02 23 18   140   107 10120   138     7 -9999 -9999 -9999
2021 02 23 21   121   102 10110   301     5 -9999 -9999 -9999
2021 02 24 00   107   100 10135   303     3 -9999 -9999 -9999
2021 02 24 03   172   107 10145   244     7 -9999 -9999 -9999
2021 02 24 06   276    90 10090   273    38 -9999 -9999 -9999
2021 02 24 09   280    73 10061   250    39 -9999 -9999 -9999
2021 02 24 12   225   118 10075    92    12 -9999 -9999 -9999
2021 02 24 18   152   129 10083   291     6 -9999 -9999 -9999
2021 02 24 21   127   117 10078   254     3 -9999 -9999 -9999
2021 02 25 00   115   106 10112   298     5 -9999 -9999 -9999
2021 02 25 03   172   116 10124   234     9 -9999 -9999 -9999
2021 02 25 06   265    85 10080   269    45 -9999 -9999 -9999
2021 02 25 09   270    75 10050   236    57 -9999 -9999 -9999
2021 02 25 12   240    67 10061   253    23 -9999 -9999 -9999
2021 02 25 18   130    94 10082    64     3 -9999 -9999 -9999
2021 02 25 21   107    87 10077   261     9 -9999 -9999 -9999
2021 02 26 00    97    79 10108   316     7 -9999 -9999 -9999
2021 02 26 03   147    89 10132   315     6 -9999 -9999 -9999
2021 02 26 06   252    82 10079   306    21 -9999 -9999 -9999
2021 02 26 09   247    75 10059   256    31 -9999 -9999 -9999
2021 02 26 12   197   107 10085   128     7 -9999 -9999 -9999
2021 02 26 18   140   111 10086   120     3 -9999 -9999 -9999
2021 02 26 21   115   101 10082   321     4 -9999 -9999 -9999
2021 02 27 00   102    95 10114   360     2 -9999 -9999 -9999
2021 02 27 03   167   104 10129    89     7 -9999 -9999 -9999
2021 02 27 06   257    36 10088   306    38 -9999 -9999 -9999
2021 02 27 09   257    54 10071   309    23 -9999 -9999 -9999
2021 02 27 12   207    88 10095    58     4 -9999 -9999 -9999
2021 02 27 18   127    84 10110   242     6 -9999 -9999 -9999
2021 02 27 21   106    87 10107    26     3 -9999 -9999 -9999
2021 02 28 00    92    79 10135   294     7 -9999 -9999 -9999
2021 02 28 03   157    88 10148   163     5 -9999 -9999 -9999
2021 02 28 06   261    62 10103   264    38 -9999 -9999 -9999
2021 02 28 09   267    40 10081   250    41 -9999 -9999 -9999
2021 02 28 12   207    84 10107   117     6 -9999 -9999 -9999
2021 02 28 18   122    95 10126   360     3 -9999 -9999 -9999
2021 02 28 21   106    85 10128   313     5 -9999 -9999 -9999
2021 03 01 00    95    78 10167   266     8 -9999 -9999 -9999
2021 03 01 03   160    86 10187   195    10 -9999 -9999 -9999
2021 03 01 06   255    71 10150   280    13 -9999 -9999 -9999
2021 03 01 09   271    60 10125   285    25 -9999 -9999 -9999
2021 03 01 12   207    88 10155   130     9 -9999 -9999 -9999
2021 03 01 18   126    92 10164   240     7 -9999 -9999 -9999
2021 03 01 21   110    88 10155    52     3 -9999 -9999 -9999
2021 03 02 00   100    84 10187   251     6 -9999 -9999 -9999
2021 03 02 03   166    91 10192   308     7 -9999 -9999 -9999
2021 03 02 06   262    69 10141   170    13 -9999 -9999 -9999
2021 03 02 09   282    17 10105   273    49 -9999 -9999 -9999
2021 03 02 12   225    66 10124   252     9 -9999 -9999 -9999
2021 03 02 18   131    78 10139    85     9 -9999 -9999 -9999
2021 03 02 21   112    82 10136   360     2 -9999 -9999 -9999
2021 03 03 00    97    81 10167    30     3 -9999 -9999 -9999
2021 03 03 03   166    83 10182   317     7 -9999 -9999 -9999
2021 03 03 06   275    51 10122   207    53 -9999 -9999 -9999
2021 03 03 09   287   -23 10093   266    45 -9999 -9999 -9999
2021 03 03 12   221    51 10121   118     6 -9999 -9999 -9999
2021 03 03 18   127    87 10144   323     3 -9999 -9999 -9999
2021 03 03 21   107    84 10138   360     2 -9999 -9999 -9999
2021 03 04 00    97    76 10170   259     6 -9999 -9999 -9999
2021 03 04 03   162    80 10177   200    11 -9999 -9999 -9999
2021 03 04 06   277    47 10116   206    45 -9999 -9999 -9999
2021 03 04 09   282     0 10094   267    54 -9999 -9999 -9999
2021 03 04 12   215    66 10114   107    12 -9999 -9999 -9999
2021 03 04 18   126    89 10127   200     5 -9999 -9999 -9999
2021 03 04 21   105    76 10125   267     6 -9999 -9999 -9999
2021 03 05 00    91    75 10156    58     4 -9999 -9999 -9999
2021 03 05 03   161    81 10163   308     4 -9999 -9999 -9999
2021 03 05 06   261    14 10122   289    53 -9999 -9999 -9999
2021 03 05 09   267    19 10104   257    59 -9999 -9999 -9999
2021 03 05 12   236    13 10127   256    26 -9999 -9999 -9999
2021 03 05 18   120    62 10152   115     4 -9999 -9999 -9999
2021 03 05 21    97    58 10148   144     6 -9999 -9999 -9999
2021 03 06 00    85    62 10181   191     7 -9999 -9999 -9999
2021 03 06 03   152    58 10198   226    10 -9999 -9999 -9999
2021 03 06 06   267    40 10143   166    11 -9999 -9999 -9999
2021 03 06 09   280     6 10118   317    37 -9999 -9999 -9999
2021 03 06 12   212    67 10150   140     7 -9999 -9999 -9999
2021 03 06 18   121    80 10157   345     5 -9999 -9999 -9999
2021 03 06 21   101    66 10149   293     5 -9999 -9999 -9999
2021 03 07 00    92    72 10181   356     5 -9999 -9999 -9999
2021 03 07 03   152    71 10193   226     7 -9999 -9999 -9999
2021 03 07 06   272    44 10134   211    13 -9999 -9999 -9999
2021 03 07 09   282     9 10106   261    49 -9999 -9999 -9999
2021 03 07 12   216    63 10139   152    11 -9999 -9999 -9999
2021 03 07 18   127    82 10157    82     4 -9999 -9999 -9999
2021 03 07 21   106    75 10148   155     7 -9999 -9999 -9999
2021 03 08 00    90    70 10186   277     6 -9999 -9999 -9999
2021 03 08 03   160    66 10195   323     7 -9999 -9999 -9999
2021 03 08 06   277    53 10133   173    17 -9999 -9999 -9999
2021 03 08 09   287     4 10102   290    41 -9999 -9999 -9999
2021 03 08 12   220    74 10131   119     4 -9999 -9999 -9999
2021 03 08 18   130    89 10144   360     1 -9999 -9999 -9999
2021 03 08 21   110    80 10137   347     7 -9999 -9999 -9999
2021 03 09 00   100    76 10175   297     7 -9999 -9999 -9999
2021 03 09 03   175    89 10187   190     7 -9999 -9999 -9999
2021 03 09 06   266    50 10141   324    47 -9999 -9999 -9999
2021 03 09 09   271    65 10122   302    27 -9999 -9999 -9999
2021 03 09 12   225    89 10142   118    12 -9999 -9999 -9999
2021 03 09 18   135    93 10160   141     7 -9999 -9999 -9999
2021 03 09 21   120    93 10152   177     5 -9999 -9999 -9999
2021 03 10 00   105    93 10182   335     4 -9999 -9999 -9999
2021 03 10 06   280    29 10134   311    47 -9999 -9999 -9999
2021 03 10 09   285    47 10111   252    50 -9999 -9999 -9999
2021 03 10 12   225    59 10135   123    12 -9999 -9999 -9999
2021 03 10 18   127    82 10160     0 -9999 -9999 -9999     0
2021 03 10 21   107    81 10154   356     4 -9999 -9999 -9999
2021 03 11 00    97    74 10189   287     4 -9999 -9999 -9999
2021 03 11 03   180    70 10199   347     3 -9999 -9999 -9999
2021 03 11 06   280    67 10151     7     8 -9999 -9999 -9999
2021 03 11 09   286    55 10127   267    43 -9999 -9999 -9999
2021 03 11 12   227    88 10152   136     7 -9999 -9999 -9999
2021 03 11 18   136    96 10164   360     1 -9999 -9999 -9999
2021 03 11 21   116    93 10160     8     3 -9999 -9999 -9999
2021 03 12 00   105    88 10193   135     6 -9999 -9999 -9999
2021 03 12 03   180    93 10203   274     6 -9999 -9999 -9999
2021 03 12 06   290    15 10148   265    63 -9999 -9999 -9999
2021 03 12 09   297    21 10118   264    49 -9999 -9999 -9999
2021 03 12 12   242    60 10143    90     8 -9999 -9999 -9999
2021 03 12 18   136    76 10155   142     8 -9999 -9999 -9999
2021 03 12 21   107    79 10152   352     4 -9999 -9999 -9999
2021 03 13 00    95    70 10186   274     8 -9999 -9999 -9999
2021 03 13 03   190    74 10194    50     4 -9999 -9999 -9999
2021 03 13 06   287    49 10137   183    26 -9999 -9999 -9999
2021 03 13 09   301    32 10106   279    36 -9999 -9999 -9999
2021 03 13 12   235    62 10129   140     7 -9999 -9999 -9999
2021 03 13 18   135    83 10134   174     3 -9999 -9999 -9999
2021 03 13 21   107    77 10126   351     3 -9999 -9999 -9999
2021 03 14 00   100    73 10160   302     3 -9999 -9999 -9999
2021 03 14 03   175    75 10167    88    10 -9999 -9999 -9999
2021 03 14 06   287    80 10107   162    14 -9999 -9999 -9999
2021 03 14 09   297    58 10078   273    31 -9999 -9999 -9999
2021 03 14 12   236   103 10103   205     4 -9999 -9999 -9999
2021 03 14 18   160   113 10108   282     5 -9999 -9999 -9999
2021 03 14 21   140   110 10094    66     7 -9999 -9999 -9999
2021 03 15 00   127   105 10129   275     6 -9999 -9999 -9999
2021 03 15 03   192   106 10139   104     4 -9999 -9999 -9999
2021 03 15 06   295    95 10084    75    25 -9999 -9999 -9999
2021 03 15 09   305    57 10062   251    41 -9999 -9999 -9999
2021 03 15 12   245   100 10088    94    12 -9999 -9999 -9999
2021 03 15 18   155   103 10099   110     5 -9999 -9999 -9999
2021 03 15 21   132    99 10098   360     1 -9999 -9999 -9999
2021 03 16 00   120   103 10133   319     3 -9999 -9999 -9999
2021 03 16 03   192   103 10141   286     6 -9999 -9999 -9999
2021 03 16 06   296    86 10093   331    20 -9999 -9999 -9999
2021 03 16 09   306    71 10072   261    36 -9999 -9999 -9999
2021 03 16 12   245    97 10097   106    14 -9999 -9999 -9999
2021 03 16 18   152   110 10106    40     4 -9999 -9999 -9999
2021 03 16 21   135   103 10097   107     6 -9999 -9999 -9999
2021 03 17 00   122   100 10133   360     2 -9999 -9999 -9999
2021 03 17 03   195   109 10143    53     7 -9999 -9999 -9999
2021 03 17 06   297    88 10096    80    20 -9999 -9999 -9999
2021 03 17 09   317    67 10066   264    21 -9999 -9999 -9999
2021 03 17 12   247   110 10093   102    14 -9999 -9999 -9999
2021 03 17 18   160   112 10102   353     6 -9999 -9999 -9999
2021 03 17 21   140   111 10096   299     5 -9999 -9999 -9999
2021 03 18 00   131   110 10134     4     5 -9999 -9999 -9999
2021 03 18 03   200   112 10143   267     7 -9999 -9999 -9999
2021 03 18 06   311    88 10089   287    12 -9999 -9999 -9999
2021 03 18 09   316    66 10063   250    40 -9999 -9999     0
2021 03 18 12   251    94 10088   102    12 -9999 -9999 -9999
2021 03 18 18   150   100 10102   351     3 -9999 -9999 -9999
2021 03 18 21   130    94 10099   360     1 -9999 -9999 -9999
2021 03 19 00   120    89 10134   301     6 -9999 -9999 -9999
2021 03 19 03   192    98 10142   308     9 -9999 -9999 -9999
2021 03 19 06   311    62 10082   258    24 -9999 -9999 -9999
2021 03 19 09   320    70 10056   251    29 -9999 -9999 -9999
2021 03 19 12   255    93 10082   138    12 -9999 -9999 -9999
2021 03 19 18   160   110 10082   360     1 -9999 -9999 -9999
2021 03 19 21   142   102 10076   250     4 -9999 -9999 -9999
2021 03 20 00   130    97 10108   275     7 -9999 -9999 -9999
2021 03 20 03   202    95 10119   108     7 -9999 -9999 -9999
2021 03 20 06   312    77 10062   242    32 -9999 -9999 -9999
2021 03 20 09   316    52 10041   219    37 -9999 -9999 -9999
2021 03 20 12   257    96 10069    99    11 -9999 -9999 -9999
2021 03 20 18   161   104 10076    56     3 -9999 -9999 -9999
2021 03 20 21   147   105 10081    84     7 -9999 -9999 -9999
2021 03 21 00   131   108 10117   358     3 -9999 -9999 -9999
2021 03 21 03   205   109 10133   173     5 -9999 -9999 -9999
2021 03 21 06   312    83 10079    12    27 -9999 -9999 -9999
2021 03 21 09   325    74 10053   261    37 -9999 -9999 -9999
2021 03 21 12   262   109 10081   308     6 -9999 -9999 -9999
2021 03 21 18   172   111 10103   173     6 -9999 -9999 -9999
2021 03 21 21   160   117 10101   317     6 -9999 -9999 -9999
2021 03 22 00   146   119 10137   273    14 -9999 -9999 -9999
2021 03 22 03   205   124 10158   322     5 -9999 -9999 -9999
2021 03 22 06   290   159 10114   246    17 -9999 -9999 -9999
2021 03 22 09   307   148 10075   221    18 -9999 -9999 -9999
2021 03 22 12   251   171 10109    89    27 -9999 -9999 -9999
2021 03 22 18   205   190 10125   138     7 -9999 -9999    19
2021 03 22 21   201   188 10114   329     4 -9999 -9999    19
2021 03 23 00   192   177 10146   305     9 -9999 -9999 -9999
2021 03 23 03   230   176 10153    63     8 -9999 -9999 -9999
2021 03 23 06   282   168 10106   315    14 -9999 -9999 -9999
2021 03 23 09   300   133 10066   230    43 -9999 -9999 -9999
2021 03 23 12   262   147 10086    80    11 -9999 -9999 -9999
2021 03 23 18   182   142 10115   311     4 -9999 -9999 -9999
2021 03 23 21   167   145 10103   271     7 -9999 -9999 -9999
2021 03 24 00   156   150 10132   356     6 -9999 -9999 -9999
2021 03 24 03   225   157 10136    20     8 -9999 -9999 -9999
2021 03 24 06   297   109 10081   306    10 -9999 -9999 -9999
2021 03 24 09   307    84 10055   284    38 -9999 -9999 -9999
2021 03 24 12   255   113 10075    93    13 -9999 -9999 -9999
2021 03 24 18   167   110 10097   312     3 -9999 -9999 -9999
2021 03 24 21   147   113 10096   178     8 -9999 -9999 -9999
2021 03 25 00   135   110 10131   306     6 -9999 -9999 -9999
2021 03 25 03   200   111 10144    14     5 -9999 -9999 -9999
2021 03 25 06   300    78 10088   321    16 -9999 -9999 -9999
2021 03 25 09   311    69 10062   281    32 -9999 -9999 -9999
2021 03 25 12   251   102 10084   116     6 -9999 -9999 -9999
2021 03 25 18   160   115 10096   345     3 -9999 -9999 -9999
2021 03 25 21   140   101 10091   249     5 -9999 -9999 -9999
2021 03 26 00   127    95 10126   305     5 -9999 -9999 -9999
2021 03 26 03   195   105 10139   250     7 -9999 -9999 -9999
2021 03 26 06   300    94 10087   357    16 -9999 -9999 -9999
2021 03 26 09   312    95 10064   269    28 -9999 -9999 -9999
2021 03 26 12   251   113 10088   119     6 -9999 -9999 -9999
2021 03 26 18   166   113 10100   323     7 -9999 -9999 -9999
2021 03 26 21   142   113 10090    76     7 -9999 -9999 -9999
2021 03 27 00   127   103 10122   315     3 -9999 -9999 -9999
2021 03 27 03   196    92 10133    91     5 -9999 -9999 -9999
2021 03 27 06   305    42 10079   272    43 -9999 -9999 -9999
2021 03 27 09   310    22 10056   305    38 -9999 -9999 -9999
2021 03 27 12   246    77 10080   116    11 -9999 -9999 -9999
2021 03 27 18   157    89 10089   171     9 -9999 -9999 -9999
2021 03 27 21   132   101 10085   324     3 -9999 -9999 -9999
2021 03 28 00   125    91 10115   360     2 -9999 -9999 -9999
2021 03 28 03   172    92 10136   259    10 -9999 -9999 -9999
2021 03 28 06   287    79 10084    50    10 -9999 -9999 -9999
2021 03 28 09   297    22 10057   303    25 -9999 -9999 -9999
2021 03 28 12   232    74 10082   112    11 -9999 -9999 -9999
2021 03 28 18   150    97 10100   334     4 -9999 -9999 -9999
2021 03 28 21   142    90 10081   298     8 -9999 -9999 -9999
2021 03 29 00   137    95 10112    62     3 -9999 -9999 -9999
2021 03 29 03   197   100 10116   345     4 -9999 -9999 -9999
2021 03 29 06   300    84 10062   204    18 -9999 -9999 -9999
2021 03 29 09   272    87 10055   301    17 -9999 -9999 -9999
2021 03 29 12   225   106 10059    94     8 -9999 -9999 -9999
2021 03 29 18   157    96 10064   340     3 -9999 -9999 -9999
2021 03 29 21   132    91 10065   310     5 -9999 -9999 -9999
2021 03 30 00   115    89 10094   305     5 -9999 -9999 -9999
2021 03 30 03   195    94 10095   134     6 -9999 -9999 -9999
2021 03 30 06   295    41 10046   273    53 -9999 -9999 -9999
2021 03 30 09   297    51 10020   270    39 -9999 -9999 -9999
2021 03 30 12   247    87 10036   115    15 -9999 -9999 -9999
2021 03 30 18   172   107 10041   360     2 -9999 -9999 -9999
2021 03 30 21   147    98 10039    83     6 -9999 -9999 -9999
2021 03 31 00   132   101 10064   271    11 -9999 -9999 -9999
2021 03 31 03   206   104 10078   307     9 -9999 -9999 -9999
2021 03 31 06   307    72 10031   220    52 -9999 -9999 -9999
2021 03 31 09   312    71 10009   277    35 -9999 -9999 -9999
2021 03 31 12   257   104 10029   101    12 -9999 -9999 -9999
2021 03 31 18   170   117 10044   360     2 -9999 -9999 -9999
2021 03 31 21   147   108 10045   322     6 -9999 -9999 -9999
2021 04 01 00   136   106 10081   270     7 -9999 -9999 -9999
2021 04 01 03   216   107 10087   260     7 -9999 -9999 -9999
2021 04 01 06   312    57 10042   266    50 -9999 -9999 -9999
2021 04 01 09   320    62 10018   261    44 -9999 -9999 -9999
2021 04 01 12   262    96 10036   135     9 -9999 -9999 -9999
2021 04 01 18   175   105 10061   184     7 -9999 -9999 -9999
2021 04 01 21   147   105 10064    50     6 -9999 -9999 -9999
2021 04 02 00   135   103 10104   328     7 -9999 -9999 -9999
2021 04 02 03   220    92 10101   249     8 -9999 -9999 -9999
2021 04 02 06   315    65 10058   210    46 -9999 -9999 -9999
2021 04 02 09   317    67 10043   266    43 -9999 -9999 -9999
2021 04 02 12   261    95 10065    90    10 -9999 -9999 -9999
2021 04 02 18   177   110 10084   265     6 -9999 -9999 -9999
2021 04 02 21   160   113 10080   346     4 -9999 -9999 -9999
2021 04 03 00   155   109 10115    37     4 -9999 -9999 -9999
2021 04 03 03   226   114 10124   351     6 -9999 -9999 -9999
2021 04 03 06   292    47 10088   211    14 -9999 -9999 -9999
2021 04 03 09   296    57 10070   168     8 -9999 -9999 -9999
2021 04 03 12   245    97 10084   360     2 -9999 -9999 -9999
2021 04 03 18   197   116 10096   331    20 -9999 -9999 -9999
2021 04 03 21   190   122 10092   289     9 -9999 -9999 -9999
2021 04 04 00   181   123 10116   314    10 -9999 -9999 -9999
2021 04 04 03   195   125 10148   174    12 -9999 -9999 -9999
2021 04 04 06   227   114 10131   353     5 -9999 -9999 -9999
2021 04 04 09   237   124 10110   258    10 -9999 -9999 -9999
2021 04 04 12   211   133 10130    96    13 -9999 -9999 -9999
2021 04 04 18   172   155 10151   141     6 -9999 -9999     4
2021 04 04 21   165   163 10146   360     2 -9999 -9999    25
2021 04 05 00   160   156 10162   301     4 -9999 -9999    54
2021 04 05 06   172   143 10175    96    14 -9999 -9999    22
2021 04 05 09   162   150 10155   284     4 -9999 -9999    39
2021 04 05 12   160   152 10160   310    10 -9999 -9999    40
2021 04 05 18   151   149 10174   132     7 -9999 -9999    14
2021 04 05 21   145   145 10161    37     4 -9999 -9999    71
2021 04 06 00   142   140 10177    35    12 -9999 -9999    98
2021 04 06 03   157   137 10186   288     4 -9999 -9999    99
2021 04 06 06   165   148 10181   233    12 -9999 -9999    98
2021 04 06 09   166   156 10147   263    12 -9999 -9999    65
2021 04 06 12   165   154 10169   226     4 -9999 -9999    27
2021 04 06 18   152   149 10188   193     5 -9999 -9999 -9999
2021 04 06 21   140   134 10180   310    20 -9999 -9999     0
2021 04 07 00   135   132 10196   269    10 -9999 -9999 -9999
2021 04 07 03   182   133 10196   144    10 -9999 -9999 -9999
2021 04 07 06   232   137 10143   204    10 -9999 -9999 -9999
2021 04 07 09   270   141 10096   184    25 -9999 -9999 -9999
2021 04 07 12   230   160 10112   103    15 -9999 -9999 -9999
2021 04 07 18   160   148 10129   271    10 -9999 -9999 -9999
2021 04 07 21   150   149 10122   163     8 -9999 -9999 -9999
2021 04 08 00   150   148 10148    44    11 -9999 -9999 -9999
2021 04 08 03   192   151 10154    55     6 -9999 -9999 -9999
2021 04 08 06   267   142 10108   170    14 -9999 -9999 -9999
2021 04 08 09   275   142 10086   227    27 -9999 -9999 -9999
2021 04 08 12   237   158 10096   131    15 -9999 -9999 -9999
2021 04 08 18   180   154 10112   143    11 -9999 -9999 -9999
2021 04 08 21   165   153 10106   159     6 -9999 -9999 -9999
2021 04 09 00   155   149 10139   304     8 -9999 -9999 -9999
2021 04 09 03   225   151 10137   263    10 -9999 -9999 -9999
2021 04 09 06   297   113 10099   295    39 -9999 -9999 -9999
2021 04 09 09   302   112 10072   294    39 -9999 -9999 -9999
2021 04 09 12   252   144 10090    85    11 -9999 -9999 -9999
2021 04 09 18   177   151 10113    87     4 -9999 -9999 -9999
2021 04 09 21   170   147 10108   116     3 -9999 -9999 -9999
2021 04 10 00   160   148 10141    25     5 -9999 -9999 -9999
2021 04 10 03   225   151 10152     5     5 -9999 -9999 -9999
2021 04 10 06   307   116 10111   306    34 -9999 -9999 -9999
2021 04 10 09   315   113 10081   256    35 -9999 -9999 -9999
2021 04 10 12   257   136 10102   100    10 -9999 -9999 -9999
2021 04 10 18   180   148 10121   360     2 -9999 -9999 -9999
2021 04 10 21   166   141 10115   277     4 -9999 -9999 -9999
2021 04 11 00   160   136 10146   265    11 -9999 -9999 -9999
2021 04 11 06   285   153 10132   346    24 -9999 -9999 -9999
2021 04 11 09   291   153 10103   294    36 -9999 -9999 -9999
2021 04 11 12   252   170 10122    76    10 -9999 -9999 -9999
2021 04 11 18   195   169 10135    70     5 -9999 -9999 -9999
2021 04 11 21   175   159 10129   327     5 -9999 -9999 -9999
2021 04 12 00   170   156 10156   324     4 -9999 -9999 -9999
2021 04 12 03   237   157 10162   360     7 -9999 -9999 -9999
2021 04 12 06   295   120 10122   292    31 -9999 -9999 -9999
2021 04 12 09   305   133 10091   296    30 -9999 -9999 -9999
2021 04 12 12   261   149 10106    24    13 -9999 -9999 -9999
2021 04 12 18   187   154 10124    72     3 -9999 -9999 -9999
2021 04 12 21   172   154 10117   333     5 -9999 -9999 -9999
2021 04 13 00   165   154 10140   360     1 -9999 -9999 -9999
2021 04 13 03   240   162 10144   145     7 -9999 -9999 -9999
2021 04 13 06   311   105 10104   304    34 -9999 -9999 -9999
2021 04 13 09   310   104 10070   260    41 -9999 -9999 -9999
2021 04 13 12   265   143 10087    90    10 -9999 -9999 -9999
2021 04 13 18   190   148 10107    27     4 -9999 -9999 -9999
2021 04 13 21   175   149 10103   173     8 -9999 -9999 -9999
2021 04 14 00   166   146 10130   304     6 -9999 -9999 -9999
2021 04 14 03   211   154 10149    17     4 -9999 -9999 -9999
2021 04 14 06   280   149 10113   338     9 -9999 -9999 -9999
2021 04 14 09   292   138 10074   154    17 -9999 -9999 -9999
2021 04 14 12   257   149 10087   113     9 -9999 -9999 -9999
2021 04 14 18   181   152 10113   279     7 -9999 -9999 -9999
2021 04 14 21   162   147 10107   285     6 -9999 -9999 -9999
2021 04 15 00   152   143 10127    29     5 -9999 -9999 -9999
2021 04 15 03   221   152 10129   272     4 -9999 -9999 -9999
2021 04 15 06   301    96 10086   314    34 -9999 -9999 -9999
2021 04 15 09   307   102 10058   266    45 -9999 -9999 -9999
2021 04 15 12   261   115 10071    99    15 -9999 -9999 -9999
2021 04 15 18   180   128 10095   269     8 -9999 -9999 -9999
2021 04 15 21   160   128 10092    40     3 -9999 -9999 -9999
2021 04 16 00   152   130 10122   360     2 -9999 -9999 -9999
2021 04 16 03   222   122 10132   252    10 -9999 -9999 -9999
2021 04 16 06   315    71 10085   206    14 -9999 -9999 -9999
2021 04 16 09   312    89 10056   314    25 -9999 -9999 -9999
2021 04 16 12   262   116 10085   114    19 -9999 -9999 -9999
2021 04 16 18   211   133 10093   116     3 -9999 -9999 -9999
2021 04 16 21   201   138 10096   293     3 -9999 -9999 -9999
2021 04 17 00   192   154 10126   188    10 -9999 -9999 -9999
2021 04 17 03   197   163 10157   325     9 -9999 -9999     2
2021 04 17 06   197   159 10153   210    10 -9999 -9999     3
2021 04 17 09   186   158 10139   304    19 -9999 -9999    10
2021 04 17 12   182   166 10140   168    12 -9999 -9999    15
2021 04 17 18   176   161 10150    13     4 -9999 -9999 -9999
2021 04 17 21   167   155 10145   310     6 -9999 -9999 -9999
2021 04 18 00   167   143 10154   316    17 -9999 -9999 -9999
2021 04 18 03   197   150 10155   242    14 -9999 -9999 -9999
2021 04 18 06   270   151 10098   295    16 -9999 -9999 -9999
2021 04 18 09   290   115 10066   271    44 -9999 -9999 -9999
2021 04 18 12   250   131 10085   122    11 -9999 -9999 -9999
2021 04 18 18   170   132 10105   316     6 -9999 -9999 -9999
2021 04 18 21   152   136 10095   318     5 -9999 -9999 -9999
2021 04 19 00   150   134 10119   266     7 -9999 -9999 -9999
2021 04 19 03   235   144 10118    53     9 -9999 -9999 -9999
2021 04 19 06   200   164 10114   356    28 -9999 -9999    14
2021 04 19 09   277   144 10060    63    13 -9999 -9999    15
2021 04 19 12   225   126 10096   333    43 -9999 -9999     1
2021 04 19 18   150   139 10122    19     9 -9999 -9999 -9999
2021 04 19 21   136   127 10103   360     2 -9999 -9999 -9999
2021 04 20 00   137   126 10134   360     1 -9999 -9999 -9999
2021 04 20 03   220   133 10133     3     8 -9999 -9999 -9999
2021 04 20 06   295   101 10095   298    30 -9999 -9999 -9999
2021 04 20 09   301    85 10069   287    39 -9999 -9999 -9999
2021 04 20 12   255    93 10083   276     4 -9999 -9999 -9999
2021 04 20 18   162   116 10107   360     2 -9999 -9999 -9999
2021 04 20 21   145   122 10101     2     5 -9999 -9999 -9999
