2021 01 01 00  -111  -164 10352   260    20 -9999 -9999     0
2021 01 01 03   -30  -150 10336   220    10 -9999 -9999     0
2021 01 01 06    68  -173 10287   110    20 -9999 -9999     0
2021 01 01 09    70  -164 10286    50    20 -9999 -9999     0
2021 01 01 12    14  -165 10316     0 -9999 -9999 -9999     0
2021 01 01 15   -23  -157 10313   260    10 -9999 -9999     0
2021 01 01 18   -53  -143 10304   230    10 -9999 -9999     0
2021 01 01 21   -61  -132 10290   280    20 -9999 -9999     0
2021 01 02 00   -57  -124 10304   290    20 -9999 -9999     0
2021 01 02 03     4  -110 10297   230    10 -9999 -9999     0
2021 01 02 06    84  -127 10250    90    40 -9999 -9999     0
2021 01 02 09    66  -136 10258    70    40 -9999 -9999     0
2021 01 02 12    48  -141 10298    60    30 -9999 -9999     0
2021 01 02 15    27  -123 10312    70    40 -9999 -9999     0
2021 01 02 18     2  -118 10320    80    30 -9999 -9999     0
2021 01 02 21   -16  -120 10321   310    20 -9999 -9999     0
2021 01 03 00   -26  -111 10338   280    10 -9999 -9999     0
2021 01 03 03     5  -109 10332   130    10 -9999 -9999     0
2021 01 03 06    42  -103 10293   100    10 -9999 -9999     0
2021 01 03 09    47   -98 10284   100    10 -9999 -9999     0
2021 01 03 12    -3  -102 10319    50    30 -9999 -9999     0
2021 01 03 15   -23   -97 10317   340    10 -9999 -9999     0
2021 01 03 18   -43   -97 10312    60    10 -9999 -9999     0
2021 01 03 21   -55   -92 10303   310    20 -9999 -9999     0
2021 01 04 00   -62   -88 10326   290    10 -9999 -9999     0
2021 01 04 03   -18   -79 10330   150    10 -9999 -9999     0
2021 01 04 06    13   -70 10296    90    10 -9999 -9999     0
2021 01 04 09    22   -71 10308     0 -9999 -9999 -9999     0
2021 01 04 12    -9   -66 10340    80    10 -9999 -9999     0
2021 01 04 15   -17   -74 10348    60    30 -9999 -9999     0
2021 01 04 18   -25   -78 10357    50    20 -9999 -9999     0
2021 01 04 21   -28   -77 10358   250    10 -9999 -9999     0
2021 01 05 00   -26   -79 10383     0 -9999 -9999 -9999     0
2021 01 05 03     8  -148 10379    90    40 -9999 -9999     0
2021 01 05 06    28  -158 10342    70    40 -9999 -9999     0
2021 01 05 09    18  -157 10343    90    50 -9999 -9999     0
2021 01 05 12   -17  -159 10366   130    10 -9999 -9999     0
2021 01 05 15   -46  -147 10357   280    10 -9999 -9999     0
2021 01 05 18   -68  -146 10348   340    10 -9999 -9999     0
2021 01 05 21   -80  -134 10342     0 -9999 -9999 -9999     0
2021 01 06 00   -83  -133 10358    80    10 -9999 -9999     0
2021 01 06 03   -20  -194 10365    90    50 -9999 -9999     0
2021 01 06 06   -13  -214 10345    40    20 -9999 -9999     0
2021 01 06 09   -31  -224 10369    10    40 -9999 -9999     0
2021 01 06 12   -59  -237 10407   340    30 -9999 -9999     0
2021 01 06 15   -84  -259 10427   330    40 -9999 -9999     0
2021 01 06 18  -100  -287 10434   340    20 -9999 -9999     0
2021 01 06 21  -120  -285 10443   350    20 -9999 -9999     0
2021 01 07 00  -133  -280 10461    30    20 -9999 -9999     0
2021 01 07 03   -81  -277 10452   160    30 -9999 -9999     0
2021 01 07 06   -46  -289 10403    80    40 -9999 -9999     0
2021 01 07 09   -58  -316 10412   350    30 -9999 -9999     0
2021 01 07 12   -74  -283 10429    60    40 -9999 -9999     0
2021 01 07 15   -86  -270 10422   330    10 -9999 -9999     0
2021 01 07 18  -114  -248 10416   310    20 -9999 -9999     0
2021 01 07 21  -132  -229 10412   320    10 -9999 -9999     0
2021 01 08 00  -143  -220 10429   310    10 -9999 -9999     0
2021 01 08 03   -60  -220 10418   140    10 -9999 -9999     0
2021 01 08 06    -2  -253 10367   130    30 -9999 -9999     0
2021 01 08 09   -21  -253 10358    90    70 -9999 -9999     0
2021 01 08 12   -54  -254 10383    30    20 -9999 -9999     0
2021 01 08 15   -87  -228 10377    70    10 -9999 -9999     0
2021 01 08 18  -112  -216 10376    80    10 -9999 -9999     0
2021 01 08 21  -126  -209 10377   300    20 -9999 -9999     0
2021 01 09 00  -134  -199 10391   290    10 -9999 -9999     0
2021 01 09 03   -54  -185 10386   220    10 -9999 -9999     0
2021 01 09 06    21  -227 10334   200    20 -9999 -9999     0
2021 01 09 09     1  -235 10329    80    60 -9999 -9999     0
2021 01 09 12   -30  -228 10367    70    30 -9999 -9999     0
2021 01 09 15   -39  -225 10363    40    20 -9999 -9999     0
2021 01 09 18   -63  -193 10357   270    10 -9999 -9999     0
2021 01 09 21   -70  -189 10356   270    10 -9999 -9999     0
2021 01 10 00   -75  -179 10370   280    10 -9999 -9999     0
2021 01 10 03   -26  -170 10379   100    10 -9999 -9999     0
2021 01 10 06     2  -213 10349   360    20 -9999 -9999     0
2021 01 10 09   -14  -204 10361    60    30 -9999 -9999     0
2021 01 10 12   -12  -178 10395   340    50 -9999 -9999     0
2021 01 10 15   -28  -148 10398    70    20 -9999 -9999     0
2021 01 10 18   -42  -146 10394   290    20 -9999 -9999     0
2021 01 10 21   -75  -161 10389    70    10 -9999 -9999     0
2021 01 11 00   -92  -157 10396   240    10 -9999 -9999     0
2021 01 11 03   -23  -147 10387   110    10 -9999 -9999     0
2021 01 11 06    44  -208 10332   320    60 -9999 -9999     0
2021 01 11 09    40  -211 10321   320    40 -9999 -9999     0
2021 01 11 12   -18  -202 10333   320    40 -9999 -9999     0
2021 01 11 15   -47  -196 10310   300    30 -9999 -9999     0
2021 01 11 18   -70  -175 10269   250    10 -9999 -9999     0
2021 01 11 21   -86  -172 10239   270    30 -9999 -9999     0
2021 01 12 00   -93  -167 10240   270    20 -9999 -9999     0
2021 01 12 03     4  -148 10219   110    10 -9999 -9999     0
2021 01 12 06   151  -189 10149   220    60 -9999 -9999     0
2021 01 12 09   160  -198 10135   240    50 -9999 -9999     0
2021 01 12 12    84  -168 10166   310    30 -9999 -9999     0
2021 01 12 15    35  -157 10174   310    30 -9999 -9999     0
2021 01 12 18    -2  -145 10163   270    20 -9999 -9999     0
2021 01 12 21   -24  -142 10167   270    20 -9999 -9999     0
2021 01 13 00   -42  -138 10200   250    10 -9999 -9999     0
2021 01 13 03    39  -130 10207   230    10 -9999 -9999     0
2021 01 13 06   148  -178 10163   180    10 -9999 -9999     0
2021 01 13 09   160  -169 10153    30    10 -9999 -9999     0
2021 01 13 12    68  -159 10188   320    10 -9999 -9999     0
2021 01 13 15    19  -151 10198   290    10 -9999 -9999     0
2021 01 13 18   -18  -142 10185   260    20 -9999 -9999     0
2021 01 13 21   -33  -147 10173   270    20 -9999 -9999     0
2021 01 14 00   -46  -156 10176   280    20 -9999 -9999     0
2021 01 14 03    47  -147 10148   220    20 -9999 -9999     0
2021 01 14 06   176   -93 10094   250    50 -9999 -9999     0
2021 01 14 09   174   -95 10113   250    20 -9999 -9999     0
2021 01 14 12   113  -136 10166    50    40 -9999 -9999     0
2021 01 14 15    96  -158 10200   230    10 -9999 -9999     0
2021 01 14 18    73  -155 10195    80    10 -9999 -9999     0
2021 01 14 21    34  -148 10205    60    10 -9999 -9999     0
2021 01 15 00     9  -112 10226   250    10 -9999 -9999     0
2021 01 15 03    35  -116 10246   250    10 -9999 -9999     0
2021 01 15 06   100  -163 10215   120    50 -9999 -9999     0
2021 01 15 09    91  -162 10230   350    30 -9999 -9999     0
2021 01 15 12    47  -176 10270   330    30 -9999 -9999     0
2021 01 15 15    13  -157 10303    40    10 -9999 -9999     0
2021 01 15 18    -4  -103 10302    30    20 -9999 -9999     0
2021 01 15 21   -27  -122 10312    60    10 -9999 -9999     0
2021 01 16 00   -32  -117 10345   300    10 -9999 -9999     0
2021 01 16 03    -6  -113 10359   210    10 -9999 -9999     0
2021 01 16 06    39  -134 10334    20    20 -9999 -9999     0
2021 01 16 09    35  -137 10360   360    30 -9999 -9999     0
2021 01 16 12    16  -133 10397   350    20 -9999 -9999     0
2021 01 16 15     0  -192 10426   340    40 -9999 -9999     0
2021 01 16 18   -34  -197 10430   360    10 -9999 -9999     0
2021 01 16 21   -56  -190 10421   280    10 -9999 -9999     0
2021 01 17 00   -81  -177 10420   310    40 -9999 -9999     0
2021 01 17 03     0  -177 10394   230    30 -9999 -9999     0
2021 01 17 06    62  -232 10320   200    40 -9999 -9999     0
2021 01 17 09    82  -273 10282   230    40 -9999 -9999     0
2021 01 17 12     6  -265 10294   310    30 -9999 -9999     0
2021 01 17 15   -21  -210 10278   250    10 -9999 -9999     0
2021 01 17 18   -39  -193 10264   260    20 -9999 -9999     0
2021 01 17 21   -58  -182 10262   270    10 -9999 -9999     0
2021 01 18 00   -71  -170 10282     0 -9999 -9999 -9999     0
2021 01 18 03    18  -171 10278   210    10 -9999 -9999     0
2021 01 18 06   123  -163 10212   140    20 -9999 -9999     0
2021 01 18 09   145  -180 10191    90    10 -9999 -9999     0
2021 01 18 12    76  -166 10218   310    20 -9999 -9999     0
2021 01 18 15    28  -148 10219     0 -9999 -9999 -9999     0
2021 01 18 18   -10  -135 10212     0 -9999 -9999 -9999     0
2021 01 18 21   -33  -127 10205     0 -9999 -9999 -9999     0
2021 01 19 00   -50  -111 10230   280    10 -9999 -9999     0
2021 01 19 03    22  -106 10233   100    30 -9999 -9999     0
2021 01 19 06    76   -89 10191    80    50 -9999 -9999     0
2021 01 19 09    52   -73 10197    80    60 -9999 -9999     0
2021 01 19 12    16   -74 10238    70    40 -9999 -9999     0
2021 01 19 15   -10   -78 10249    50    20 -9999 -9999     0
2021 01 19 18   -28   -79 10250    10    10 -9999 -9999     0
2021 01 19 21   -34   -83 10241   250    10 -9999 -9999     0
2021 01 20 00   -38   -77 10256   290    10 -9999 -9999     0
2021 01 20 03    -2   -70 10256   220    20 -9999 -9999     0
2021 01 20 06    36   -58 10222   250    20 -9999 -9999     0
2021 01 20 09    68   -52 10212   290    10 -9999 -9999     0
2021 01 20 12    43   -55 10225     0 -9999 -9999 -9999     0
2021 01 20 15    29   -55 10236     0 -9999 -9999 -9999     0
2021 01 20 18    24   -55 10228   260    10 -9999 -9999     0
2021 01 20 21    10   -50 10213   280    20 -9999 -9999     0
2021 01 21 00    -8   -58 10246   310    20 -9999 -9999     0
2021 01 21 03    52   -44 10242   210    10 -9999 -9999     0
2021 01 21 06   128   -62 10198    90    20 -9999 -9999     0
2021 01 21 09   135  -111 10202    10    20 -9999 -9999     0
2021 01 21 12    79   -70 10232    20    10 -9999 -9999     0
2021 01 21 15    34   -68 10243   280    20 -9999 -9999     0
2021 01 21 18     8   -72 10226   280    10 -9999 -9999     0
2021 01 21 21    -8   -74 10223   260    10 -9999 -9999     0
2021 01 22 00   -19   -70 10238   280    10 -9999 -9999     0
2021 01 22 03    50   -65 10235   170    10 -9999 -9999     0
2021 01 22 06   109  -100 10185    90    60 -9999 -9999     0
2021 01 22 09    74   -82 10194    80    50 -9999 -9999     0
2021 01 22 12    41   -46 10222    80    50 -9999 -9999     0
2021 01 22 15    14   -55 10229    60    20 -9999 -9999     0
2021 01 22 18   -11   -57 10226   340    10 -9999 -9999     0
2021 01 22 21   -35   -55 10219   130    10 -9999 -9999     0
2021 01 23 00   -50   -54 10235     0 -9999 -9999 -9999     0
2021 01 23 03     2   -52 10241   140    10 -9999 -9999     0
2021 01 23 06    67   -47 10200    80    30 -9999 -9999     0
2021 01 23 09    46   -52 10207    80    50 -9999 -9999     0
2021 01 23 12    31   -55 10235    60    30 -9999 -9999     0
2021 01 23 15    15   -54 10236    80    10 -9999 -9999     0
2021 01 23 18    10   -59 10230    60    20 -9999 -9999     0
2021 01 23 21     0   -50 10218    70    20 -9999 -9999     0
2021 01 24 00     5   -43 10244    10    10 -9999 -9999     0
2021 01 24 03    19   -28 10244    80    20 -9999 -9999     0
2021 01 24 06    13   -19 10226    80    30 -9999 -9999 -9999
2021 01 24 09    -3    -3 10230    70    30 -9999 -9999    10
2021 01 24 12    -3    -3 10254    70    20 -9999 -9999    20
2021 01 24 15    -3    -3 10277    60    30 -9999 -9999     8
2021 01 24 18    -5    -5 10288    80    30 -9999 -9999     6
2021 01 24 21    -7    -7 10290    40    10 -9999 -9999     2
2021 01 25 00    -4    -4 10303   250    20 -9999 -9999 -9999
2021 01 25 03     0     0 10317   280    10 -9999 -9999     0
2021 01 25 06    15    15 10286   160    10 -9999 -9999     0
2021 01 25 09    37    16 10275   230    10 -9999 -9999     0
2021 01 25 12    13    10 10293     0 -9999 -9999 -9999     0
2021 01 25 15   -11   -11 10309   270    10 -9999 -9999     0
2021 01 25 18   -24   -24 10302   280    20 -9999 -9999     0
2021 01 25 21   -25   -25 10307   270    20 -9999 -9999     0
2021 01 26 00   -30   -30 10319   310    10 -9999 -9999     0
2021 01 26 03    -9    -9 10319   210    20 -9999 -9999     0
2021 01 26 06    77   -61 10263   140    20 -9999 -9999     0
2021 01 26 09    97  -116 10239   100    40 -9999 -9999     0
2021 01 26 12    58   -85 10261     0 -9999 -9999 -9999     0
2021 01 26 15    34   -60 10268   290    10 -9999 -9999     0
2021 01 26 18    19   -44 10252     0 -9999 -9999 -9999     0
2021 01 26 21     8   -44 10243     0 -9999 -9999 -9999     0
2021 01 27 00     2   -37 10256   270    10 -9999 -9999     0
2021 01 27 03    33   -42 10268   250    20 -9999 -9999     0
2021 01 27 06    85   -57 10230    90    20 -9999 -9999     0
2021 01 27 09   104   -93 10232   340    20 -9999 -9999     0
2021 01 27 12    65   -75 10279   340    20 -9999 -9999     0
2021 01 27 15    27   -72 10302   260    30 -9999 -9999     0
2021 01 27 18     0   -73 10313    60    20 -9999 -9999     0
2021 01 27 21    -3   -95 10319     0 -9999 -9999 -9999     0
2021 01 28 00   -17  -135 10345   310    10 -9999 -9999     0
2021 01 28 03    57  -161 10345   140    30 -9999 -9999     0
2021 01 28 06    96  -175 10308   150    30 -9999 -9999     0
2021 01 28 09    83  -168 10294    80    70 -9999 -9999     0
2021 01 28 12    31  -155 10309   330    20 -9999 -9999     0
2021 01 28 15    -7  -136 10307   120    10 -9999 -9999     0
2021 01 28 18   -30  -125 10295   290    20 -9999 -9999     0
2021 01 28 21   -38  -127 10278   290    20 -9999 -9999     0
2021 01 29 00   -47  -107 10289   160    10 -9999 -9999     0
2021 01 29 03    35  -109 10285   230    20 -9999 -9999     0
2021 01 29 06   127   -91 10234   150    20 -9999 -9999     0
2021 01 29 09   128   -90 10227   320    40 -9999 -9999     0
2021 01 29 12    71   -89 10257    50    10 -9999 -9999     0
2021 01 29 15    25   -88 10268     0 -9999 -9999 -9999     0
2021 01 29 18    -8   -80 10266   270    10 -9999 -9999     0
2021 01 29 21   -22   -79 10270   260    20 -9999 -9999     0
2021 01 30 00   -37   -71 10302   310    20 -9999 -9999     0
2021 01 30 03    37   -68 10298   210    20 -9999 -9999     0
2021 01 30 06   116  -106 10248   150    20 -9999 -9999     0
2021 01 30 09   113  -129 10233    90    20 -9999 -9999     0
2021 01 30 12    65  -137 10263   320    20 -9999 -9999     0
2021 01 30 15    16  -112 10271   280    10 -9999 -9999     0
2021 01 30 18    -8  -110 10260     0 -9999 -9999 -9999     0
2021 01 30 21   -24   -98 10257   150    10 -9999 -9999     0
2021 01 31 00   -32   -96 10271   260    10 -9999 -9999     0
2021 01 31 03    27   -99 10272   260    10 -9999 -9999     0
2021 01 31 06   117  -125 10217   110    20 -9999 -9999     0
2021 01 31 09   123  -163 10211   110    20 -9999 -9999     0
2021 01 31 12    62  -151 10235   320    20 -9999 -9999     0
2021 01 31 15    21  -141 10244   300    20 -9999 -9999     0
2021 01 31 18     0  -123 10240   310    10 -9999 -9999     0
2021 01 31 21   -24  -112 10230    80    10 -9999 -9999     0
2021 02 01 00   -39  -114 10264   260    10 -9999 -9999     0
2021 02 01 03    46  -111 10263   160    20 -9999 -9999     0
2021 02 01 06   137  -162 10216   110    30 -9999 -9999     0
2021 02 01 09   133  -177 10220    70    40 -9999 -9999     0
2021 02 01 12    78  -189 10262   340    10 -9999 -9999     0
2021 02 01 15    29  -157 10283   310    10 -9999 -9999     0
2021 02 01 18   -10  -135 10285     0 -9999 -9999 -9999     0
2021 02 01 21   -35  -135 10297   284    15 -9999 -9999 -9999
2021 02 02 00   -41  -127 10326   280    20 -9999 -9999     0
2021 02 02 03    34  -117 10318   180    10 -9999 -9999     0
2021 02 02 06   103  -130 10258   120    20 -9999 -9999     0
2021 02 02 09   130  -108 10235   230    20 -9999 -9999     0
2021 02 02 12    62  -104 10262    43    17 -9999 -9999 -9999
2021 02 02 15    17   -95 10260   303    15 -9999 -9999 -9999
2021 02 02 18    -1   -83 10244   250    10 -9999 -9999     0
2021 02 02 21   -15   -76 10242   290    20 -9999 -9999     0
2021 02 03 00   -24   -73 10272   310    20 -9999 -9999     0
2021 02 03 03    54   -65 10282   210    10 -9999 -9999     0
2021 02 03 06   120  -138 10251    60    50 -9999 -9999     0
2021 02 03 09   116  -179 10269    60    30 -9999 -9999     0
2021 02 03 12    60  -165 10305    40    11 -9999 -9999 -9999
2021 02 03 15    17  -136 10309   286    21 -9999 -9999 -9999
2021 02 03 18   -13  -138 10303   270    10 -9999 -9999     0
2021 02 03 21   -30  -122 10310   300    10 -9999 -9999     0
2021 02 04 00   -46  -132 10322   300    20 -9999 -9999     0
2021 02 04 03    36  -124 10312   210    20 -9999 -9999     0
2021 02 04 06    94  -124 10264   200    10 -9999 -9999     0
2021 02 04 09   113  -108 10246   240    30 -9999 -9999     0
2021 02 04 12    95   -81 10265   273    33 -9999 -9999 -9999
2021 02 04 15    67   -87 10261   297    15 -9999 -9999 -9999
2021 02 04 18    26   -87 10253     0 -9999 -9999 -9999     0
2021 02 04 21    11   -82 10243   290    10 -9999 -9999     0
2021 02 05 00   -10   -71 10264   300    20 -9999 -9999     0
2021 02 05 03    69   -54 10243   210    10 -9999 -9999     0
2021 02 05 06   148  -108 10196    90    30 -9999 -9999     0
2021 02 05 09   155  -148 10178    90    30 -9999 -9999     0
2021 02 05 12    88  -136 10212   170    10 -9999 -9999     0
2021 02 05 15    41  -128 10219    78     9 -9999 -9999 -9999
2021 02 05 18    14  -131 10204   260    10 -9999 -9999     0
2021 02 05 21   -14  -118 10204     0 -9999 -9999 -9999     0
2021 02 06 00   -24  -124 10228   290    20 -9999 -9999     0
2021 02 06 03    70  -117 10227   120    20 -9999 -9999     0
2021 02 06 06   172  -147 10172   110    20 -9999 -9999     0
2021 02 06 09   184  -199 10160    50    30 -9999 -9999     0
2021 02 06 12   122  -164 10196   227     4 -9999 -9999 -9999
2021 02 06 15    71  -138 10213   305    29 -9999 -9999 -9999
2021 02 06 18    40  -120 10211   280    10 -9999 -9999     0
2021 02 06 21    12  -126 10218     0 -9999 -9999 -9999     0
2021 02 07 00    -5  -110 10250   260    10 -9999 -9999     0
2021 02 07 03    73  -109 10264   170    20 -9999 -9999     0
2021 02 07 06   155  -110 10224   130    20 -9999 -9999     0
2021 02 07 09   148  -100 10232    70    60 -9999 -9999     0
2021 02 07 12    77   -79 10286    72    57 -9999 -9999 -9999
2021 02 07 15    45   -83 10302    76    43 -9999 -9999 -9999
2021 02 07 18    13   -85 10306    70    20 -9999 -9999     0
2021 02 07 21   -10   -82 10314    50    20 -9999 -9999     0
2021 02 08 00   -27   -86 10343   300    10 -9999 -9999     0
2021 02 08 03    22   -77 10347   110    20 -9999 -9999     0
2021 02 08 06    83   -66 10294   120    20 -9999 -9999     0
2021 02 08 09    80   -62 10288    70    50 -9999 -9999     0
2021 02 08 12    39   -67 10314    60    30 -9999 -9999     0
2021 02 08 15    13   -65 10311   300    10 -9999 -9999     0
2021 02 08 18    -3   -61 10291   280    10 -9999 -9999     0
2021 02 08 21    -9   -57 10273   270    20 -9999 -9999     0
2021 02 09 00   -15   -45 10283   270    20 -9999 -9999     0
2021 02 09 03    53   -32 10269   200    10 -9999 -9999     0
2021 02 09 06   147   -31 10212   150    20 -9999 -9999     0
2021 02 09 12    82   -36 10237    30    20 -9999 -9999     0
2021 02 09 15    47   -43 10246     0 -9999 -9999 -9999     0
2021 02 09 18    20   -43 10231   270    10 -9999 -9999     0
2021 02 09 21     7   -41 10222     0 -9999 -9999 -9999     0
2021 02 10 00    -6   -38 10250   280    20 -9999 -9999     0
2021 02 10 03    80   -29 10240   160    10 -9999 -9999     0
2021 02 10 06   162   -18 10193    90    40 -9999 -9999     0
2021 02 10 09   152   -27 10186    90    60 -9999 -9999     0
2021 02 10 12   102   -30 10214    58    25 -9999 -9999 -9999
2021 02 10 18    27   -36 10223     0 -9999 -9999 -9999     0
2021 02 11 00    15   -11 10232   280    20 -9999 -9999     0
2021 02 13 12    57 -9999 10224    15    16 -9999 -9999    42
2021 02 13 15    56    56 10221   282     8 -9999 -9999    18
2021 02 13 18    35    35 10215   300    20 -9999 -9999     0
2021 02 13 21    41    41 10197   290    20 -9999 -9999     0
2021 02 14 00    33    33 10207   310    30 -9999 -9999     0
2021 02 14 03    50    43 10201   220    30 -9999 -9999     0
2021 02 14 06   139    48 10146   210    20 -9999 -9999     0
2021 02 14 09   198   -85 10119   260    80 -9999 -9999     0
2021 02 14 12   135   -37 10176    11    26 -9999 -9999 -9999
2021 02 14 15   112   -37 10220    67    35 -9999 -9999 -9999
2021 02 14 18    96   -44 10228   350    20 -9999 -9999     0
2021 02 14 21    74  -104 10228    10    20 -9999 -9999     0
2021 02 15 00    50  -129 10255   330    40 -9999 -9999     0
2021 02 15 03    65  -116 10263   120    20 -9999 -9999     0
2021 02 15 06    80   -99 10232   120    10 -9999 -9999     0
2021 02 15 09    82   -92 10213   120    10 -9999 -9999     0
2021 02 15 12    45   -76 10224   316    34 -9999 -9999 -9999
2021 02 15 15    12   -70 10233   310    13 -9999 -9999 -9999
2021 02 15 18    -9   -61 10236   280    10 -9999 -9999     0
2021 02 15 21   -24   -60 10240   290    10 -9999 -9999     0
2021 02 16 00   -34   -56 10265   300    20 -9999 -9999     0
2021 02 16 03    47   -48 10266   220    10 -9999 -9999     0
2021 02 16 06   141   -92 10230   160    20 -9999 -9999     0
2021 02 16 09   148  -143 10229   340    30 -9999 -9999     0
2021 02 16 12    82  -116 10262   318    31 -9999 -9999 -9999
2021 02 16 15    37  -103 10281   122     5 -9999 -9999 -9999
2021 02 16 18     9   -94 10282   300    10 -9999 -9999     0
2021 02 16 21   -14   -90 10289   310    10 -9999 -9999     0
2021 02 17 00   -25   -84 10317   260    10 -9999 -9999     0
2021 02 17 03    68   -87 10312   200    10 -9999 -9999     0
2021 02 17 06   140  -114 10279   220    20 -9999 -9999     0
2021 02 17 09   135  -126 10276    90    50 -9999 -9999     0
2021 02 17 12    90  -111 10298   316    11 -9999 -9999 -9999
2021 02 17 15    55  -107 10307    30     9 -9999 -9999 -9999
2021 02 17 18    25   -94 10305    10    10 -9999 -9999     0
2021 02 17 21    -3   -87 10307   300    20 -9999 -9999     0
2021 02 18 00   -14   -84 10327   290    20 -9999 -9999     0
2021 02 18 03    71   -77 10317   200    20 -9999 -9999     0
2021 02 18 06   177  -121 10258   170    30 -9999 -9999     0
2021 02 18 09   176  -132 10239   100    20 -9999 -9999     0
2021 02 18 12   121  -115 10264   358    12 -9999 -9999 -9999
2021 02 18 15    76  -107 10263   360     0 -9999 -9999 -9999
2021 02 18 18    44   -80 10243   260    10 -9999 -9999     0
2021 02 18 21    17   -66 10235   280    10 -9999 -9999     0
2021 02 19 00     5   -61 10248   280    10 -9999 -9999     0
2021 02 19 03   124   -38 10229   240    20 -9999 -9999     0
2021 02 19 06   211  -105 10178   240    30 -9999 -9999     0
2021 02 19 09   209  -180 10167   280    50 -9999 -9999     0
2021 02 20 12   142  -147 10130   321    24 -9999 -9999 -9999
2021 02 20 15   100  -107 10130   316    12 -9999 -9999 -9999
2021 02 20 18    72   -71 10114   273    16 -9999 -9999 -9999
2021 02 20 21    42   -57 10112   295    24 -9999 -9999 -9999
2021 02 21 00    32   -39 10141   233     9 -9999 -9999 -9999
2021 02 21 03   157   -37 10130   258    29 -9999 -9999 -9999
2021 02 21 06   242   -50 10095    80    52 -9999 -9999 -9999
2021 02 21 12   170   -90 10136   140    13 -9999 -9999 -9999
2021 02 21 15   112  -102 10151   305    18 -9999 -9999 -9999
2021 02 21 18    72   -87 10157   305    13 -9999 -9999 -9999
2021 02 21 21    47   -77 10167   270    10 -9999 -9999     0
2021 02 22 00    32   -73 10203   260    12 -9999 -9999 -9999
2021 02 22 03   135   -72 10202   140    10 -9999 -9999     0
2021 02 22 06   211  -105 10168    60    70 -9999 -9999     0
2021 02 22 09   184   -71 10180    50    60 -9999 -9999     0
2021 02 22 12   130   -56 10220    62    45 -9999 -9999 -9999
2021 02 22 15    97   -36 10234    82    41 -9999 -9999 -9999
2021 02 22 18    68   -32 10222    50    10 -9999 -9999     0
2021 02 22 21    58   -30 10223    60    20 -9999 -9999     0
2021 02 23 00    45   -35 10232    70    20 -9999 -9999     0
2021 02 23 03    84   -25 10221    90    40 -9999 -9999     0
2021 02 23 06   130   -21 10173    90    80 -9999 -9999     0
2021 02 23 09   121   -41 10152    70    70 -9999 -9999     0
2021 02 23 12    80   -62 10187    60    41 -9999 -9999 -9999
2021 02 23 15    60   -51 10204    65    52 -9999 -9999 -9999
2021 02 23 18    50   -48 10211    60    40 -9999 -9999     0
2021 02 23 21    41   -46 10201    40    30 -9999 -9999     0
2021 02 24 00    36   -26 10207    70    30 -9999 -9999 -9999
2021 02 24 03    36   -19 10203    80    50 -9999 -9999     0
2021 02 24 06    22     3 10192    70    50 -9999 -9999     0
2021 02 24 09     4     4 10195    50    50 -9999 -9999    10
2021 02 24 12    -3    -3 10210     0 -9999 -9999 -9999   120
2021 02 24 15    -7    -7 10233     0 -9999 -9999 -9999   170
2021 02 24 18   -12   -12 10245     0 -9999 -9999 -9999    70
2021 02 24 21   -14   -14 10241     0 -9999 -9999 -9999     0
2021 02 25 00    -8    -8 10248     0 -9999 -9999 -9999     0
2021 02 25 03     0     0 10261     0 -9999 -9999 -9999     0
2021 02 25 06     5     5 10245    70    20 -9999 -9999     0
2021 02 25 09     4     4 10247    60    30 -9999 -9999     0
2021 02 25 12     2     2 10266    58    24 -9999 -9999 -9999
2021 02 25 15     0     0 10281    40    20 -9999 -9999     2
2021 02 25 18    -2    -2 10278     0 -9999 -9999 -9999    10
2021 02 25 21    -2    -2 10262     0 -9999 -9999 -9999    20
2021 02 26 00    -1    -1 10269     0 -9999 -9999 -9999     5
2021 02 26 03    11    11 10278    60    10 -9999 -9999     0
2021 02 26 06    17    17 10261    70    20 -9999 -9999     0
2021 02 26 09    17    17 10254    80    40 -9999 -9999     0
2021 02 26 12    15    15 10264    52     5 -9999 -9999 -9999
2021 02 26 15    11    11 10267   307     8 -9999 -9999 -9999
2021 02 26 18    13    13 10260     0 -9999 -9999 -9999     0
2021 02 26 21    12    12 10243     0 -9999 -9999 -9999     0
2021 02 27 00    13    13 10248   340    10 -9999 -9999     0
2021 02 27 03    21    21 10247   100    20 -9999 -9999     0
2021 02 27 06    34    21 10218    90    20 -9999 -9999     0
2021 02 27 09    37    24 10207    90    30 -9999 -9999     0
2021 02 27 12    35    32 10223    90    10 -9999 -9999     0
2021 02 27 15    32    32 10228   314     7 -9999 -9999     2
2021 02 27 18    29    29 10230     0 -9999 -9999 -9999     4
2021 02 27 21    26    26 10212   300    10 -9999 -9999    20
2021 02 28 00    28    28 10205   240    10 -9999 -9999    20
2021 02 28 03    33    33 10211    80    20 -9999 -9999     3
2021 02 28 06    39    39 10189   100    20 -9999 -9999     4
2021 02 28 09    40    40 10191     0 -9999 -9999 -9999     6
2021 02 28 12    32 -9999 10224   350     6 -9999 -9999    21
2021 02 28 15    32    32 10250    80    10 -9999 -9999    30
2021 02 28 18    35    31 10259   140    10 -9999 -9999     8
2021 02 28 21    35    28 10253    50    20 -9999 -9999     0
2021 03 01 00    40     3 10293    30    10 -9999 -9999     0
2021 03 01 03    54   -13 10316   330    40 -9999 -9999     0
2021 03 01 06    70   -22 10303   310    20 -9999 -9999     0
2021 03 01 09    79   -19 10291    90    10 -9999 -9999     0
2021 03 01 12    42   -29 10313   320    20 -9999 -9999     0
2021 03 01 15    11   -39 10326   280    20 -9999 -9999     0
2021 03 01 18    -7   -27 10321   280    20 -9999 -9999     0
2021 03 01 21   -18   -18 10305   270    20 -9999 -9999     0
2021 03 02 00   -18   -18 10324   270    20 -9999 -9999     0
2021 03 02 03    54   -13 10309   210    20 -9999 -9999 -9999
2021 03 02 06   130   -37 10258   255    36 -9999 -9999 -9999
2021 03 02 09   142   -55 10233   240    20 -9999 -9999     0
2021 03 02 12    96    -9 10260   262    51 -9999 -9999 -9999
2021 03 02 15    82   -11 10273   260    60 -9999 -9999     0
2021 03 02 18    64   -27 10254   290    30 -9999 -9999     0
2021 03 02 21    33   -37 10231   310    20 -9999 -9999     0
2021 03 03 00    20   -21 10244   260    10 -9999 -9999     0
2021 03 03 03   105     0 10219   200    20 -9999 -9999     0
2021 03 03 06   162   -28 10171   150    20 -9999 -9999     0
2021 03 03 09   175   -44 10157   220    20 -9999 -9999     0
2021 03 03 12   125   -14 10183   281    13 -9999 -9999 -9999
2021 03 03 15    80    -2 10197   330    10 -9999 -9999     0
2021 03 03 18    53     3 10190   250    10 -9999 -9999     0
2021 03 03 21    34    16 10175   230    10 -9999 -9999     0
2021 03 04 00    31    18 10200   280    20 -9999 -9999     0
2021 03 04 03   128    32 10186   160    20 -9999 -9999     0
2021 03 04 06   194    -1 10140   190    10 -9999 -9999     0
2021 03 04 09   191   -31 10135   230    30 -9999 -9999     0
2021 03 04 12   155    13 10166   300    30 -9999 -9999     0
2021 03 04 15   115    17 10181   300    30 -9999 -9999     0
2021 03 04 18    97    11 10168   150    10 -9999 -9999     0
2021 03 04 21    82    24 10160   250    10 -9999 -9999     0
2021 03 05 00    73    22 10173   260    10 -9999 -9999     0
2021 03 05 03   138    18 10172   220    30 -9999 -9999     0
2021 03 05 06   170   -11 10145   100    20 -9999 -9999     0
2021 03 05 09   162    22 10145    70    60 -9999 -9999     0
2021 03 05 12   140     5 10183    57    33 -9999 -9999 -9999
2021 03 05 15   125    32 10210    40    30 -9999 -9999     0
2021 03 05 18   101    53 10234    40    40 -9999 -9999     0
2021 03 05 21    72    72 10257    80    40 -9999 -9999     0
2021 03 06 00    50    50 10282    90    50 -9999 -9999     0
2021 03 06 03    41    28 10311   100    70 -9999 -9999     0
2021 03 06 06    56    11 10292   100    90 -9999 -9999     0
2021 03 06 09    42     5 10293    80    80 -9999 -9999     0
2021 03 06 12    21     6 10322    80    50 -9999 -9999     0
2021 03 06 15    16     7 10334    80    40 -9999 -9999     0
2021 03 06 18    12     9 10315    58     8 -9999 -9999 -9999
2021 03 06 21    11    10 10303    80    20 -9999 -9999     0
2021 03 07 00     8    -2 10312    70    30 -9999 -9999     0
2021 03 07 03    53     5 10306   100    30 -9999 -9999     0
2021 03 07 06   111    -7 10257   220    30 -9999 -9999     0
2021 03 07 09   113   -11 10244   250    60 -9999 -9999     0
2021 03 07 12    56    -5 10276    80    40 -9999 -9999     0
2021 03 07 15    43    -1 10284    70    20 -9999 -9999     0
2021 03 07 18    30     6 10270    70    20 -9999 -9999     0
2021 03 07 21    16     9 10248    60    30 -9999 -9999     0
2021 03 08 00    19    13 10269    90    10 -9999 -9999     0
2021 03 08 03    43    20 10272    90    40 -9999 -9999 -9999
2021 03 08 06    44    44 10256    80    50 -9999 -9999     2
2021 03 08 09    55    46 10249    70    40 -9999 -9999     3
2021 03 08 12    42    42 10260    79    30 -9999 -9999     1
2021 03 08 15    41    41 10275    80    10 -9999 -9999     0
2021 03 08 18    37    37 10265   310    20 -9999 -9999     0
2021 03 08 21    29    29 10263   330    10 -9999 -9999     0
2021 03 09 00    37    37 10282   260    10 -9999 -9999     0
2021 03 09 03    70    43 10290   190    10 -9999 -9999     0
2021 03 09 06   132    27 10250   160    30 -9999 -9999     0
2021 03 09 09   151    33 10231    90    50 -9999 -9999     0
2021 03 09 12   112    35 10251    76    14 -9999 -9999 -9999
2021 03 09 15    70    36 10272   300    10 -9999 -9999     0
2021 03 09 18    52    43 10267   150    10 -9999 -9999     0
2021 03 09 21    44    44 10250     0 -9999 -9999 -9999     0
2021 03 10 00    48    48 10264    70    20 -9999 -9999     0
2021 03 10 03    68    65 10268    90    30 -9999 -9999     0
2021 03 10 06    78    53 10239    90    80 -9999 -9999     0
2021 03 10 09    63    63 10237    80    40 -9999 -9999     6
2021 03 10 12    53    53 10258    60    20 -9999 -9999    30
2021 03 10 15    50    50 10260    50    10 -9999 -9999    60
2021 03 10 18    51    51 10254     0 -9999 -9999 -9999    50
2021 03 10 21    49    49 10248   270    10 -9999 -9999    20
2021 03 11 00    53    53 10261    60    10 -9999 -9999     0
2021 03 11 03    96    79 10257   150    10 -9999 -9999     0
2021 03 11 06   127    47 10233    90    60 -9999 -9999     0
2021 03 11 09   139    19 10222    50    20 -9999 -9999     0
2021 03 11 12    92    32 10242   320    20 -9999 -9999     0
2021 03 11 15    63    40 10252   360    10 -9999 -9999     0
2021 03 11 18    43    43 10245   280    20 -9999 -9999     0
2021 03 11 21    30    30 10243   290    20 -9999 -9999     0
2021 03 12 00    32    32 10260   270    10 -9999 -9999     0
2021 03 12 03   130    47 10249   260    50 -9999 -9999     0
2021 03 12 06   172    52 10207   270    50 -9999 -9999     0
2021 03 12 09   149    70 10201    80    60 -9999 -9999     0
2021 03 12 12    95    80 10236    64    28 -9999 -9999 -9999
2021 03 12 15    82    82 10237   330    20 -9999 -9999     0
2021 03 12 18    83    83 10235   260    20 -9999 -9999 -9999
2021 03 12 21    70    70 10221   300    20 -9999 -9999     1
2021 03 13 00    75    75 10244   320    10 -9999 -9999     1
2021 03 13 03    99    98 10242   210    20 -9999 -9999     0
2021 03 13 06   149    72 10200   240    40 -9999 -9999     0
2021 03 13 09   146    81 10178    80    70 -9999 -9999     0
2021 03 13 12    97    97 10193    60    30 -9999 -9999     0
2021 03 13 15    96    96 10188   340    10 -9999 -9999     0
2021 03 13 18   116    79 10161   250    50 -9999 -9999     0
2021 03 13 21   115    87 10147   280    30 -9999 -9999     0
2021 03 14 00   119    86 10155   290    40 -9999 -9999     0
2021 03 14 03   148    78 10147   250    50 -9999 -9999     0
2021 03 14 06   187    87 10103   240    40 -9999 -9999     0
2021 03 14 09   187    89 10078   140    30 -9999 -9999     0
2021 03 14 12   112 -9999 10107    71    53 -9999 -9999     7
2021 03 14 15   103   103 10119    10    20 -9999 -9999    20
2021 03 14 18   101   101 10093   280    10 -9999 -9999    10
2021 03 14 21    92    92 10092   270    30 -9999 -9999     1
2021 03 15 00    95    95 10117   260    10 -9999 -9999     0
2021 03 15 03   154   112 10131   200    20 -9999 -9999     0
2021 03 15 06   215    87 10097   100    30 -9999 -9999     0
2021 03 15 09   220    74 10096    50    50 -9999 -9999     0
2021 03 15 12   161    88 10135    50    50 -9999 -9999     0
2021 03 15 15   143   107 10161    60    50 -9999 -9999     0
2021 03 15 18   119    91 10164    60    60 -9999 -9999     0
2021 03 15 21   110    99 10167    50    40 -9999 -9999 -9999
2021 03 16 00    95    12 10193    70    50 -9999 -9999     0
2021 03 16 03    96   -51 10203    70    50 -9999 -9999     0
2021 03 16 06   119   -51 10181   110    40 -9999 -9999     0
2021 03 16 09   116   -33 10176   230    20 -9999 -9999     0
2021 03 16 12   107    -7 10185   290    10 -9999 -9999     0
2021 03 16 15    90   -64 10199    80    40 -9999 -9999     0
2021 03 16 18    75   -59 10198    80    40 -9999 -9999     0
2021 03 16 21    67   -50 10180    80    40 -9999 -9999     0
2021 03 17 00    64   -44 10196    90    20 -9999 -9999     0
2021 03 17 03    81   -31 10191   120    20 -9999 -9999     0
2021 03 17 06   115   -16 10164    90    30 -9999 -9999     0
2021 03 17 09   114     2 10160    70    40 -9999 -9999     0
2021 03 17 12    90     5 10186    65    46 -9999 -9999 -9999
2021 03 17 15    80     0 10197    90    30 -9999 -9999     0
2021 03 17 18    75     0 10192    80    10 -9999 -9999 -9999
2021 03 17 21    67   -17 10183    60    30 -9999 -9999     0
2021 03 18 00    51   -11 10209    50    50 -9999 -9999     0
2021 03 18 03    55    -1 10213    70    60 -9999 -9999     0
2021 03 18 06    57    29 10205    50    30 -9999 -9999     0
2021 03 18 09    55    39 10198    67    39 -9999 -9999 -9999
2021 03 18 12    52    40 10217    40    40 -9999 -9999     0
2021 03 18 15    53    40 10229    10    20 -9999 -9999     0
2021 03 18 18    47    46 10219    50    20 -9999 -9999     0
2021 03 18 21    39    39 10206    80    40 -9999 -9999     0
2021 03 19 00    39    39 10217    80    20 -9999 -9999     0
2021 03 19 03    45    42 10205    90    50 -9999 -9999     0
2021 03 19 06    40    40 10213    80    30 -9999 -9999 -9999
2021 03 19 09    42    42 10214   290    10 -9999 -9999    20
2021 03 19 12    37 -9999 10234   305     3 -9999 -9999    48
2021 03 19 15    49    49 10242    30    20 -9999 -9999    20
2021 03 19 18    77   -10 10242   330    40 -9999 -9999     0
2021 03 19 21    73   -38 10240   340    20 -9999 -9999     0
2021 03 20 00    68   -43 10249    50    30 -9999 -9999     0
2021 03 20 03    97   -62 10250    20    30 -9999 -9999     0
2021 03 20 06   105   -87 10233   340    30 -9999 -9999     0
2021 03 20 09    98   -98 10240   340    30 -9999 -9999     0
2021 03 20 12    80   -73 10275    50    20 -9999 -9999     0
2021 03 20 15    58   -61 10286   340    10 -9999 -9999     0
2021 03 20 18    44   -41 10300   280    20 -9999 -9999     0
2021 03 20 21    62   -74 10312   330    30 -9999 -9999     0
2021 03 21 00    53  -109 10342   360    20 -9999 -9999     0
2021 03 21 03    76  -174 10348   350    30 -9999 -9999     0
2021 03 21 06   106  -176 10316    10    40 -9999 -9999     0
2021 03 21 09   103  -160 10300   360    30 -9999 -9999     0
2021 03 21 12    67  -135 10320   100    20 -9999 -9999     0
2021 03 21 15    33  -114 10331     0 -9999 -9999 -9999     0
2021 03 21 18     1   -91 10336     0 -9999 -9999 -9999     0
2021 03 21 21   -23   -99 10331   300    20 -9999 -9999     0
2021 03 22 00   -12   -82 10339   270    20 -9999 -9999     0
2021 03 22 03    88  -101 10320   180    20 -9999 -9999     0
2021 03 22 06   163  -104 10268   160    20 -9999 -9999     0
2021 03 22 09   172   -97 10240    80    40 -9999 -9999     0
2021 03 22 12   122   -77 10249   332    17 -9999 -9999 -9999
2021 03 22 15    72   -65 10246   310    30 -9999 -9999     0
2021 03 22 18    48   -45 10229   260    20 -9999 -9999     0
2021 03 22 21    28   -35 10213   250    20 -9999 -9999     0
2021 03 23 00    39   -32 10214   270    30 -9999 -9999     0
2021 03 23 03   109   -18 10195   230    10 -9999 -9999     0
2021 03 23 06   203   -90 10139   220    20 -9999 -9999     0
2021 03 23 09   219   -77 10115   200    20 -9999 -9999     0
2021 03 23 12   150   -15 10137   310    30 -9999 -9999     0
2021 03 23 15   105     0 10148   330    10 -9999 -9999     0
2021 03 23 18    85     7 10136   260    10 -9999 -9999     0
2021 03 23 21    61    16 10141   309    37 -9999 -9999 -9999
2021 03 24 00    64    27 10174   250    10 -9999 -9999     0
2021 03 24 03   158    33 10167   210    20 -9999 -9999     0
2021 03 24 06   232  -101 10129    70    60 -9999 -9999     0
2021 03 24 09   232   -48 10127    60    50 -9999 -9999     0
2021 03 24 12   180    -8 10162    70    40 -9999 -9999     0
2021 03 24 15   157    32 10179    70    30 -9999 -9999     0
2021 03 24 18   129    30 10173    70    30 -9999 -9999     0
2021 03 24 21   112    25 10169    60    20 -9999 -9999     0
2021 03 25 00   105    46 10194    70    30 -9999 -9999     0
2021 03 25 03   157    62 10181    90    50 -9999 -9999     0
2021 03 25 06   203    55 10135    90    60 -9999 -9999     0
2021 03 25 09   208    71 10111   100    40 -9999 -9999     0
2021 03 25 12   180    19 10135   233    36 -9999 -9999 -9999
2021 03 25 15   157    62 10145   110    10 -9999 -9999 -9999
2021 03 25 18   138    71 10133    40    20 -9999 -9999 -9999
2021 03 25 21   127    88 10122    30    10 -9999 -9999     0
2021 03 26 00   117   117 10148    70    30 -9999 -9999 -9999
2021 03 26 03   118   118 10155     0 -9999 -9999 -9999     2
2021 03 26 06   117   117 10137   100    10 -9999 -9999    40
2021 03 26 09   124   124 10125    80    10 -9999 -9999    40
2021 03 26 12   110   110 10145    89     3 -9999 -9999    12
2021 03 26 15    99    99 10150   320    20 -9999 -9999    10
2021 03 26 18    96    96 10142   300    10 -9999 -9999     4
2021 03 26 21    89    89 10128   270    20 -9999 -9999     0
2021 03 27 00    91    91 10141   240    20 -9999 -9999     0
2021 03 27 03   139   109 10131   170    20 -9999 -9999     0
2021 03 27 06   211    59 10090   140    20 -9999 -9999     0
2021 03 27 09   223    24 10071   100    10 -9999 -9999     0
2021 03 27 12   159    37 10090   310    30 -9999 -9999     0
2021 03 27 15   126    35 10103    40    10 -9999 -9999     0
2021 03 27 18   102    39 10085   280    20 -9999 -9999     0
2021 03 27 21    86    46 10075   280    30 -9999 -9999     0
2021 03 28 00    95    47 10093   260    10 -9999 -9999     0
2021 03 28 03   183    38 10088   220    10 -9999 -9999     0
2021 03 28 06   253    14 10044   100    20 -9999 -9999     0
2021 03 28 09   265    10 10010    80    60 -9999 -9999     0
2021 03 28 12   217   -16 10040    37    21 -9999 -9999 -9999
2021 03 28 15   160    47 10055    70    30 -9999 -9999     0
2021 03 28 18   131    80 10053    70    20 -9999 -9999     0
2021 03 28 21   120    73 10058    60    30 -9999 -9999     0
2021 03 29 00   132    61 10077    50    40 -9999 -9999     0
2021 03 29 03   162    55 10088    60    50 -9999 -9999     0
2021 03 29 06   187    55 10063    80    70 -9999 -9999     0
2021 03 29 09   185    54 10043    80    70 -9999 -9999     0
2021 03 29 12   147    44 10071    60    50 -9999 -9999     0
2021 03 29 15   125    49 10093    72    35 -9999 -9999 -9999
2021 03 29 18   115    42 10098    78    35 -9999 -9999 -9999
2021 03 29 21    88    24 10090    40    20 -9999 -9999     0
2021 03 30 00    90    26 10120    90    40 -9999 -9999     0
2021 03 30 03   134    40 10109   100    50 -9999 -9999     0
2021 03 30 06   156    58 10085    90    60 -9999 -9999     0
2021 03 30 09   166    67 10072    90    30 -9999 -9999     0
2021 03 30 12   138    98 10097     0 -9999 -9999 -9999     1
2021 03 30 15   115    74 10095    70    10 -9999 -9999     9
2021 03 30 18    91    91 10093    40    10 -9999 -9999    30
2021 03 30 21    87    87 10085    60    20 -9999 -9999    40
2021 03 31 00    92    92 10103    60    20 -9999 -9999    20
2021 03 31 03   116    69 10113    70    50 -9999 -9999     4
2021 03 31 06   136    80 10097    70    50 -9999 -9999     0
2021 03 31 09   133    75 10097    20    30 -9999 -9999     0
2021 03 31 12   117    83 10122    68    45 -9999 -9999 -9999
2021 03 31 15   112    77 10132    40    30 -9999 -9999     0
2021 03 31 18   104    62 10130    60    40 -9999 -9999     0
2021 03 31 21    97    71 10128    30    30 -9999 -9999     0
2021 04 01 00    95    76 10149    50    20 -9999 -9999 -9999
2021 04 01 03    92    92 10166    80    20 -9999 -9999     3
2021 04 01 06    87    87 10162    40    10 -9999 -9999     5
2021 04 01 09    77    77 10163    90    30 -9999 -9999     6
2021 04 01 12    75    75 10172    35     3 -9999 -9999    20
2021 04 01 15    77    77 10188     0 -9999 -9999 -9999    30
2021 04 01 18    78    78 10180    20    10 -9999 -9999    30
2021 04 01 21    80    80 10177    60    30 -9999 -9999    20
2021 04 02 00    79    79 10195    60    20 -9999 -9999     8
2021 04 02 03    85    85 10205    70    20 -9999 -9999    40
2021 04 02 06    91    91 10192    70    30 -9999 -9999    50
2021 04 02 09    86    86 10189    80    20 -9999 -9999    20
2021 04 02 12    82    82 10206    50    10 -9999 -9999    30
2021 04 02 15    83    83 10222    50    10 -9999 -9999    30
2021 04 02 18    83    83 10223     0 -9999 -9999 -9999     3
2021 04 02 21    82    82 10218     0 -9999 -9999 -9999 -9999
2021 04 03 00    84    84 10230   130    10 -9999 -9999     1
2021 04 03 03    98    93 10245    40    20 -9999 -9999     3
2021 04 03 06   108    80 10239    40    30 -9999 -9999     5
2021 04 03 09    99    78 10237    40    30 -9999 -9999     3
2021 04 03 12    90    85 10258    30    30 -9999 -9999     1
2021 04 03 15    82    82 10274    60    20 -9999 -9999     1
2021 04 03 18    77    77 10270    60    10 -9999 -9999     0
2021 04 03 21    64    64 10272     0 -9999 -9999 -9999     0
2021 04 04 03    91    51 10283    60    30 -9999 -9999     0
2021 04 04 06   100    50 10263    90    50 -9999 -9999     0
2021 04 04 09    94    46 10255    80    30 -9999 -9999     0
2021 04 04 12    87    42 10270   352     4 -9999 -9999 -9999
2021 04 04 15    81    56 10271   300    10 -9999 -9999     0
2021 04 04 18    66    66 10257   260    20 -9999 -9999     0
2021 04 04 21    56    42 10241   270    20 -9999 -9999     0
2021 04 05 00    66    27 10253   280    20 -9999 -9999     0
2021 04 05 03    97    -8 10233   260    40 -9999 -9999     0
2021 04 05 06   133     0 10205   220    30 -9999 -9999     0
2021 04 05 09   164    13 10172   230    20 -9999 -9999     0
2021 04 05 12   107    24 10197    80    31 -9999 -9999 -9999
2021 04 05 15    74    15 10223    20    10 -9999 -9999     0
2021 04 05 18    51    23 10214   330    10 -9999 -9999     0
2021 04 05 21    37    37 10216     0 -9999 -9999 -9999     0
2021 04 06 00    49    49 10240   310    10 -9999 -9999     0
2021 04 06 03   133    45 10234   150    20 -9999 -9999     0
2021 04 06 06   177    50 10203    90    80 -9999 -9999     0
2021 04 06 09   170    47 10204    70    60 -9999 -9999     0
2021 04 06 12   150    29 10227    45    25 -9999 -9999 -9999
2021 04 06 15   136    37 10230    80    10 -9999 -9999     0
2021 04 06 18   119    46 10220    70    40 -9999 -9999     0
2021 04 06 21   108    43 10214    60    20 -9999 -9999     0
2021 04 07 00   107    46 10228    50    10 -9999 -9999     0
2021 04 07 03   126    53 10235   230    10 -9999 -9999     0
2021 04 07 06   153    49 10211   120    20 -9999 -9999     0
2021 04 07 09   161    42 10190    90    60 -9999 -9999     0
2021 04 07 12   145    21 10207    30    20 -9999 -9999     0
2021 04 07 15   119    37 10222    30    10 -9999 -9999     0
2021 04 07 18    81    39 10231   350    10 -9999 -9999     0
2021 04 07 21    58    55 10226   110    10 -9999 -9999     0
2021 04 08 00    59    59 10251   220    10 -9999 -9999     0
2021 04 08 03   158    57 10242   180    20 -9999 -9999     0
2021 04 08 06   200    10 10208   190    20 -9999 -9999     0
2021 04 08 09   193    26 10189   100    30 -9999 -9999     0
2021 04 08 12   156    10 10211   260    50 -9999 -9999     0
2021 04 08 15   126    30 10221   290    40 -9999 -9999     0
2021 04 08 18    88    34 10218   140    20 -9999 -9999     0
2021 04 08 21    65    45 10220   250    10 -9999 -9999     0
2021 04 09 00    76    40 10237   230    20 -9999 -9999     0
2021 04 09 03   153     7 10224   210    20 -9999 -9999     0
2021 04 09 06   183   -26 10205   230    50 -9999 -9999     0
2021 04 09 09   180     2 10201   230    20 -9999 -9999     0
2021 04 09 12   147    24 10221    59    20 -9999 -9999 -9999
2021 04 09 15   117    44 10227   340    10 -9999 -9999     0
2021 04 09 18    99    39 10226   240    20 -9999 -9999     0
2021 04 09 21    67    47 10235   300    10 -9999 -9999     0
2021 04 10 00    84    53 10250    70    10 -9999 -9999     0
2021 04 10 03   154    53 10239   110    30 -9999 -9999     0
2021 04 10 06   174    54 10205    90    50 -9999 -9999     0
2021 04 10 09   172    28 10201    70    70 -9999 -9999     0
2021 04 10 12   145     6 10212    62    39 -9999 -9999 -9999
2021 04 10 15   111    14 10228   320    20 -9999 -9999     0
2021 04 10 18   102    23 10221    60    20 -9999 -9999     0
2021 04 10 21    97    32 10209    60    20 -9999 -9999     0
2021 04 11 00   100    35 10225    40    10 -9999 -9999     0
2021 04 11 03   111    34 10230    70    40 -9999 -9999     0
2021 04 11 06   126    43 10205    90    30 -9999 -9999     0
2021 04 11 09   129    43 10189    90    30 -9999 -9999     0
2021 04 11 12   115    47 10202    70    30 -9999 -9999     0
2021 04 11 15   107    44 10212    70    20 -9999 -9999     0
2021 04 11 18    87    54 10203   330    10 -9999 -9999     0
2021 04 11 21    68    68 10193   290    20 -9999 -9999     0
2021 04 12 00    91    83 10203   130    10 -9999 -9999     0
2021 04 12 03   174    75 10184   130    20 -9999 -9999     0
2021 04 12 06   219    66 10155   190    20 -9999 -9999     0
2021 04 12 09   229    53 10145    10    40 -9999 -9999     0
2021 04 12 12   192    60 10174    20    10 -9999 -9999     0
2021 04 12 15   153    71 10195   210    10 -9999 -9999     0
2021 04 12 18   134    76 10188   300    10 -9999 -9999     0
2021 04 12 21   111    81 10190   300    10 -9999 -9999     0
2021 04 13 00   117    96 10212   160    10 -9999 -9999     0
2021 04 13 03   158    81 10203   100    70 -9999 -9999     0
2021 04 13 06   185    73 10172    80    70 -9999 -9999     0
2021 04 13 09   134    35 10200   330    60 -9999 -9999 -9999
2021 04 13 12    87    70 10253    62     4 -9999 -9999     5
2021 04 13 15    81    81 10259   300    10 -9999 -9999    10
2021 04 13 18    76    76 10245   330    10 -9999 -9999     5
2021 04 13 21    56    56 10247   300    10 -9999 -9999     1
2021 04 14 00    76    76 10260   190    10 -9999 -9999     1
2021 04 14 03   137    38 10233   180    20 -9999 -9999     0
2021 04 14 06   174    -3 10179   200    10 -9999 -9999     0
2021 04 14 09   175    34 10156   230    40 -9999 -9999     0
2021 04 14 12   144    57 10164   250    70 -9999 -9999 -9999
2021 04 14 15   125    65 10167   300    50 -9999 -9999     0
2021 04 14 18   111    64 10150   310    40 -9999 -9999     0
2021 04 14 21    81    75 10150   290    10 -9999 -9999     0
2021 04 15 00    95    81 10160   220    20 -9999 -9999     0
2021 04 15 03   164    76 10155   200    20 -9999 -9999     0
2021 04 15 06   212    39 10134   220    10 -9999 -9999     0
2021 04 15 09   205   -62 10139   240    30 -9999 -9999     0
2021 04 15 12   177   -15 10160   296    29 -9999 -9999 -9999
2021 04 15 15   141     4 10177    50    20 -9999 -9999     0
2021 04 15 18   105    -3 10171   310    30 -9999 -9999     0
2021 04 15 21    83    -2 10180   300    10 -9999 -9999     0
2021 04 16 00    91     8 10193   230    10 -9999 -9999     0
2021 04 16 03   171     3 10187   240    10 -9999 -9999     0
2021 04 16 06   236   -64 10157   220    20 -9999 -9999     0
2021 04 16 09   234   -66 10148   290    50 -9999 -9999     0
2021 04 16 12   165   -42 10175   315    30 -9999 -9999 -9999
2021 04 16 15   148   -31 10209   180    10 -9999 -9999     0
2021 04 16 18   107   -53 10214   310    10 -9999 -9999     0
2021 04 16 21    75   -46 10244   280    20 -9999 -9999     0
2021 04 17 00    94    -8 10270   120    10 -9999 -9999     0
2021 04 17 03   175   -86 10258   150    30 -9999 -9999     0
2021 04 17 06   208   -96 10222   120    40 -9999 -9999     0
2021 04 17 09   213  -128 10197    80    20 -9999 -9999     0
2021 04 17 12   171   -89 10209    57     8 -9999 -9999 -9999
2021 04 17 15   135    -2 10217   300    40 -9999 -9999     0
2021 04 17 18   108    13 10205   260    10 -9999 -9999     0
2021 04 17 21   104    18 10191   260    10 -9999 -9999     0
2021 04 18 00   115    23 10200   250    20 -9999 -9999     0
2021 04 18 03   189    14 10187   230    30 -9999 -9999     0
2021 04 18 06   218    35 10156   210    50 -9999 -9999     0
2021 04 18 09   217    24 10134   190    50 -9999 -9999     0
2021 04 18 12   175    41 10156   238    44 -9999 -9999 -9999
2021 04 18 15   146    37 10162   290    40 -9999 -9999     0
2021 04 18 18   126    41 10149   310    30 -9999 -9999     0
2021 04 18 21    87    53 10146   280    20 -9999 -9999     0
2021 04 19 00   104    56 10156   230    20 -9999 -9999     0
2021 04 19 03   200    60 10128   230    20 -9999 -9999     0
2021 04 19 06   243    56 10091    90    30 -9999 -9999     0
2021 04 19 09   236    68 10082    70    40 -9999 -9999     0
2021 04 19 12   194    87 10109   310    30 -9999 -9999 -9999
2021 04 19 15   144   138 10127   310    50 -9999 -9999     4
2021 04 19 18   133   133 10119    30    10 -9999 -9999    60
2021 04 19 21   133   133 10110    70    10 -9999 -9999    60
2021 04 20 00   133   133 10129    80    20 -9999 -9999     3
2021 04 20 03   136   136 10144    90    50 -9999 -9999     1
2021 04 20 06   127   127 10136    70    30 -9999 -9999    10
2021 04 20 09   123   123 10133    60    20 -9999 -9999    40
2021 04 20 12   120   120 10143    30    30 -9999 -9999    60
2021 04 20 15   119   119 10157    50    30 -9999 -9999    30
2021 04 20 18   115   115 10155    70    10 -9999 -9999     1
2021 04 20 21   114   114 10144    70    10 -9999 -9999     4
