2021 01 01 00   -35   -43 10345    80    11 -9999 -9999 -9999
2021 01 01 03    10   -24 10345   125    11 -9999 -9999 -9999
2021 01 01 06    57   -46 10291   114    13 -9999 -9999 -9999
2021 01 01 09    67   -38 10268    65    11 -9999 -9999 -9999
2021 01 01 12    12   -20 10298   198     7 -9999 -9999 -9999
2021 01 01 15     0   -27 10306   360     2 -9999 -9999 -9999
2021 01 01 18   -15   -22 10299   360     2 -9999 -9999 -9999
2021 01 01 21   -12   -25 10281    90    15 -9999 -9999 -9999
2021 01 02 00     2   -15 10289   157    12 -9999 -9999 -9999
2021 01 02 03    11   -21 10295   360     2 -9999 -9999 -9999
2021 01 02 06    22   -19 10268   204    12 -9999 -9999 -9999
2021 01 02 09    37   -18 10266    41     8 -9999 -9999 -9999
2021 01 02 12    26   -10 10294   291     9 -9999 -9999 -9999
2021 01 02 15    30    -4 10316   209    10 -9999 -9999 -9999
2021 01 02 18    20    -2 10315    83    11 -9999 -9999 -9999
2021 01 02 21     7   -10 10317   114    12 -9999 -9999 -9999
2021 01 03 00     0    -2 10319    37     8 -9999 -9999 -9999
2021 01 03 03    30     7 10328    57     5 -9999 -9999 -9999
2021 01 03 06    55     0 10293   341     9 -9999 -9999 -9999
2021 01 03 09    66     5 10286   357     9 -9999 -9999 -9999
2021 01 03 12    20     7 10298   282     4 -9999 -9999 -9999
2021 01 03 15    21     9 10304   223    10 -9999 -9999 -9999
2021 01 03 18    20     7 10298    23     7 -9999 -9999 -9999
2021 01 03 21    20     9 10284    82     8 -9999 -9999 -9999
2021 01 04 00    20    11 10296   290     7 -9999 -9999 -9999
2021 01 04 03    30    13 10305    90     9 -9999 -9999 -9999
2021 01 04 06    45    16 10273   107    11 -9999 -9999 -9999
2021 01 04 09    50     8 10275    53     4 -9999 -9999 -9999
2021 01 04 12    37    12 10301   216     7 -9999 -9999 -9999
2021 01 04 15    37    13 10311    37     4 -9999 -9999 -9999
2021 01 04 18    32    17 10317     8     6 -9999 -9999 -9999
2021 01 04 21    30    17 10318    61     6 -9999 -9999 -9999
2021 01 05 00    27    18 10328    70     9 -9999 -9999 -9999
2021 01 05 03    45    19 10340   145     7 -9999 -9999 -9999
2021 01 05 06    65    21 10307   203    10 -9999 -9999 -9999
2021 01 05 09    66     7 10302   181     6 -9999 -9999 -9999
2021 01 05 12    50    17 10319   150     3 -9999 -9999 -9999
2021 01 05 15    45     6 10323    78    17 -9999 -9999 -9999
2021 01 05 18    37    -1 10307   105    13 -9999 -9999 -9999
2021 01 05 21    35   -15 10289    93    10 -9999 -9999 -9999
2021 01 06 00    35    11 10293   158    10 -9999 -9999 -9999
2021 01 06 03    41    -3 10300    21     3 -9999 -9999 -9999
2021 01 06 06    60   -45 10267    92    14 -9999 -9999 -9999
2021 01 06 09    57   -74 10274    85    16 -9999 -9999 -9999
2021 01 06 12    45   -70 10313    61    16 -9999 -9999 -9999
2021 01 06 15    30  -114 10335    55    16 -9999 -9999 -9999
2021 01 06 18    17  -139 10340    89    17 -9999 -9999 -9999
2021 01 06 21    11  -130 10343    89    12 -9999 -9999 -9999
2021 01 07 00     6  -138 10361    72    14 -9999 -9999 -9999
2021 01 07 03    17  -143 10373   342    12 -9999 -9999 -9999
2021 01 07 06    27  -148 10336    65    16 -9999 -9999 -9999
2021 01 07 09    25  -133 10342   286    15 -9999 -9999 -9999
2021 01 07 12    10  -142 10367   301    12 -9999 -9999 -9999
2021 01 07 15    -5  -124 10375   271     8 -9999 -9999 -9999
2021 01 07 18   -30   -93 10377   246     3 -9999 -9999 -9999
2021 01 07 21   -40   -99 10376   104     5 -9999 -9999 -9999
2021 01 08 00   -47   -88 10395   275     5 -9999 -9999 -9999
2021 01 08 03    -2   -86 10401    77     8 -9999 -9999 -9999
2021 01 08 06    39  -139 10341   140    20 -9999 -9999     0
2021 01 08 09    43  -135 10314    40    10 -9999 -9999     0
2021 01 08 12     1  -125 10336    70    10 -9999 -9999     0
2021 01 08 15    -2   -96 10343   170    10 -9999 -9999     0
2021 01 08 18   -25   -86 10339     0 -9999 -9999 -9999     0
2021 01 08 21   -31   -84 10325   150    10 -9999 -9999     0
2021 01 09 00   -32   -78 10343    69     4 -9999 -9999 -9999
2021 01 09 03    -5   -75 10355   102     8 -9999 -9999 -9999
2021 01 09 06    12  -103 10317   156     8 -9999 -9999 -9999
2021 01 09 09    21   -98 10307   245     8 -9999 -9999 -9999
2021 01 09 12    15   -83 10328   187    11 -9999 -9999 -9999
2021 01 09 15    10   -75 10333   165     8 -9999 -9999 -9999
2021 01 09 18     0   -67 10334   107    12 -9999 -9999 -9999
2021 01 09 21    -5   -69 10322    24     8 -9999 -9999 -9999
2021 01 10 00    -2   -59 10330    71     8 -9999 -9999 -9999
2021 01 10 03    20   -69 10349   333     5 -9999 -9999 -9999
2021 01 10 06    57   -89 10317   302    11 -9999 -9999 -9999
2021 01 10 09    60  -136 10322   345     9 -9999 -9999 -9999
2021 01 10 12    36  -146 10363   311    19 -9999 -9999 -9999
2021 01 10 15    27  -159 10406   313    19 -9999 -9999 -9999
2021 01 10 18    15  -165 10406   304    17 -9999 -9999 -9999
2021 01 10 21     5  -139 10396   204    12 -9999 -9999 -9999
2021 01 11 00   -19  -114 10413   293    17 -9999 -9999 -9999
2021 01 11 03    32  -131 10414   243    17 -9999 -9999 -9999
2021 01 11 06    71  -150 10365   271    27 -9999 -9999 -9999
2021 01 11 09    80  -150 10331   248    20 -9999 -9999 -9999
2021 01 11 12    35  -124 10350   266    15 -9999 -9999 -9999
2021 01 11 15    -2  -104 10346   257    10 -9999 -9999 -9999
2021 01 11 18   -17  -101 10322    68     6 -9999 -9999 -9999
2021 01 11 21   -30   -95 10307    56     3 -9999 -9999 -9999
2021 01 12 00   -40   -97 10310    94     6 -9999 -9999 -9999
2021 01 12 03    15  -101 10309    42    11 -9999 -9999 -9999
2021 01 12 06    80   -81 10247   128    13 -9999 -9999 -9999
2021 01 12 09   100   -81 10214    96    13 -9999 -9999 -9999
2021 01 12 12    22   -53 10239   146     4 -9999 -9999 -9999
2021 01 12 15     7   -53 10244   292    11 -9999 -9999 -9999
2021 01 12 18   -17   -49 10245   289     5 -9999 -9999 -9999
2021 01 12 21   -30   -55 10244    59     4 -9999 -9999 -9999
2021 01 13 00   -35   -43 10261   275     9 -9999 -9999 -9999
2021 01 13 03    25   -35 10262    47     8 -9999 -9999 -9999
2021 01 13 06    85   -54 10214   113    11 -9999 -9999 -9999
2021 01 13 09    97   -62 10194    68    12 -9999 -9999 -9999
2021 01 13 12    30   -40 10223   360     0 -9999 -9999 -9999
2021 01 13 15    16   -39 10234   310     4 -9999 -9999 -9999
2021 01 13 18    -7   -30 10228   276     9 -9999 -9999 -9999
2021 01 13 21   -14   -27 10218    93    10 -9999 -9999 -9999
2021 01 14 00   -22   -30 10225    87     8 -9999 -9999 -9999
2021 01 14 03    32   -20 10226   175     9 -9999 -9999 -9999
2021 01 14 06    95   -35 10176   131    16 -9999 -9999 -9999
2021 01 14 09   122   -28 10151    64    14 -9999 -9999 -9999
2021 01 14 12    47   -15 10185   268     6 -9999 -9999 -9999
2021 01 14 15    37   -11 10206   360     2 -9999 -9999 -9999
2021 01 14 18    22   -18 10210   282     6 -9999 -9999 -9999
2021 01 14 21     7    -4 10207   219     5 -9999 -9999 -9999
2021 01 15 00    10    -2 10234   252    13 -9999 -9999 -9999
2021 01 15 03    56     2 10243    68    12 -9999 -9999 -9999
2021 01 15 06   105   -25 10190    73    14 -9999 -9999 -9999
2021 01 15 09   122   -31 10179    71    12 -9999 -9999 -9999
2021 01 15 12    55   -16 10215   273     4 -9999 -9999 -9999
2021 01 15 15    57   -14 10241   298     8 -9999 -9999 -9999
2021 01 15 18    52    -8 10248    89     3 -9999 -9999 -9999
2021 01 15 21    51    -9 10250   250     6 -9999 -9999 -9999
2021 01 16 00    47    -2 10277   188     3 -9999 -9999 -9999
2021 01 16 03    72   -39 10302    86     8 -9999 -9999 -9999
2021 01 16 06    90   -54 10282   104    18 -9999 -9999 -9999
2021 01 16 09    76   -55 10317    90    17 -9999 -9999 -9999
2021 01 16 12    62   -46 10370   103     9 -9999 -9999 -9999
2021 01 16 15    52  -117 10402   295    23 -9999 -9999 -9999
2021 01 16 18    47  -175 10406   309    34 -9999 -9999 -9999
2021 01 16 21    32  -159 10405   239    13 -9999 -9999 -9999
2021 01 17 00    -2  -107 10415   251    10 -9999 -9999 -9999
2021 01 17 03    47  -101 10405   152    12 -9999 -9999 -9999
2021 01 17 06    92  -146 10339   175    13 -9999 -9999 -9999
2021 01 17 09   102  -130 10310   136    13 -9999 -9999 -9999
2021 01 17 12    40   -87 10323   126     5 -9999 -9999 -9999
2021 01 17 15    12   -66 10325   360     1 -9999 -9999 -9999
2021 01 17 18   -10   -69 10314    74     4 -9999 -9999 -9999
2021 01 17 21   -22   -70 10304    71     4 -9999 -9999 -9999
2021 01 18 00   -22   -74 10312    82     7 -9999 -9999 -9999
2021 01 18 03    25   -80 10310    74    19 -9999 -9999 -9999
2021 01 18 06    87   -59 10248    94    18 -9999 -9999 -9999
2021 01 18 09   102   -50 10218   108    18 -9999 -9999 -9999
2021 01 18 12    36   -32 10230   360     0 -9999 -9999 -9999
2021 01 18 15    16   -31 10227   204     6 -9999 -9999 -9999
2021 01 18 18     0   -28 10212   216     7 -9999 -9999 -9999
2021 01 18 21   -15   -25 10202   268     3 -9999 -9999 -9999
2021 01 19 00   -20   -24 10219   360     1 -9999 -9999 -9999
2021 01 19 03    35   -15 10219   114    12 -9999 -9999 -9999
2021 01 19 06    87   -31 10180   141    13 -9999 -9999 -9999
2021 01 19 09    97   -29 10165   283    10 -9999 -9999 -9999
2021 01 19 12    81   -17 10184   272     5 -9999 -9999 -9999
2021 01 19 15    67    -7 10193   360     0 -9999 -9999 -9999
2021 01 19 18    57     4 10196   360     2 -9999 -9999 -9999
2021 01 19 21    55     7 10192   360     1 -9999 -9999 -9999
2021 01 20 00    51     7 10207   288     8 -9999 -9999 -9999
2021 01 20 03    62    11 10226   166     8 -9999 -9999 -9999
2021 01 20 06    87     8 10201   181    14 -9999 -9999 -9999
2021 01 20 09    92    -4 10185   118     6 -9999 -9999 -9999
2021 01 20 12    72     6 10209   360     2 -9999 -9999 -9999
2021 01 20 15    42     4 10229   360     0 -9999 -9999 -9999
2021 01 20 18    32    14 10223   284    10 -9999 -9999 -9999
2021 01 20 21    13    10 10217   290    10 -9999 -9999     0
2021 01 21 00    10    10 10241   230    10 -9999 -9999     0
2021 01 21 03    64    17 10251   240    10 -9999 -9999     0
2021 01 21 06   120    -5 10210   150    10 -9999 -9999     0
2021 01 21 09   132    -7 10198   360     2 -9999 -9999 -9999
2021 01 21 12    83    10 10227     0 -9999 -9999 -9999     0
2021 01 21 15    61    18 10230   290    10 -9999 -9999     0
2021 01 21 18    36    26 10221   210    10 -9999 -9999     0
2021 01 21 21    35    22 10207   270    10 -9999 -9999     0
2021 01 22 00    27    18 10223   360     2 -9999 -9999 -9999
2021 01 22 03    67    22 10223    23     8 -9999 -9999 -9999
2021 01 22 06   111    -1 10171    55    16 -9999 -9999 -9999
2021 01 22 09   130    -6 10153    55     8 -9999 -9999 -9999
2021 01 22 12    67    16 10179   360     2 -9999 -9999 -9999
2021 01 22 15    50    10 10195   289     9 -9999 -9999 -9999
2021 01 22 18    30    26 10191   190     6 -9999 -9999 -9999
2021 01 22 21    12 -9999 10176   104    10 -9999 -9999 -9999
2021 01 23 03    52     9 10198    42    12 -9999 -9999 -9999
2021 01 23 06    97    12 10158   212     3 -9999 -9999 -9999
2021 01 23 09   115    11 10134   360     0 -9999 -9999 -9999
2021 01 23 12    92    17 10165   282     3 -9999 -9999 -9999
2021 01 23 15    82    27 10174   186     7 -9999 -9999 -9999
2021 01 23 18    90    11 10168    81     7 -9999 -9999 -9999
2021 01 23 21    82     3 10152    64    26 -9999 -9999 -9999
2021 01 24 00    76    -1 10166    64    26 -9999 -9999 -9999
2021 01 24 03    75     2 10186    58    23 -9999 -9999 -9999
2021 01 24 06    57    43 10172    74    20 -9999 -9999     2
2021 01 24 09    51    50 10177    73    14 -9999 -9999     5
2021 01 24 12    50    50 10217    98     7 -9999 -9999     6
2021 01 24 15    50    50 10246   290    10 -9999 -9999     3
2021 01 24 18    51    51 10256   190    10 -9999 -9999     0
2021 01 24 21    52    51 10267    50    10 -9999 -9999     0
2021 01 25 00    51    38 10284   170    12 -9999 -9999 -9999
2021 01 25 03    75    34 10291    47    14 -9999 -9999 -9999
2021 01 25 06   115   -16 10255   122    15 -9999 -9999 -9999
2021 01 25 09   112   -19 10240    82    16 -9999 -9999 -9999
2021 01 25 12    75    -3 10259    95     9 -9999 -9999 -9999
2021 01 25 15    45    -3 10276   255     7 -9999 -9999 -9999
2021 01 25 18    26     5 10273   299     8 -9999 -9999 -9999
2021 01 25 21    15     3 10270   221    10 -9999 -9999 -9999
2021 01 26 00    20     1 10277   171    11 -9999 -9999 -9999
2021 01 26 03    55    22 10281    81    10 -9999 -9999 -9999
2021 01 26 06    86     3 10236    34    12 -9999 -9999 -9999
2021 01 26 09    82    10 10217    56     9 -9999 -9999 -9999
2021 01 26 12    72    19 10237    64     9 -9999 -9999 -9999
2021 01 26 15    65    15 10251    68     3 -9999 -9999 -9999
2021 01 26 18    60    25 10240   254     6 -9999 -9999 -9999
2021 01 26 21    51    19 10230   360     1 -9999 -9999 -9999
2021 01 27 00    47    20 10243   285     8 -9999 -9999 -9999
2021 01 27 03    72    18 10264   237    13 -9999 -9999 -9999
2021 01 27 06   122   -10 10225   278    12 -9999 -9999 -9999
2021 01 27 09   125   -18 10224    40     8 -9999 -9999 -9999
2021 01 27 12    75    -3 10269    89     6 -9999 -9999 -9999
2021 01 27 15    52     1 10298   184     5 -9999 -9999 -9999
2021 01 27 18    47     8 10315   288     6 -9999 -9999 -9999
2021 01 27 21    40     0 10316   256     7 -9999 -9999 -9999
2021 01 28 00    26    11 10334   294     9 -9999 -9999 -9999
2021 01 28 03    75    -8 10339   235     9 -9999 -9999 -9999
2021 01 28 06   117   -67 10295    56    10 -9999 -9999 -9999
2021 01 28 09   127   -73 10269   283     3 -9999 -9999 -9999
2021 01 28 12    62   -21 10285   168     5 -9999 -9999 -9999
2021 01 28 15    45   -14 10286   360     0 -9999 -9999 -9999
2021 01 28 18    20    -4 10282   360     0 -9999 -9999 -9999
2021 01 28 21     7    -7 10266   360     2 -9999 -9999 -9999
2021 01 29 00     0    -4 10277    99     3 -9999 -9999 -9999
2021 01 29 03    57     4 10279   128    10 -9999 -9999 -9999
2021 01 29 06   102   -35 10238    21     7 -9999 -9999 -9999
2021 01 29 09   112   -21 10220   280     8 -9999 -9999 -9999
2021 01 29 12    65    -8 10244   198     7 -9999 -9999 -9999
2021 01 29 15    52    -1 10256   225     8 -9999 -9999 -9999
2021 01 29 18    40    -1 10258   294     8 -9999 -9999 -9999
2021 01 29 21    32     1 10257   360     0 -9999 -9999 -9999
2021 01 30 00    16     6 10274    93     7 -9999 -9999 -9999
2021 01 30 03    60    13 10281    37     9 -9999 -9999 -9999
2021 01 30 06   117   -14 10235    45    13 -9999 -9999 -9999
2021 01 30 09   127   -48 10223     2     5 -9999 -9999 -9999
2021 01 30 12    65   -26 10244   360     1 -9999 -9999 -9999
2021 01 30 15    45   -11 10260   360     2 -9999 -9999 -9999
2021 01 30 18    50   -22 10250   311     8 -9999 -9999 -9999
2021 01 30 21    45    -7 10245   264     5 -9999 -9999 -9999
2021 01 31 00    35    -2 10256    56     7 -9999 -9999 -9999
2021 01 31 03    60    -4 10264   100     9 -9999 -9999 -9999
2021 01 31 06   102   -38 10216   148     8 -9999 -9999 -9999
2021 01 31 09   125   -25 10199    21    10 -9999 -9999 -9999
2021 01 31 12    61   -13 10223    84     3 -9999 -9999 -9999
2021 01 31 15    52    -4 10245   286     8 -9999 -9999 -9999
2021 01 31 18    41     1 10241   257     4 -9999 -9999 -9999
2021 01 31 21    17    10 10235   286     8 -9999 -9999 -9999
2021 02 01 00     1     1 10262   360     1 -9999 -9999 -9999
2021 02 01 03    66    17 10266    57    12 -9999 -9999 -9999
2021 02 01 06   126     0 10219   169    12 -9999 -9999 -9999
2021 02 01 09   147    -2 10202    70    10 -9999 -9999     0
2021 02 01 12    76    14 10235   360     0 -9999 -9999 -9999
2021 02 01 15    60    14 10256   259     5 -9999 -9999 -9999
2021 02 01 18    37    22 10253   360     1 -9999 -9999 -9999
2021 02 01 21    20    15 10254   360     0 -9999 -9999 -9999
2021 02 02 00    17 -9999 10281   185    10 -9999 -9999 -9999
2021 02 02 03    75    26 10288    13    10 -9999 -9999 -9999
2021 02 02 06   130     4 10241    80    14 -9999 -9999 -9999
2021 02 02 09   150   -15 10217     0 -9999 -9999 -9999     0
2021 02 02 12    77     4 10238   360     0 -9999 -9999 -9999
2021 02 02 15    60    11 10246   285     7 -9999 -9999 -9999
2021 02 02 18    42    30 10245   360     1 -9999 -9999 -9999
2021 02 02 21    30    18 10240   360     2 -9999 -9999 -9999
2021 02 03 00    45    25 10267    64     6 -9999 -9999 -9999
2021 02 03 03    82    33 10279    48     8 -9999 -9999 -9999
2021 02 03 06   146    18 10236   154    12 -9999 -9999 -9999
2021 02 03 09   165    -3 10219   350     6 -9999 -9999 -9999
2021 02 03 12    85    11 10242   360     0 -9999 -9999 -9999
2021 02 03 15    66    17 10259   260     6 -9999 -9999 -9999
2021 02 03 18    70    15 10251   360     2 -9999 -9999 -9999
2021 02 03 21    66    13 10241   279     9 -9999 -9999 -9999
2021 02 04 00    66    19 10262   294     6 -9999 -9999 -9999
2021 02 04 03    81    28 10280    92     7 -9999 -9999 -9999
2021 02 04 06    87    21 10253   174    17 -9999 -9999     1
2021 02 04 09    82    27 10246   271    16 -9999 -9999     1
2021 02 04 12    70    27 10265   182    10 -9999 -9999 -9999
2021 02 04 15    57    37 10275   360     1 -9999 -9999 -9999
2021 02 04 18    47    38 10273   124     7 -9999 -9999 -9999
2021 02 04 21    31    31 10275   250     6 -9999 -9999 -9999
2021 02 05 00    17 -9999 10288   360     2 -9999 -9999 -9999
2021 02 05 03    72    38 10286   176    15 -9999 -9999 -9999
2021 02 05 06   126    30 10236    79    11 -9999 -9999 -9999
2021 02 05 09   162   -37 10202    12     3 -9999 -9999 -9999
2021 02 05 12    87    -9 10221    63     7 -9999 -9999 -9999
2021 02 05 15    56     2 10231   291     9 -9999 -9999 -9999
2021 02 05 18    42    -1 10227   226     5 -9999 -9999 -9999
2021 02 05 21    41    -1 10214   279     7 -9999 -9999 -9999
2021 02 06 00    27     0 10229    44     3 -9999 -9999 -9999
2021 02 06 03    85    -3 10230   170    10 -9999 -9999 -9999
2021 02 06 06   145    -4 10177   211    12 -9999 -9999 -9999
2021 02 06 09   165   -12 10156   253     6 -9999 -9999 -9999
2021 02 06 12    92    16 10187   360     0 -9999 -9999 -9999
2021 02 06 15    77     8 10205   242     9 -9999 -9999 -9999
2021 02 06 18    50    14 10208   242     5 -9999 -9999 -9999
2021 02 06 21    32    22 10216   276     4 -9999 -9999 -9999
2021 02 07 00    41    18 10235   104    12 -9999 -9999 -9999
2021 02 07 03    77    23 10251    39     9 -9999 -9999 -9999
2021 02 07 06   127   -16 10225    76    13 -9999 -9999 -9999
2021 02 07 09   156   -15 10216    59    19 -9999 -9999 -9999
2021 02 07 12    85     7 10250   224     4 -9999 -9999 -9999
2021 02 07 15    72     6 10267   212    10 -9999 -9999 -9999
2021 02 07 18    45     5 10269   209     8 -9999 -9999 -9999
2021 02 07 21    30     1 10267    94     8 -9999 -9999 -9999
2021 02 08 00    20    10 10294   284     7 -9999 -9999 -9999
2021 02 08 03    80     9 10307    49    11 -9999 -9999 -9999
2021 02 08 06   135   -29 10266    47    18 -9999 -9999 -9999
2021 02 08 09   141   -15 10250    57    15 -9999 -9999 -9999
2021 02 08 12    90     6 10268   360     0 -9999 -9999 -9999
2021 02 08 15    66    11 10275   278     7 -9999 -9999 -9999
2021 02 08 18    46    21 10263   252     6 -9999 -9999 -9999
2021 02 08 21    30    17 10261   218     5 -9999 -9999 -9999
2021 02 09 00    25    10 10272    72     7 -9999 -9999 -9999
2021 02 09 03    76    25 10264   138    12 -9999 -9999 -9999
2021 02 09 06   130   -13 10220   145     9 -9999 -9999 -9999
2021 02 09 12    95    18 10211   360     2 -9999 -9999 -9999
2021 02 09 15    75    31 10226   283     9 -9999 -9999 -9999
2021 02 09 18    55    38 10225   259     7 -9999 -9999 -9999
2021 02 09 21    35    30 10214   360     0 -9999 -9999 -9999
2021 02 10 00    30    29 10230    75     5 -9999 -9999 -9999
2021 02 10 03    87    39 10232    67     8 -9999 -9999 -9999
2021 02 10 06   150    21 10186    70    12 -9999 -9999 -9999
2021 02 10 09   170    37 10157    69    12 -9999 -9999 -9999
2021 02 11 00    81    50 10207   215     5 -9999 -9999 -9999
2021 02 13 12    96    85 10213    75    13 -9999 -9999 -9999
2021 02 13 15    72    72 10225   177     4 -9999 -9999 -9999
2021 02 13 18    70    70 10219   231     3 -9999 -9999 -9999
2021 02 13 21    66    66 10210   100    20 -9999 -9999     0
2021 02 14 00    57 -9999 10218    52    12 -9999 -9999 -9999
2021 02 14 03    65    65 10225    58    11 -9999 -9999 -9999
2021 02 14 06    90    67 10191   161    14 -9999 -9999 -9999
2021 02 14 09   110    72 10171    62     6 -9999 -9999 -9999
2021 02 14 12    75    71 10193   233     3 -9999 -9999 -9999
2021 02 14 15    67    67 10221   251     6 -9999 -9999 -9999
2021 02 14 18    67    67 10222   360     2 -9999 -9999 -9999
2021 02 14 21    60    60 10213   238     6 -9999 -9999 -9999
2021 02 15 00    61    61 10234    99    20 -9999 -9999 -9999
2021 02 15 03    86    77 10248   120    12 -9999 -9999 -9999
2021 02 15 06   125    76 10215   133    11 -9999 -9999 -9999
2021 02 15 09   136    34 10194   108    11 -9999 -9999 -9999
2021 02 15 12    87    39 10211   112     9 -9999 -9999 -9999
2021 02 15 15    70    51 10234   100    11 -9999 -9999 -9999
2021 02 15 18    57    54 10236   213     6 -9999 -9999 -9999
2021 02 15 21    41    41 10235   304     5 -9999 -9999 -9999
2021 02 16 00    30    30 10258    70     9 -9999 -9999 -9999
2021 02 16 03    97    42 10263   171    12 -9999 -9999 -9999
2021 02 16 06   152     3 10228   115    12 -9999 -9999 -9999
2021 02 16 09   182   -57 10208    99     7 -9999 -9999 -9999
2021 02 16 12   121     8 10239   129    12 -9999 -9999 -9999
2021 02 16 15    71     1 10262   271     6 -9999 -9999 -9999
2021 02 16 18    51    -1 10269   289     3 -9999 -9999 -9999
2021 02 16 21    36    -6 10269   247     6 -9999 -9999 -9999
2021 02 17 00    31    15 10292    79     8 -9999 -9999 -9999
2021 02 17 03    92     2 10306   136    12 -9999 -9999 -9999
2021 02 17 06   137   -23 10271    60    12 -9999 -9999 -9999
2021 02 17 09   156   -15 10254   216    10 -9999 -9999 -9999
2021 02 17 12   111     8 10272   360     1 -9999 -9999 -9999
2021 02 17 15    95    20 10286    34     6 -9999 -9999 -9999
2021 02 17 18    66    23 10283   360     0 -9999 -9999 -9999
2021 02 17 21    55    24 10282   360     2 -9999 -9999 -9999
2021 02 18 00    62    35 10300   247     6 -9999 -9999 -9999
2021 02 18 03   112    28 10306   117    13 -9999 -9999 -9999
2021 02 18 06   170     2 10263   170    14 -9999 -9999 -9999
2021 02 18 09   196     6 10234   182    11 -9999 -9999 -9999
2021 02 18 12   127    21 10252   193     5 -9999 -9999 -9999
2021 02 18 15    91    35 10268   286     6 -9999 -9999 -9999
2021 02 18 18    70    31 10263   282     3 -9999 -9999 -9999
2021 02 18 21    57    30 10256   102     7 -9999 -9999 -9999
2021 02 19 00    45    43 10278   303     4 -9999 -9999 -9999
2021 02 19 03   120    47 10274    86    15 -9999 -9999 -9999
2021 02 19 06   180    46 10220   350    11 -9999 -9999 -9999
2021 02 19 09   222    29 10183   263     5 -9999 -9999 -9999
2021 02 20 15   112    67 10160   242     5 -9999 -9999 -9999
2021 02 20 18    95    68 10157   275     6 -9999 -9999 -9999
2021 02 20 21    77    62 10147   114    11 -9999 -9999 -9999
2021 02 21 00    65    61 10177   166     7 -9999 -9999 -9999
2021 02 21 09   225    45 10111    53    10 -9999 -9999 -9999
2021 02 21 12   142    61 10137   360     2 -9999 -9999 -9999
2021 02 21 15   115    74 10153   250     8 -9999 -9999 -9999
2021 02 21 18    92    53 10161   314     4 -9999 -9999 -9999
2021 02 21 21    80    75 10165   285     6 -9999 -9999 -9999
2021 02 22 00    67    64 10189    92     5 -9999 -9999 -9999
2021 02 22 03   140    73 10195   137    11 -9999 -9999 -9999
2021 02 22 06   202    30 10154    97    18 -9999 -9999 -9999
2021 02 22 09   215    22 10134   151     9 -9999 -9999 -9999
2021 02 22 12   151    50 10154   264     3 -9999 -9999 -9999
2021 02 22 15   132    63 10168   269     5 -9999 -9999 -9999
2021 02 22 18   142    71 10164    96    16 -9999 -9999 -9999
2021 02 22 21   125   106 10150    91     3 -9999 -9999     4
2021 02 23 00   112   109 10164   230     6 -9999 -9999     4
2021 02 23 03   155    42 10172    92    18 -9999 -9999 -9999
2021 02 23 06   195    32 10124    58    22 -9999 -9999 -9999
2021 02 23 09   207    48 10087    59    21 -9999 -9999 -9999
2021 02 23 12   187    59 10094    70    18 -9999 -9999 -9999
2021 02 23 15   172    62 10098    88    18 -9999 -9999 -9999
2021 02 23 18   167    57 10087    63    25 -9999 -9999 -9999
2021 02 23 21   161    51 10073    63    28 -9999 -9999 -9999
2021 02 24 00   116    69 10102    66    23 -9999 -9999     4
2021 02 24 03    82    81 10128    66    42 -9999 -9999   100
2021 02 24 06    75    74 10117    67    29 -9999 -9999   107
2021 02 24 09    72    72 10117    70    28 -9999 -9999    18
2021 02 24 12    71    71 10145    64    24 -9999 -9999     9
2021 02 24 15    72    72 10172    67    15 -9999 -9999    10
2021 02 24 18    71    68 10184    79    14 -9999 -9999     8
2021 02 24 21    65    64 10185    64    18 -9999 -9999     2
2021 02 25 00    61    61 10200    61    13 -9999 -9999    50
2021 02 25 03    60    59 10214    44     9 -9999 -9999    88
2021 02 25 06    60    60 10194    61    24 -9999 -9999    62
2021 02 25 09    55    55 10195   102    23 -9999 -9999    43
2021 02 25 12    52    51 10213    68    14 -9999 -9999    34
2021 02 25 15    47    47 10228   104    14 -9999 -9999    13
2021 02 25 18    47    41 10227    57    11 -9999 -9999 -9999
2021 02 25 21    47    40 10220    93    23 -9999 -9999 -9999
2021 02 26 00    47    36 10220    95    16 -9999 -9999 -9999
2021 02 26 03    70    32 10237   103    20 -9999 -9999 -9999
2021 02 26 06    82    35 10210    62    20 -9999 -9999 -9999
2021 02 26 09    82    24 10197    57    27 -9999 -9999 -9999
2021 02 26 12    75    30 10212    72    18 -9999 -9999 -9999
2021 02 26 15    66    29 10229    67    20 -9999 -9999 -9999
2021 02 26 18    62    31 10220    64    23 -9999 -9999 -9999
2021 02 26 21    57    29 10201    58    22 -9999 -9999 -9999
2021 02 27 00    52    30 10203    60    29 -9999 -9999 -9999
2021 02 27 03    56    31 10204    58    33 -9999 -9999 -9999
2021 02 27 06    65    30 10175    75    17 -9999 -9999 -9999
2021 02 27 09    67    28 10160    64    33 -9999 -9999 -9999
2021 02 27 12    50    47 10186    64    25 -9999 -9999     2
2021 02 27 15    50    49 10204    30     7 -9999 -9999     4
2021 02 27 18    45    45 10207    66    14 -9999 -9999    16
2021 02 27 21    42 -9999 10188    69    10 -9999 -9999    16
2021 02 28 00    45    45 10190    95    10 -9999 -9999     5
2021 02 28 03    51    51 10193   161     4 -9999 -9999     4
2021 02 28 06    55    55 10182   109     8 -9999 -9999     7
2021 02 28 09    60    59 10191   269     8 -9999 -9999    11
2021 02 28 12    57    54 10225   276     8 -9999 -9999     8
2021 02 28 15    57    54 10253   225     7 -9999 -9999     3
2021 02 28 18    51    42 10261   214     9 -9999 -9999 -9999
2021 02 28 21    66     5 10271   280    10 -9999 -9999 -9999
2021 03 01 00    65   -17 10303   269    14 -9999 -9999 -9999
2021 03 01 03   102   -20 10316   267    15 -9999 -9999 -9999
2021 03 01 06   132   -19 10292   174    24 -9999 -9999 -9999
2021 03 01 09   136   -16 10273    67    15 -9999 -9999 -9999
2021 03 01 12   105     7 10289    65    10 -9999 -9999 -9999
2021 03 01 15    76    14 10296   192    14 -9999 -9999 -9999
2021 03 01 18    47    35 10295    95     3 -9999 -9999 -9999
2021 03 01 21    42    37 10282   282    10 -9999 -9999 -9999
2021 03 02 00    42    35 10283    99    13 -9999 -9999 -9999
2021 03 02 03   100    32 10280    95    16 -9999 -9999 -9999
2021 03 02 06   131    14 10237    23    15 -9999 -9999 -9999
2021 03 02 09   141     4 10215    46     6 -9999 -9999 -9999
2021 03 02 12   122    25 10238   256    15 -9999 -9999 -9999
2021 03 02 15   106    45 10260   244    13 -9999 -9999     2
2021 03 02 18    77    66 10252   266     6 -9999 -9999     2
2021 03 02 21    77    60 10238   112     7 -9999 -9999 -9999
2021 03 03 00    72    61 10240   110    13 -9999 -9999 -9999
2021 03 03 03   115    72 10227    86     9 -9999 -9999 -9999
2021 03 03 06   165    42 10190   244    20 -9999 -9999 -9999
2021 03 03 09   170    22 10170   192    15 -9999 -9999 -9999
2021 03 03 12   137    36 10192   170    12 -9999 -9999 -9999
2021 03 03 15   115    37 10206   194     6 -9999 -9999 -9999
2021 03 03 18    75    42 10206    99     9 -9999 -9999 -9999
2021 03 03 21    65    63 10193   360     0 -9999 -9999 -9999
2021 03 04 00    67    56 10201    87     9 -9999 -9999 -9999
2021 03 04 03   117    64 10195    53    14 -9999 -9999 -9999
2021 03 04 06   140    53 10158   137     7 -9999 -9999 -9999
2021 03 04 09   145    41 10144   249     7 -9999 -9999 -9999
2021 03 04 12   125    49 10165   277     4 -9999 -9999 -9999
2021 03 04 15   105    54 10180   278    11 -9999 -9999 -9999
2021 03 04 18    95    59 10173   291     6 -9999 -9999 -9999
2021 03 04 21    92    69 10164   124     4 -9999 -9999 -9999
2021 03 05 00    86    77 10175    96     6 -9999 -9999 -9999
2021 03 05 03   121    78 10184    97     8 -9999 -9999 -9999
2021 03 05 06   142    82 10152   272     8 -9999 -9999 -9999
2021 03 05 09   162    58 10134   191    12 -9999 -9999 -9999
2021 03 05 12   140    66 10159    67    12 -9999 -9999 -9999
2021 03 05 15   120    84 10195   233     5 -9999 -9999 -9999
2021 03 05 18   102    93 10210   360     0 -9999 -9999 -9999
2021 03 05 21    82 -9999 10220    86     3 -9999 -9999 -9999
2021 03 06 00    85    84 10248   280     6 -9999 -9999 -9999
2021 03 06 03   152    78 10263    92    19 -9999 -9999 -9999
2021 03 06 06   176    55 10232   104    17 -9999 -9999 -9999
2021 03 06 09   186    29 10210    65    18 -9999 -9999 -9999
2021 03 06 12   150    31 10232    70    12 -9999 -9999 -9999
2021 03 06 15   127    49 10252    66    41 -9999 -9999 -9999
2021 03 06 18   107    44 10250    75    21 -9999 -9999 -9999
2021 03 06 21    86    42 10242   102    14 -9999 -9999 -9999
2021 03 07 00    82    41 10253    71    17 -9999 -9999 -9999
2021 03 07 03   101    36 10253    76    14 -9999 -9999 -9999
2021 03 07 06   110    38 10226    56    10 -9999 -9999 -9999
2021 03 07 09   100    58 10216   107    11 -9999 -9999     2
2021 03 07 12    95    66 10228    74    11 -9999 -9999     2
2021 03 07 15    85    64 10242    68    29 -9999 -9999     5
2021 03 07 18    75    58 10235    63    27 -9999 -9999     5
2021 03 07 21    65    62 10227    80    16 -9999 -9999    17
2021 03 08 00    62    62 10244    60    13 -9999 -9999    24
2021 03 08 03    76    62 10254    52    13 -9999 -9999     7
2021 03 08 06   107    64 10231    89    17 -9999 -9999 -9999
2021 03 08 09   112    69 10217   173    22 -9999 -9999 -9999
2021 03 08 12   102    77 10240   104    14 -9999 -9999 -9999
2021 03 08 15    95    78 10253    93     9 -9999 -9999 -9999
2021 03 08 18    92    82 10252    80    12 -9999 -9999 -9999
2021 03 08 21    85    72 10242    57    17 -9999 -9999 -9999
2021 03 09 00    82    63 10255    59    10 -9999 -9999 -9999
2021 03 09 03    97    69 10265    79     8 -9999 -9999 -9999
2021 03 09 06   131    67 10240   145    19 -9999 -9999 -9999
2021 03 09 09   137    53 10222   104    25 -9999 -9999 -9999
2021 03 09 12   125    61 10231   137     8 -9999 -9999 -9999
2021 03 09 15   111    60 10247    61    22 -9999 -9999 -9999
2021 03 09 18   102    59 10235    59    18 -9999 -9999 -9999
2021 03 09 21    97    59 10223    78     9 -9999 -9999 -9999
2021 03 10 00    92    66 10235   208     4 -9999 -9999 -9999
2021 03 10 03    91    86 10246    96     8 -9999 -9999    12
2021 03 10 06    95    89 10229    66     9 -9999 -9999    32
2021 03 10 09   106    89 10214    39    16 -9999 -9999    28
2021 03 10 12    97    89 10235    92     9 -9999 -9999     8
2021 03 10 15    88    88 10247   100    10 -9999 -9999     0
2021 03 10 18    90    90 10242    90    10 -9999 -9999     0
2021 03 10 21    90    89 10238    75     9 -9999 -9999 -9999
2021 03 11 00    85    85 10251    66     9 -9999 -9999 -9999
2021 03 11 03   106    89 10257    86    10 -9999 -9999 -9999
2021 03 11 06   147    94 10223   124    13 -9999 -9999 -9999
2021 03 11 09   165    68 10197    57    19 -9999 -9999 -9999
2021 03 11 12   127    76 10215   112     9 -9999 -9999 -9999
2021 03 11 15   106    92 10240   304     3 -9999 -9999 -9999
2021 03 11 18   112    98 10236   360     2 -9999 -9999 -9999
2021 03 11 21   101    92 10225   107    11 -9999 -9999 -9999
2021 03 12 00    97    91 10238    20     5 -9999 -9999 -9999
2021 03 12 03   140    96 10236   350    11 -9999 -9999 -9999
2021 03 12 06   182    93 10196   282    12 -9999 -9999 -9999
2021 03 12 09   175   101 10182   280    20 -9999 -9999     0
2021 03 12 12   157    97 10214   286    14 -9999 -9999 -9999
2021 03 12 15   151   105 10214   252     8 -9999 -9999 -9999
2021 03 12 18   135   104 10210   287    12 -9999 -9999 -9999
2021 03 12 21   101    99 10203   334     4 -9999 -9999 -9999
2021 03 13 00    97 -9999 10221   296     8 -9999 -9999 -9999
2021 03 13 03   166   115 10214    67     9 -9999 -9999 -9999
2021 03 13 06   210   107 10167   106    18 -9999 -9999 -9999
2021 03 13 09   225    97 10128    78    16 -9999 -9999 -9999
2021 03 13 12   167   103 10135   211     5 -9999 -9999 -9999
2021 03 13 15   150   106 10142   250     7 -9999 -9999 -9999
2021 03 13 18   121   116 10134   360     0 -9999 -9999 -9999
2021 03 13 21   115   112 10116    97    14 -9999 -9999 -9999
2021 03 14 00   121   108 10124    94    17 -9999 -9999 -9999
2021 03 14 03   136   117 10135   207     7 -9999 -9999 -9999
2021 03 14 06   147   117 10118   231     8 -9999 -9999 -9999
2021 03 14 09   162   121 10095     1     5 -9999 -9999 -9999
2021 03 14 12   145   122 10098   190     6 -9999 -9999 -9999
2021 03 14 15   122 -9999 10117   264     6 -9999 -9999 -9999
2021 03 14 18   107   107 10109   208     4 -9999 -9999 -9999
2021 03 14 21    95    95 10099   281     3 -9999 -9999 -9999
2021 03 15 00    95    94 10123   288    10 -9999 -9999 -9999
2021 03 15 03   155   119 10131   111    14 -9999 -9999 -9999
2021 03 15 06   205   124 10098    80    16 -9999 -9999 -9999
2021 03 15 09   235   109 10072    45    10 -9999 -9999 -9999
2021 03 15 12   175   115 10092   360     0 -9999 -9999 -9999
2021 03 15 15   150   137 10108   307     6 -9999 -9999 -9999
2021 03 15 18   131   131 10107   268     6 -9999 -9999 -9999
2021 03 15 21   122   122 10104   182     4 -9999 -9999 -9999
2021 03 16 00   131   126 10123   203     5 -9999 -9999 -9999
2021 03 16 03   152   137 10132   203     9 -9999 -9999     1
2021 03 16 06   210   141 10104    60    34 -9999 -9999     1
2021 03 16 09   186   128 10099    62    54 -9999 -9999 -9999
2021 03 16 12   161   113 10121    66    51 -9999 -9999 -9999
2021 03 16 15   145   113 10145    62    39 -9999 -9999 -9999
2021 03 16 18   140   109 10129    60    31 -9999 -9999 -9999
2021 03 16 21   131   103 10116    72    32 -9999 -9999 -9999
2021 03 17 00   127    99 10129    55    21 -9999 -9999 -9999
2021 03 17 03   130    97 10137    63    27 -9999 -9999 -9999
2021 03 17 06   135    94 10123    71    33 -9999 -9999 -9999
2021 03 17 09   140    91 10111    59    35 -9999 -9999 -9999
2021 03 17 12   127    86 10142    58    32 -9999 -9999 -9999
2021 03 17 15   121    84 10159    66    21 -9999 -9999 -9999
2021 03 17 18   116    83 10153    77    13 -9999 -9999 -9999
2021 03 17 21   111    80 10139    72    16 -9999 -9999 -9999
2021 03 18 00   106    85 10152   110    21 -9999 -9999 -9999
2021 03 18 03   116    85 10155    59    17 -9999 -9999 -9999
2021 03 18 06   116    88 10140   100    29 -9999 -9999 -9999
2021 03 18 09   100    98 10137    72    28 -9999 -9999     1
2021 03 18 15   107    78 10177    72    24 -9999 -9999 -9999
2021 03 18 18   101    68 10159    73    32 -9999 -9999 -9999
2021 03 18 21    95    59 10145    64    37 -9999 -9999 -9999
2021 03 19 00    87    59 10166    65    37 -9999 -9999 -9999
2021 03 19 03    80    76 10196    51     3 -9999 -9999    24
2021 03 19 06    95    78 10196   264    18 -9999 -9999    28
2021 03 19 09   115    82 10183    57    25 -9999 -9999     4
2021 03 19 12    95    78 10214    62    14 -9999 -9999 -9999
2021 03 19 15    87    83 10246   288     6 -9999 -9999 -9999
2021 03 19 18    90    85 10240   141    10 -9999 -9999 -9999
2021 03 19 21    85    30 10238    93    18 -9999 -9999     2
2021 03 20 00    66    56 10252   151    17 -9999 -9999    13
2021 03 20 03    72    53 10265   184    18 -9999 -9999    11
2021 03 20 06    71    56 10255   116    15 -9999 -9999    10
2021 03 20 09    81    52 10249    54    13 -9999 -9999    13
2021 03 20 12    75    58 10282    80    10 -9999 -9999     3
2021 03 20 15    67    61 10308   135     3 -9999 -9999 -9999
2021 03 20 18    65    63 10318   272     7 -9999 -9999 -9999
2021 03 20 21    62    62 10313   360     1 -9999 -9999 -9999
2021 03 21 00    61    61 10331    71    12 -9999 -9999 -9999
2021 03 21 03    97    63 10338   129    13 -9999 -9999 -9999
2021 03 21 06   127    28 10306    49    13 -9999 -9999 -9999
2021 03 21 09   135   -17 10284   203    11 -9999 -9999 -9999
2021 03 21 12   100    13 10298   105     7 -9999 -9999 -9999
2021 03 21 15    82    46 10320   225     8 -9999 -9999 -9999
2021 03 21 18    56    55 10319   275    10 -9999 -9999 -9999
2021 03 21 21    40    39 10308    94     6 -9999 -9999 -9999
2021 03 22 00    47    47 10330   280    15 -9999 -9999 -9999
2021 03 22 03   107    38 10323    21    12 -9999 -9999 -9999
2021 03 22 06   161    18 10275   321     9 -9999 -9999 -9999
2021 03 22 09   177    17 10241   235     9 -9999 -9999 -9999
2021 03 22 12   126    43 10246   360     2 -9999 -9999 -9999
2021 03 22 15   107    40 10257   286    11 -9999 -9999 -9999
2021 03 22 18   100    41 10246   289    12 -9999 -9999 -9999
2021 03 22 21    75    57 10222   145     7 -9999 -9999 -9999
2021 03 23 00    85    65 10233    18     4 -9999 -9999 -9999
2021 03 23 03   147    56 10220   269    13 -9999 -9999 -9999
2021 03 23 06   177    51 10174   347    20 -9999 -9999 -9999
2021 03 23 09   201    57 10138    13    12 -9999 -9999 -9999
2021 03 23 12   165    54 10154   278    13 -9999 -9999 -9999
2021 03 23 15   121    53 10174   252    10 -9999 -9999 -9999
2021 03 23 18   107    45 10169   268    12 -9999 -9999 -9999
2021 03 23 21    85    47 10164   236    10 -9999 -9999 -9999
2021 03 24 00    86    67 10181    89     7 -9999 -9999 -9999
2021 03 24 03   147    77 10190    60    14 -9999 -9999 -9999
2021 03 24 06   192    53 10148    86    12 -9999 -9999 -9999
2021 03 24 09   205    60 10119    65    13 -9999 -9999 -9999
2021 03 24 12   172    76 10131   229     3 -9999 -9999 -9999
2021 03 24 15   160    77 10148   293    11 -9999 -9999 -9999
2021 03 24 18   145    87 10133   360     0 -9999 -9999 -9999
2021 03 24 21   140    94 10126   131     9 -9999 -9999 -9999
2021 03 25 00   137    98 10143   224     6 -9999 -9999 -9999
2021 03 25 03   146    98 10157   250     6 -9999 -9999 -9999
2021 03 25 06   147    95 10138   289    12 -9999 -9999 -9999
2021 03 25 09   147    94 10121   284     5 -9999 -9999 -9999
2021 03 25 12   141   105 10129   276    14 -9999 -9999 -9999
2021 03 25 15   135   118 10148   283    15 -9999 -9999 -9999
2021 03 25 18   125   119 10139   272    10 -9999 -9999     3
2021 03 25 21   120   120 10138   213    10 -9999 -9999    70
2021 03 26 00   121   121 10152   257    18 -9999 -9999    84
2021 03 26 03   127   125 10176   251    11 -9999 -9999    29
2021 03 26 06   135   107 10158   211    22 -9999 -9999    23
2021 03 26 09   162   108 10136   111    13 -9999 -9999    11
2021 03 26 12   131   108 10151   101     9 -9999 -9999 -9999
2021 03 26 15   110   109 10169   161     5 -9999 -9999 -9999
2021 03 26 18   100   100 10162   360     2 -9999 -9999 -9999
2021 03 26 21   106   106 10146   218     5 -9999 -9999 -9999
2021 03 27 00   110   107 10160   360     1 -9999 -9999 -9999
2021 03 27 03   145   109 10160   103    13 -9999 -9999 -9999
2021 03 27 06   176   112 10119    24    17 -9999 -9999 -9999
2021 03 27 09   207    96 10085    54    21 -9999 -9999 -9999
2021 03 27 12   165    98 10102   360     2 -9999 -9999 -9999
2021 03 27 15   137   128 10121   273    11 -9999 -9999 -9999
2021 03 27 18   117 -9999 10112   287     5 -9999 -9999 -9999
2021 03 27 21   102   102 10101   360     0 -9999 -9999 -9999
2021 03 28 00   111   111 10117    73     5 -9999 -9999 -9999
2021 03 28 03   170   121 10110   106    17 -9999 -9999 -9999
2021 03 28 06   226   101 10052   340    13 -9999 -9999 -9999
2021 03 28 09   245    97 10008    56    18 -9999 -9999 -9999
2021 03 28 12   187   119 10018   360     2 -9999 -9999 -9999
2021 03 28 15   171   118 10033   289     3 -9999 -9999 -9999
2021 03 28 18   147   117 10038   272     7 -9999 -9999 -9999
2021 03 28 21   131   125 10026   201     4 -9999 -9999 -9999
2021 03 29 00   136   122 10047   203    14 -9999 -9999 -9999
2021 03 29 03   206   131 10044   118     8 -9999 -9999 -9999
2021 03 29 06   250   111 10010   118    14 -9999 -9999 -9999
2021 03 29 09   267   100  9976   353    14 -9999 -9999 -9999
2021 03 29 12   210   113 10000   179     7 -9999 -9999 -9999
2021 03 29 15   195   124 10016   360     0 -9999 -9999 -9999
2021 03 29 18   175   123 10020   123     8 -9999 -9999 -9999
2021 03 29 21   177   110 10010    75    20 -9999 -9999 -9999
2021 03 30 00   180   109 10032    63    35 -9999 -9999 -9999
2021 03 30 03   191   117 10037    70    32 -9999 -9999 -9999
2021 03 30 06   185   113 10028    62    38 -9999 -9999 -9999
2021 03 30 09   162   117 10027    54    38 -9999 -9999 -9999
2021 03 30 12   156   110 10044    67    23 -9999 -9999 -9999
2021 03 30 15   145   106 10061    76    12 -9999 -9999 -9999
2021 03 30 18   130   105 10059    99     8 -9999 -9999 -9999
2021 03 30 21   132   108 10049   107    12 -9999 -9999 -9999
2021 03 31 00   137   106 10060   108    14 -9999 -9999 -9999
2021 03 31 03   157   106 10070    64    20 -9999 -9999 -9999
2021 03 31 06   170   108 10054   196    17 -9999 -9999 -9999
2021 03 31 09   157   109 10057   271    13 -9999 -9999 -9999
2021 03 31 12   145   138 10082   300    13 -9999 -9999     2
2021 03 31 15   131   131 10101   305    17 -9999 -9999     3
2021 03 31 18   121   121 10101   263     8 -9999 -9999     6
2021 03 31 21   110   110 10103   245    12 -9999 -9999     8
2021 04 01 00   111   109 10133   197    13 -9999 -9999     5
2021 04 01 03   121   103 10152   239    19 -9999 -9999     2
2021 04 01 06   122   109 10142   248    18 -9999 -9999     4
2021 04 01 09   127   111 10131   159    15 -9999 -9999     5
2021 04 01 12   120   108 10135    94     7 -9999 -9999     1
2021 04 01 15   111   105 10155    96     4 -9999 -9999 -9999
2021 04 01 18   106   106 10149   360     0 -9999 -9999     4
2021 04 01 21   102 -9999 10151   294     8 -9999 -9999    23
2021 04 02 00   100    99 10175   275    14 -9999 -9999    36
2021 04 02 03   110   110 10186   226     9 -9999 -9999    34
2021 04 02 06   116   114 10175   173    10 -9999 -9999    20
2021 04 02 09   116   105 10173   247    12 -9999 -9999     4
2021 04 02 12   112   108 10188   190     7 -9999 -9999     1
2021 04 02 15   112   112 10206    80     3 -9999 -9999 -9999
2021 04 02 18   107 -9999 10207   244     5 -9999 -9999 -9999
2021 04 02 21   105   105 10205   281     3 -9999 -9999     1
2021 04 03 00   105   104 10221   360     2 -9999 -9999     3
2021 04 03 03   115   115 10237   306     9 -9999 -9999     5
2021 04 03 06   130   112 10216    66    13 -9999 -9999     3
2021 04 03 09   142   110 10198   107    16 -9999 -9999 -9999
2021 04 03 12   130   104 10212    93    11 -9999 -9999 -9999
2021 04 03 15   125   102 10230    61    14 -9999 -9999 -9999
2021 04 03 18   117    99 10226    64    28 -9999 -9999 -9999
2021 04 03 21   112    99 10221    59    18 -9999 -9999 -9999
2021 04 04 00   102    98 10237    80    25 -9999 -9999     7
2021 04 04 03   117    86 10241    59    31 -9999 -9999     7
2021 04 04 06   120    85 10224    66    31 -9999 -9999     1
2021 04 04 09   120    77 10213    64    30 -9999 -9999     1
2021 04 04 12   112    78 10234    66    24 -9999 -9999 -9999
2021 04 04 15   111    80 10243    71    18 -9999 -9999 -9999
2021 04 04 18   105    81 10235    57     5 -9999 -9999 -9999
2021 04 04 21    92    90 10232    21     8 -9999 -9999 -9999
2021 04 05 00    95    91 10231    66    14 -9999 -9999     1
2021 04 05 03   115    90 10234    56    13 -9999 -9999     1
2021 04 05 06   142    89 10206   143    20 -9999 -9999 -9999
2021 04 05 09   147   101 10177   196    15 -9999 -9999 -9999
2021 04 05 12   127   103 10197   273    16 -9999 -9999 -9999
2021 04 05 15   122   108 10206   222     7 -9999 -9999 -9999
2021 04 05 18   117   113 10195   191     7 -9999 -9999 -9999
2021 04 05 21   115   111 10192   276     4 -9999 -9999 -9999
2021 04 06 00   117   113 10211   272    10 -9999 -9999 -9999
2021 04 06 03   141   116 10221   178    11 -9999 -9999 -9999
2021 04 06 06   172   110 10195   125     8 -9999 -9999 -9999
2021 04 06 09   180   128 10182   242     8 -9999 -9999 -9999
2021 04 06 12   161   128 10195   104    10 -9999 -9999 -9999
2021 04 06 15   150   137 10211   203     9 -9999 -9999 -9999
2021 04 06 18   135   135 10204   184    12 -9999 -9999     1
2021 04 06 21   130   130 10194   360     1 -9999 -9999     2
2021 04 07 00   131   131 10210   360     0 -9999 -9999     1
2021 04 07 03   145   135 10222    70    14 -9999 -9999 -9999
2021 04 07 06   181   130 10197    29    20 -9999 -9999 -9999
2021 04 07 09   176   123 10182    71    18 -9999 -9999 -9999
2021 04 07 12   155   104 10202    72    18 -9999 -9999 -9999
2021 04 07 15   140   106 10221    68    11 -9999 -9999 -9999
2021 04 07 18   127   102 10209    97     7 -9999 -9999 -9999
2021 04 07 21   112   105 10201   179     7 -9999 -9999 -9999
2021 04 08 00   115   112 10221   179    12 -9999 -9999 -9999
2021 04 08 03   166    86 10221    58    21 -9999 -9999 -9999
2021 04 08 06   202    85 10186    73    21 -9999 -9999 -9999
2021 04 08 09   205    61 10160    62    22 -9999 -9999 -9999
2021 04 08 12   187    33 10169    59    25 -9999 -9999 -9999
2021 04 08 15   171    60 10187    71    15 -9999 -9999 -9999
2021 04 08 18   160    66 10178    83    16 -9999 -9999 -9999
2021 04 08 21   150    49 10173    76    13 -9999 -9999 -9999
2021 04 09 00   140    43 10191    54    30 -9999 -9999 -9999
2021 04 09 03   140    53 10213    59    26 -9999 -9999 -9999
2021 04 09 06   135    79 10207    95    23 -9999 -9999     1
2021 04 09 09   137    86 10195    80    12 -9999 -9999     3
2021 04 09 12   130   111 10201   225    18 -9999 -9999     2
2021 04 09 15   125   115 10220   274     7 -9999 -9999 -9999
2021 04 09 18   122   117 10214   259     5 -9999 -9999 -9999
2021 04 09 21   121   118 10205   114     7 -9999 -9999 -9999
2021 04 10 00   122   120 10219   113     5 -9999 -9999 -9999
2021 04 10 03   127   126 10232   360     2 -9999 -9999     2
2021 04 10 06   135   120 10212    60    25 -9999 -9999     5
2021 04 10 09   140   118 10192    57    16 -9999 -9999     3
2021 04 10 12   132   116 10202   360     1 -9999 -9999 -9999
2021 04 10 15   127   126 10217   267    11 -9999 -9999 -9999
2021 04 10 18   122   122 10211   281    17 -9999 -9999     4
2021 04 10 21   117   117 10207   295     7 -9999 -9999    12
2021 04 11 00   120   119 10214   301     4 -9999 -9999    12
2021 04 11 03   136   130 10219   279     4 -9999 -9999     4
2021 04 11 06   175   113 10187   105    22 -9999 -9999 -9999
2021 04 11 09   170   125 10165   151    17 -9999 -9999 -9999
2021 04 11 12   156   133 10178   182    10 -9999 -9999 -9999
2021 04 11 15   140   135 10203   209     6 -9999 -9999 -9999
2021 04 11 18   125   125 10193   280     4 -9999 -9999 -9999
2021 04 11 21   107 -9999 10195   268     6 -9999 -9999 -9999
2021 04 12 00   116   116 10203   137    11 -9999 -9999 -9999
2021 04 12 03   175   125 10199   278    12 -9999 -9999 -9999
2021 04 12 06   215    96 10164    69    13 -9999 -9999 -9999
2021 04 12 09   222   107 10135    83    17 -9999 -9999 -9999
2021 04 12 12   191   119 10166   200     6 -9999 -9999 -9999
2021 04 12 15   177   129 10170   163    11 -9999 -9999 -9999
2021 04 12 18   161   138 10170   182     8 -9999 -9999 -9999
2021 04 12 21   142   140 10166   241     5 -9999 -9999 -9999
2021 04 13 00   151   145 10178   108     4 -9999 -9999 -9999
2021 04 13 03   180   139 10176    71    12 -9999 -9999 -9999
2021 04 13 06   192   142 10164   333     6 -9999 -9999 -9999
2021 04 13 09   162   162 10160    58    16 -9999 -9999    84
2021 04 13 12   150   149 10186    59    10 -9999 -9999   129
2021 04 13 15   132   129 10218   105     9 -9999 -9999    53
2021 04 13 18   120   120 10221   182     7 -9999 -9999    17
2021 04 13 21   120   119 10215   258    11 -9999 -9999    11
2021 04 14 00   122 -9999 10216    92    12 -9999 -9999     2
2021 04 14 03   145   109 10212    60    13 -9999 -9999 -9999
2021 04 14 06   137   122 10192   103    12 -9999 -9999     8
2021 04 14 09   127   106 10173    96    12 -9999 -9999    15
2021 04 14 12   125   111 10175    76     7 -9999 -9999     7
2021 04 14 15   122   112 10181   115     8 -9999 -9999 -9999
2021 04 14 18   120   118 10181   284    11 -9999 -9999 -9999
2021 04 14 21   117   114 10175   286    10 -9999 -9999 -9999
2021 04 15 00   127   125 10185   196     8 -9999 -9999 -9999
2021 04 15 03   170   122 10186   212    15 -9999 -9999 -9999
2021 04 15 06   167   125 10189   316    10 -9999 -9999 -9999
2021 04 15 09   165    99 10185    84    25 -9999 -9999 -9999
2021 04 15 12   136   102 10194   360     0 -9999 -9999 -9999
2021 04 15 15   125   112 10211   284     7 -9999 -9999 -9999
2021 04 15 18   117    99 10205   261     7 -9999 -9999 -9999
2021 04 15 21   107   107 10198   121     7 -9999 -9999 -9999
2021 04 16 00   112   112 10210   202     9 -9999 -9999 -9999
2021 04 16 03   165   113 10209   308    12 -9999 -9999 -9999
2021 04 16 06   210    83 10177   172    16 -9999 -9999 -9999
2021 04 16 09   240    44 10150    77     6 -9999 -9999 -9999
2021 04 16 12   205    72 10174    77    12 -9999 -9999 -9999
2021 04 16 15   160   107 10200   205     6 -9999 -9999 -9999
2021 04 16 18   155   118 10196   360     2 -9999 -9999 -9999
2021 04 16 21   141   107 10201   360     0 -9999 -9999 -9999
2021 04 17 00   147   110 10221    46     6 -9999 -9999 -9999
2021 04 17 03   177    88 10224    60    19 -9999 -9999 -9999
2021 04 17 06   215    69 10183    61    16 -9999 -9999 -9999
2021 04 17 09   205    90 10167   204     9 -9999 -9999 -9999
2021 04 17 12   181   105 10179   360     0 -9999 -9999 -9999
2021 04 17 15   170   129 10195   280    10 -9999 -9999 -9999
2021 04 17 18   161   125 10178   244     6 -9999 -9999 -9999
2021 04 17 21   155   141 10174   285     6 -9999 -9999 -9999
2021 04 18 00   155   134 10187   156     4 -9999 -9999 -9999
2021 04 18 03   185   131 10182    95    10 -9999 -9999 -9999
2021 04 18 06   221    79 10147   186    14 -9999 -9999 -9999
2021 04 18 09   212   108 10123   164    12 -9999 -9999 -9999
2021 04 18 12   200   101 10132   256     5 -9999 -9999 -9999
2021 04 18 15   185   120 10146   280     9 -9999 -9999 -9999
2021 04 18 18   175   120 10128    58    10 -9999 -9999 -9999
2021 04 18 21   165   133 10119    34     9 -9999 -9999 -9999
2021 04 19 00   165   144 10126   132     6 -9999 -9999 -9999
2021 04 19 03   187   123 10121   103     9 -9999 -9999 -9999
2021 04 19 06   192   129 10102   139    11 -9999 -9999 -9999
2021 04 19 09   186   137 10088   276    13 -9999 -9999 -9999
2021 04 19 12   160   160 10108   360     2 -9999 -9999     3
2021 04 19 15   156   156 10120   281     7 -9999 -9999    15
2021 04 19 18   155   155 10111    89    12 -9999 -9999    12
2021 04 19 21   146   146 10104   344     7 -9999 -9999    12
2021 04 20 00   147   147 10119   302    11 -9999 -9999    15
2021 04 20 03   152 -9999 10130   285     5 -9999 -9999    14
2021 04 20 06   157   157 10116   302    10 -9999 -9999    15
2021 04 20 09   170   159 10105    75    13 -9999 -9999    14
2021 04 20 12   162   162 10119   293    10 -9999 -9999    11
2021 04 20 15   152   152 10135   194     7 -9999 -9999     1
2021 04 20 18   150   150 10130   183     6 -9999 -9999 -9999
2021 04 20 21   147   147 10123    23     7 -9999 -9999 -9999
