2021 01 01 00    37    24 10320    60    10 -9999 -9999     0
2021 01 01 03    55    23 10324    90    10 -9999 -9999     0
2021 01 01 06    78    10 10286   230    10 -9999 -9999     0
2021 01 01 09    79     6 10264   280    10 -9999 -9999     0
2021 01 01 12    56    17 10289    65     7 -9999 -9999 -9999
2021 01 01 15    56    19 10295    72     8 -9999 -9999 -9999
2021 01 01 18    48    23 10280   110    10 -9999 -9999     0
2021 01 01 21    46    21 10266    72    12 -9999 -9999 -9999
2021 01 02 00    47    22 10268    70    10 -9999 -9999     0
2021 01 02 03    57    22 10268    80    10 -9999 -9999     0
2021 01 02 06    67    26 10234    40    10 -9999 -9999     0
2021 01 02 09    70    29 10234    70    10 -9999 -9999     0
2021 01 02 12    67    35 10252    64     9 -9999 -9999 -9999
2021 01 02 15    63    38 10276    50    10 -9999 -9999     0
2021 01 02 18    61    36 10279   150    10 -9999 -9999     0
2021 01 02 21    59    41 10287   170    10 -9999 -9999     0
2021 01 03 00    55    44 10295   183    10 -9999 -9999     1
2021 01 03 03    62    47 10305   200    10 -9999 -9999     1
2021 01 03 06    61    44 10283   250    10 -9999 -9999 -9999
2021 01 03 09    64    42 10281   120    10 -9999 -9999 -9999
2021 01 03 12    62    49 10290    54     8 -9999 -9999 -9999
2021 01 03 15    60    46 10296   130    10 -9999 -9999     0
2021 01 03 18    52    46 10283    79    13 -9999 -9999 -9999
2021 01 03 21    51    44 10273    47    10 -9999 -9999 -9999
2021 01 04 00    52    45 10276   110    10 -9999 -9999     0
2021 01 04 03    62    47 10284   100    10 -9999 -9999     0
2021 01 04 06    77    43 10247   290    10 -9999 -9999     0
2021 01 04 09    80    41 10248   322     5 -9999 -9999 -9999
2021 01 04 12    74    54 10264   140    10 -9999 -9999     0
2021 01 04 15    70    54 10280   133     9 -9999 -9999 -9999
2021 01 04 18    64    52 10273     0 -9999 -9999 -9999     0
2021 01 04 21    64    50 10272   150    10 -9999 -9999     0
2021 01 05 00    62    53 10295   122     7 -9999 -9999 -9999
2021 01 05 03    70    56 10306    47     9 -9999 -9999     1
2021 01 05 06    67    61 10280   130     7 -9999 -9999     2
2021 01 05 09    69    60 10278    90    10 -9999 -9999     2
2021 01 05 12    65    49 10296    61    11 -9999 -9999     3
2021 01 05 15    61    41 10293    80    15 -9999 -9999     2
2021 01 05 18    56    34 10283    80    10 -9999 -9999     1
2021 01 05 21    56    31 10269    72     7 -9999 -9999     1
2021 01 06 00    56    33 10266    95    14 -9999 -9999 -9999
2021 01 06 03    57    32 10272    71    14 -9999 -9999     1
2021 01 06 06    57    36 10240    90     8 -9999 -9999     3
2021 01 06 09    55    30 10242    34    16 -9999 -9999     4
2021 01 06 12    55    38 10267    81    10 -9999 -9999     3
2021 01 06 15    52    29 10284    80    13 -9999 -9999     3
2021 01 06 18    50    12 10295    74    12 -9999 -9999     3
2021 01 06 21    45    18 10292    57    12 -9999 -9999     3
2021 01 07 00    37     2 10309    90    10 -9999 -9999     2
2021 01 07 03    39    -1 10327    50    20 -9999 -9999 -9999
2021 01 07 06    56   -22 10287    90    22 -9999 -9999 -9999
2021 01 07 09    52   -24 10297    30    20 -9999 -9999     0
2021 01 07 12    44   -31 10328    20    20 -9999 -9999     1
2021 01 07 15    40   -40 10346    80    10 -9999 -9999     1
2021 01 07 18    30   -17 10350    86    13 -9999 -9999 -9999
2021 01 07 21    23   -20 10341    80    10 -9999 -9999     0
2021 01 08 00    20   -20 10354    90    10 -9999 -9999     0
2021 01 08 03    56   -25 10361   100    10 -9999 -9999     0
2021 01 08 06    70   -30 10319   230    20 -9999 -9999     0
2021 01 08 09    68   -34 10295   240    10 -9999 -9999     0
2021 01 08 12    46   -16 10315   170    10 -9999 -9999     0
2021 01 08 15    32    -6 10328   150    10 -9999 -9999     0
2021 01 08 18     8   -11 10323    60    10 -9999 -9999     0
2021 01 08 21     1   -15 10317    52    11 -9999 -9999 -9999
2021 01 09 00    -5   -17 10323    87    15 -9999 -9999 -9999
2021 01 09 03    15   -12 10335    70    10 -9999 -9999     0
2021 01 09 06    31    -9 10292    90    10 -9999 -9999     0
2021 01 09 09    38    -2 10282    80    10 -9999 -9999     0
2021 01 09 12    36     1 10303   110    10 -9999 -9999     0
2021 01 09 15    33     9 10317   160    10 -9999 -9999     0
2021 01 09 18    31     5 10313   200    10 -9999 -9999     0
2021 01 09 21    26    11 10298    70    10 -9999 -9999     0
2021 01 10 00    25    12 10302    80    10 -9999 -9999     0
2021 01 10 03    50    16 10318   309    10 -9999 -9999 -9999
2021 01 10 06    64     3 10287   290    20 -9999 -9999     0
2021 01 10 09    63    -2 10288    90    10 -9999 -9999 -9999
2021 01 10 12    52    11 10322   220    10 -9999 -9999     0
2021 01 10 15    45    14 10355   157     7 -9999 -9999 -9999
2021 01 10 18    37    16 10366    65    11 -9999 -9999 -9999
2021 01 10 21    27    -6 10368   136     8 -9999 -9999 -9999
2021 01 11 00    14   -25 10387    60    10 -9999 -9999     0
2021 01 11 03    60   -87 10400   160    10 -9999 -9999     0
2021 01 11 06    96  -100 10355   220    20 -9999 -9999     0
2021 01 11 09    91   -80 10340   270    20 -9999 -9999     0
2021 01 11 12    56   -51 10354   160    10 -9999 -9999     0
2021 01 11 15    32   -42 10362   106    11 -9999 -9999 -9999
2021 01 11 18     7   -32 10346    88    11 -9999 -9999 -9999
2021 01 11 21    -6   -35 10325    80    10 -9999 -9999     0
2021 01 12 00   -10   -37 10326    86    12 -9999 -9999 -9999
2021 01 12 03    37   -33 10326    30    10 -9999 -9999     0
2021 01 12 06    90   -76 10273   340    20 -9999 -9999     0
2021 01 12 09    97   -74 10237    91     7 -9999 -9999 -9999
2021 01 12 12    47   -36 10235    75     7 -9999 -9999 -9999
2021 01 12 15    22   -33 10239    90    20 -9999 -9999     0
2021 01 12 18    10   -39 10232    65    13 -9999 -9999 -9999
2021 01 12 21     2   -41 10227    60    10 -9999 -9999     0
2021 01 13 00    -6   -41 10238    90    10 -9999 -9999     0
2021 01 13 03    47   -43 10249   100    10 -9999 -9999     0
2021 01 13 06   112   -48 10204   186    15 -9999 -9999 -9999
2021 01 13 09   123   -43 10186   240    10 -9999 -9999     0
2021 01 13 12    76   -14 10208   140    11 -9999 -9999 -9999
2021 01 13 15    46    -6 10223    60    10 -9999 -9999     0
2021 01 13 18    26    -8 10226    50    10 -9999 -9999 -9999
2021 01 13 21    14   -13 10220    60    10 -9999 -9999     0
2021 01 14 00     5   -14 10227   100    10 -9999 -9999     0
2021 01 14 03    56   -11 10228    70    10 -9999 -9999     0
2021 01 14 06   116   -22 10184   110    10 -9999 -9999     0
2021 01 14 09   133   -26 10161   260    10 -9999 -9999     0
2021 01 14 12    70     2 10173    70    10 -9999 -9999     0
2021 01 14 15    52    -5 10187    69    13 -9999 -9999 -9999
2021 01 14 18    37    -5 10182    30    20 -9999 -9999     0
2021 01 14 21    22    -6 10176    59    14 -9999 -9999 -9999
2021 01 15 00    16    -6 10201    60    10 -9999 -9999     0
2021 01 15 03    71    -4 10223   110    10 -9999 -9999     0
2021 01 15 06   129    10 10178   280    10 -9999 -9999     0
2021 01 15 09   140     6 10161   290    10 -9999 -9999     0
2021 01 15 12    86    30 10180   120    10 -9999 -9999     0
2021 01 15 15    77    28 10200     0 -9999 -9999 -9999     0
2021 01 15 18    72    29 10200    86     6 -9999 -9999 -9999
2021 01 15 21    72    33 10198    90    10 -9999 -9999     0
2021 01 16 00    72    37 10220    70    11 -9999 -9999 -9999
2021 01 16 03    77    41 10247    31    11 -9999 -9999 -9999
2021 01 16 06    80    25 10236    40    30 -9999 -9999     0
2021 01 16 09    50    33 10273    40    40 -9999 -9999    20
2021 01 16 12    47    29 10323    40    30 -9999 -9999    60
2021 01 16 15    40    22 10373    70    20 -9999 -9999    70
2021 01 16 18    41    23 10388   111     8 -9999 -9999    25
2021 01 16 21    32    25 10394    70    10 -9999 -9999     1
2021 01 17 00    27    24 10403    85    14 -9999 -9999     1
2021 01 17 03    37    28 10408    50    10 -9999 -9999     0
2021 01 17 06    90   -17 10352     2    15 -9999 -9999 -9999
2021 01 17 09   106   -46 10332   217    14 -9999 -9999 -9999
2021 01 17 12    57    -4 10342   100    10 -9999 -9999     0
2021 01 17 15    32     2 10346    61     8 -9999 -9999 -9999
2021 01 17 18    30     9 10330    60    10 -9999 -9999     0
2021 01 17 21    34    13 10319    30    10 -9999 -9999     0
2021 01 18 00    36    16 10320    60    10 -9999 -9999     0
2021 01 18 03    50     8 10323   100    20 -9999 -9999     0
2021 01 18 06    61     0 10275   200    10 -9999 -9999     0
2021 01 18 09    92    -4 10240   310    10 -9999 -9999     0
2021 01 18 12    52     8 10237    90    11 -9999 -9999 -9999
2021 01 18 15    32     4 10222    86    12 -9999 -9999 -9999
2021 01 18 18    20    -2 10203    43    20 -9999 -9999 -9999
2021 01 18 21    10    -8 10184    38    12 -9999 -9999 -9999
2021 01 19 00     2   -10 10195    83    10 -9999 -9999 -9999
2021 01 19 03    50     2 10194    52    14 -9999 -9999 -9999
2021 01 19 06   130    14 10149   180    10 -9999 -9999     0
2021 01 19 09   150    12 10130    80    10 -9999 -9999     0
2021 01 19 12   112    33 10146    53     7 -9999 -9999 -9999
2021 01 19 15   100    36 10162   154     9 -9999 -9999 -9999
2021 01 19 18    90    28 10167   156    14 -9999 -9999 -9999
2021 01 19 21    81    38 10167   130    10 -9999 -9999     0
2021 01 20 00    78    42 10182   120    10 -9999 -9999     0
2021 01 20 03    82    43 10210   161     5 -9999 -9999 -9999
2021 01 20 06    95    37 10181    70    10 -9999 -9999 -9999
2021 01 20 09    99    39 10177     0 -9999 -9999 -9999     0
2021 01 20 12    91    47 10197    41     9 -9999 -9999 -9999
2021 01 20 15    85    51 10212   100    10 -9999 -9999     0
2021 01 20 18    82    51 10206   160     7 -9999 -9999 -9999
2021 01 20 21    77    53 10204    60    10 -9999 -9999     0
2021 01 21 00    76    51 10220   240    10 -9999 -9999     0
2021 01 21 03    82    53 10239   130    10 -9999 -9999     0
2021 01 21 06   106    36 10206   150    20 -9999 -9999     0
2021 01 21 09   120    38 10200   210    10 -9999 -9999     0
2021 01 21 12   104    52 10221     0 -9999 -9999 -9999     0
2021 01 21 15    91    53 10231   210    10 -9999 -9999     0
2021 01 21 18    75    53 10228   100    10 -9999 -9999     0
2021 01 21 21    70    53 10217    50    10 -9999 -9999     0
2021 01 22 00    72    54 10228    96     7 -9999 -9999 -9999
2021 01 22 03    89    60 10226   280    10 -9999 -9999     0
2021 01 22 06   100    58 10190    90    10 -9999 -9999     0
2021 01 22 09   122    50 10173   230     5 -9999 -9999 -9999
2021 01 22 12    90    57 10190    60    10 -9999 -9999     0
2021 01 22 15    70    50 10199    54    14 -9999 -9999 -9999
2021 01 22 18    55    39 10191    69    10 -9999 -9999 -9999
2021 01 22 21    45    31 10170    70    13 -9999 -9999 -9999
2021 01 23 00    44    29 10174    70    20 -9999 -9999     0
2021 01 23 03    80    42 10170    71    14 -9999 -9999 -9999
2021 01 23 06   143    34 10133   100    20 -9999 -9999     0
2021 01 23 09   154    39 10110   240    10 -9999 -9999     0
2021 01 23 12   121    62 10136   270    10 -9999 -9999     0
2021 01 23 15   114    61 10151   360    10 -9999 -9999     0
2021 01 23 18   107    63 10142   110    10 -9999 -9999     0
2021 01 23 21   100    62 10124    40     5 -9999 -9999 -9999
2021 01 24 00   100    63 10135    70    10 -9999 -9999     0
2021 01 24 03    97    76 10147   316     6 -9999 -9999 -9999
2021 01 24 06    96    85 10128    70    10 -9999 -9999     6
2021 01 24 09    97    86 10123    40    10 -9999 -9999     9
2021 01 24 12    92    80 10155    70    10 -9999 -9999     3
2021 01 24 15    91    64 10176    70    10 -9999 -9999     0
2021 01 24 18    83    61 10191    70    10 -9999 -9999     1
2021 01 24 21    76    52 10202    60    20 -9999 -9999     8
2021 01 25 00    73    56 10232    50    10 -9999 -9999    10
2021 01 25 03    77    55 10255    93    13 -9999 -9999    19
2021 01 25 06    86    57 10238    78     8 -9999 -9999    13
2021 01 25 09    92    55 10231    96     8 -9999 -9999     1
2021 01 25 12    89    62 10241    50    10 -9999 -9999     0
2021 01 25 15    78    64 10253    60    10 -9999 -9999     0
2021 01 25 18    60    57 10250    50    20 -9999 -9999     0
2021 01 25 21    62    58 10244    50    10 -9999 -9999     0
2021 01 26 00    63    53 10250    60    10 -9999 -9999     0
2021 01 26 03    69    49 10257    90    20 -9999 -9999     1
2021 01 26 06    74    54 10227    70    10 -9999 -9999     2
2021 01 26 09    77    57 10209    38     9 -9999 -9999     2
2021 01 26 12    72    63 10221    90    10 -9999 -9999     3
2021 01 26 15    72    57 10227    62    10 -9999 -9999     2
2021 01 26 18    74    55 10219    50    10 -9999 -9999     0
2021 01 26 21    74    54 10213    60    10 -9999 -9999     0
2021 01 27 00    73    54 10222    70    10 -9999 -9999 -9999
2021 01 27 03    80    61 10243    60    10 -9999 -9999     4
2021 01 27 06    86    57 10225    40    10 -9999 -9999     4
2021 01 27 09   105    62 10224   219    20 -9999 -9999 -9999
2021 01 27 12    84    69 10263   190    10 -9999 -9999     0
2021 01 27 15    73    61 10291    70    10 -9999 -9999     0
2021 01 27 18    67    59 10308    48    12 -9999 -9999 -9999
2021 01 27 21    65    56 10306    69    11 -9999 -9999 -9999
2021 01 28 00    65    56 10316    90    10 -9999 -9999     0
2021 01 28 03    84    64 10333   200    10 -9999 -9999     0
2021 01 28 06   115    58 10299    30    10 -9999 -9999     0
2021 01 28 09   134    51 10271   260    20 -9999 -9999 -9999
2021 01 28 12    93    57 10280    60    10 -9999 -9999     0
2021 01 28 15    72    47 10282    50    10 -9999 -9999     0
2021 01 28 18    60    40 10270    80    16 -9999 -9999 -9999
2021 01 28 21    58    31 10250    70    20 -9999 -9999     0
2021 01 29 00    53    23 10250    90    10 -9999 -9999     0
2021 01 29 03    79    32 10257    80    10 -9999 -9999     0
2021 01 29 06   124    23 10220    30    10 -9999 -9999     0
2021 01 29 09   131    26 10200   311     8 -9999 -9999 -9999
2021 01 29 12   111    50 10220   150    10 -9999 -9999     0
2021 01 29 15    95    51 10235   100    10 -9999 -9999     0
2021 01 29 18    85    41 10232    30    11 -9999 -9999 -9999
2021 01 29 21    79    48 10231    90    10 -9999 -9999     0
2021 01 30 00    71    49 10242    69     9 -9999 -9999 -9999
2021 01 30 03    94    50 10255    90    10 -9999 -9999     0
2021 01 30 06   112    49 10224    40    10 -9999 -9999     0
2021 01 30 09   118    36 10214    70    10 -9999 -9999     0
2021 01 30 12   103    51 10228    70    10 -9999 -9999     0
2021 01 30 15    91    51 10236    70    10 -9999 -9999     0
2021 01 30 18    81    50 10236    50    10 -9999 -9999     0
2021 01 30 21    74    50 10230    80    10 -9999 -9999     0
2021 01 31 00    72    52 10239    49    10 -9999 -9999 -9999
2021 01 31 03    86    50 10245    59    13 -9999 -9999 -9999
2021 01 31 06   111    48 10215    20    10 -9999 -9999     0
2021 01 31 09   115    28 10206   110    10 -9999 -9999     0
2021 01 31 12    92    43 10224    93     8 -9999 -9999 -9999
2021 01 31 15    69    42 10246    50    10 -9999 -9999     0
2021 01 31 18    55    37 10244    88     9 -9999 -9999 -9999
2021 01 31 21    47    35 10239    52    13 -9999 -9999 -9999
2021 02 01 00    35    26 10258    80    10 -9999 -9999     0
2021 02 01 03    70    43 10266    70    10 -9999 -9999     0
2021 02 01 06   131    60 10226   280    10 -9999 -9999     0
2021 02 01 09   145    48 10209   281    13 -9999 -9999 -9999
2021 02 01 12   103    61 10233   100    10 -9999 -9999     0
2021 02 01 15    78    53 10253    70    10 -9999 -9999     0
2021 02 01 18    60    43 10249    65     9 -9999 -9999 -9999
2021 02 01 21    49    37 10243   110    10 -9999 -9999     0
2021 02 02 00    51    34 10258    90    20 -9999 -9999     0
2021 02 02 03    71    42 10272    40    10 -9999 -9999     0
2021 02 02 06    95    57 10246    40    10 -9999 -9999     0
2021 02 02 09   113    56 10232    40    10 -9999 -9999     0
2021 02 02 12    91    60 10247    70    10 -9999 -9999     0
2021 02 02 15    71    56 10256    50    10 -9999 -9999     0
2021 02 02 18    73    54 10248    60    10 -9999 -9999     0
2021 02 02 21    71    56 10238    80    10 -9999 -9999     0
2021 02 03 00    63    54 10248    90    10 -9999 -9999     0
2021 02 03 03    84    57 10262    70    10 -9999 -9999     0
2021 02 03 06   122    54 10230   200    10 -9999 -9999     0
2021 02 03 09   130    68 10217   180    10 -9999 -9999     0
2021 02 03 12   111    70 10234    73     7 -9999 -9999 -9999
2021 02 03 15   100    69 10249    71     9 -9999 -9999 -9999
2021 02 03 18    93    69 10238    70    10 -9999 -9999     0
2021 02 03 21    90    68 10222     0 -9999 -9999 -9999     0
2021 02 04 00    90    70 10230    68     8 -9999 -9999 -9999
2021 02 04 03    88    77 10243    60    10 -9999 -9999    20
2021 02 04 06    95    81 10215    40    10 -9999 -9999    20
2021 02 04 09   104    80 10204    80    10 -9999 -9999     5
2021 02 04 12    98    71 10224   100    10 -9999 -9999     1
2021 02 04 15    92    61 10233    60    10 -9999 -9999     0
2021 02 04 18    90    48 10230    60    10 -9999 -9999     0
2021 02 04 21    86    40 10235    60    10 -9999 -9999     0
2021 02 05 00    84    37 10254    80    10 -9999 -9999     0
2021 02 05 03   124    39 10263   100    10 -9999 -9999     0
2021 02 05 06   149    57 10230   250    10 -9999 -9999     0
2021 02 05 09   146    57 10210   210    20 -9999 -9999     0
2021 02 05 12   114    67 10223   120    10 -9999 -9999     0
2021 02 05 15    85    63 10236    62    12 -9999 -9999 -9999
2021 02 05 18    71    54 10227    70    10 -9999 -9999     0
2021 02 05 21    58    48 10210    90    10 -9999 -9999     0
2021 02 06 00    48    38 10221    50    10 -9999 -9999     0
2021 02 06 03    92    54 10218    40    20 -9999 -9999     0
2021 02 06 06   157    53 10172   350    10 -9999 -9999     0
2021 02 06 09   172    52 10150   310    10 -9999 -9999     0
2021 02 06 12   119    70 10174   110    10 -9999 -9999     0
2021 02 06 15    95    62 10195    90    10 -9999 -9999     0
2021 02 06 18    78    54 10184    60    20 -9999 -9999     0
2021 02 06 21    70    52 10191    74     8 -9999 -9999 -9999
2021 02 07 00    72    52 10208    60    10 -9999 -9999     0
2021 02 07 03    97    57 10227    50    10 -9999 -9999     0
2021 02 07 06   145    61 10203    20    10 -9999 -9999     0
2021 02 07 09   158    71 10205    70    10 -9999 -9999     0
2021 02 07 12   125    65 10233    87    12 -9999 -9999 -9999
2021 02 07 15   100    66 10252    62    10 -9999 -9999 -9999
2021 02 07 18    85    58 10251    74    12 -9999 -9999 -9999
2021 02 07 21    79    57 10246    70    10 -9999 -9999     0
2021 02 08 00    75    51 10262    70    13 -9999 -9999 -9999
2021 02 08 03   102    56 10279    50    10 -9999 -9999     0
2021 02 08 06   155    45 10252   300    10 -9999 -9999     0
2021 02 08 09   162    52 10240   280    10 -9999 -9999     0
2021 02 08 12   124    67 10247    90    10 -9999 -9999     0
2021 02 08 15   104    60 10262    50    10 -9999 -9999     0
2021 02 08 18    88    54 10247    50    20 -9999 -9999     0
2021 02 08 21    74    49 10239    60    10 -9999 -9999     0
2021 02 09 00    66    41 10244    70    10 -9999 -9999     0
2021 02 09 03   113    41 10245    40    20 -9999 -9999     0
2021 02 09 06   172    55 10205   320    10 -9999 -9999     0
2021 02 09 12   133    75 10203   100    10 -9999 -9999     0
2021 02 09 15   113    72 10212    80    10 -9999 -9999     0
2021 02 09 18    97    68 10205    70    20 -9999 -9999     0
2021 02 09 21    80    63 10198   110    10 -9999 -9999     0
2021 02 10 00    68    54 10209    70    10 -9999 -9999     0
2021 02 10 03   123    66 10215    80    10 -9999 -9999     0
2021 02 10 06   187    73 10177   109     9 -9999 -9999 -9999
2021 02 10 09   197    54 10155   280    10 -9999 -9999     0
2021 02 11 00   101    66 10190    40    10 -9999 -9999     0
2021 02 13 12   157    87 10184    63    14 -9999 -9999 -9999
2021 02 13 15   129    90 10203    70    10 -9999 -9999     0
2021 02 13 18   112    86 10199    50    20 -9999 -9999     0
2021 02 13 21   107    83 10196    70    10 -9999 -9999     0
2021 02 14 00   101    82 10191    80    10 -9999 -9999     0
2021 02 14 03   144    86 10198   300    10 -9999 -9999     0
2021 02 14 06   190    95 10158   297    17 -9999 -9999 -9999
2021 02 14 09   206    65 10126   150    10 -9999 -9999     0
2021 02 14 12   157    80 10131   100    10 -9999 -9999     0
2021 02 14 15   140    75 10146    70    10 -9999 -9999     0
2021 02 14 18   144    63 10134    80    10 -9999 -9999     0
2021 02 14 21   127    90 10136   110    10 -9999 -9999    10
2021 02 15 00   136    74 10161    76    13 -9999 -9999    12
2021 02 15 03   121    86 10188    50    30 -9999 -9999    10
2021 02 15 06   110    90 10182    43    29 -9999 -9999    54
2021 02 15 09   112    95 10176    48    18 -9999 -9999    59
2021 02 15 12   111    92 10192    70    10 -9999 -9999    30
2021 02 15 15   110    88 10206    52    10 -9999 -9999     7
2021 02 15 18   100    81 10210   100    10 -9999 -9999     0
2021 02 15 21    97    76 10209    69    10 -9999 -9999 -9999
2021 02 16 00    95    69 10226    80    10 -9999 -9999     0
2021 02 16 03   128    62 10238    80    10 -9999 -9999     0
2021 02 16 06   178    51 10213   130    20 -9999 -9999     0
2021 02 16 09   191    45 10204   240    20 -9999 -9999     0
2021 02 16 12   147    63 10227     0 -9999 -9999 -9999     0
2021 02 16 15   113    70 10254    60    10 -9999 -9999     0
2021 02 16 18    92    63 10257    70    10 -9999 -9999     0
2021 02 16 21    86    61 10254    71    10 -9999 -9999 -9999
2021 02 17 00    80    60 10272    70    10 -9999 -9999     0
2021 02 17 03   126    71 10285    20    20 -9999 -9999     0
2021 02 17 06   183    65 10252    20    10 -9999 -9999 -9999
2021 02 17 09   194    36 10234   310    10 -9999 -9999     0
2021 02 17 12   152    80 10248    70    10 -9999 -9999     0
2021 02 17 15   133    86 10267    90    10 -9999 -9999     0
2021 02 17 18   113    82 10262    90    10 -9999 -9999     0
2021 02 17 21   103    77 10265    60    10 -9999 -9999     0
2021 02 18 00   101    72 10282    60    10 -9999 -9999     0
2021 02 18 03   137    75 10296    90    10 -9999 -9999     0
2021 02 18 06   181    75 10268   250    20 -9999 -9999 -9999
2021 02 18 09   186    55 10252   240    20 -9999 -9999     0
2021 02 18 12   138    67 10268    90    20 -9999 -9999     0
2021 02 18 15   112    69 10280    60    10 -9999 -9999     0
2021 02 18 18    96    70 10272    63    14 -9999 -9999 -9999
2021 02 18 21    82    65 10263    60    20 -9999 -9999     0
2021 02 19 00    77    65 10279    86    16 -9999 -9999 -9999
2021 02 19 03   106    71 10287    33    25 -9999 -9999 -9999
2021 02 19 06   187    62 10241   160    20 -9999 -9999 -9999
2021 02 19 09   204    56 10215   200    10 -9999 -9999     0
2021 02 20 15   130    74 10164    62     7 -9999 -9999 -9999
2021 02 20 18   112    67 10153    55    19 -9999 -9999 -9999
2021 02 20 21   100    60 10141    91     9 -9999 -9999 -9999
2021 02 21 00    95    58 10164    66    12 -9999 -9999 -9999
2021 02 21 12   176    85 10132    64     7 -9999 -9999 -9999
2021 02 21 15   140    84 10147    60    11 -9999 -9999 -9999
2021 02 21 18   122    80 10151    74    14 -9999 -9999 -9999
2021 02 21 21   107    77 10149    60    16 -9999 -9999 -9999
2021 02 22 00   105    74 10169    70    10 -9999 -9999     0
2021 02 22 03   174    85 10176    60    10 -9999 -9999 -9999
2021 02 22 06   244    88 10137   320    10 -9999 -9999     0
2021 02 22 09   259    60 10114   110    10 -9999 -9999     0
2021 02 22 12   192    91 10132   100    10 -9999 -9999     0
2021 02 22 15   156    88 10150    60    10 -9999 -9999     0
2021 02 22 18   147    89 10142    60    20 -9999 -9999     0
2021 02 22 21   139   105 10138    50    20 -9999 -9999     8
2021 02 23 00   137   118 10155    80    20 -9999 -9999    30
2021 02 23 03   149   109 10168    50    20 -9999 -9999    20
2021 02 23 06   157   107 10145    40    20 -9999 -9999     4
2021 02 23 09   176   112 10108    50    10 -9999 -9999     0
2021 02 23 12   161   117 10106   100    10 -9999 -9999     1
2021 02 23 15   148   114 10104    30    10 -9999 -9999     1
2021 02 23 18   145   115 10088    50    10 -9999 -9999     0
2021 02 23 21   145   116 10064    54     7 -9999 -9999 -9999
2021 02 24 00   147   120 10065    90    10 -9999 -9999     0
2021 02 24 03   188   130 10061    90    10 -9999 -9999 -9999
2021 02 24 06   227   126 10025   110    20 -9999 -9999     0
2021 02 24 09   218   129 10014    30    20 -9999 -9999     0
2021 02 24 12   202   124 10032    40    20 -9999 -9999     0
2021 02 24 15   173   107 10057    70    30 -9999 -9999     0
2021 02 24 18   151    79 10070    60    30 -9999 -9999     0
2021 02 24 21   140    61 10061    40    40 -9999 -9999     0
2021 02 25 00   135    49 10078    60    30 -9999 -9999     0
2021 02 25 03   139    58 10096    50    20 -9999 -9999 -9999
2021 02 25 06   128    64 10086    30    30 -9999 -9999     4
2021 02 25 09    95    76 10099    40    50 -9999 -9999    30
2021 02 25 12    96    67 10123    40    20 -9999 -9999    40
2021 02 25 15   100    56 10148    40    20 -9999 -9999    20
2021 02 25 18    97    43 10156    55    16 -9999 -9999     2
2021 02 25 21    97    45 10157    96    11 -9999 -9999 -9999
2021 02 26 00   100    35 10168    60    10 -9999 -9999     0
2021 02 26 03   104    52 10185    60    10 -9999 -9999     2
2021 02 26 06    92    68 10179    70    10 -9999 -9999     2
2021 02 26 09    95    66 10167   100    10 -9999 -9999     0
2021 02 26 12    98    60 10172   320    10 -9999 -9999     0
2021 02 26 15    95    64 10195    70    10 -9999 -9999     0
2021 02 26 18    95    57 10189    60    10 -9999 -9999     0
2021 02 26 21    95    49 10172   100    10 -9999 -9999     0
2021 02 27 00    93    45 10173    90    10 -9999 -9999     0
2021 02 27 03   102    47 10171    56    13 -9999 -9999 -9999
2021 02 27 06   124    56 10138    20    10 -9999 -9999     0
2021 02 27 09   127    54 10110    30    10 -9999 -9999     0
2021 02 27 12   123    61 10111    40    10 -9999 -9999     0
2021 02 27 15   118    65 10126    40    10 -9999 -9999     0
2021 02 27 18   116    67 10133    39     9 -9999 -9999 -9999
2021 02 27 21   106    66 10122    50    20 -9999 -9999     0
2021 02 28 00    87    70 10134    84    15 -9999 -9999 -9999
2021 02 28 03    86    71 10143    80    20 -9999 -9999     0
2021 02 28 06    84    75 10127    90    20 -9999 -9999     0
2021 02 28 09    92    72 10120    40    20 -9999 -9999     0
2021 02 28 12    93    51 10152    60    20 -9999 -9999     0
2021 02 28 15    96    42 10175    77    23 -9999 -9999 -9999
2021 02 28 18    96    50 10195   130    10 -9999 -9999     0
2021 02 28 21    92    48 10213   120    10 -9999 -9999 -9999
2021 03 01 00    91    55 10248   103    14 -9999 -9999 -9999
2021 03 01 03   107    38 10278    88    11 -9999 -9999 -9999
2021 03 01 06   143    12 10265   360    10 -9999 -9999     0
2021 03 01 09   148    24 10258   150    20 -9999 -9999     0
2021 03 01 12   120    45 10280   250    10 -9999 -9999     0
2021 03 01 15   109    48 10291   270    10 -9999 -9999     0
2021 03 01 18    96    60 10285    80    10 -9999 -9999     0
2021 03 01 21    88    57 10267    90    10 -9999 -9999     0
2021 03 02 00    86    59 10272    85     9 -9999 -9999 -9999
2021 03 02 03   130    57 10268   360    10 -9999 -9999     0
2021 03 02 06   146    40 10231   160    20 -9999 -9999     0
2021 03 02 09   132    50 10219   147    17 -9999 -9999 -9999
2021 03 02 12   120    61 10233   250    10 -9999 -9999 -9999
2021 03 02 15   106    80 10258    70    20 -9999 -9999     1
2021 03 02 18   103    81 10253   340    10 -9999 -9999     1
2021 03 02 21    93    81 10240    80    10 -9999 -9999     2
2021 03 03 00    93    79 10244   170    10 -9999 -9999     2
2021 03 03 03   120    71 10240   134    14 -9999 -9999 -9999
2021 03 03 06   145    56 10209   290    20 -9999 -9999     0
2021 03 03 09   155    48 10190   230    10 -9999 -9999     0
2021 03 03 12   127    58 10209    94     8 -9999 -9999 -9999
2021 03 03 15    99    64 10223    70    10 -9999 -9999     0
2021 03 03 18    80    56 10221    60    10 -9999 -9999     0
2021 03 03 21    68    51 10202    80    10 -9999 -9999     0
2021 03 04 00    62    47 10206    50    10 -9999 -9999     0
2021 03 04 03   122    60 10199    30    20 -9999 -9999     0
2021 03 04 06   173    59 10149    20    10 -9999 -9999     0
2021 03 04 09   187    48 10126   300    10 -9999 -9999     0
2021 03 04 12   147    65 10139    70    10 -9999 -9999     0
2021 03 04 15   134    74 10154    80    10 -9999 -9999     0
2021 03 04 18   127    76 10146    98     6 -9999 -9999 -9999
2021 03 04 21   120    85 10140    60    10 -9999 -9999 -9999
2021 03 05 00   120    86 10156    79     7 -9999 -9999 -9999
2021 03 05 03   122    82 10168   116     8 -9999 -9999 -9999
2021 03 05 06   132    84 10150    35    12 -9999 -9999 -9999
2021 03 05 09   136    89 10144    60    10 -9999 -9999     0
2021 03 05 12   131    88 10163   110    10 -9999 -9999     0
2021 03 05 15   122    92 10191    50    10 -9999 -9999     0
2021 03 05 18   115    96 10199    49    10 -9999 -9999 -9999
2021 03 05 21   112    96 10197    81    10 -9999 -9999 -9999
2021 03 06 00   112    99 10227    50    10 -9999 -9999     1
2021 03 06 03   122   104 10243   100    10 -9999 -9999     6
2021 03 06 06   132   102 10231    40    10 -9999 -9999     5
2021 03 06 09   136   104 10223    50    10 -9999 -9999     2
2021 03 06 12   126   112 10238    60    10 -9999 -9999     9
2021 03 06 15   118   107 10252    60    10 -9999 -9999     8
2021 03 06 18   116   103 10239    78     8 -9999 -9999     1
2021 03 06 21   114   103 10230    30    10 -9999 -9999 -9999
2021 03 07 00   113    94 10234    70    10 -9999 -9999 -9999
2021 03 07 03   122    88 10239    19    11 -9999 -9999     1
2021 03 07 06   121    80 10216    70    10 -9999 -9999     1
2021 03 07 09   122    73 10194    30    20 -9999 -9999     1
2021 03 07 12   117    75 10204    60    10 -9999 -9999     1
2021 03 07 15   113    82 10213   100    10 -9999 -9999     0
2021 03 07 18   110    88 10203    53     8 -9999 -9999     3
2021 03 07 21   105    90 10197    72    10 -9999 -9999     3
2021 03 08 00   106    90 10215    45    10 -9999 -9999 -9999
2021 03 08 03   120    85 10227    37    12 -9999 -9999 -9999
2021 03 08 06   128    87 10211    30    10 -9999 -9999     0
2021 03 08 09   137    85 10192    30    10 -9999 -9999     0
2021 03 08 12   123    90 10212    80    10 -9999 -9999     0
2021 03 08 15   105    86 10231    64    15 -9999 -9999 -9999
2021 03 08 18    89    77 10231    60    10 -9999 -9999     0
2021 03 08 21    92    76 10207    83    21 -9999 -9999 -9999
2021 03 09 00    91    74 10226    90    20 -9999 -9999     0
2021 03 09 03   111    76 10242    50    10 -9999 -9999     0
2021 03 09 06   139    81 10221    60    10 -9999 -9999     0
2021 03 09 09   150    85 10204   260    10 -9999 -9999     0
2021 03 09 12   137    96 10208    59     3 -9999 -9999 -9999
2021 03 09 15   127    97 10218    70    10 -9999 -9999     0
2021 03 09 18   120    96 10206    90    10 -9999 -9999     0
2021 03 09 21   118    94 10189    60    10 -9999 -9999     0
2021 03 10 00   117    94 10199    37    12 -9999 -9999 -9999
2021 03 10 03   124    91 10208    40    10 -9999 -9999 -9999
2021 03 10 06   123   100 10199    90    10 -9999 -9999     8
2021 03 10 09   117    99 10192    80    10 -9999 -9999    20
2021 03 10 12   116   100 10209    50     9 -9999 -9999    14
2021 03 10 15   114   100 10228    50    10 -9999 -9999     1
2021 03 10 18   112   101 10225    30    10 -9999 -9999     0
2021 03 10 21   100    94 10220   114    20 -9999 -9999 -9999
2021 03 11 00   105    96 10236   330     5 -9999 -9999 -9999
2021 03 11 03   146   104 10238    40    10 -9999 -9999     0
2021 03 11 06   165    87 10214   310    10 -9999 -9999     0
2021 03 11 09   181    84 10197   282     5 -9999 -9999 -9999
2021 03 11 12   161   100 10212   134     3 -9999 -9999 -9999
2021 03 11 15   143   105 10229   100    10 -9999 -9999     0
2021 03 11 18   130    97 10227    53    10 -9999 -9999 -9999
2021 03 11 21   112    91 10215    60    10 -9999 -9999     0
2021 03 12 00   111    94 10225    50    10 -9999 -9999     0
2021 03 12 03   180    94 10228    90    10 -9999 -9999     0
2021 03 12 06   209    89 10193    30    10 -9999 -9999     0
2021 03 12 09   215    84 10172   130    10 -9999 -9999     0
2021 03 12 12   180    99 10191   174     9 -9999 -9999 -9999
2021 03 12 15   152   106 10207    60    10 -9999 -9999     0
2021 03 12 18   146   114 10204   124    15 -9999 -9999 -9999
2021 03 12 21   126   112 10197     0 -9999 -9999 -9999     0
2021 03 13 00   117   104 10210    76    11 -9999 -9999 -9999
2021 03 13 03   187   115 10211    80    10 -9999 -9999     0
2021 03 13 06   230   101 10175   170    10 -9999 -9999     0
2021 03 13 09   231    91 10146    90    10 -9999 -9999     0
2021 03 13 12   183   111 10145    80    10 -9999 -9999     0
2021 03 13 15   155   105 10146    60    20 -9999 -9999     0
2021 03 13 18   135   101 10134    50    10 -9999 -9999     0
2021 03 13 21   136    98 10117    53    15 -9999 -9999 -9999
2021 03 14 00   140   102 10121    80    10 -9999 -9999     0
2021 03 14 03   202   110 10107    56    14 -9999 -9999 -9999
2021 03 14 06   216   113 10076   290    10 -9999 -9999     0
2021 03 14 09   207   119 10057    50    10 -9999 -9999     0
2021 03 14 12   191   135 10066    85     4 -9999 -9999 -9999
2021 03 14 15   168   133 10078    30    10 -9999 -9999     0
2021 03 14 18   164   129 10069   120    10 -9999 -9999     0
2021 03 14 21   160   128 10068    16     6 -9999 -9999 -9999
2021 03 15 00   152   132 10088    55     8 -9999 -9999 -9999
2021 03 15 03   206   138 10099   160    10 -9999 -9999     0
2021 03 15 06   256   135 10073   323    14 -9999 -9999 -9999
2021 03 15 09   277   121 10057   280    10 -9999 -9999     0
2021 03 15 12   222   136 10076    70    10 -9999 -9999     0
2021 03 15 15   187   144 10096   100    10 -9999 -9999     0
2021 03 15 18   171   140 10090    64    15 -9999 -9999 -9999
2021 03 15 21   171   136 10080    78    13 -9999 -9999 -9999
2021 03 16 00   173   138 10090    70    10 -9999 -9999     0
2021 03 16 03   213   147 10100   320    10 -9999 -9999     0
2021 03 16 06   224   135 10085   100    20 -9999 -9999     0
2021 03 16 09   206   152 10082    60    10 -9999 -9999     8
2021 03 16 12   188   145 10095    80    10 -9999 -9999     8
2021 03 16 15   176   145 10104    50    10 -9999 -9999     0
2021 03 16 18   169   144 10100    70    10 -9999 -9999     0
2021 03 16 21   166   135 10077    40    10 -9999 -9999     0
2021 03 17 00   166   131 10088    90    10 -9999 -9999 -9999
2021 03 17 03   167   143 10097    98    13 -9999 -9999     3
2021 03 17 06   175   144 10080    55    22 -9999 -9999     9
2021 03 17 09   184   145 10058    30    20 -9999 -9999     6
2021 03 17 12   182   141 10064    70    10 -9999 -9999     0
2021 03 17 15   180   137 10083    80    10 -9999 -9999     0
2021 03 17 18   165   125 10080    70    10 -9999 -9999     0
2021 03 17 21   161   117 10069    86    12 -9999 -9999     1
2021 03 18 00   162   109 10079    80    20 -9999 -9999     1
2021 03 18 03   152   127 10088    90    20 -9999 -9999    30
2021 03 18 06   144   136 10083    60    10 -9999 -9999   110
2021 03 18 09   160   142 10068    50    10 -9999 -9999   110
2021 03 18 12   155   126 10075    80    20 -9999 -9999    20
2021 03 18 15   144   112 10094    80    10 -9999 -9999     0
2021 03 18 18   148    98 10085    60    20 -9999 -9999     0
2021 03 18 21   144    94 10070    70    20 -9999 -9999     0
2021 03 19 00   146    94 10079    80    10 -9999 -9999     0
2021 03 19 03   152    96 10092    60    20 -9999 -9999 -9999
2021 03 19 06   140   104 10095    50    40 -9999 -9999 -9999
2021 03 19 09   137    68 10107    40    40 -9999 -9999     0
2021 03 19 12   145    45 10130    37    43 -9999 -9999 -9999
2021 03 19 15   144    38 10151    60    30 -9999 -9999     0
2021 03 19 18   138    36 10173    30    20 -9999 -9999     0
2021 03 19 21   137    23 10164    35    29 -9999 -9999 -9999
2021 03 20 00   112    65 10185    90    20 -9999 -9999     2
2021 03 20 03   115    60 10204   102    13 -9999 -9999     9
2021 03 20 06   102    80 10192   360    10 -9999 -9999    30
2021 03 20 09    93    79 10195    50    30 -9999 -9999    50
2021 03 20 12    95    60 10224    34    19 -9999 -9999    23
2021 03 20 15    84    60 10259    60    20 -9999 -9999    30
2021 03 20 18    82    67 10280    70    10 -9999 -9999    80
2021 03 20 21    81    64 10281    76     8 -9999 -9999    80
2021 03 21 00    80    68 10301    81    17 -9999 -9999    24
2021 03 21 03   110    64 10311    49    12 -9999 -9999     2
2021 03 21 06   135    38 10292    50    12 -9999 -9999     1
2021 03 21 09   128    50 10288   220    20 -9999 -9999     0
2021 03 21 12   119    42 10302   240    10 -9999 -9999     0
2021 03 21 15   102    50 10329   325     7 -9999 -9999 -9999
2021 03 21 18    84    62 10326    50    10 -9999 -9999     0
2021 03 21 21    73    58 10314    60    10 -9999 -9999     0
2021 03 22 00    63    53 10329    90    20 -9999 -9999     0
2021 03 22 03   129    69 10325    70    10 -9999 -9999     0
2021 03 22 06   152    57 10294   180    28 -9999 -9999 -9999
2021 03 22 09   154    67 10267   220    20 -9999 -9999     0
2021 03 22 12   130    66 10274   170    10 -9999 -9999     0
2021 03 22 15   108    73 10279    80    10 -9999 -9999     0
2021 03 22 18    99    73 10261    70    10 -9999 -9999     0
2021 03 22 21    98    72 10243    60    10 -9999 -9999     0
2021 03 23 00    96    77 10241    90    10 -9999 -9999     0
2021 03 23 03   150    57 10234    83     9 -9999 -9999 -9999
2021 03 23 06   163    59 10203   170    10 -9999 -9999     0
2021 03 23 09   165    63 10179   201    11 -9999 -9999 -9999
2021 03 23 12   152    77 10185    91     8 -9999 -9999 -9999
2021 03 23 15   129    88 10195    60    10 -9999 -9999     0
2021 03 23 18    99    75 10187    70    10 -9999 -9999     0
2021 03 23 21    84    65 10171    70    10 -9999 -9999     0
2021 03 24 00    92    62 10180    69    11 -9999 -9999 -9999
2021 03 24 03   161    73 10177    23    12 -9999 -9999 -9999
2021 03 24 06   216    59 10139    20    12 -9999 -9999 -9999
2021 03 24 09   240    53 10104    34    10 -9999 -9999 -9999
2021 03 24 12   181    78 10112    90    10 -9999 -9999     0
2021 03 24 15   145    85 10135    83     7 -9999 -9999 -9999
2021 03 24 18   140    80 10129    81     9 -9999 -9999 -9999
2021 03 24 21   140    80 10121    50    10 -9999 -9999     0
2021 03 25 00   142    88 10137    30    10 -9999 -9999     0
2021 03 25 03   153    94 10152    60    10 -9999 -9999     0
2021 03 25 06   165   104 10123     0 -9999 -9999 -9999     0
2021 03 25 09   165   107 10100    14     6 -9999 -9999 -9999
2021 03 25 12   162   106 10102   360     2 -9999 -9999 -9999
2021 03 25 15   154   112 10115    60    10 -9999 -9999     0
2021 03 25 18   151   113 10106   301     7 -9999 -9999 -9999
2021 03 25 21   147   122 10096   158    10 -9999 -9999 -9999
2021 03 26 00   142   132 10118   160    10 -9999 -9999     4
2021 03 26 03   142   136 10136   110    10 -9999 -9999    20
2021 03 26 06   145   135 10116     0 -9999 -9999 -9999    20
2021 03 26 09   155   132 10114   286     9 -9999 -9999     6
2021 03 26 12   147   134 10129   170    10 -9999 -9999     1
2021 03 26 15   137   129 10148    72     7 -9999 -9999 -9999
2021 03 26 18   136   127 10143   130    10 -9999 -9999     0
2021 03 26 21   131   122 10130    40    10 -9999 -9999     0
2021 03 27 00   128   119 10144   360    10 -9999 -9999     0
2021 03 27 03   165   121 10151   260    20 -9999 -9999     0
2021 03 27 06   210   116 10117   182    15 -9999 -9999 -9999
2021 03 27 09   231    84 10095   200    10 -9999 -9999     0
2021 03 27 12   188   111 10114   130    10 -9999 -9999     0
2021 03 27 15   151   113 10131    94    10 -9999 -9999 -9999
2021 03 27 18   133   107 10119    70    20 -9999 -9999     0
2021 03 27 21   122   104 10104    40    20 -9999 -9999     0
2021 03 28 00   126   103 10118    70    20 -9999 -9999     0
2021 03 28 03   196   119 10109    18    15 -9999 -9999 -9999
2021 03 28 06   250   119 10054   340    20 -9999 -9999     0
2021 03 28 09   272    77 10014   130    14 -9999 -9999 -9999
2021 03 28 12   215   103 10010    73    12 -9999 -9999 -9999
2021 03 28 15   176   100 10016    70    20 -9999 -9999     0
2021 03 28 18   160    99 10018    68    18 -9999 -9999 -9999
2021 03 28 21   160    96 10001    51    13 -9999 -9999 -9999
2021 03 29 00   159    93 10015    50    20 -9999 -9999     0
2021 03 29 03   195   108 10018    50    20 -9999 -9999     0
2021 03 29 06   245   121  9997   330     9 -9999 -9999 -9999
2021 03 29 09   275   141  9969   301     9 -9999 -9999 -9999
2021 03 29 12   225   148  9987    86    10 -9999 -9999 -9999
2021 03 29 15   198   155 10007    30    10 -9999 -9999     0
2021 03 29 18   181   152  9994    80    10 -9999 -9999     0
2021 03 29 21   174   150  9979    50    10 -9999 -9999     0
2021 03 30 00   178   152  9992    40    10 -9999 -9999     8
2021 03 30 03   180   168 10016   334    13 -9999 -9999   120
2021 03 30 06   176   166 10014    50    20 -9999 -9999   200
2021 03 30 09   184   166  9979    20    20 -9999 -9999   120
2021 03 30 12   175   157 10003    67    11 -9999 -9999    27
2021 03 30 15   160   140 10008   100    20 -9999 -9999     0
2021 03 30 18   148   123 10009   110    10 -9999 -9999     0
2021 03 30 21   140   113 10001    80    10 -9999 -9999     0
2021 03 31 00   151   111 10012    96    13 -9999 -9999 -9999
2021 03 31 03   192   118 10017    45    19 -9999 -9999 -9999
2021 03 31 06   215   137 10004   270    10 -9999 -9999     0
2021 03 31 09   220   148  9990    72     9 -9999 -9999 -9999
2021 03 31 12   203   133 10012    50    20 -9999 -9999     0
2021 03 31 15   189   110 10023    40    20 -9999 -9999     0
2021 03 31 18   177   115 10016    70    10 -9999 -9999     0
2021 03 31 21   160   126 10020    92    14 -9999 -9999     4
2021 04 01 00   148   132 10052    40    10 -9999 -9999    80
2021 04 01 03   150   130 10075    50    10 -9999 -9999   110
2021 04 01 06   145   134 10074    20    10 -9999 -9999    80
2021 04 01 09   146   126 10068    30    20 -9999 -9999    50
2021 04 01 12   146   126 10082   355     5 -9999 -9999     3
2021 04 01 15   145   127 10097    80    10 -9999 -9999 -9999
2021 04 01 18   142   124 10092    88    10 -9999 -9999     1
2021 04 01 21   132   124 10095   118    11 -9999 -9999    42
2021 04 02 00   131   123 10118    90    10 -9999 -9999    70
2021 04 02 03   133   125 10130    40    20 -9999 -9999    50
2021 04 02 06   138   130 10121    90    10 -9999 -9999    30
2021 04 02 09   132   119 10122    50    20 -9999 -9999    30
2021 04 02 12   132   115 10140    55    12 -9999 -9999     9
2021 04 02 15   130   114 10164   110    10 -9999 -9999     3
2021 04 02 18   126   108 10163    40    10 -9999 -9999     5
2021 04 02 21   121   112 10165   109    10 -9999 -9999     5
2021 04 03 00   120   111 10185    60    10 -9999 -9999     8
2021 04 03 03   125   116 10202    30    10 -9999 -9999    30
2021 04 03 06   132   121 10184    30    20 -9999 -9999    20
2021 04 03 09   140   115 10173    32    17 -9999 -9999     2
2021 04 03 12   139   118 10187    60    10 -9999 -9999     0
2021 04 03 15   136   117 10202    90    10 -9999 -9999     0
2021 04 03 18   129   115 10198    80    10 -9999 -9999 -9999
2021 04 03 21   129   111 10193    80    10 -9999 -9999 -9999
2021 04 04 00   132   109 10204    70    10 -9999 -9999     0
2021 04 04 03   145   117 10214    70    10 -9999 -9999     1
2021 04 04 06   161   117 10191   321     8 -9999 -9999     1
2021 04 04 09   165   110 10166     0 -9999 -9999 -9999     0
2021 04 04 12   156   114 10180    88    13 -9999 -9999 -9999
2021 04 04 15   150   110 10199    70    20 -9999 -9999     0
2021 04 04 18   142   106 10195    75    10 -9999 -9999 -9999
2021 04 04 21   136   104 10197   350    10 -9999 -9999     0
2021 04 05 00   136   100 10212    89    13 -9999 -9999 -9999
2021 04 05 03   150   100 10217    20    10 -9999 -9999     0
2021 04 05 06   182   103 10191    60    12 -9999 -9999 -9999
2021 04 05 09   171   100 10172    20    10 -9999 -9999     0
2021 04 05 12   161   115 10184    70    10 -9999 -9999     0
2021 04 05 15   150   118 10196    70    10 -9999 -9999     0
2021 04 05 18   144   116 10186    60    10 -9999 -9999     0
2021 04 05 21   127   109 10170    80    10 -9999 -9999     0
2021 04 06 00   131   112 10189    91     9 -9999 -9999 -9999
2021 04 06 03   179   105 10197    30    10 -9999 -9999     0
2021 04 06 06   198   105 10176   130    10 -9999 -9999     0
2021 04 06 09   191   112 10165   250    10 -9999 -9999     0
2021 04 06 12   163   134 10185    80    10 -9999 -9999     1
2021 04 06 15   147   139 10193    40    10 -9999 -9999    70
2021 04 06 18   145   139 10180   301     7 -9999 -9999   112
2021 04 06 21   143   137 10164   140    10 -9999 -9999   120
2021 04 07 00   142   137 10179   167     7 -9999 -9999   107
2021 04 07 03   150   142 10195   100    10 -9999 -9999    50
2021 04 07 06   161   132 10176    40    18 -9999 -9999    15
2021 04 07 09   158   136 10165   200    10 -9999 -9999     7
2021 04 07 12   157   139 10180   100    10 -9999 -9999     0
2021 04 07 15   152   137 10198    50     8 -9999 -9999 -9999
2021 04 07 18   146   130 10185    64    14 -9999 -9999 -9999
2021 04 07 21   131   110 10185    40    10 -9999 -9999     0
2021 04 08 00   137   111 10198    87    11 -9999 -9999 -9999
2021 04 08 06   210   113 10177   100    20 -9999 -9999     0
2021 04 08 09   222    94 10154   130    20 -9999 -9999     0
2021 04 08 12   192   125 10165   276     8 -9999 -9999 -9999
2021 04 08 15   159   134 10184    80    10 -9999 -9999     0
2021 04 08 18   141   128 10175    53    12 -9999 -9999 -9999
2021 04 08 21   130   116 10168    60    10 -9999 -9999     0
2021 04 09 00   137   114 10184    91    12 -9999 -9999 -9999
2021 04 09 03   205    88 10185   194    19 -9999 -9999 -9999
2021 04 09 06   201    97 10171   290    10 -9999 -9999     0
2021 04 09 09   199   103 10158   290    20 -9999 -9999     0
2021 04 09 12   182   118 10167    80    10 -9999 -9999     0
2021 04 09 15   160   119 10186    76     6 -9999 -9999 -9999
2021 04 09 18   145   118 10184    80    10 -9999 -9999     0
2021 04 09 21   142   117 10185    90    10 -9999 -9999     0
2021 04 10 00   137   120 10201    44     9 -9999 -9999     1
2021 04 10 03   157   113 10215   350    10 -9999 -9999     1
2021 04 10 06   168    92 10194   100    20 -9999 -9999     0
2021 04 10 09   173    90 10173   100    20 -9999 -9999     1
2021 04 10 12   167    87 10184   100    20 -9999 -9999     1
2021 04 10 15   155   103 10191    40    10 -9999 -9999     0
2021 04 10 18   145   116 10195    91    10 -9999 -9999     9
2021 04 10 21   130   116 10187    89    11 -9999 -9999    44
2021 04 11 00   131   118 10198    90    10 -9999 -9999    40
2021 04 11 03   141   113 10208    50    10 -9999 -9999     0
2021 04 11 06   162   114 10183    20    10 -9999 -9999     0
2021 04 11 09   175   117 10163    56    15 -9999 -9999 -9999
2021 04 11 12   160   126 10173    70    10 -9999 -9999     0
2021 04 11 15   144   124 10196    80    10 -9999 -9999     0
2021 04 11 18   138   125 10191    60    10 -9999 -9999     0
2021 04 11 21   129   120 10179    40    10 -9999 -9999     0
2021 04 12 00   125   121 10195    40    10 -9999 -9999 -9999
2021 04 12 03   172   129 10195    96    16 -9999 -9999     1
2021 04 12 06   205   120 10164   283    20 -9999 -9999     1
2021 04 12 09   217   117 10143   170    20 -9999 -9999     0
2021 04 12 12   186   130 10168   274     7 -9999 -9999 -9999
2021 04 12 15   170   135 10181   100    10 -9999 -9999     0
2021 04 12 18   162   139 10179   130    10 -9999 -9999     0
2021 04 12 21   152   139 10166    70    10 -9999 -9999    10
2021 04 13 00   151   141 10180    80    10 -9999 -9999    20
2021 04 13 03   157   142 10185    50    10 -9999 -9999    10
2021 04 13 06   166   144 10161    90    11 -9999 -9999 -9999
2021 04 13 09   172   147 10141    50    10 -9999 -9999     0
2021 04 13 12   169   153 10153    70    10 -9999 -9999     0
2021 04 13 15   166   150 10171    69    10 -9999 -9999 -9999
2021 04 13 18   160   149 10171    70    10 -9999 -9999     7
2021 04 13 21   153   145 10166    70    10 -9999 -9999    40
2021 04 14 00   151   143 10178    70    10 -9999 -9999    40
2021 04 14 03   150   137 10186   350    10 -9999 -9999    30
2021 04 14 06   148   138 10164    40    10 -9999 -9999    40
2021 04 14 09   152   142 10144   358    10 -9999 -9999    21
2021 04 14 12   151   140 10150    40    20 -9999 -9999     5
2021 04 14 15   149   138 10158    90    10 -9999 -9999     1
2021 04 14 18   145   137 10156    40    10 -9999 -9999     1
2021 04 14 21   142   133 10145    72     8 -9999 -9999     1
2021 04 15 00   150   132 10152    49    13 -9999 -9999     1
2021 04 15 03   190   138 10159   296    10 -9999 -9999     1
2021 04 15 06   215   132 10136   303    12 -9999 -9999 -9999
2021 04 15 09   202   141 10124   230    20 -9999 -9999     0
2021 04 15 12   187   150 10153   187     8 -9999 -9999 -9999
2021 04 15 15   177   150 10173   121     7 -9999 -9999 -9999
2021 04 15 18   166   153 10173   260    10 -9999 -9999     8
2021 04 15 21   153   143 10163    90    10 -9999 -9999    20
2021 04 16 00   150   137 10183    60    10 -9999 -9999    10
2021 04 16 03   168   133 10200    10    10 -9999 -9999     0
2021 04 16 06   175   138 10190    41    19 -9999 -9999 -9999
2021 04 16 09   174   123 10181   360    20 -9999 -9999     0
2021 04 16 12   164   129 10196   330    10 -9999 -9999     0
2021 04 16 15   144   130 10214    80    10 -9999 -9999     0
2021 04 16 18   135   123 10215    33     7 -9999 -9999 -9999
2021 04 16 21   126   118 10209    90    10 -9999 -9999     0
2021 04 17 00   133   119 10224    40    10 -9999 -9999     0
2021 04 17 03   159   128 10224    40    20 -9999 -9999     0
2021 04 17 06   195   132 10201   180    10 -9999 -9999     0
2021 04 17 09   184   145 10188   230    10 -9999 -9999 -9999
2021 04 17 12   175   152 10189    32     9 -9999 -9999 -9999
2021 04 17 15   166   148 10193    50    10 -9999 -9999     0
2021 04 17 18   165   143 10171    80    10 -9999 -9999     0
2021 04 17 21   159   144 10178   190    10 -9999 -9999 -9999
2021 04 18 00   151   138 10187   120     7 -9999 -9999     7
2021 04 18 03   156   140 10192   360    10 -9999 -9999    20
2021 04 18 06   165   121 10172    30    10 -9999 -9999     9
2021 04 18 09   181   114 10147    62    14 -9999 -9999 -9999
2021 04 18 12   172   127 10152    50    10 -9999 -9999     0
2021 04 18 15   161   136 10162    69    11 -9999 -9999 -9999
2021 04 18 18   155   130 10144    60    10 -9999 -9999     0
2021 04 18 21   149   131 10130    60    10 -9999 -9999     0
2021 04 19 00   149   131 10133    90    10 -9999 -9999     0
2021 04 19 03   171   122 10132    40    10 -9999 -9999     0
2021 04 19 06   178   127 10107    20    10 -9999 -9999     0
2021 04 19 09   182   129 10085    30    10 -9999 -9999     0
2021 04 19 12   172   134 10092    82    12 -9999 -9999 -9999
2021 04 19 15   165   140 10102    70    10 -9999 -9999     0
2021 04 19 18   161   141 10091    90    10 -9999 -9999     3
2021 04 19 21   155   145 10087   100     9 -9999 -9999     8
2021 04 20 00   155   147 10100   130    10 -9999 -9999    30
2021 04 20 03   162   153 10112   125     9 -9999 -9999    28
2021 04 20 06   175   158 10096    30    10 -9999 -9999    10
2021 04 20 09   187   152 10087   160    10 -9999 -9999     2
2021 04 20 12   175   158 10105   280    10 -9999 -9999     0
2021 04 20 15   169   156 10122    50    10 -9999 -9999     0
2021 04 20 18   161   155 10119    90    10 -9999 -9999     0
2021 04 20 21   161   156 10107    80    10 -9999 -9999     0
