2021 01 01 00   -65   -77 10326   340    10 -9999 -9999     0
2021 01 01 03    17   -79 10323   210    20 -9999 -9999     0
2021 01 01 06    56   -79 10293   220    20 -9999 -9999     0
2021 01 01 09    52   -73 10286   210    10 -9999 -9999     0
2021 01 01 12    17   -59 10299   100    20 -9999 -9999     0
2021 01 01 18   -29   -52 10298   360    30 -9999 -9999     0
2021 01 01 21   -43   -55 10296    10    30 -9999 -9999     0
2021 01 02 00   -41   -56 10296   280    10 -9999 -9999     0
2021 01 02 03    59   -35 10292   140    10 -9999 -9999     0
2021 01 02 06    97   -39 10260   260    20 -9999 -9999     0
2021 01 02 09    94   -45 10254   100    10 -9999 -9999     0
2021 01 02 12    43   -37 10269    30    20 -9999 -9999     0
2021 01 02 18    16   -13 10281   340    10 -9999 -9999     0
2021 01 02 21    24   -19 10291   360    20 -9999 -9999     0
2021 01 03 00    28   -14 10299   350    20 -9999 -9999     0
2021 01 03 03    53   -14 10295   360    10 -9999 -9999     0
2021 01 03 06   101    -7 10269   230    20 -9999 -9999     0
2021 01 03 09    90   -11 10281   240    20 -9999 -9999     0
2021 01 03 12    40   -18 10305   330    20 -9999 -9999     0
2021 01 03 18     5   -19 10295    40    20 -9999 -9999     0
2021 01 03 21    -7   -18 10293    20    20 -9999 -9999     0
2021 01 04 00   -12   -22 10289    40    10 -9999 -9999     0
2021 01 04 03    66    -8 10296    40    10 -9999 -9999     0
2021 01 04 06   102   -12 10260    20    10 -9999 -9999     0
2021 01 04 09    97   -14 10267   300    20 -9999 -9999     0
2021 01 04 12    65    16 10287    10    40 -9999 -9999     0
2021 01 04 18    54    26 10290    10    50 -9999 -9999     0
2021 01 04 21    46    20 10296   350    40 -9999 -9999     0
2021 01 05 00    36    13 10323   350    40 -9999 -9999     0
2021 01 05 03    50     8 10325   350    40 -9999 -9999     0
2021 01 05 06    32    -6 10309   360    60 -9999 -9999     0
2021 01 05 09    24   -10 10318    10    50 -9999 -9999     0
2021 01 05 12    19    -7 10329    10    50 -9999 -9999     0
2021 01 05 18    12    -7 10315   360    20 -9999 -9999     0
2021 01 05 21     5   -11 10308   330    20 -9999 -9999     0
2021 01 06 00     9    -7 10315   340    20 -9999 -9999     0
2021 01 06 03    30   -10 10304   360    30 -9999 -9999     0
2021 01 06 06    48   -56 10283    10    50 -9999 -9999     0
2021 01 06 09    30   -49 10298   360    50 -9999 -9999     0
2021 01 06 12    26   -76 10320    10    50 -9999 -9999     0
2021 01 06 18    14   -74 10354   350    40 -9999 -9999     0
2021 01 06 21    -8  -104 10367    10    50 -9999 -9999     0
2021 01 07 00   -30  -147 10389   360    60 -9999 -9999     0
2021 01 07 03   -21  -186 10402    20    50 -9999 -9999     0
2021 01 07 06   -17  -206 10372   360    50 -9999 -9999     0
2021 01 07 09   -32  -204 10372    10    50 -9999 -9999     0
2021 01 07 12   -53  -191 10392   360    30 -9999 -9999     0
2021 01 07 18   -59  -149 10391   340    10 -9999 -9999     0
2021 01 07 21   -81  -131 10381   330    10 -9999 -9999     0
2021 01 08 00   -87  -128 10390     0 -9999 -9999 -9999     0
2021 01 08 03   -19  -180 10390   220    20 -9999 -9999     0
2021 01 08 06    25  -182 10345   260    20 -9999 -9999     0
2021 01 08 09    28  -174 10328   180    10 -9999 -9999     0
2021 01 08 12   -17  -129 10342   170    20 -9999 -9999     0
2021 01 08 18   -49   -92 10344    60    10 -9999 -9999     0
2021 01 08 21   -55   -91 10337    50    10 -9999 -9999     0
2021 01 09 00   -54   -77 10343     0 -9999 -9999 -9999     0
2021 01 09 03    17  -108 10344   210    10 -9999 -9999     0
2021 01 09 06    54  -146 10312   190    20 -9999 -9999     0
2021 01 09 09    48  -141 10297   210    10 -9999 -9999     0
2021 01 09 12    17  -121 10313    40    20 -9999 -9999     0
2021 01 09 18   -22   -77 10330   290    20 -9999 -9999     0
2021 01 09 21   -23   -92 10319   350    30 -9999 -9999     0
2021 01 10 00   -27   -82 10315    30    20 -9999 -9999     0
2021 01 10 03    52  -154 10332   350    30 -9999 -9999     0
2021 01 10 06    70  -157 10301   340    60 -9999 -9999     0
2021 01 10 09    57  -144 10297   340    30 -9999 -9999     0
2021 01 10 12    32  -123 10328   360    40 -9999 -9999     0
2021 01 10 18     0  -105 10360   290    30 -9999 -9999     0
2021 01 10 21    -2   -96 10338    70    10 -9999 -9999     0
2021 01 11 00   -17   -89 10349   320    20 -9999 -9999     0
2021 01 11 03    55  -111 10354   150    10 -9999 -9999     0
2021 01 11 06    73  -142 10316   290    50 -9999 -9999     0
2021 01 11 09    67  -141 10310   320    20 -9999 -9999     0
2021 01 11 12    29  -134 10320   350    20 -9999 -9999     0
2021 01 11 18   -22   -89 10296    80    20 -9999 -9999     0
2021 01 11 21   -42   -85 10274   270    10 -9999 -9999     0
2021 01 12 00   -36   -77 10265   110    20 -9999 -9999     0
2021 01 12 03    67   -88 10259   210    50 -9999 -9999     0
2021 01 12 06   100   -63 10221   200    50 -9999 -9999     0
2021 01 12 09   101   -43 10201   180    40 -9999 -9999     0
2021 01 12 12    63   -54 10200   160    20 -9999 -9999     0
2021 01 12 18    22   -50 10195   120    10 -9999 -9999     0
2021 01 12 21    36   -56 10189   130    10 -9999 -9999     0
2021 01 13 00    38   -57 10193   150    20 -9999 -9999     0
2021 01 13 03   132   -54 10205   210    40 -9999 -9999     0
2021 01 13 06   158   -59 10177   180    40 -9999 -9999     0
2021 01 13 09   141   -37 10173   210    30 -9999 -9999     0
2021 01 13 12   105   -39 10181   100    10 -9999 -9999     0
2021 01 13 18    34   -34 10191    40    20 -9999 -9999     0
2021 01 13 21    14   -29 10183   340    10 -9999 -9999     0
2021 01 14 00    17   -28 10184    40    20 -9999 -9999     0
2021 01 14 03   128     9 10178   180    20 -9999 -9999     0
2021 01 14 06   199   -84 10140   200    50 -9999 -9999     0
2021 01 14 09   180   -74 10133   190    30 -9999 -9999     0
2021 01 14 12   131   -65 10141   180    20 -9999 -9999     0
2021 01 14 18    57   -36 10165    40    20 -9999 -9999     0
2021 01 14 21    31   -22 10170    60    10 -9999 -9999     0
2021 01 15 00    52   -26 10182    10    30 -9999 -9999     0
2021 01 15 03   147   -56 10194    40    40 -9999 -9999     0
2021 01 15 06   161   -45 10177   360    60 -9999 -9999     0
2021 01 15 09   133   -53 10187    10    60 -9999 -9999     0
2021 01 15 12    97   -84 10212    10    30 -9999 -9999     0
2021 01 15 18    84   -95 10236   360    40 -9999 -9999     0
2021 01 15 21    63   -57 10258   350    40 -9999 -9999     0
2021 01 16 00    44   -65 10275   350    40 -9999 -9999     0
2021 01 16 03    84   -82 10278    40    20 -9999 -9999     0
2021 01 16 06    84   -65 10276    10    60 -9999 -9999     0
2021 01 16 09    68   -59 10287    10    80 -9999 -9999     0
2021 01 16 12    46   -55 10338   340    40 -9999 -9999     0
2021 01 16 18    24   -37 10374   360    30 -9999 -9999     0
2021 01 16 21     7   -45 10377   350    40 -9999 -9999     0
2021 01 17 00    -7   -44 10383   340    10 -9999 -9999     0
2021 01 17 03    56   -90 10378    20    30 -9999 -9999     0
2021 01 17 06    76  -146 10334   290    30 -9999 -9999     0
2021 01 17 09    70  -133 10315   210    40 -9999 -9999     0
2021 01 17 12    24   -98 10312   150    20 -9999 -9999     0
2021 01 17 18     0   -80 10290   110    10 -9999 -9999     0
2021 01 17 21   -23   -56 10278    10    10 -9999 -9999     0
2021 01 18 00   -20   -51 10284    30    10 -9999 -9999     0
2021 01 18 03    89   -43 10289   200    30 -9999 -9999     0
2021 01 18 06   122   -28 10249   170    20 -9999 -9999     0
2021 01 18 09   113   -25 10240   200    20 -9999 -9999     0
2021 01 18 12    77   -21 10243   110    20 -9999 -9999     0
2021 01 18 18     4   -26 10236    30    20 -9999 -9999     0
2021 01 18 21   -11   -33 10232    50    20 -9999 -9999     0
2021 01 19 00    -9   -37 10233    10    30 -9999 -9999     0
2021 01 19 03   107   -27 10240   210    20 -9999 -9999     0
2021 01 19 06   163   -74 10208   200    20 -9999 -9999     0
2021 01 19 09   154   -56 10201   160    30 -9999 -9999     0
2021 01 19 12   100   -40 10205   130    30 -9999 -9999     0
2021 01 19 18    21   -34 10207    30    20 -9999 -9999     0
2021 01 19 21    26   -27 10202   360    20 -9999 -9999     0
2021 01 20 00    50   -28 10208    10    10 -9999 -9999     0
2021 01 20 03   124   -15 10216   310    10 -9999 -9999     0
2021 01 20 06   115     3 10206   320    20 -9999 -9999     0
2021 01 20 09    86    52 10203    70    20 -9999 -9999    10
2021 01 20 12    82    60 10205   340    10 -9999 -9999    20
2021 01 20 18    70    50 10205    80    10 -9999 -9999     0
2021 01 20 21    65    45 10204   160    10 -9999 -9999 -9999
2021 01 21 00    62    52 10210   330    20 -9999 -9999 -9999
2021 01 21 03    76    56 10215     0 -9999 -9999 -9999     0
2021 01 21 06    80    60 10198   170    10 -9999 -9999 -9999
2021 01 21 09    88    61 10202   220    10 -9999 -9999 -9999
2021 01 21 12    79    67 10210   220    10 -9999 -9999 -9999
2021 01 21 18    71    64 10208   250    10 -9999 -9999   150
2021 01 21 21    69    63 10196   360    20 -9999 -9999    70
2021 01 22 00    68    64 10208   330    10 -9999 -9999   110
2021 01 22 03    74    68 10212   310    10 -9999 -9999   110
2021 01 22 06    81    73 10183   320    10 -9999 -9999     0
2021 01 22 09    75    71 10182   350    20 -9999 -9999    30
2021 01 22 12    66    62 10196   350    20 -9999 -9999   130
2021 01 22 18    64    61 10198   350    20 -9999 -9999   170
2021 01 22 21    64    60 10195   320    20 -9999 -9999   170
2021 01 23 00    60    54 10208   340    30 -9999 -9999     1
2021 01 23 03    84    64 10213   360    40 -9999 -9999     0
2021 01 23 06    94    61 10202   310    20 -9999 -9999     0
2021 01 23 09    89    58 10211     0 -9999 -9999 -9999     0
2021 01 23 12    72    60 10219    20    30 -9999 -9999     0
2021 01 23 18    41    37 10233    40    20 -9999 -9999     0
2021 01 23 21    29    25 10206    10    20 -9999 -9999     0
2021 01 24 00    32    29 10224    30    20 -9999 -9999     0
2021 01 24 03   110    49 10226    10    30 -9999 -9999     7
2021 01 24 06   121    50 10194   200    20 -9999 -9999     7
2021 01 24 09   115    56 10184   250    20 -9999 -9999    50
2021 01 24 12    74    62 10199   330    30 -9999 -9999    60
2021 01 24 18    70    66 10217   350    20 -9999 -9999    20
2021 01 24 21    57    53 10220   340    30 -9999 -9999    20
2021 01 25 00    54    45 10235   350    40 -9999 -9999    20
2021 01 25 03    54    44 10244   340    40 -9999 -9999     9
2021 01 25 06    43    34 10234   340    50 -9999 -9999     4
2021 01 25 09    36    27 10239   340    40 -9999 -9999    20
2021 01 25 12    32    22 10242   340    30 -9999 -9999    20
2021 01 25 18    35    22 10255    50    10 -9999 -9999     0
2021 01 25 21    36    26 10255   340    20 -9999 -9999     0
2021 01 26 00    31    24 10270     0 -9999 -9999 -9999     0
2021 01 26 03    76    35 10272    20    20 -9999 -9999     0
2021 01 26 06   113    -5 10243    20    50 -9999 -9999     0
2021 01 26 09   110    13 10238   360    20 -9999 -9999     0
2021 01 26 12    74    15 10250   360    20 -9999 -9999     0
2021 01 26 18    51    26 10252   340    20 -9999 -9999    30
2021 01 26 21    37    22 10235   320    10 -9999 -9999     0
2021 01 27 00    45    28 10244    30    20 -9999 -9999     0
2021 01 27 03    66    38 10249   330    10 -9999 -9999 -9999
2021 01 27 06    68    54 10221     0 -9999 -9999 -9999     3
2021 01 27 09    66    60 10223   340    10 -9999 -9999    20
2021 01 27 12    62    58 10247     0 -9999 -9999 -9999    20
2021 01 27 18    35    32 10284     0 -9999 -9999 -9999     1
2021 01 27 21    36    33 10281   250    10 -9999 -9999     1
2021 01 28 00    35    34 10309     0 -9999 -9999 -9999     2
2021 01 28 03    60    56 10325    10    10 -9999 -9999     1
2021 01 28 06   118   -71 10304   360    70 -9999 -9999     0
2021 01 28 09   106   -81 10300    30    30 -9999 -9999     0
2021 01 28 12    62   -54 10309    50    20 -9999 -9999     0
2021 01 28 18    10   -31 10303    30    30 -9999 -9999     0
2021 01 28 21   -10   -29 10287    80    10 -9999 -9999     0
2021 01 29 00    -6   -26 10295    50    10 -9999 -9999     0
2021 01 29 03    82   -24 10293   180    20 -9999 -9999     0
2021 01 29 06   134   -52 10255   210    20 -9999 -9999     0
2021 01 29 09   131   -55 10241   220    10 -9999 -9999     0
2021 01 29 12    97   -17 10245   140    10 -9999 -9999     0
2021 01 29 18    64    11 10250     0 -9999 -9999 -9999     0
2021 01 29 21    61     8 10241    20    20 -9999 -9999     0
2021 01 30 00    59    22 10251     0 -9999 -9999 -9999     0
2021 01 30 03    92    21 10260   100    10 -9999 -9999     0
2021 01 30 06   121    11 10237   200    10 -9999 -9999     0
2021 01 30 09   114     8 10233   220    10 -9999 -9999     0
2021 01 30 12    95    17 10242   290    10 -9999 -9999     0
2021 01 30 18    77    34 10242    90    10 -9999 -9999     0
2021 01 30 21    53    30 10236   290    10 -9999 -9999     0
2021 01 31 00    43    26 10248    30    10 -9999 -9999 -9999
2021 01 31 03    78    31 10249   130    20 -9999 -9999     0
2021 01 31 06    85    51 10225   230    10 -9999 -9999     3
2021 01 31 09    69    57 10236   270    20 -9999 -9999    20
2021 01 31 12    62    53 10232   320    10 -9999 -9999    40
2021 01 31 18    59    55 10226   360    10 -9999 -9999    10
2021 01 31 21    61    57 10218   100    10 -9999 -9999     2
2021 02 01 00    61    57 10226     0 -9999 -9999 -9999     0
2021 02 01 03    75    64 10238   240    10 -9999 -9999     0
2021 02 01 06    87    63 10221   230    10 -9999 -9999     0
2021 02 01 09   102    62 10221   180    10 -9999 -9999     0
2021 02 01 12    68    56 10242   160    10 -9999 -9999     0
2021 02 01 18    23    20 10272    10    20 -9999 -9999     0
2021 02 01 21    43    40 10262    20    20 -9999 -9999     1
2021 02 02 00    35    34 10285   110    10 -9999 -9999     1
2021 02 02 03    47    46 10294    30    10 -9999 -9999     0
2021 02 02 06   108    66 10266   200    30 -9999 -9999     0
2021 02 02 09   119    51 10252     0 -9999 -9999 -9999     0
2021 02 02 12    79    54 10257   270    10 -9999 -9999     0
2021 02 02 18    47    38 10248   170    10 -9999 -9999     0
2021 02 02 21    27    23 10242   130    10 -9999 -9999     0
2021 02 03 00    31    28 10256   350    10 -9999 -9999     0
2021 02 03 03   111    60 10253   200    20 -9999 -9999     0
2021 02 03 06   153    68 10231   230    30 -9999 -9999     0
2021 02 03 09   150    73 10224   130    20 -9999 -9999     0
2021 02 03 12   116    73 10249   230    20 -9999 -9999   100
2021 02 03 18    71    48 10262    10    20 -9999 -9999     0
2021 02 03 21    68    34 10260    50    10 -9999 -9999     0
2021 02 04 00    63    28 10276    50    20 -9999 -9999     0
2021 02 04 03   138    11 10272    60    10 -9999 -9999     0
2021 02 04 06   153   -26 10244   330    10 -9999 -9999     0
2021 02 04 09   140    23 10224   270    20 -9999 -9999     0
2021 02 04 12    88    71 10243   330    30 -9999 -9999    20
2021 02 04 18    78    72 10234   340    10 -9999 -9999    20
2021 02 04 21    73    67 10219   340    10 -9999 -9999     5
2021 02 05 00    71    67 10228   220    10 -9999 -9999     4
2021 02 05 03    80    71 10243   240    10 -9999 -9999    20
2021 02 05 06   106    73 10213   170    20 -9999 -9999    20
2021 02 05 09   100    72 10204   190    40 -9999 -9999     0
2021 02 05 12    70    58 10221   160    20 -9999 -9999     0
2021 02 05 18    72    60 10227   170    10 -9999 -9999     0
2021 02 05 21    74    62 10216   150    10 -9999 -9999     0
2021 02 06 00    73    61 10228     0 -9999 -9999 -9999     0
2021 02 06 03    93    57 10231   230    10 -9999 -9999     0
2021 02 06 06   137    68 10194   190    20 -9999 -9999     0
2021 02 06 09   136    69 10186   220    20 -9999 -9999     0
2021 02 06 12   110    75 10195   310    10 -9999 -9999     0
2021 02 06 18    87    75 10200   340    10 -9999 -9999     0
2021 02 06 21    79    71 10196   360    10 -9999 -9999     0
2021 02 07 00    81    75 10211   350    10 -9999 -9999     0
2021 02 07 03   123    76 10222   340    10 -9999 -9999     0
2021 02 07 06   127    93 10208   160    20 -9999 -9999 -9999
2021 02 07 09   123    95 10219     0 -9999 -9999 -9999 -9999
2021 02 07 12   106   100 10251   270    10 -9999 -9999     6
2021 02 07 18    91    55 10256    10    40 -9999 -9999     4
2021 02 07 21    83    51 10265    10    40 -9999 -9999     1
2021 02 08 00    75    39 10293   360    40 -9999 -9999     0
2021 02 08 03   100    52 10304    10    40 -9999 -9999     0
2021 02 08 06   130    52 10283   360    30 -9999 -9999     0
2021 02 08 09   117    49 10278   360    40 -9999 -9999     0
2021 02 08 12    82    38 10293   360    30 -9999 -9999     0
2021 02 08 18    46    23 10286    20    20 -9999 -9999     0
2021 02 08 21    29    17 10270   340    10 -9999 -9999     0
2021 02 09 00    28    22 10279     0 -9999 -9999 -9999     0
2021 02 09 03   105    44 10270   260    20 -9999 -9999     0
2021 02 09 06   143    51 10236   240    20 -9999 -9999     0
2021 02 09 12   110    64 10233   180    10 -9999 -9999     0
2021 02 09 18    83    64 10230     0 -9999 -9999 -9999     0
2021 02 09 21    71    57 10214    50    10 -9999 -9999     0
2021 02 10 00    71    59 10229    60    10 -9999 -9999     0
2021 02 10 03   116    59 10237    40    10 -9999 -9999     0
2021 02 10 06   138    59 10211   160    10 -9999 -9999     0
2021 02 10 09   130    68 10206   190    10 -9999 -9999     0
2021 02 11 00    86    66 10212   360    20 -9999 -9999     0
2021 02 13 12   146    88 10185   270    10 -9999 -9999     0
2021 02 13 18   105    89 10176   330    20 -9999 -9999     0
2021 02 13 21    99    87 10163   110    20 -9999 -9999     0
2021 02 14 00   101    92 10172   260    10 -9999 -9999     0
2021 02 14 03   164   109 10179   240    20 -9999 -9999     0
2021 02 14 06   197    87 10152   220    40 -9999 -9999     0
2021 02 14 09   192    85 10153   220    30 -9999 -9999     0
2021 02 14 12   146    90 10160   160    20 -9999 -9999     0
2021 02 14 18    96    79 10174    70    10 -9999 -9999     0
2021 02 14 21    84    72 10179    20    20 -9999 -9999     0
2021 02 15 00    94    78 10199   350    30 -9999 -9999     0
2021 02 15 03   141    91 10218   360    60 -9999 -9999     0
2021 02 15 06   151    86 10194   360    70 -9999 -9999     0
2021 02 15 09   128    59 10195    10    60 -9999 -9999     0
2021 02 15 12   101    49 10205    10    20 -9999 -9999     0
2021 02 15 18    72    47 10198   300    20 -9999 -9999     0
2021 02 15 21    64    47 10199   360    10 -9999 -9999     0
2021 02 16 00    57    47 10206   310    10 -9999 -9999     0
2021 02 16 03   138    27 10218   310    20 -9999 -9999     0
2021 02 16 06   180    -3 10191   320    20 -9999 -9999     0
2021 02 16 09   171   -31 10198    20    30 -9999 -9999     0
2021 02 16 12   121   -25 10227   350    20 -9999 -9999     0
2021 02 16 18    65     0 10249    70    10 -9999 -9999     0
2021 02 16 21    38     5 10255    10    10 -9999 -9999     0
2021 02 17 00    49    10 10274   360    20 -9999 -9999     0
2021 02 17 03   147   -14 10280    30    30 -9999 -9999     0
2021 02 17 06   174   -64 10266    10    40 -9999 -9999     0
2021 02 17 09   159   -70 10265   350    40 -9999 -9999     0
2021 02 17 12   111   -23 10283    20    30 -9999 -9999     0
2021 02 17 18    49    10 10297   360    30 -9999 -9999     0
2021 02 17 21    25     9 10299   350    10 -9999 -9999     0
2021 02 18 00    34    10 10317    50    10 -9999 -9999     0
2021 02 18 03   122     9 10319   170    20 -9999 -9999     0
2021 02 18 06   168    -4 10288   210    20 -9999 -9999     0
2021 02 18 09   169   -17 10270   210    20 -9999 -9999     0
2021 02 18 12   125     6 10272   200    10 -9999 -9999     0
2021 02 18 18    59    25 10257     0 -9999 -9999 -9999     0
2021 02 18 21    39    19 10241    20    10 -9999 -9999     0
2021 02 19 00    53    23 10248     0 -9999 -9999 -9999     0
2021 02 19 03   169    25 10241   210    30 -9999 -9999     0
2021 02 19 06   196    56 10207   190    40 -9999 -9999     0
2021 02 19 09   199    59 10190   210    50 -9999 -9999     0
2021 02 20 18   102    62 10145    17    16 -9999 -9999 -9999
2021 02 20 21    80    49 10132    24    20 -9999 -9999 -9999
2021 02 21 00    95    60 10142   360     1 -9999 -9999 -9999
2021 02 21 06   245    67 10114   219    45 -9999 -9999 -9999
2021 02 21 12   192    83 10119   143    20 -9999 -9999 -9999
2021 02 21 18   130    92 10136    74     6 -9999 -9999 -9999
2021 02 21 21   111    81 10132   360     2 -9999 -9999 -9999
2021 02 22 00   117    92 10159   131     6 -9999 -9999 -9999
2021 02 22 03   242   115 10161   150    10 -9999 -9999     0
2021 02 22 06   277    86 10138   290    20 -9999 -9999     0
2021 02 22 09   268    63 10138    10    50 -9999 -9999     0
2021 02 22 12   204    84 10170   360    40 -9999 -9999     0
2021 02 22 18   137    66 10191    10    30 -9999 -9999     0
2021 02 22 21   110    53 10184   350    20 -9999 -9999     0
2021 02 23 00   107    44 10195   350    30 -9999 -9999     0
2021 02 23 03   172    61 10195   330    20 -9999 -9999     0
2021 02 23 06   214    69 10164   320    20 -9999 -9999     0
2021 02 23 09   202    72 10152   320    30 -9999 -9999     0
2021 02 23 12   146    59 10162   330    30 -9999 -9999     0
2021 02 23 18   117    58 10167   360    20 -9999 -9999     0
2021 02 23 21   114    53 10165   340    30 -9999 -9999     0
2021 02 24 00    97    45 10180   360    50 -9999 -9999     0
2021 02 24 03   138    52 10172    10    30 -9999 -9999     0
2021 02 24 06   141    60 10134   330    40 -9999 -9999     0
2021 02 24 09   139    63 10122   340    40 -9999 -9999 -9999
2021 02 24 12   119    66 10131    10    40 -9999 -9999 -9999
2021 02 24 18    67    58 10153   360    70 -9999 -9999    80
2021 02 24 21    53    43 10151   340    50 -9999 -9999   120
2021 02 25 00    54    41 10168    10    80 -9999 -9999    40
2021 02 25 03    65    42 10179   360    60 -9999 -9999     3
2021 02 25 06    55    35 10174   360    70 -9999 -9999     0
2021 02 25 09    55    30 10176   360    70 -9999 -9999     0
2021 02 25 12    59    29 10188    10    60 -9999 -9999     0
2021 02 25 18    55    43 10196   360    50 -9999 -9999     4
2021 02 25 21    52    37 10187    40    60 -9999 -9999    20
2021 02 26 00    44    31 10214    10    50 -9999 -9999    20
2021 02 26 03    63    33 10224    10    40 -9999 -9999     7
2021 02 26 06    72    38 10210    10    50 -9999 -9999     0
2021 02 26 09    66    39 10210   360    40 -9999 -9999     0
2021 02 26 12    59    36 10222   360    40 -9999 -9999     0
2021 02 26 18    60    38 10224   350    20 -9999 -9999     0
2021 02 26 21    60    40 10223    20    10 -9999 -9999     0
2021 02 27 00    65    45 10229   360    20 -9999 -9999     0
2021 02 27 03    96    48 10233   290    10 -9999 -9999     0
2021 02 27 06   116    55 10210   240    20 -9999 -9999     0
2021 02 27 09   117    56 10204   280    10 -9999 -9999     0
2021 02 27 12    96    60 10211   330    10 -9999 -9999     0
2021 02 27 18    85    65 10210    30    20 -9999 -9999     0
2021 02 27 21    81    72 10191   280    10 -9999 -9999     8
2021 02 28 00    81    77 10190    70    20 -9999 -9999    20
2021 02 28 03    99    93 10183    30    20 -9999 -9999    20
2021 02 28 06   104    98 10160    20    20 -9999 -9999    20
2021 02 28 09   102    97 10156   350    10 -9999 -9999    80
2021 02 28 12   100    97 10165   310    20 -9999 -9999   100
2021 02 28 18    94    89 10186   340    20 -9999 -9999    50
2021 02 28 21    90    82 10184   360    50 -9999 -9999    70
2021 03 01 00    89    83 10211   350    40 -9999 -9999    60
2021 03 01 03    87    75 10244   350    50 -9999 -9999    40
2021 03 01 06    72    55 10248   350    50 -9999 -9999    20
2021 03 01 09    59    36 10263   360    60 -9999 -9999     5
2021 03 01 12    49    28 10292   360    50 -9999 -9999     2
2021 03 01 18    47    19 10305    10    50 -9999 -9999     0
2021 03 01 21    26    13 10300    10    20 -9999 -9999     0
2021 03 02 00    31    22 10308   360    20 -9999 -9999     0
2021 03 02 03    95    28 10306   250    10 -9999 -9999     0
2021 03 02 06   141     4 10276    40    10 -9999 -9999     0
2021 03 02 09   141    11 10258   200    20 -9999 -9999     0
2021 03 02 12   103    55 10271   200    20 -9999 -9999     0
2021 03 02 18    72    42 10272   360    10 -9999 -9999     0
2021 03 02 21    67    53 10244   120    10 -9999 -9999     0
2021 03 03 00    71    54 10251    70    10 -9999 -9999     0
2021 03 03 03    94    46 10251   320    10 -9999 -9999     0
2021 03 03 06   111    48 10219   200    20 -9999 -9999     0
2021 03 03 09   119    39 10205   200    20 -9999 -9999     0
2021 03 03 12    96    46 10220   220    20 -9999 -9999     0
2021 03 03 18    60    46 10223     0 -9999 -9999 -9999     0
2021 03 03 21    57    51 10212     0 -9999 -9999 -9999     0
2021 03 04 00    78    56 10223   100    10 -9999 -9999     0
2021 03 04 03   129    65 10222   170    20 -9999 -9999     0
2021 03 04 06   163    64 10195   160    30 -9999 -9999     0
2021 03 04 09   171    75 10181   240    30 -9999 -9999     0
2021 03 04 12   136    72 10188    40    20 -9999 -9999     0
2021 03 04 18   101    87 10182    60    10 -9999 -9999     0
2021 03 04 21   102    81 10162   344    17 -9999 -9999 -9999
2021 03 05 00   107    88 10170    10    10 -9999 -9999     0
2021 03 05 03   119    93 10177   330    10 -9999 -9999 -9999
2021 03 05 06   113   104 10156   340    10 -9999 -9999    20
2021 03 05 09   116   105 10154   360    10 -9999 -9999    20
2021 03 05 12   110   105 10172   340    10 -9999 -9999    20
2021 03 05 18   110   107 10191    10    20 -9999 -9999     9
2021 03 05 21   107    96 10195    20    40 -9999 -9999    10
2021 03 06 00   110    82 10228    10    40 -9999 -9999     9
2021 03 06 03   110    79 10247    10    70 -9999 -9999     0
2021 03 06 06    95    71 10250    10    70 -9999 -9999 -9999
2021 03 06 09    84    57 10255    10    80 -9999 -9999     1
2021 03 06 12    74    47 10281    10    70 -9999 -9999     1
2021 03 06 18    56    38 10288   360    50 -9999 -9999     1
2021 03 06 21    53    33 10283   360    40 -9999 -9999     1
2021 03 07 00    48    25 10299   360    50 -9999 -9999     0
2021 03 07 03    69    30 10303   360    40 -9999 -9999     0
2021 03 07 06   101    45 10278   330    30 -9999 -9999     0
2021 03 07 09   109    50 10264   320    20 -9999 -9999     0
2021 03 07 12    70    43 10278   360    20 -9999 -9999     0
2021 03 07 18    64    37 10271    30    20 -9999 -9999     0
2021 03 07 21    63    41 10248   360    20 -9999 -9999     0
2021 03 08 00    62    40 10259    10    10 -9999 -9999     0
2021 03 08 03    91    51 10266   290    10 -9999 -9999     0
2021 03 08 06    81    69 10249   300    20 -9999 -9999    10
2021 03 08 09    89    77 10237   340    10 -9999 -9999    30
2021 03 08 12    79    67 10251   350    10 -9999 -9999    20
2021 03 08 18    62    56 10261    10    10 -9999 -9999     0
2021 03 08 21    65    59 10252   360    10 -9999 -9999     0
2021 03 09 00    73    64 10264   340    20 -9999 -9999     0
2021 03 09 03    97    57 10284   330    20 -9999 -9999     0
2021 03 09 06   129    58 10257   340    20 -9999 -9999     0
2021 03 09 09   128    55 10258   320    20 -9999 -9999     0
2021 03 09 12   111    62 10270   350    30 -9999 -9999     0
2021 03 09 18    96    69 10266   360    20 -9999 -9999     0
2021 03 09 21    86    66 10256    20    20 -9999 -9999     0
2021 03 10 00   105    66 10265    30    20 -9999 -9999     0
2021 03 10 03   137    61 10260    40    20 -9999 -9999     0
2021 03 10 06   156    66 10229   290    10 -9999 -9999     0
2021 03 10 09   153    71 10217   250    10 -9999 -9999     0
2021 03 10 12   121    98 10227   230    20 -9999 -9999 -9999
2021 03 10 18   106    97 10223   320    10 -9999 -9999 -9999
2021 03 10 21   101    96 10213   290    10 -9999 -9999    20
2021 03 11 00   102    99 10228   310    10 -9999 -9999    30
2021 03 11 03   113    99 10235   300    20 -9999 -9999     9
2021 03 11 06   119    95 10222   330    30 -9999 -9999     1
2021 03 11 09   116    92 10225   340    20 -9999 -9999     0
2021 03 11 12   111    88 10248   330    10 -9999 -9999     0
2021 03 11 18    90    82 10250   340    20 -9999 -9999     0
2021 03 11 21    73    69 10246    20    10 -9999 -9999     0
2021 03 12 00    75    72 10262    70    10 -9999 -9999     0
2021 03 12 03   146    90 10265   280    10 -9999 -9999     0
2021 03 12 06   168    85 10241   180    20 -9999 -9999     0
2021 03 12 09   158    88 10227   190    30 -9999 -9999     0
2021 03 12 12   128    91 10238   170    20 -9999 -9999     0
2021 03 12 18   106    89 10235    30    20 -9999 -9999     0
2021 03 12 21   102    86 10223    40    10 -9999 -9999     0
2021 03 13 00   111    99 10237     0 -9999 -9999 -9999     0
2021 03 13 03   156    88 10235   160    20 -9999 -9999 -9999
2021 03 13 06   178    84 10207    80    20 -9999 -9999     2
2021 03 13 09   178    89 10195   350    30 -9999 -9999     2
2021 03 13 12   140    90 10203   360    30 -9999 -9999     0
2021 03 13 18   100    86 10193    80    10 -9999 -9999     0
2021 03 13 21    82    76 10182    40    20 -9999 -9999     0
2021 03 14 00    97    89 10192    20    20 -9999 -9999     0
2021 03 14 03   193   108 10182   180    30 -9999 -9999     0
2021 03 14 06   219   116 10145   200    40 -9999 -9999     0
2021 03 14 09   217   123 10126   210    50 -9999 -9999     0
2021 03 14 12   183   127 10118   170    20 -9999 -9999     0
2021 03 14 18   182   126 10107   180    30 -9999 -9999     0
2021 03 14 21   175   128 10089   220    20 -9999 -9999     0
2021 03 15 00   168   139 10102   350    20 -9999 -9999 -9999
2021 03 15 03   162   154 10110   100    10 -9999 -9999    50
2021 03 15 06   166   161 10102   350    10 -9999 -9999    80
2021 03 15 09   170   167 10106    40    10 -9999 -9999    80
2021 03 15 12   168   165 10121    20    10 -9999 -9999    50
2021 03 15 18   163   158 10133    20    20 -9999 -9999     0
2021 03 15 21   166   151 10135    10    50 -9999 -9999     0
2021 03 16 00   164   141 10157   360    40 -9999 -9999     0
2021 03 16 03   181   138 10165    10    40 -9999 -9999     0
2021 03 16 06   184   133 10149   360    50 -9999 -9999     0
2021 03 16 09   161   125 10147    10    40 -9999 -9999     0
2021 03 16 12   150   104 10157   360    30 -9999 -9999     0
2021 03 16 18   133   107 10155   320    20 -9999 -9999 -9999
2021 03 16 21   117   109 10155   340    30 -9999 -9999    10
2021 03 17 00   125   119 10157   360    30 -9999 -9999    30
2021 03 17 03   148   121 10164   330    20 -9999 -9999    10
2021 03 17 06   178   127 10146   330    10 -9999 -9999     0
2021 03 17 09   166   117 10139   360    30 -9999 -9999     0
2021 03 17 12   134   104 10156   340    30 -9999 -9999     0
2021 03 17 18   104    96 10159   360    20 -9999 -9999    40
2021 03 17 21   103    98 10149   360    20 -9999 -9999    50
2021 03 18 00   100    94 10163   320    20 -9999 -9999    50
2021 03 18 03   110   104 10161   350    30 -9999 -9999    40
2021 03 18 06   105    99 10149   360    40 -9999 -9999    30
2021 03 18 12    97    91 10158    10    50 -9999 -9999   140
2021 03 18 18    70    61 10173   350    50 -9999 -9999    70
2021 03 18 21    68    61 10171   360    40 -9999 -9999    50
2021 03 19 00    71    52 10184   360    40 -9999 -9999     2
2021 03 19 03    85    61 10178   360    30 -9999 -9999     0
2021 03 19 06   100    69 10152   340    30 -9999 -9999     0
2021 03 19 09    89    65 10142   320    30 -9999 -9999     0
2021 03 19 12    72    63 10178   360    50 -9999 -9999    50
2021 03 19 18    73    61 10197   340    30 -9999 -9999    10
2021 03 19 21    65    55 10197   350    30 -9999 -9999     0
2021 03 20 00    71    51 10203   360    20 -9999 -9999     0
2021 03 20 03   121    55 10206    10    50 -9999 -9999     0
2021 03 20 06   142    58 10186   350    40 -9999 -9999     0
2021 03 20 09   129    53 10196   360    50 -9999 -9999     0
2021 03 20 12   112    63 10222   360    30 -9999 -9999     0
2021 03 20 18   112    49 10241   350    30 -9999 -9999     0
2021 03 20 21   104    56 10256   340    30 -9999 -9999     0
2021 03 21 00   113    54 10280    10    30 -9999 -9999     0
2021 03 21 03   147    41 10285   360    50 -9999 -9999     0
2021 03 21 06   158    26 10271    20    30 -9999 -9999     0
2021 03 21 09   147    -6 10268   350    50 -9999 -9999     0
2021 03 21 12   115     6 10291    10    40 -9999 -9999     0
2021 03 21 18    67    30 10307    10    20 -9999 -9999     0
2021 03 21 21    44    23 10302   360    20 -9999 -9999     0
2021 03 22 00    67    31 10317   120    10 -9999 -9999     0
2021 03 22 03   137   -11 10316   210    20 -9999 -9999     0
2021 03 22 06   163   -32 10284   170    20 -9999 -9999     0
2021 03 22 09   168   -18 10262   230    30 -9999 -9999     0
2021 03 22 12   123    10 10263   200    20 -9999 -9999     0
2021 03 22 18    66    43 10251   120    10 -9999 -9999     0
2021 03 22 21    47    27 10236    60    10 -9999 -9999     0
2021 03 23 00    72    38 10235    30    10 -9999 -9999     0
2021 03 23 03   164    -3 10225   200    50 -9999 -9999     0
2021 03 23 06   164    21 10194   200    40 -9999 -9999     0
2021 03 23 09   160    24 10178   220    30 -9999 -9999     0
2021 03 23 12   141    52 10183   180    30 -9999 -9999     0
2021 03 23 18   112    55 10170   190    10 -9999 -9999     0
2021 03 23 21    87    60 10165   110    10 -9999 -9999     0
2021 03 24 00   115    60 10181    90    10 -9999 -9999     0
2021 03 24 03   179    45 10187   160    30 -9999 -9999     0
2021 03 24 06   210    65 10163   240    30 -9999 -9999     0
2021 03 24 09   216    78 10153   200    20 -9999 -9999     0
2021 03 24 12   176    92 10169   240    10 -9999 -9999     0
2021 03 24 18   112    93 10188    30    20 -9999 -9999     0
2021 03 24 21   103    81 10195    60    20 -9999 -9999     0
2021 03 25 00   121    95 10210    10    10 -9999 -9999     0
2021 03 25 03   222    76 10208   180    40 -9999 -9999     0
2021 03 25 06   247    60 10176   190    30 -9999 -9999     0
2021 03 25 09   251    48 10153   200    30 -9999 -9999     0
2021 03 25 12   197    81 10154   150    10 -9999 -9999     0
2021 03 25 18   127    88 10145    50    20 -9999 -9999     0
2021 03 25 21   115    85 10130    20    20 -9999 -9999     0
2021 03 26 00   152   100 10142   330    10 -9999 -9999     0
2021 03 26 03   223    91 10130   150    40 -9999 -9999     0
2021 03 26 06   192   136 10112   330    30 -9999 -9999     3
2021 03 26 09   156   146 10104   310    30 -9999 -9999    10
2021 03 26 12   143   138 10115   350    20 -9999 -9999    80
2021 03 26 18   135   130 10111   320    10 -9999 -9999    50
2021 03 26 21   130   124 10105   310    10 -9999 -9999     3
2021 03 27 00   135   129 10119   310    10 -9999 -9999     0
2021 03 27 03   181   121 10125    20    20 -9999 -9999     0
2021 03 27 06   207   132 10100   220    20 -9999 -9999     0
2021 03 27 09   202   137 10091   180    40 -9999 -9999     0
2021 03 27 12   169   144 10108   190    30 -9999 -9999     0
2021 03 27 18   149   141 10112   180    20 -9999 -9999     0
2021 03 27 21   134   128 10103   180    10 -9999 -9999     0
2021 03 28 00   140   131 10115   200    20 -9999 -9999     0
2021 03 28 03   189   137 10116   210    30 -9999 -9999     0
2021 03 28 06   225   133 10092   200    40 -9999 -9999     0
2021 03 28 09   234   130 10069   200    30 -9999 -9999     0
2021 03 28 12   193   130 10073   120    10 -9999 -9999     0
2021 03 28 18   134   113 10065   340    20 -9999 -9999     0
2021 03 28 21   127   106 10053    20    30 -9999 -9999     0
2021 03 29 00   154   116 10065    20    10 -9999 -9999     0
2021 03 29 03   231   133 10051   190    10 -9999 -9999     0
2021 03 29 06   244   142 10029   310    30 -9999 -9999 -9999
2021 03 29 09   234   133 10018   360    30 -9999 -9999     0
2021 03 29 12   215   137 10032   360    40 -9999 -9999     0
2021 03 29 18   191   150 10051   320    20 -9999 -9999     6
2021 03 29 21   178   135 10050   360    20 -9999 -9999     0
2021 03 30 00   178   129 10070   330    20 -9999 -9999     0
2021 03 30 03   209   138 10073   330    20 -9999 -9999     0
2021 03 30 06   212   141 10050   310    10 -9999 -9999     0
2021 03 30 09   172   148 10046   260    20 -9999 -9999    10
2021 03 30 12   162   152 10035    20    30 -9999 -9999    80
2021 03 30 18   160   155 10046    35    23 -9999 -9999   213
2021 03 30 21   161   156 10034    10    10 -9999 -9999   200
2021 03 31 00   155   150 10053   350    20 -9999 -9999     9
2021 03 31 03   141   133 10059   340    40 -9999 -9999     0
2021 03 31 06   139   125 10050   340    40 -9999 -9999     0
2021 03 31 09   136   117 10045   360    50 -9999 -9999     0
2021 03 31 12   127   116 10065   360    40 -9999 -9999     9
2021 03 31 18   117   112 10075   360    40 -9999 -9999    10
2021 03 31 21   117   112 10073   340    30 -9999 -9999    20
2021 04 01 00   117   109 10102   360    40 -9999 -9999    20
2021 04 01 03   129   118 10110    20    30 -9999 -9999     1
2021 04 01 06   141   120 10100   330    20 -9999 -9999     0
2021 04 01 09   128   120 10097   360    40 -9999 -9999     4
2021 04 01 12   125   116 10115   330    20 -9999 -9999     7
2021 04 01 18   128   115 10128    10    30 -9999 -9999 -9999
2021 04 01 21   126   113 10126    10    30 -9999 -9999     0
2021 04 02 00   133   114 10140    10    40 -9999 -9999     0
2021 04 02 03   140   117 10147    10    50 -9999 -9999     3
2021 04 02 06   133   124 10145   320    30 -9999 -9999    20
2021 04 02 09   136   118 10137   330    20 -9999 -9999    20
2021 04 02 12   129   111 10147   360    40 -9999 -9999     3
2021 04 02 18   103    92 10178   350    60 -9999 -9999     1
2021 04 02 21   107    90 10166    10    40 -9999 -9999     1
2021 04 03 00   107    95 10186    20    50 -9999 -9999     1
2021 04 03 03   103    95 10214   320    30 -9999 -9999    10
2021 04 03 06   125    99 10198   360    40 -9999 -9999    50
2021 04 03 09   114    97 10199   360    40 -9999 -9999    40
2021 04 03 12   111    95 10218   350    30 -9999 -9999     0
2021 04 03 18   112    88 10230    10    40 -9999 -9999     0
2021 04 03 21   107    83 10234    10    50 -9999 -9999     0
2021 04 04 00   114    81 10243    20    50 -9999 -9999     0
2021 04 04 03   159    84 10255    20    40 -9999 -9999     0
2021 04 04 06   185    19 10232    40    40 -9999 -9999     0
2021 04 04 09   174    -3 10220   360    60 -9999 -9999     0
2021 04 04 12   141    20 10233    10    40 -9999 -9999     0
2021 04 04 18   123    40 10239   350    10 -9999 -9999     0
2021 04 04 21   115    42 10230    20    20 -9999 -9999     0
2021 04 05 00   124    41 10240    10    10 -9999 -9999     0
2021 04 05 03   139    55 10243   280    10 -9999 -9999 -9999
2021 04 05 06   151    33 10221   220    20 -9999 -9999     0
2021 04 05 09   145    53 10211   230    20 -9999 -9999     0
2021 04 05 12   132    89 10212   160    10 -9999 -9999     0
2021 04 05 18   100    72 10217    50    20 -9999 -9999     0
2021 04 05 21    83    69 10216    10    20 -9999 -9999     0
2021 04 06 00   112    77 10234    10    10 -9999 -9999     0
2021 04 06 03   176    52 10231   310    20 -9999 -9999     0
2021 04 06 06   189    70 10210   180    20 -9999 -9999     0
2021 04 06 09   183    86 10210   210    30 -9999 -9999     0
2021 04 06 12   156   104 10218   230    10 -9999 -9999     0
2021 04 06 18   138   108 10200   350    20 -9999 -9999 -9999
2021 04 06 21   122   106 10195    30    30 -9999 -9999     8
2021 04 07 00   118   112 10206    20    10 -9999 -9999    30
2021 04 07 03   124   118 10207    10    20 -9999 -9999    90
2021 04 07 06   124   116 10190   360    30 -9999 -9999   140
2021 04 07 09   124   116 10176   360    30 -9999 -9999   100
2021 04 07 12   117   111 10195    20    30 -9999 -9999    70
2021 04 07 18   113    99 10198   340    20 -9999 -9999     1
2021 04 07 21   113    94 10199   350    30 -9999 -9999     0
2021 04 08 00   125    93 10221   360    40 -9999 -9999     0
2021 04 08 03   179    79 10225    20    30 -9999 -9999     0
2021 04 08 06   207    84 10202    40    40 -9999 -9999     0
2021 04 08 09   193    61 10196    60    30 -9999 -9999     0
2021 04 08 12   158    60 10214    70    30 -9999 -9999     0
2021 04 08 18   101    70 10227    30    20 -9999 -9999     0
2021 04 08 21    83    72 10229   350    10 -9999 -9999     0
2021 04 09 00   108    97 10239     0 -9999 -9999 -9999     0
2021 04 09 03   192    56 10238   280    10 -9999 -9999     0
2021 04 09 06   217    47 10213   310    20 -9999 -9999     0
2021 04 09 09   226    55 10194   300    10 -9999 -9999     0
2021 04 09 12   177    83 10214   210    20 -9999 -9999     0
2021 04 09 18   128    45 10219    20    30 -9999 -9999     0
2021 04 09 21   112    73 10218    70    10 -9999 -9999     0
2021 04 10 00   135    68 10233   100    10 -9999 -9999     0
2021 04 10 03   207    43 10227    90    10 -9999 -9999     0
2021 04 10 06   214    69 10214   230    30 -9999 -9999     0
2021 04 10 09   202    79 10202   220    20 -9999 -9999     0
2021 04 10 12   175    94 10212   340    20 -9999 -9999 -9999
2021 04 10 18   148   116 10216    20    10 -9999 -9999     0
2021 04 10 21   147   113 10211    60    20 -9999 -9999     0
2021 04 11 00   151   121 10213    30    10 -9999 -9999     0
2021 04 11 03   159   121 10217   340    10 -9999 -9999 -9999
2021 04 11 06   157   123 10200   160    10 -9999 -9999     5
2021 04 11 09   143   130 10188   300    10 -9999 -9999    10
2021 04 11 12   133   128 10194   350    20 -9999 -9999     7
2021 04 11 18   133   128 10185     0 -9999 -9999 -9999     1
2021 04 11 21   132   126 10176     0 -9999 -9999 -9999     0
2021 04 12 00   139   130 10184   350    10 -9999 -9999     0
2021 04 12 03   168   129 10184    20    10 -9999 -9999     0
2021 04 12 06   197   129 10163   150    20 -9999 -9999     0
2021 04 12 09   210   127 10150   200    30 -9999 -9999     0
2021 04 12 12   174   135 10170   220    20 -9999 -9999     0
2021 04 12 18   146   133 10178    90    10 -9999 -9999     0
2021 04 12 21   132   126 10178     0 -9999 -9999 -9999     0
2021 04 13 00   153   142 10194    60    10 -9999 -9999     0
2021 04 13 03   217   139 10191   360    20 -9999 -9999     0
2021 04 13 06   237   124 10164   270    10 -9999 -9999     0
2021 04 13 09   228   149 10150   210    10 -9999 -9999     0
2021 04 13 12   203   135 10167    20    40 -9999 -9999     0
2021 04 13 18   162   133 10185    10    40 -9999 -9999     0
2021 04 13 21   143   125 10184   360    50 -9999 -9999     0
2021 04 14 00   147   118 10202    10    50 -9999 -9999     0
2021 04 14 03   179   126 10202   360    40 -9999 -9999     0
2021 04 14 06   210   127 10173    10    30 -9999 -9999     0
2021 04 14 09   210   122 10154   330    20 -9999 -9999     0
2021 04 14 12   175   126 10165    10    30 -9999 -9999     0
2021 04 14 18   151   131 10158   280    10 -9999 -9999     0
2021 04 14 21   152   136 10149   280    10 -9999 -9999     0
2021 04 15 00   156   133 10154   220    10 -9999 -9999     0
2021 04 15 03   179   144 10160   190    20 -9999 -9999     0
2021 04 15 06   213   137 10141   180    30 -9999 -9999     0
2021 04 15 09   218   134 10131   180    20 -9999 -9999     0
2021 04 15 12   189   144 10148   230    20 -9999 -9999     0
2021 04 15 18   142   136 10154   360    20 -9999 -9999     0
2021 04 16 00   168   141 10168    50    20 -9999 -9999     0
2021 04 16 03   229   142 10177   340    20 -9999 -9999     0
2021 04 16 06   238   125 10163   330    20 -9999 -9999     0
2021 04 16 09   238   121 10153   300    20 -9999 -9999     0
2021 04 16 12   197   125 10175   300    10 -9999 -9999     0
2021 04 16 18   131   108 10187    90    10 -9999 -9999     0
2021 04 16 21   122    92 10209   340    10 -9999 -9999     0
2021 04 17 00   170    97 10229    10    30 -9999 -9999     0
2021 04 17 03   223   -17 10239    40    70 -9999 -9999     0
2021 04 17 06   241   -17 10223   360    50 -9999 -9999     0
2021 04 17 09   217    34 10210   350    30 -9999 -9999     0
2021 04 17 12   169    36 10219   350    30 -9999 -9999     0
2021 04 17 18   126    71 10215    50    10 -9999 -9999     0
2021 04 17 21   123    52 10204    50    20 -9999 -9999     0
2021 04 18 00   146    59 10210    60    10 -9999 -9999     0
2021 04 18 03   197    30 10213   230    10 -9999 -9999     0
2021 04 18 06   200    28 10196   240    20 -9999 -9999     0
2021 04 18 09   191    90 10176   320    10 -9999 -9999     0
2021 04 18 12   171    93 10183   120    10 -9999 -9999     0
2021 04 18 18   119   105 10171   150    10 -9999 -9999     0
2021 04 18 21   102    93 10164     0 -9999 -9999 -9999     0
2021 04 19 00   131    95 10170    60    10 -9999 -9999     0
2021 04 19 03   199    73 10165   120    10 -9999 -9999     0
2021 04 19 06   215    70 10147   170    20 -9999 -9999     0
2021 04 19 09   218    80 10126   160    20 -9999 -9999     0
2021 04 19 12   200    90 10133   130    20 -9999 -9999     0
2021 04 19 18   171   120 10127    60    10 -9999 -9999     0
2021 04 19 21   168   127 10124    60    10 -9999 -9999     0
2021 04 20 00   163   132 10139    20    30 -9999 -9999     3
2021 04 20 03   195   139 10140   340    20 -9999 -9999     3
2021 04 20 06   226   159 10113    80    20 -9999 -9999    10
2021 04 20 09   229   169 10098    10    20 -9999 -9999    10
2021 04 20 12   184   169 10117   300    20 -9999 -9999     5
2021 04 20 18   171   166 10117    30    20 -9999 -9999   110
2021 04 20 21   169   164 10109   350    20 -9999 -9999    60
