2021 01 01 00    45    45 10319     0 -9999 -9999 -9999     0
2021 01 01 03    64    46 10322   240    10 -9999 -9999     0
2021 01 01 06    72    27 10286    30    20 -9999 -9999     0
2021 01 01 09    75    30 10266    30    10 -9999 -9999     0
2021 01 01 12    65    34 10290    17    19 -9999 -9999 -9999
2021 01 01 15    63    26 10291    40    40 -9999 -9999     0
2021 01 01 18    63    22 10279   320    20 -9999 -9999     0
2021 01 01 21    52    34 10263    60    20 -9999 -9999     0
2021 01 02 00    48    44 10268    30    10 -9999 -9999     0
2021 01 02 03    60    43 10268    20    20 -9999 -9999     0
2021 01 02 06    70    21 10230    20    30 -9999 -9999     0
2021 01 02 09    72    21 10234    10    30 -9999 -9999     0
2021 01 02 12    63    20 10261   360    20 -9999 -9999     0
2021 01 02 15    60    19 10282   350    10 -9999 -9999     0
2021 01 02 18    55    14 10284   120    10 -9999 -9999     0
2021 01 02 21    52    15 10290     0 -9999 -9999 -9999     0
2021 01 03 00    48    31 10296   170    10 -9999 -9999     0
2021 01 03 03    61    44 10309   170    10 -9999 -9999     0
2021 01 03 06    72    17 10277   130    20 -9999 -9999     0
2021 01 03 09    86    22 10270    70    20 -9999 -9999     0
2021 01 03 12    61    39 10290    20    30 -9999 -9999     0
2021 01 03 15    49    48 10293    70    10 -9999 -9999     0
2021 01 03 18    33    33 10281    20    10 -9999 -9999     0
2021 01 03 21    34    34 10271   360    10 -9999 -9999     0
2021 01 04 00    34    34 10273   360    20 -9999 -9999     0
2021 01 04 03    58    58 10285    10    10 -9999 -9999     0
2021 01 04 06    82    42 10246    10    30 -9999 -9999     0
2021 01 04 09    91    22 10248   360    30 -9999 -9999     0
2021 01 04 12    75    26 10273    20    10 -9999 -9999     0
2021 01 04 15    65    29 10285   360    10 -9999 -9999     0
2021 01 04 18    65    33 10278   360    10 -9999 -9999     0
2021 01 04 21    56    49 10275    70    10 -9999 -9999     0
2021 01 05 00    53    52 10300   240    10 -9999 -9999     0
2021 01 05 03    64    57 10307     0 -9999 -9999 -9999     0
2021 01 05 06    83    41 10277    10    20 -9999 -9999     0
2021 01 05 09    70    63 10276    20    30 -9999 -9999 -9999
2021 01 05 12    62    62 10297    40    30 -9999 -9999     1
2021 01 05 15    61    61 10293    10    20 -9999 -9999     1
2021 01 05 18    58    58 10280   340    10 -9999 -9999     0
2021 01 05 21    56    56 10265    20    10 -9999 -9999     0
2021 01 06 00    55    55 10266    10    10 -9999 -9999     0
2021 01 06 03    59    59 10267    20    20 -9999 -9999     0
2021 01 06 06    62    62 10230    20    20 -9999 -9999 -9999
2021 01 06 09    57    57 10233    10    30 -9999 -9999     1
2021 01 06 12    53    53 10263    10    30 -9999 -9999     8
2021 01 06 15    49    49 10282    10    40 -9999 -9999    10
2021 01 06 18    39    39 10288    20    70 -9999 -9999    20
2021 01 06 21    30    30 10284    20    50 -9999 -9999    40
2021 01 07 00    32    32 10301    10    30 -9999 -9999    40
2021 01 07 03    21    21 10321    10    40 -9999 -9999    40
2021 01 07 06    18    18 10287    20    40 -9999 -9999    40
2021 01 07 09    19    19 10299    20    40 -9999 -9999    20
2021 01 07 12    20    20 10338    10    40 -9999 -9999    20
2021 01 07 15    22    22 10358   360    30 -9999 -9999     9
2021 01 07 18    17    17 10359   360    20 -9999 -9999     1
2021 01 07 21    12    12 10348     0 -9999 -9999 -9999     1
2021 01 08 00    11    11 10357     0 -9999 -9999 -9999     1
2021 01 08 03    25    19 10371    10    10 -9999 -9999     0
2021 01 08 06    51     1 10328   360    10 -9999 -9999     0
2021 01 08 09    49     3 10304   190    20 -9999 -9999     0
2021 01 08 12    29    14 10327   170    10 -9999 -9999     0
2021 01 08 15    27    18 10332   180    20 -9999 -9999     0
2021 01 08 18    19    19 10325    80    10 -9999 -9999     0
2021 01 08 21    22    22 10314    71    11 -9999 -9999 -9999
2021 01 09 00    23    23 10319    80    10 -9999 -9999     0
2021 01 09 03    32    25 10331   200    10 -9999 -9999     0
2021 01 09 06    39    26 10292    20    30 -9999 -9999     0
2021 01 09 09    36    23 10283    10    30 -9999 -9999 -9999
2021 01 09 12    29    25 10309    10    20 -9999 -9999     0
2021 01 09 15    25    19 10322     0 -9999 -9999 -9999     0
2021 01 09 18    24    20 10315   180    20 -9999 -9999     0
2021 01 09 21    22    22 10300   190    10 -9999 -9999     0
2021 01 10 00    18    18 10303     0 -9999 -9999 -9999     0
2021 01 10 03    37    13 10323   200    10 -9999 -9999     0
2021 01 10 06    48   -10 10296   170    10 -9999 -9999 -9999
2021 01 10 09    41     4 10297    10    20 -9999 -9999     1
2021 01 10 12    26    11 10333     0 -9999 -9999 -9999     1
2021 01 10 15    23    23 10369    70    10 -9999 -9999     0
2021 01 10 18    14    14 10381    90    10 -9999 -9999     0
2021 01 10 21    10     6 10386    10    10 -9999 -9999     0
2021 01 11 00     8   -59 10399    10    30 -9999 -9999     0
2021 01 11 03    54   -71 10414    20    20 -9999 -9999     0
2021 01 11 06    84  -127 10371   340    20 -9999 -9999     0
2021 01 11 09    90  -122 10351   100    10 -9999 -9999     0
2021 01 11 12    48   -64 10364   200    20 -9999 -9999     0
2021 01 11 15    26   -60 10371   180    20 -9999 -9999     0
2021 01 11 18     7   -38 10348   204    11 -9999 -9999 -9999
2021 01 11 21     3   -41 10324   200    30 -9999 -9999     0
2021 01 12 00   -12   -49 10320    60    10 -9999 -9999     0
2021 01 12 03    55   -31 10319    40    10 -9999 -9999    80
2021 01 12 06    97   -32 10261   160    20 -9999 -9999    80
2021 01 12 09   104   -60 10223    30    20 -9999 -9999     0
2021 01 12 12    50   -33 10231    50    20 -9999 -9999     0
2021 01 12 15    40   -33 10233   350    20 -9999 -9999     0
2021 01 12 18    19   -40 10228    20    20 -9999 -9999     0
2021 01 12 21    12   -37 10228   360    20 -9999 -9999     0
2021 01 13 00     2   -39 10238    30    10 -9999 -9999    10
2021 01 13 03    53   -35 10251    10    30 -9999 -9999    10
2021 01 13 06   106   -58 10212   350    10 -9999 -9999     0
2021 01 13 09   109   -51 10195   320    20 -9999 -9999     0
2021 01 13 12    60   -36 10219    90    10 -9999 -9999     0
2021 01 13 15    44   -41 10229   210    10 -9999 -9999     0
2021 01 13 18    26   -29 10227   170    10 -9999 -9999     0
2021 01 13 21     7   -20 10219   150    10 -9999 -9999     0
2021 01 14 00 -9999 -9999 -9999     0 -9999 -9999 -9999     0
2021 01 14 03    66     7 10224   210    10 -9999 -9999     0
2021 01 14 06   127   -24 10181   300    10 -9999 -9999     0
2021 01 14 09   126   -10 10160   280    20 -9999 -9999     0
2021 01 14 12    79    -1 10170    20    30 -9999 -9999     0
2021 01 14 15    63     4 10183    20    20 -9999 -9999     0
2021 01 14 18    44    -4 10184    10    20 -9999 -9999     0
2021 01 14 21    36    -6 10178    20    30 -9999 -9999     0
2021 01 15 00    20    -4 10197   110    10 -9999 -9999     0
2021 01 15 03    84     1 10221    90    10 -9999 -9999     0
2021 01 15 06   131     5 10177   220    30 -9999 -9999     0
2021 01 15 09   134     4 10162   200    20 -9999 -9999     0
2021 01 15 12    91     8 10187    90    10 -9999 -9999     0
2021 01 15 15    78    19 10202   320    10 -9999 -9999     0
2021 01 15 18    69    30 10197   320    10 -9999 -9999     0
2021 01 15 21    65    35 10202   150    10 -9999 -9999     0
2021 01 16 00    72    34 10222   360    10 -9999 -9999 -9999
2021 01 16 03    64    52 10255   150    10 -9999 -9999     3
2021 01 16 06    63    53 10234    30    30 -9999 -9999     7
2021 01 16 09    53    46 10265    20    50 -9999 -9999     8
2021 01 16 12    43    34 10320    10    70 -9999 -9999    20
2021 01 16 15    32    23 10370    40    70 -9999 -9999    50
2021 01 16 18    37    25 10390    60    30 -9999 -9999    50
2021 01 16 21    31    24 10397    10    20 -9999 -9999     4
2021 01 17 00    25    22 10405    80    10 -9999 -9999     0
2021 01 17 03    69    26 10405   270    10 -9999 -9999     0
2021 01 17 06   106   -18 10356    30    10 -9999 -9999     0
2021 01 17 09   105   -55 10337   190    30 -9999 -9999     0
2021 01 17 12    68   -11 10345   170    30 -9999 -9999     0
2021 01 17 15    45    14 10341   170    40 -9999 -9999     0
2021 01 17 18    30    14 10324   190    20 -9999 -9999     0
2021 01 17 21    13     4 10313    10    10 -9999 -9999     0
2021 01 18 00     2    -2 10313    20    10 -9999 -9999     0
2021 01 18 03    57    14 10316   100    10 -9999 -9999     0
2021 01 18 06    91    10 10265    30    20 -9999 -9999     0
2021 01 18 09    99     8 10233   290    20 -9999 -9999     0
2021 01 18 12    61     6 10227    60    30 -9999 -9999     0
2021 01 18 15    37     2 10217   350    20 -9999 -9999     0
2021 01 18 18    26     2 10195   360    30 -9999 -9999     0
2021 01 18 21    11    -2 10182    70    10 -9999 -9999     0
2021 01 19 00     7    -4 10189    40    20 -9999 -9999     0
2021 01 19 03    54    10 10196   290    10 -9999 -9999     0
2021 01 19 06   103     1 10158   310    20 -9999 -9999     0
2021 01 19 09   115   -23 10144   320    10 -9999 -9999     0
2021 01 19 12    79   -11 10165   140    10 -9999 -9999     0
2021 01 19 15    76     6 10174   190    10 -9999 -9999     0
2021 01 19 18    70    27 10175     0 -9999 -9999 -9999     0
2021 01 19 21    65    24 10172   240    10 -9999 -9999     0
2021 01 20 00    66    25 10187   200    20 -9999 -9999     0
2021 01 20 03    73    26 10209   170    20 -9999 -9999     0
2021 01 20 06   101    22 10181   200    20 -9999 -9999     0
2021 01 20 09    98    24 10176   170    20 -9999 -9999     0
2021 01 20 12    86    34 10197   140    10 -9999 -9999     0
2021 01 20 15    76    46 10212   260    10 -9999 -9999     0
2021 01 20 18    72    43 10213   200    20 -9999 -9999     0
2021 01 20 21    70    43 10206   180    20 -9999 -9999     0
2021 01 21 00    62    44 10222   190    20 -9999 -9999     0
2021 01 21 03    78    58 10238   190    20 -9999 -9999     0
2021 01 21 06   122    49 10204   240    30 -9999 -9999     0
2021 01 21 09   114    53 10202   180    30 -9999 -9999     0
2021 01 21 12    91    62 10224   180    30 -9999 -9999     0
2021 01 21 15    83    54 10229   180    30 -9999 -9999     0
2021 01 21 18    62    53 10223   190    20 -9999 -9999     0
2021 01 21 21    48    42 10217   160    20 -9999 -9999     0
2021 01 22 00    46    43 10221   310    10 -9999 -9999     0
2021 01 22 03    80    60 10227   320    20 -9999 -9999     0
2021 01 22 06   135    57 10176    30    20 -9999 -9999     0
2021 01 22 09   143    43 10159   150    20 -9999 -9999     0
2021 01 22 12    99    55 10179    70    30 -9999 -9999     0
2021 01 22 15    87    51 10185    30    50 -9999 -9999     0
2021 01 22 18    73    49 10173    30    30 -9999 -9999     0
2021 01 22 21    55    45 10155    20    20 -9999 -9999     0
2021 01 23 00    44    38 10154   360    40 -9999 -9999     0
2021 01 23 03    78    47 10158    10    30 -9999 -9999     0
2021 01 23 06   133    55 10122    10    30 -9999 -9999     0
2021 01 23 09   119    66 10110    10    10 -9999 -9999     0
2021 01 23 12   111    64 10135   360    10 -9999 -9999     0
2021 01 23 15   107    63 10143     0 -9999 -9999 -9999     0
2021 01 23 18    99    68 10137    80    10 -9999 -9999     0
2021 01 23 21    96    67 10124   170    20 -9999 -9999     0
2021 01 24 00    87    83 10134    70    10 -9999 -9999    10
2021 01 24 03    87    84 10147    10    20 -9999 -9999    20
2021 01 24 06    91    88 10123    20    20 -9999 -9999    20
2021 01 24 09    92    87 10118    70    20 -9999 -9999     8
2021 01 24 12    92    87 10151    10    30 -9999 -9999     1
2021 01 24 15    91    83 10177   360    20 -9999 -9999     1
2021 01 24 18    86    80 10191    10    30 -9999 -9999     3
2021 01 24 21    85    79 10210   360    40 -9999 -9999     7
2021 01 25 00    77    65 10233    10    20 -9999 -9999    10
2021 01 25 03   108    51 10255    20    20 -9999 -9999     7
2021 01 25 06   129    19 10231    10    40 -9999 -9999     0
2021 01 25 09   121    41 10223    80    30 -9999 -9999     0
2021 01 25 12    95    37 10240   230    10 -9999 -9999     0
2021 01 25 15    62    48 10248    10    10 -9999 -9999     0
2021 01 25 18    63    51 10247   170    10 -9999 -9999     0
2021 01 25 21    63    53 10234    50    20 -9999 -9999     0
2021 01 26 00    61    54 10244   110    10 -9999 -9999     0
2021 01 26 03    77    55 10254    20    10 -9999 -9999     0
2021 01 26 06   112    57 10213   320    20 -9999 -9999     0
2021 01 26 09   116    50 10192    10    20 -9999 -9999     0
2021 01 26 12    89    62 10209    20    50 -9999 -9999     0
2021 01 26 15    78    61 10221    20    20 -9999 -9999     0
2021 01 26 18    76    56 10215    10    20 -9999 -9999     0
2021 01 26 21    70    59 10209    20    20 -9999 -9999 -9999
2021 01 27 00    67    61 10222    30    10 -9999 -9999     3
2021 01 27 03    74    68 10244    10    10 -9999 -9999     5
2021 01 27 06    81    70 10226    10    20 -9999 -9999     6
2021 01 27 09    96    67 10229    20    20 -9999 -9999     4
2021 01 27 12    75    63 10266   100    10 -9999 -9999     0
2021 01 27 15    60    53 10290   190    10 -9999 -9999     0
2021 01 27 18    60    56 10307   190    10 -9999 -9999     0
2021 01 27 21    58    55 10301    60    10 -9999 -9999     0
2021 01 28 00    55    52 10309    90    10 -9999 -9999     0
2021 01 28 03    72    71 10328   270    10 -9999 -9999     0
2021 01 28 06   131    71 10286   310    20 -9999 -9999     0
2021 01 28 09   138    69 10263   220    20 -9999 -9999     0
2021 01 28 12   108    64 10272   170    10 -9999 -9999     0
2021 01 28 15   103    59 10272    60    10 -9999 -9999     0
2021 01 28 18    76    59 10257    20    10 -9999 -9999     0
2021 01 28 21    78    61 10237   350    10 -9999 -9999     0
2021 01 29 00    73    61 10239    10    10 -9999 -9999     0
2021 01 29 03    80    65 10246    10    20 -9999 -9999     0
2021 01 29 06    93    60 10215    10    20 -9999 -9999     0
2021 01 29 09    98    60 10201    20    30 -9999 -9999     0
2021 01 29 12    91    55 10222    20    20 -9999 -9999     0
2021 01 29 15    88    52 10237    30    10 -9999 -9999     0
2021 01 29 18    86    53 10239   360    10 -9999 -9999     0
2021 01 29 21    77    50 10234     0 -9999 -9999 -9999     0
2021 01 30 00    69    52 10241    60    10 -9999 -9999     0
2021 01 30 03    87    58 10255   190    20 -9999 -9999     0
2021 01 30 06   120    38 10220   180    20 -9999 -9999     0
2021 01 30 09   128    43 10207   130    10 -9999 -9999     0
2021 01 30 12   106    43 10227    50    20 -9999 -9999     0
2021 01 30 15    95    53 10234    10    10 -9999 -9999     0
2021 01 30 18    84    57 10234    20    10 -9999 -9999     0
2021 01 30 21    80    51 10225    80    10 -9999 -9999     0
2021 01 31 00    73    58 10232   180    10 -9999 -9999     0
2021 01 31 03    93    69 10239   220    10 -9999 -9999     0
2021 01 31 06   112    73 10209   230    20 -9999 -9999     0
2021 01 31 09   118    63 10201   190    20 -9999 -9999     0
2021 01 31 12    92    61 10221   120    10 -9999 -9999     0
2021 01 31 15    81    61 10244   290    10 -9999 -9999     0
2021 01 31 18    69    58 10243    80    10 -9999 -9999     0
2021 01 31 21    53    49 10238   100    10 -9999 -9999     0
2021 02 01 00    43    40 10248     0 -9999 -9999 -9999     0
2021 02 01 03    74    73 10257   250    10 -9999 -9999     0
2021 02 01 06   141    62 10220   330    20 -9999 -9999     0
2021 02 01 09   148    64 10205    70    20 -9999 -9999     0
2021 02 01 12   108    58 10227    10    20 -9999 -9999     0
2021 02 01 15    94    52 10247    10    20 -9999 -9999     0
2021 02 01 18    69    47 10244   350    10 -9999 -9999     0
2021 02 01 21    64    50 10233   360    10 -9999 -9999     0
2021 02 02 00    59    45 10253    10    20 -9999 -9999     0
2021 02 02 03    80    55 10267    10    20 -9999 -9999     0
2021 02 02 06   130    47 10236    80    10 -9999 -9999     0
2021 02 02 09   154    61 10219   180    20 -9999 -9999     0
2021 02 02 12   106    64 10242   180    20 -9999 -9999     0
2021 02 02 15    80    63 10251   170    10 -9999 -9999     0
2021 02 02 18    64    57 10241    20    10 -9999 -9999     0
2021 02 02 21    60    53 10232     0 -9999 -9999 -9999     0
2021 02 03 00    63    57 10243   190    10 -9999 -9999     0
2021 02 03 03    78    63 10261   350    20 -9999 -9999     0
2021 02 03 06   108    67 10236   230    10 -9999 -9999     0
2021 02 03 09   133    66 10220    40    10 -9999 -9999     0
2021 02 03 12   112    77 10235   100    10 -9999 -9999 -9999
2021 02 03 15   104    75 10248   170    10 -9999 -9999     0
2021 02 03 18    94    77 10230    80    20 -9999 -9999     0
2021 02 03 21    92    80 10224   190    20 -9999 -9999     0
2021 02 04 00    90    78 10227   270    10 -9999 -9999     0
2021 02 04 03    98    84 10237     0 -9999 -9999 -9999 -9999
2021 02 04 06   110    82 10207    30    20 -9999 -9999     0
2021 02 04 09   112    86 10196    20    40 -9999 -9999     0
2021 02 04 12   103    77 10221    20    30 -9999 -9999     0
2021 02 04 15    96    74 10235    30    10 -9999 -9999     0
2021 02 04 18    85    73 10236   110    10 -9999 -9999     0
2021 02 04 21    85    63 10236    50    10 -9999 -9999     0
2021 02 05 00    62    53 10254    70    10 -9999 -9999     0
2021 02 05 03   114    51 10269   350    10 -9999 -9999     0
2021 02 05 06   153    31 10231   270    20 -9999 -9999     0
2021 02 05 09   166    26 10203   250    10 -9999 -9999     0
2021 02 05 12   119    42 10219   100    10 -9999 -9999     0
2021 02 05 15    97    53 10224   350    10 -9999 -9999     0
2021 02 05 18    74    52 10217   300    10 -9999 -9999     0
2021 02 05 21    69    52 10195    10    20 -9999 -9999     0
2021 02 06 00    50    43 10210    10    10 -9999 -9999     0
2021 02 06 03   106    60 10211    10    10 -9999 -9999     0
2021 02 06 06   159    61 10165    10    30 -9999 -9999     0
2021 02 06 09   164    57 10147    30    10 -9999 -9999     0
2021 02 06 12   121    62 10173    70    20 -9999 -9999     0
2021 02 06 15   100    54 10190    70    10 -9999 -9999     0
2021 02 06 18    87    56 10187    10    10 -9999 -9999     0
2021 02 06 21    70    53 10190     0 -9999 -9999 -9999     0
2021 02 07 00    66    56 10206   190    10 -9999 -9999     0
2021 02 07 03   122    65 10222   220    20 -9999 -9999     0
2021 02 07 06   180    49 10191   100    10 -9999 -9999     0
2021 02 07 09   184    46 10191    10    20 -9999 -9999     0
2021 02 07 12   147    60 10221    40    20 -9999 -9999     0
2021 02 07 15   119    64 10238    80    10 -9999 -9999     0
2021 02 07 18    99    70 10241    70    10 -9999 -9999     0
2021 02 07 21    83    61 10234    10    10 -9999 -9999     0
2021 02 08 00    78    63 10251    10    20 -9999 -9999     0
2021 02 08 03   104    69 10273    10    10 -9999 -9999     0
2021 02 08 06   151    69 10249   310    20 -9999 -9999     0
2021 02 08 09   159    82 10236    90    10 -9999 -9999     0
2021 02 08 12   123    86 10244   110    10 -9999 -9999     0
2021 02 08 15   108    80 10258    70    10 -9999 -9999     0
2021 02 08 18    93    77 10241   160    20 -9999 -9999     0
2021 02 08 21    78    74 10227    10    10 -9999 -9999     0
2021 02 09 00    70    64 10238   360    20 -9999 -9999     0
2021 02 09 03   103    70 10246    20    20 -9999 -9999     0
2021 02 09 06   163    73 10204   220    10 -9999 -9999     0
2021 02 09 12   129    82 10202    90    10 -9999 -9999     0
2021 02 09 15   111    78 10215    60    10 -9999 -9999     0
2021 02 09 18    96    75 10204    70    10 -9999 -9999     0
2021 02 09 21    77    71 10197    50    10 -9999 -9999     0
2021 02 10 00    66    63 10209    80    10 -9999 -9999     0
2021 02 10 03   121    86 10215   270    10 -9999 -9999     0
2021 02 10 06   182    79 10178   210    30 -9999 -9999     0
2021 02 10 09   186    71 10153   190    30 -9999 -9999     0
2021 02 11 00   104    82 10189   320    10 -9999 -9999     0
2021 02 13 12   134    93 10195    90    10 -9999 -9999     0
2021 02 13 15   121    91 10209   170    20 -9999 -9999     0
2021 02 13 18   113    90 10204   180    20 -9999 -9999     0
2021 02 13 21    85    81 10185   140    20 -9999 -9999     0
2021 02 14 00    80    77 10193    60    10 -9999 -9999     0
2021 02 14 03   108   106 10202   210    10 -9999 -9999     0
2021 02 14 06   164   100 10157   360    30 -9999 -9999     0
2021 02 14 09   175    89 10126    10    40 -9999 -9999     0
2021 02 14 12   140    94 10136    10    30 -9999 -9999     0
2021 02 14 15   132    81 10149    10    30 -9999 -9999     0
2021 02 14 18   126    75 10134    10    40 -9999 -9999 -9999
2021 02 14 21   125    74 10139    10    30 -9999 -9999 -9999
2021 02 15 00   114    84 10165    10    30 -9999 -9999     1
2021 02 15 03   115    96 10193   360    20 -9999 -9999     9
2021 02 15 06   119    89 10176    10    50 -9999 -9999    10
2021 02 15 09   103    94 10175    10    40 -9999 -9999     3
2021 02 15 12   106    84 10192    20    40 -9999 -9999     1
2021 02 15 15   103    86 10203    20    40 -9999 -9999     2
2021 02 15 18   100    86 10212    20    10 -9999 -9999     1
2021 02 15 21    95    78 10210    10    40 -9999 -9999 -9999
2021 02 16 00    92    72 10229   290    10 -9999 -9999     0
2021 02 16 03   135    73 10243   260    20 -9999 -9999     0
2021 02 16 06   175    61 10218   210    20 -9999 -9999     0
2021 02 16 09   188    49 10206   210    30 -9999 -9999     0
2021 02 16 12   145    68 10230   170    30 -9999 -9999     0
2021 02 16 15   129    63 10251   180    30 -9999 -9999     0
2021 02 16 18   105    65 10248    80    10 -9999 -9999     0
2021 02 16 21    95    73 10246   310    10 -9999 -9999     0
2021 02 17 00    86    75 10268   170    10 -9999 -9999     0
2021 02 17 03   148    87 10274   250    10 -9999 -9999     0
2021 02 17 06   184    75 10248   280    20 -9999 -9999     0
2021 02 17 09   182    73 10231    10    10 -9999 -9999     0
2021 02 17 12   156    81 10249    20    10 -9999 -9999     0
2021 02 17 15   143    78 10262   360    10 -9999 -9999     0
2021 02 17 18   124    83 10265    10    20 -9999 -9999     0
2021 02 17 21   126    79 10259    70    10 -9999 -9999     0
2021 02 18 00   114    79 10279   180    20 -9999 -9999     0
2021 02 18 03   148    81 10297   200    20 -9999 -9999     0
2021 02 18 06   151    69 10279   190    30 -9999 -9999     0
2021 02 18 09   177    43 10253   200    40 -9999 -9999     0
2021 02 18 12   140    59 10265   160    10 -9999 -9999     0
2021 02 18 15   118    48 10275    70    10 -9999 -9999     0
2021 02 18 18    99    59 10270    80    10 -9999 -9999     0
2021 02 18 21    91    65 10257    20    20 -9999 -9999     0
2021 02 19 00    82    62 10272   350    10 -9999 -9999     0
2021 02 19 03   150    68 10279   270    10 -9999 -9999     0
2021 02 19 06   187    59 10241   220    30 -9999 -9999     0
2021 02 19 09   197    68 10215   190    20 -9999 -9999     0
2021 02 20 15   140    73 10158    78    10 -9999 -9999 -9999
2021 02 20 18   120    81 10148   304     9 -9999 -9999 -9999
2021 02 20 21   110    83 10137   354    25 -9999 -9999 -9999
2021 02 21 00    97    81 10158   356    11 -9999 -9999 -9999
2021 02 21 12   182    79 10129    72    14 -9999 -9999 -9999
2021 02 21 15   165    84 10144   349    19 -9999 -9999 -9999
2021 02 21 18   135    90 10146    56    10 -9999 -9999 -9999
2021 02 21 21   120    91 10144   348    16 -9999 -9999 -9999
2021 02 22 00   112    89 10163    40    10 -9999 -9999     0
2021 02 22 03   178   102 10169    20    20 -9999 -9999     0
2021 02 22 06   230    91 10139   310    20 -9999 -9999     0
2021 02 22 09   239    91 10115    30    20 -9999 -9999     0
2021 02 22 12   195    94 10134   270    10 -9999 -9999     0
2021 02 22 15   183   102 10149    50    10 -9999 -9999     0
2021 02 22 18   173   113 10142   360    10 -9999 -9999 -9999
2021 02 22 21   160   120 10129   350    10 -9999 -9999     0
2021 02 23 00   154   118 10139   120    10 -9999 -9999     0
2021 02 23 03   182   129 10146   360    10 -9999 -9999     0
2021 02 23 06   212   129 10115    60    30 -9999 -9999     0
2021 02 23 09   215   139 10081    20    30 -9999 -9999     0
2021 02 23 12   178   125 10083    10    40 -9999 -9999     0
2021 02 23 15   165   114 10085    10    30 -9999 -9999     0
2021 02 23 18   158   110 10064    10    30 -9999 -9999     0
2021 02 23 21   155   111 10040   350    30 -9999 -9999     0
2021 02 24 00   149   111 10048    90    10 -9999 -9999     0
2021 02 24 03   179   119 10052    10    30 -9999 -9999     0
2021 02 24 06   202   124 10021    10    30 -9999 -9999     0
2021 02 24 09   211   135 10009    10    30 -9999 -9999     0
2021 02 24 12   180   131 10023   360    40 -9999 -9999     0
2021 02 24 15   162   131 10047    10    40 -9999 -9999     0
2021 02 24 18   162   129 10053    10    50 -9999 -9999     0
2021 02 24 21   145   118 10052   360    70 -9999 -9999     1
2021 02 25 00   127   106 10077   360    70 -9999 -9999    10
2021 02 25 03   122    85 10106   360    70 -9999 -9999    10
2021 02 25 06   107    98 10099   360    50 -9999 -9999     6
2021 02 25 09   109    88 10099    50    50 -9999 -9999     6
2021 02 25 12   108    82 10123    20    40 -9999 -9999     1
2021 02 25 15   107    65 10145    20    50 -9999 -9999     0
2021 02 25 18   104    45 10151    20    50 -9999 -9999     0
2021 02 25 21   101    40 10148    10    20 -9999 -9999 -9999
2021 02 26 00    82    76 10163   120    10 -9999 -9999     8
2021 02 26 03   105    55 10176    40    20 -9999 -9999     8
2021 02 26 06   101    64 10167    20    60 -9999 -9999     0
2021 02 26 09   101    73 10153    20    30 -9999 -9999     0
2021 02 26 12    95    71 10169    10    30 -9999 -9999     0
2021 02 26 15    95    68 10186    30    40 -9999 -9999     0
2021 02 26 18    93    67 10178    20    30 -9999 -9999     0
2021 02 26 21    92    68 10165    20    10 -9999 -9999     0
2021 02 27 00    92    68 10162    20    30 -9999 -9999     0
2021 02 27 03    99    78 10166    20    20 -9999 -9999     0
2021 02 27 06   107    66 10134    50    20 -9999 -9999     0
2021 02 27 09   108    67 10102    10    30 -9999 -9999     0
2021 02 27 12   103    70 10114   360    40 -9999 -9999     0
2021 02 27 15    96    67 10130    10    20 -9999 -9999     0
2021 02 27 18    91    77 10138   350    20 -9999 -9999 -9999
2021 02 27 21    88    84 10123    10    20 -9999 -9999     1
2021 02 28 00    89    86 10130    10    20 -9999 -9999     5
2021 02 28 03    93    88 10137    10    20 -9999 -9999     5
2021 02 28 06    95    90 10118    10    20 -9999 -9999     2
2021 02 28 09    90    85 10115    10    40 -9999 -9999    10
2021 02 28 12    83    79 10151    10    50 -9999 -9999    10
2021 02 28 15    85    77 10189   350    40 -9999 -9999     7
2021 02 28 18    84    52 10213    10    20 -9999 -9999     3
2021 02 28 21    80    42 10227    10    20 -9999 -9999     0
2021 03 01 00    88    26 10259    10    20 -9999 -9999     0
2021 03 01 03   129    -7 10283   360    60 -9999 -9999     0
2021 03 01 06   157    -1 10267    10    40 -9999 -9999     0
2021 03 01 09   155     5 10258    20    40 -9999 -9999     0
2021 03 01 12   130    34 10272   130    30 -9999 -9999     0
2021 03 01 15   112    40 10283   130    10 -9999 -9999     0
2021 03 01 18    99    41 10278    40    10 -9999 -9999     0
2021 03 01 21    96    42 10259   170    20 -9999 -9999     0
2021 03 02 00    96    50 10258     0 -9999 -9999 -9999     0
2021 03 02 03   130    54 10261   180    40 -9999 -9999     0
2021 03 02 06   131    55 10228   190    20 -9999 -9999     0
2021 03 02 09   125    59 10212   200    20 -9999 -9999     0
2021 03 02 12   113    58 10229    80    20 -9999 -9999     0
2021 03 02 15   107    57 10254    80    20 -9999 -9999     0
2021 03 02 18    88    84 10257   110    10 -9999 -9999    30
2021 03 02 21    84    78 10243    10    10 -9999 -9999    30
2021 03 03 00    83    80 10246    80    10 -9999 -9999     1
2021 03 03 03   120    77 10242   220    20 -9999 -9999     0
2021 03 03 06   150    58 10207   240    10 -9999 -9999     0
2021 03 03 09   153    55 10187    20    20 -9999 -9999     0
2021 03 03 12   125    76 10209   140    10 -9999 -9999     0
2021 03 03 15   106    62 10218    90    10 -9999 -9999     0
2021 03 03 18    82    65 10213    70    10 -9999 -9999     0
2021 03 03 21    76    61 10190    10    10 -9999 -9999     0
2021 03 04 00    65    55 10199   360    10 -9999 -9999     0
2021 03 04 03   135    73 10191   360    30 -9999 -9999     0
2021 03 04 06   173    65 10145   340    30 -9999 -9999     0
2021 03 04 09   174    57 10126   330    20 -9999 -9999     0
2021 03 04 12   137    58 10141    10    30 -9999 -9999     0
2021 03 04 15   128    59 10159    10    20 -9999 -9999     0
2021 03 04 18   113    62 10153    70    10 -9999 -9999     0
2021 03 04 21   109    65 10145    40    10 -9999 -9999     0
2021 03 05 00   106    67 10160   180    10 -9999 -9999     0
2021 03 05 03   132    72 10168   180    10 -9999 -9999     0
2021 03 05 06   170    74 10141   220    20 -9999 -9999     0
2021 03 05 09   167    68 10136   220    20 -9999 -9999     0
2021 03 05 12   138    84 10159    20    40 -9999 -9999     0
2021 03 05 15   122    85 10185    10    10 -9999 -9999     0
2021 03 05 18   123    82 10193    70    10 -9999 -9999     0
2021 03 05 21   117    84 10192     0 -9999 -9999 -9999     0
2021 03 06 00   112    86 10220   130    10 -9999 -9999 -9999
2021 03 06 03   144    88 10236    20    30 -9999 -9999     0
2021 03 06 06   164    89 10221    60    20 -9999 -9999     0
2021 03 06 09   143    95 10217    20    50 -9999 -9999     0
2021 03 06 12   128    94 10233    20    20 -9999 -9999     0
2021 03 06 15   124    96 10244    20    20 -9999 -9999     0
2021 03 06 18   119    98 10235    80    10 -9999 -9999     0
2021 03 06 21   109   103 10220    10    10 -9999 -9999     3
2021 03 07 00   108   103 10225    40    10 -9999 -9999     4
2021 03 07 03   123   109 10230    40    10 -9999 -9999     1
2021 03 07 06   126   108 10200   210    10 -9999 -9999     0
2021 03 07 09   130   105 10181    50    20 -9999 -9999     0
2021 03 07 12   122    99 10197    20    30 -9999 -9999     0
2021 03 07 15   115    94 10209   360    20 -9999 -9999 -9999
2021 03 07 18   105    94 10202    20    10 -9999 -9999     3
2021 03 07 21   103    92 10191    20    20 -9999 -9999     3
2021 03 08 00   104    96 10207    10    20 -9999 -9999     0
2021 03 08 03   131    97 10222    30    10 -9999 -9999     0
2021 03 08 06   162    96 10198   360    10 -9999 -9999     0
2021 03 08 09   161   100 10181    10    20 -9999 -9999 -9999
2021 03 08 12   143    97 10201    20    40 -9999 -9999     0
2021 03 08 15   129    95 10218   310    10 -9999 -9999     0
2021 03 08 18   118   100 10214    20    30 -9999 -9999     0
2021 03 08 21   105    89 10201    20    10 -9999 -9999     0
2021 03 09 00   109    93 10217   360    20 -9999 -9999     0
2021 03 09 03   137    92 10230    50    10 -9999 -9999     0
2021 03 09 06   172    96 10208    10    30 -9999 -9999     0
2021 03 09 09   175    89 10192    90    20 -9999 -9999     0
2021 03 09 12   153   101 10202   140    10 -9999 -9999 -9999
2021 03 09 15   136   102 10211    80    10 -9999 -9999     0
2021 03 09 18   131    94 10194    80    10 -9999 -9999     0
2021 03 09 21   126    96 10181    70    20 -9999 -9999     0
2021 03 10 00   123    97 10194    10    20 -9999 -9999     0
2021 03 10 03   121   108 10209     0 -9999 -9999 -9999     3
2021 03 10 06   133   112 10191   110    10 -9999 -9999     3
2021 03 10 09   136   113 10185    40    10 -9999 -9999 -9999
2021 03 10 12   130   114 10203     0 -9999 -9999 -9999 -9999
2021 03 10 15   114   106 10226   100    10 -9999 -9999     0
2021 03 10 18   107   104 10223   100    10 -9999 -9999     0
2021 03 10 21   102   100 10221    38     9 -9999 -9999 -9999
2021 03 11 00    98    95 10235   190    10 -9999 -9999     0
2021 03 11 03   141   103 10239   360    20 -9999 -9999     0
2021 03 11 06   175   101 10209    30    20 -9999 -9999     0
2021 03 11 09   168   106 10197   160    10 -9999 -9999     0
2021 03 11 12   142   108 10214    80    10 -9999 -9999     0
2021 03 11 15   126    92 10228    80    10 -9999 -9999     0
2021 03 11 18   119   103 10223    20    10 -9999 -9999     0
2021 03 11 21   120   106 10209   340    10 -9999 -9999     0
2021 03 12 00   120   106 10220    10    10 -9999 -9999     0
2021 03 12 03   175   113 10225   200    20 -9999 -9999     0
2021 03 12 06   196   106 10194   310    10 -9999 -9999     0
2021 03 12 09   213    99 10168   290    10 -9999 -9999     0
2021 03 12 12   167   105 10198    10    30 -9999 -9999     0
2021 03 12 15   148   104 10213   350    20 -9999 -9999     0
2021 03 12 18   129    99 10211    50    10 -9999 -9999     0
2021 03 12 21   113    97 10200   360    20 -9999 -9999     0
2021 03 13 00   111    99 10207    50    10 -9999 -9999     0
2021 03 13 03   186   109 10213   260    10 -9999 -9999     0
2021 03 13 06   223   111 10176    10    20 -9999 -9999     0
2021 03 13 09   231   105 10141    80    20 -9999 -9999     0
2021 03 13 12   187   105 10141    70    20 -9999 -9999     0
2021 03 13 15   170   106 10138   360    20 -9999 -9999     0
2021 03 13 18   160   110 10125   360    20 -9999 -9999     0
2021 03 13 21   166   102 10094    70    30 -9999 -9999     0
2021 03 14 00   155   109 10097   210    10 -9999 -9999     0
2021 03 14 03   173   113 10102    10    30 -9999 -9999     0
2021 03 14 06   218   121 10067   360    40 -9999 -9999     0
2021 03 14 09   192   115 10055    10    60 -9999 -9999     0
2021 03 14 12   173   118 10071    20    10 -9999 -9999     0
2021 03 14 15   163   117 10085    10    20 -9999 -9999     0
2021 03 14 18   154   120 10075   160    20 -9999 -9999     0
2021 03 14 21   139   118 10070   190    10 -9999 -9999     0
2021 03 15 00   128   115 10092   190    10 -9999 -9999     0
2021 03 15 03   199   124 10101   280    10 -9999 -9999     0
2021 03 15 06   247   116 10078   290    20 -9999 -9999     0
2021 03 15 09   260   128 10061   290    20 -9999 -9999     0
2021 03 15 12   223   136 10077   160    20 -9999 -9999     0
2021 03 15 15   191   137 10089   350    10 -9999 -9999     0
2021 03 15 18   166   139 10085    30    10 -9999 -9999     0
2021 03 15 21   173   140 10071   340    10 -9999 -9999     0
2021 03 16 00   162   140 10082   360    20 -9999 -9999     0
2021 03 16 03   198   148 10095    10    20 -9999 -9999     0
2021 03 16 06   252   158 10068   180    30 -9999 -9999     0
2021 03 16 09   240   158 10055   140    40 -9999 -9999     0
2021 03 16 12   208   156 10075    80    20 -9999 -9999     0
2021 03 16 15   185   152 10091    40    20 -9999 -9999     0
2021 03 16 18   178   149 10074    20    50 -9999 -9999     0
2021 03 16 21   173   142 10061   360    20 -9999 -9999     0
2021 03 17 00   172   139 10071    50    20 -9999 -9999 -9999
2021 03 17 03   186   141 10078    20    20 -9999 -9999     0
2021 03 17 06   206   147 10058    40    20 -9999 -9999     0
2021 03 17 09   212   146 10037    20    50 -9999 -9999     0
2021 03 17 12   199   140 10051    10    40 -9999 -9999     0
2021 03 17 15   190   138 10067    10    30 -9999 -9999     0
2021 03 17 18   182   141 10065    10    30 -9999 -9999     0
2021 03 17 21   167   149 10056    10    20 -9999 -9999    10
2021 03 18 00   170   137 10072   360    20 -9999 -9999    10
2021 03 18 03   181   142 10078   330    10 -9999 -9999     0
2021 03 18 06   203   149 10060    10    20 -9999 -9999     0
2021 03 18 09   214   155 10043    20    40 -9999 -9999     0
2021 03 18 12   186   157 10059    10    40 -9999 -9999     0
2021 03 18 15   173   151 10084   350    40 -9999 -9999     0
2021 03 18 18   164   135 10071    10    30 -9999 -9999     0
2021 03 18 21   158   124 10052    10    20 -9999 -9999     0
2021 03 19 00   156   122 10068    10    30 -9999 -9999     0
2021 03 19 03   164   111 10088    10    40 -9999 -9999     0
2021 03 19 06   158   120 10086    10    60 -9999 -9999     0
2021 03 19 09   164   118 10094    20    60 -9999 -9999     0
2021 03 19 12   151    88 10125    20    40 -9999 -9999     0
2021 03 19 15   147    68 10159    10    40 -9999 -9999     0
2021 03 19 18   143    43 10160    10    50 -9999 -9999     0
2021 03 19 21   134    56 10170   360    60 -9999 -9999     0
2021 03 20 00   121    43 10191   340    40 -9999 -9999     1
2021 03 20 03   114    44 10211   340    30 -9999 -9999     1
2021 03 20 06   116    55 10192   350    40 -9999 -9999     0
2021 03 20 09   102    67 10193    10    70 -9999 -9999     0
2021 03 20 12   100    60 10225    10    40 -9999 -9999     0
2021 03 20 15    84    75 10261    10    60 -9999 -9999    30
2021 03 20 18    75    68 10272    20    40 -9999 -9999    70
2021 03 20 21    72    61 10280    20    50 -9999 -9999    60
2021 03 21 00    70    64 10302    20    30 -9999 -9999    30
2021 03 21 03    88    73 10316    20    30 -9999 -9999     8
2021 03 21 06   117    64 10295    10    20 -9999 -9999     0
2021 03 21 09   102    62 10291    30    50 -9999 -9999     1
2021 03 21 12    85    71 10314    80    20 -9999 -9999     9
2021 03 21 15    87    70 10330   240    10 -9999 -9999     8
2021 03 21 18    82    74 10327   160    10 -9999 -9999     0
2021 03 21 21    85    81 10308    80    10 -9999 -9999     0
2021 03 22 00    87    81 10321   190    10 -9999 -9999     0
2021 03 22 03   110    77 10328   150    20 -9999 -9999     0
2021 03 22 06   124    75 10300   210    20 -9999 -9999     0
2021 03 22 09   137    61 10271   140    10 -9999 -9999     0
2021 03 22 12   107    78 10278    70    20 -9999 -9999     0
2021 03 22 15   101    84 10284   290    10 -9999 -9999     0
2021 03 22 18    91    80 10264   160    10 -9999 -9999     0
2021 03 22 21    84    78 10243   340    20 -9999 -9999     0
2021 03 23 00    84    78 10244     0 -9999 -9999 -9999     0
2021 03 23 03   146    74 10239   120    20 -9999 -9999     0
2021 03 23 06   171    66 10202   170    20 -9999 -9999     0
2021 03 23 09   175    64 10176    80    10 -9999 -9999     0
2021 03 23 12   141    79 10182    80    20 -9999 -9999     0
2021 03 23 15   117    70 10194    90    10 -9999 -9999     0
2021 03 23 18   106    60 10176   100    20 -9999 -9999     0
2021 03 23 21    82    60 10159    50    10 -9999 -9999     0
2021 03 24 00    86    72 10168   360    30 -9999 -9999     0
2021 03 24 03   165    74 10171    20    40 -9999 -9999     0
2021 03 24 06   202    72 10135    10    40 -9999 -9999     0
2021 03 24 09   213    64 10108    40    30 -9999 -9999     0
2021 03 24 12   196    74 10120   350    20 -9999 -9999     0
2021 03 24 15   177    83 10135   330    20 -9999 -9999     0
2021 03 24 18   165    87 10128    40    10 -9999 -9999     0
2021 03 24 21   147    95 10117   160    10 -9999 -9999     0
2021 03 25 00   143    99 10131   130    10 -9999 -9999     0
2021 03 25 03   155   105 10143     0 -9999 -9999 -9999     0
2021 03 25 06   172   106 10116    10    20 -9999 -9999     0
2021 03 25 09   172   117 10094    20    20 -9999 -9999     0
2021 03 25 12   162   109 10098    10    10 -9999 -9999     0
2021 03 25 15   158   101 10111   360    10 -9999 -9999     0
2021 03 25 18   151    99 10102    10    10 -9999 -9999     0
2021 03 25 21   140   108 10098   360     2 -9999 -9999 -9999
2021 03 26 00   132   127 10124    10    30 -9999 -9999     8
2021 03 26 03   136   130 10144   330    30 -9999 -9999    20
2021 03 26 06   148   128 10126    30    20 -9999 -9999    10
2021 03 26 09   160   105 10117    10    30 -9999 -9999     1
2021 03 26 12   134   111 10133    80    20 -9999 -9999     0
2021 03 26 15   117   106 10159   250    20 -9999 -9999     0
2021 03 26 18   119   108 10148   130    10 -9999 -9999     0
2021 03 26 21   111    99 10131   100    10 -9999 -9999     0
2021 03 27 00   109   104 10143   250    10 -9999 -9999     0
2021 03 27 03   163   117 10149   200    30 -9999 -9999     0
2021 03 27 06   215   100 10116   200    30 -9999 -9999     0
2021 03 27 09   237    78 10095   230    30 -9999 -9999     0
2021 03 27 12   196    95 10110   120    20 -9999 -9999     0
2021 03 27 15   169   101 10117   160    20 -9999 -9999     0
2021 03 27 18   144   102 10110   230    10 -9999 -9999     0
2021 03 27 21   130   100 10091    10    10 -9999 -9999     0
2021 03 28 00   129    95 10103    30    20 -9999 -9999     0
2021 03 28 03   222   104 10089    30    40 -9999 -9999     0
2021 03 28 06   261   107 10044    20    20 -9999 -9999     0
2021 03 28 09   273    92 10004   280    20 -9999 -9999     0
2021 03 28 12   220    99 10001    80    20 -9999 -9999     0
2021 03 28 15   201    97 10006   330    10 -9999 -9999     0
2021 03 28 18   178   111 10006    10    30 -9999 -9999     0
2021 03 28 21   184    95  9981    20    40 -9999 -9999     0
2021 03 29 00   171   109 10009    20    10 -9999 -9999     0
2021 03 29 03   207   111 10014    10    30 -9999 -9999     0
2021 03 29 06   246   129  9991    20    20 -9999 -9999     0
2021 03 29 09   254   126  9974   360    10 -9999 -9999     0
2021 03 29 12   215   137  9990    20    10 -9999 -9999     0
2021 03 29 15   195   128 10001    10    10 -9999 -9999 -9999
2021 03 29 18   172   133  9991   160    20 -9999 -9999 -9999
2021 03 29 21   174   145  9978    10    10 -9999 -9999     0
2021 03 30 00   174   161  9986   360    20 -9999 -9999     7
2021 03 30 03   184   169  9996    60    20 -9999 -9999     8
2021 03 30 06   201   161  9990   260    20 -9999 -9999     1
2021 03 30 09   188   164  9982    20    40 -9999 -9999     0
2021 03 30 12   176   151  9992    20    40 -9999 -9999     0
2021 03 30 15   165   143 10005    10    30 -9999 -9999     0
2021 03 30 18   156   136  9996    50    30 -9999 -9999     0
2021 03 30 21   142   122  9992    10    20 -9999 -9999     0
2021 03 31 00   144   116 10005   360    30 -9999 -9999     0
2021 03 31 03   198   128 10014   360    30 -9999 -9999     0
2021 03 31 06   232   139  9992   360    30 -9999 -9999     0
2021 03 31 09   241   139  9981    50    20 -9999 -9999     0
2021 03 31 12   218   147 10001    10    20 -9999 -9999     0
2021 03 31 15   197   112 10020   360    30 -9999 -9999 -9999
2021 03 31 18   151   138 10013    10    40 -9999 -9999    30
2021 03 31 21   134   125 10031    10    30 -9999 -9999   160
2021 04 01 00   131   110 10066   350    50 -9999 -9999   130
2021 04 01 03   131   106 10090   360    50 -9999 -9999     2
2021 04 01 06   150   112 10084    10    60 -9999 -9999     0
2021 04 01 09   156   106 10069    20    60 -9999 -9999     0
2021 04 01 12   150   110 10086    50    20 -9999 -9999     0
2021 04 01 15   146   106 10103    10    20 -9999 -9999     0
2021 04 01 18   134   116 10099   360    20 -9999 -9999     2
2021 04 01 21   125   117 10099    40    20 -9999 -9999     3
2021 04 02 00   128    94 10121   360    40 -9999 -9999     1
2021 04 02 03   127   101 10139   340    30 -9999 -9999     0
2021 04 02 06   131   106 10130   340    30 -9999 -9999     0
2021 04 02 09   133   107 10124    10    50 -9999 -9999     0
2021 04 02 12   130   109 10141    10    30 -9999 -9999     0
2021 04 02 15   130   107 10168    10    20 -9999 -9999     0
2021 04 02 18   127   106 10167    10    20 -9999 -9999     0
2021 04 02 21   124   105 10167    40    40 -9999 -9999 -9999
2021 04 03 00   119   103 10187    60    40 -9999 -9999 -9999
2021 04 03 03   137   109 10200    40    30 -9999 -9999     0
2021 04 03 06   139    99 10183    20    50 -9999 -9999     0
2021 04 03 09   141   107 10170    20    30 -9999 -9999     0
2021 04 03 12   132   114 10184    20    40 -9999 -9999     0
2021 04 03 15   130   112 10196    20    40 -9999 -9999     0
2021 04 03 18   128   115 10198    40    10 -9999 -9999     0
2021 04 03 21   124   105 10188    10    20 -9999 -9999     0
2021 04 04 00   127   104 10205    20    20 -9999 -9999     0
2021 04 04 03   125   119 10213    10    20 -9999 -9999     4
2021 04 04 06   141   130 10189    16    15 -9999 -9999     7
2021 04 04 09   143   130 10168    20    30 -9999 -9999     3
2021 04 04 12   137   129 10183    40    40 -9999 -9999     0
2021 04 04 15   136   131 10201    70    20 -9999 -9999 -9999
2021 04 04 18   132   129 10196    20    20 -9999 -9999     3
2021 04 04 21   125   122 10193   180    10 -9999 -9999    30
2021 04 05 00   128   125 10206   360    10 -9999 -9999    30
2021 04 05 03   149   124 10214   250    10 -9999 -9999     1
2021 04 05 06   172   106 10184   160    20 -9999 -9999     0
2021 04 05 09   168   117 10169   220    20 -9999 -9999     0
2021 04 05 12   156   127 10181    10    10 -9999 -9999     0
2021 04 05 15   143   122 10187    30    20 -9999 -9999     0
2021 04 05 18   129   121 10181    10    10 -9999 -9999     0
2021 04 05 21   119   114 10167    10    20 -9999 -9999     0
2021 04 06 00   122   119 10191    10    20 -9999 -9999     0
2021 04 06 03   153   124 10203    10    30 -9999 -9999     0
2021 04 06 06   172   125 10191   340    20 -9999 -9999     0
2021 04 06 09   172   121 10173   340    20 -9999 -9999     0
2021 04 06 12   150   134 10186     0 -9999 -9999 -9999 -9999
2021 04 06 15   139   134 10196    90    10 -9999 -9999    10
2021 04 06 18   134   131 10187   200    10 -9999 -9999    70
2021 04 06 21   132   129 10173   170    10 -9999 -9999   100
2021 04 07 00   135   132 10186   190    10 -9999 -9999    60
2021 04 07 03   146   140 10198   200    20 -9999 -9999    10
2021 04 07 06   188   130 10170    30    30 -9999 -9999     0
2021 04 07 09   192   134 10156    60    30 -9999 -9999     0
2021 04 07 12   166   135 10179   140    10 -9999 -9999     0
2021 04 07 15   143   137 10192    70    10 -9999 -9999     0
2021 04 07 18   134   129 10183   270    20 -9999 -9999     0
2021 04 07 21   128   125 10177    90    10 -9999 -9999     0
2021 04 08 00   135   127 10193    50    10 -9999 -9999     0
2021 04 08 03   187   131 10195    20    20 -9999 -9999     0
2021 04 08 06   190   132 10176    90    10 -9999 -9999     0
2021 04 08 09   200   141 10153    60    30 -9999 -9999 -9999
2021 04 08 12   175   136 10162   110    20 -9999 -9999     1
2021 04 08 15   156   129 10177    70    10 -9999 -9999     1
2021 04 08 18   142   129 10162   330    10 -9999 -9999     0
2021 04 08 21   137   129 10154    20    20 -9999 -9999     0
2021 04 09 00   141   135 10173     0 -9999 -9999 -9999     0
2021 04 09 03   164   122 10183   130    10 -9999 -9999     0
2021 04 09 06   182   131 10169    60    20 -9999 -9999     0
2021 04 09 09   189   112 10156    70    20 -9999 -9999     0
2021 04 09 12   166   107 10168    50    10 -9999 -9999     0
2021 04 09 15   157   107 10179    60    20 -9999 -9999     0
2021 04 09 18   148   119 10181    70    10 -9999 -9999 -9999
2021 04 09 21   134   129 10181    20    10 -9999 -9999    10
2021 04 10 00   133   122 10196   170    20 -9999 -9999    20
2021 04 10 03   139   121 10208    90    20 -9999 -9999     7
2021 04 10 06   145   130 10191    20    30 -9999 -9999     2
2021 04 10 09   156   127 10168    30    10 -9999 -9999     0
2021 04 10 12   147   115 10180    10    30 -9999 -9999     0
2021 04 10 15   143   120 10194    10    10 -9999 -9999     0
2021 04 10 18   137   123 10190    10    30 -9999 -9999 -9999
2021 04 10 21   125   120 10184    80    30 -9999 -9999     2
2021 04 11 00   127   122 10198    20    10 -9999 -9999     3
2021 04 11 03   140   122 10205   300    10 -9999 -9999     4
2021 04 11 06   163   130 10180    10    20 -9999 -9999     3
2021 04 11 09   166   124 10165    30    20 -9999 -9999     0
2021 04 11 12   151   130 10174    60    30 -9999 -9999     0
2021 04 11 15   141   128 10197    50    10 -9999 -9999     0
2021 04 11 18   138   129 10193   270    10 -9999 -9999     0
2021 04 11 21   130   125 10182    10    10 -9999 -9999     0
2021 04 12 00   132   129 10193     0 -9999 -9999 -9999     0
2021 04 12 03   181   130 10199   240    10 -9999 -9999     0
2021 04 12 06   204   113 10165   270    10 -9999 -9999     0
2021 04 12 09   202   129 10146   180    30 -9999 -9999     0
2021 04 12 12   173   128 10165    90    10 -9999 -9999     0
2021 04 12 15   156   131 10184   160    10 -9999 -9999     0
2021 04 12 18   148   142 10181    10    10 -9999 -9999    20
2021 04 12 21   145   140 10171   170    20 -9999 -9999    30
2021 04 13 00   148   143 10176    20    10 -9999 -9999    20
2021 04 13 03   158   147 10179    50    20 -9999 -9999     1
2021 04 13 06   193   150 10153    40    30 -9999 -9999     0
2021 04 13 09   178   147 10136    20    30 -9999 -9999     0
2021 04 13 12   167   149 10144    20    60 -9999 -9999     0
2021 04 13 15   158   150 10174   360    30 -9999 -9999     2
2021 04 13 18   150   145 10171    10    40 -9999 -9999    20
2021 04 13 21   143   140 10169    10    30 -9999 -9999    20
2021 04 14 00   142   137 10179   350    20 -9999 -9999    10
2021 04 14 03   159   141 10177   360    20 -9999 -9999     1
2021 04 14 06   162   146 10156    60    10 -9999 -9999 -9999
2021 04 14 09   160   147 10139    20    20 -9999 -9999     0
2021 04 14 12   149   139 10128   100    20 -9999 -9999     0
2021 04 14 15   148   137 10154    20    30 -9999 -9999     0
2021 04 14 18   145   135 10149   350    20 -9999 -9999     0
2021 04 14 21   142   132 10139    30    30 -9999 -9999     0
2021 04 15 00   141   130 10153    50    10 -9999 -9999     0
2021 04 15 03   159   130 10167   340    20 -9999 -9999     0
2021 04 15 06   175   132 10152   320    20 -9999 -9999     0
2021 04 15 09   177   138 10138   180    10 -9999 -9999     0
2021 04 15 12   164   148 10158   160    20 -9999 -9999 -9999
2021 04 15 15   153   147 10177   210    10 -9999 -9999     1
2021 04 15 18   145   137 10179   330    10 -9999 -9999    20
2021 04 15 21   133   130 10173   230    10 -9999 -9999    30
2021 04 16 00   135   130 10189   230    10 -9999 -9999     8
2021 04 16 03   147   132 10202   200    10 -9999 -9999     1
2021 04 16 06   194   131 10184    20    10 -9999 -9999     0
2021 04 16 09   203   147 10171    20    20 -9999 -9999     0
2021 04 16 12   170   152 10192    70    20 -9999 -9999     0
2021 04 16 15   155   147 10213   100    10 -9999 -9999     0
2021 04 16 18   146   141 10205   100    10 -9999 -9999     0
2021 04 16 21   136   134 10198    10    20 -9999 -9999     0
2021 04 17 00   141   139 10215    30    20 -9999 -9999     0
2021 04 17 03   157   137 10222   360    10 -9999 -9999     0
2021 04 17 06   175   155 10202   210    10 -9999 -9999     2
2021 04 17 09   174   159 10179    10    20 -9999 -9999     2
2021 04 17 12   163   155 10181    10    20 -9999 -9999     0
2021 04 17 15   162   149 10185    20    30 -9999 -9999     0
2021 04 17 18   155   145 10174    10    10 -9999 -9999 -9999
2021 04 17 21   148   143 10171    20    30 -9999 -9999    20
2021 04 18 00   144   133 10178    30    10 -9999 -9999    30
2021 04 18 03   166   144 10185    10    30 -9999 -9999    10
2021 04 18 06   178   137 10164    80    30 -9999 -9999     0
2021 04 18 09   185   131 10141    50    30 -9999 -9999     0
2021 04 18 12   153   133 10152    70    20 -9999 -9999     0
2021 04 18 15   147   132 10160   344    12 -9999 -9999 -9999
2021 04 18 18   140   132 10140   360    10 -9999 -9999     0
2021 04 18 21   136   131 10126    70    10 -9999 -9999     0
2021 04 19 00   140   134 10132    60    10 -9999 -9999     0
2021 04 19 03   160   138 10129    70    10 -9999 -9999     2
2021 04 19 06   178   139 10102    80    30 -9999 -9999     2
2021 04 19 09   167   136 10083    60    30 -9999 -9999     0
2021 04 19 12   162   135 10093    10    30 -9999 -9999     0
2021 04 19 15   156   136 10101    20    30 -9999 -9999     0
2021 04 19 18   151   135 10096    10    20 -9999 -9999 -9999
2021 04 19 21   145   137 10087    40    10 -9999 -9999     0
2021 04 20 00   145   140 10103    60    10 -9999 -9999     1
2021 04 20 03   162   142 10113   260    10 -9999 -9999     1
2021 04 20 06   180   139 10099   260    10 -9999 -9999     0
2021 04 20 09   201   147 10084    70    20 -9999 -9999     0
2021 04 20 12   178   149 10102    10    10 -9999 -9999     0
2021 04 20 15   168   148 10117    90    10 -9999 -9999     0
2021 04 20 18   155   149 10113    10    30 -9999 -9999     0
2021 04 20 21   156   148 10105    80    10 -9999 -9999     0
