2021 01 01 00   -17   -40 10311   350    10 -9999 -9999     0
2021 01 01 03    40   -18 10307    90    20 -9999 -9999     0
2021 01 01 06    82     0 10274   130    30 -9999 -9999     0
2021 01 01 09    66     5 10273    90    40 -9999 -9999     0
2021 01 01 12    47     3 10298    70    20 -9999 -9999     0
2021 01 01 15    25     1 10297   300    20 -9999 -9999     0
2021 01 01 18    18     8 10290   300    30 -9999 -9999     0
2021 01 01 21    12    -3 10277   330    10 -9999 -9999     0
2021 01 02 00     7    -6 10287   330    10 -9999 -9999     0
2021 01 02 03    65     6 10283   140    10 -9999 -9999     0
2021 01 02 06    83    17 10244   140    40 -9999 -9999     0
2021 01 02 09    69    12 10251   100    20 -9999 -9999     0
2021 01 02 12    61    12 10277   320    10 -9999 -9999     0
2021 01 02 15    63    14 10283   260    10 -9999 -9999     0
2021 01 02 18    56    26 10282   310    10 -9999 -9999     0
2021 01 02 21    50    15 10283    50    20 -9999 -9999     0
2021 01 03 00    50    24 10305   300    20 -9999 -9999     0
2021 01 03 03    76    23 10305   280    10 -9999 -9999     0
2021 01 03 06   103    17 10273   140    20 -9999 -9999     0
2021 01 03 09    84     6 10277   120    40 -9999 -9999     0
2021 01 03 12    57   -10 10297   110    30 -9999 -9999     0
2021 01 03 15    51   -32 10303   120    20 -9999 -9999     0
2021 01 03 18    39   -27 10294   210    10 -9999 -9999     0
2021 01 03 21    23   -13 10283   350    10 -9999 -9999     0
2021 01 04 00    15    -1 10294    30    20 -9999 -9999     0
2021 01 04 03    43    13 10300   240    10 -9999 -9999     0
2021 01 04 06    55   -10 10267   140    10 -9999 -9999     0
2021 01 04 09    53    -1 10282     0 -9999 -9999 -9999     0
2021 01 04 12    52    10 10300   240    10 -9999 -9999     0
2021 01 04 15    48    16 10306   320    10 -9999 -9999     0
2021 01 04 18    43     6 10304   120    20 -9999 -9999     0
2021 01 04 21    35    -3 10306   200    10 -9999 -9999     0
2021 01 05 00    34   -15 10334   150    10 -9999 -9999     0
2021 01 05 03    42    -8 10347   130    20 -9999 -9999     0
2021 01 05 06    50   -23 10319   150    20 -9999 -9999     0
2021 01 05 09    43   -28 10327   130    30 -9999 -9999     0
2021 01 05 12    32   -32 10344   310    10 -9999 -9999     0
2021 01 05 15    36   -32 10337   160    10 -9999 -9999     0
2021 01 05 18    29   -34 10323   120    10 -9999 -9999     0
2021 01 05 21    26   -33 10302   340    10 -9999 -9999     0
2021 01 06 00    23   -19 10310   100    10 -9999 -9999     0
2021 01 06 03    34   -14 10316    80    10 -9999 -9999     0
2021 01 06 06    38   -12 10288   320    10 -9999 -9999     0
2021 01 06 09    35   -38 10303   150    20 -9999 -9999     0
2021 01 06 12    29   -68 10324   120    30 -9999 -9999     0
2021 01 06 15    23   -51 10347   350    20 -9999 -9999     0
2021 01 06 18    17   -76 10355    80    30 -9999 -9999     0
2021 01 06 21    -4   -90 10369    40    30 -9999 -9999 -9999
2021 01 07 00   -13  -159 10393    80    40 -9999 -9999     0
2021 01 07 03   -12  -174 10407   110    30 -9999 -9999     0
2021 01 07 06    -5  -177 10367   120    20 -9999 -9999     0
2021 01 07 09    -7  -165 10369   120    20 -9999 -9999     0
2021 01 07 12   -16  -144 10392   120    20 -9999 -9999     0
2021 01 07 15   -22  -134 10393   120    20 -9999 -9999     0
2021 01 07 18   -29  -129 10387   120    20 -9999 -9999     0
2021 01 07 21   -40  -150 10374    90    20 -9999 -9999     0
2021 01 08 00   -39  -133 10389    10    10 -9999 -9999     0
2021 01 08 03     7  -127 10391   220    10 -9999 -9999     0
2021 01 08 06    41  -119 10340   130    30 -9999 -9999     0
2021 01 08 09    30  -106 10326   120    40 -9999 -9999     0
2021 01 08 12     3  -102 10345    80    30 -9999 -9999     0
2021 01 08 15    -5  -113 10345     0 -9999 -9999 -9999     0
2021 01 08 18   -17   -93 10343   330    10 -9999 -9999     0
2021 01 08 21   -25   -82 10327   310    10 -9999 -9999     0
2021 01 09 00   -22   -47 10337   320    20 -9999 -9999     0
2021 01 09 03    38   -65 10341   260    10 -9999 -9999     0
2021 01 09 06    76  -112 10297   120    20 -9999 -9999     0
2021 01 09 09    58   -96 10287   120    40 -9999 -9999     0
2021 01 09 12    40   -84 10313    80    20 -9999 -9999     0
2021 01 09 15    37   -86 10317   100    10 -9999 -9999     0
2021 01 09 18    30   -84 10320    20    20 -9999 -9999     0
2021 01 09 21    22   -79 10303   350    10 -9999 -9999     0
2021 01 10 00    16   -51 10311   350    10 -9999 -9999     0
2021 01 10 03    57   -59 10331   130    20 -9999 -9999     0
2021 01 10 06    73  -136 10294   140    30 -9999 -9999     0
2021 01 10 09    63   -84 10297   110    40 -9999 -9999     0
2021 01 10 12    45  -116 10326    70    40 -9999 -9999     0
2021 01 10 15    32  -119 10355   160    10 -9999 -9999     0
2021 01 10 18    20  -108 10359   360    10 -9999 -9999     0
2021 01 10 21     9   -62 10352   110    10 -9999 -9999     0
2021 01 11 00     5   -75 10362   310    10 -9999 -9999     0
2021 01 11 03    53  -105 10363   130    30 -9999 -9999     0
2021 01 11 06    90  -100 10316   100    30 -9999 -9999     0
2021 01 11 09    77  -101 10309   120    40 -9999 -9999     0
2021 01 11 12    54   -96 10327    90    10 -9999 -9999     0
2021 01 11 15    35   -85 10321   190    10 -9999 -9999     0
2021 01 11 18     5   -73 10295   340    10 -9999 -9999     0
2021 01 11 21    21   -67 10263   310    40 -9999 -9999     0
2021 01 12 00    34   -71 10253   300    30 -9999 -9999     0
2021 01 12 03    93   -74 10249   300    40 -9999 -9999     0
2021 01 12 06   136   -71 10202   310    40 -9999 -9999     0
2021 01 12 09   146   -88 10184   280    20 -9999 -9999     0
2021 01 12 12   109   -74 10186   280    30 -9999 -9999     0
2021 01 12 15    89   -65 10179   290    30 -9999 -9999     0
2021 01 12 18    84   -86 10174   310    30 -9999 -9999     0
2021 01 12 21    63   -84 10166   350    20 -9999 -9999     0
2021 01 13 00    53   -75 10182   310    20 -9999 -9999     0
2021 01 13 03   121   -49 10185   300    20 -9999 -9999     0
2021 01 13 06   197   -60 10149   220    20 -9999 -9999     0
2021 01 13 09   163   -18 10152   120    60 -9999 -9999     0
2021 01 13 12   122   -24 10172    40    20 -9999 -9999     0
2021 01 13 15    85   -11 10184   310    20 -9999 -9999     0
2021 01 13 18    68   -14 10174   310    10 -9999 -9999     0
2021 01 13 21    58     4 10162   300    20 -9999 -9999     0
2021 01 14 00    59   -24 10165   310    20 -9999 -9999     0
2021 01 14 03   129    -7 10166   240    20 -9999 -9999     0
2021 01 14 06   181   -12 10121   210    20 -9999 -9999     0
2021 01 14 09   169     1 10118   130    20 -9999 -9999     0
2021 01 14 12   137    10 10136   310    20 -9999 -9999     0
2021 01 14 15   107    -1 10146   340    20 -9999 -9999     0
2021 01 14 18    92    -7 10161   310    20 -9999 -9999     0
2021 01 14 21    81    -6 10167   310    20 -9999 -9999     0
2021 01 15 00    74    10 10180   300    40 -9999 -9999     0
2021 01 15 03   133    -4 10201   240    10 -9999 -9999     0
2021 01 15 06   179   -54 10179   140    30 -9999 -9999     0
2021 01 15 09   158   -65 10183   100    50 -9999 -9999     0
2021 01 15 12   121   -63 10205    60    40 -9999 -9999     0
2021 01 15 15   102   -80 10231   320    20 -9999 -9999     0
2021 01 15 18    91   -94 10253   320    10 -9999 -9999     0
2021 01 15 21    86   -98 10255   360    20 -9999 -9999     0
2021 01 16 00    82   -71 10279   210    10 -9999 -9999     0
2021 01 16 03    90    -6 10297   290    10 -9999 -9999     0
2021 01 16 06   102  -112 10279    40    20 -9999 -9999     0
2021 01 16 09    87  -118 10304    40    30 -9999 -9999     0
2021 01 16 12    66   -45 10350   360    40 -9999 -9999     0
2021 01 16 15    45   -13 10386    40    30 -9999 -9999     0
2021 01 16 18    37     2 10386   260    10 -9999 -9999     0
2021 01 16 21    30    -5 10383   120    10 -9999 -9999     0
2021 01 17 00    26     0 10388   300    10 -9999 -9999     0
2021 01 17 03    66    -4 10387   220    10 -9999 -9999     0
2021 01 17 06    95   -10 10330   160    30 -9999 -9999     0
2021 01 17 09    84   -28 10307   130    40 -9999 -9999     0
2021 01 17 12    47   -38 10308    70    30 -9999 -9999     0
2021 01 17 15    33   -35 10289   350    10 -9999 -9999     0
2021 01 17 18    33   -33 10270   300    30 -9999 -9999     0
2021 01 17 21    38   -32 10262   310    20 -9999 -9999     0
2021 01 18 00    43   -37 10267   320    10 -9999 -9999     0
2021 01 18 03   103   -14 10267   290    20 -9999 -9999     0
2021 01 18 06   152   -18 10225   150    30 -9999 -9999     0
2021 01 18 09   125   -18 10217   120    40 -9999 -9999     0
2021 01 18 12    86    -2 10227    70    20 -9999 -9999     0
2021 01 18 15    74     2 10223    40    20 -9999 -9999     0
2021 01 18 18    52    -4 10214   360    20 -9999 -9999     0
2021 01 18 21    34    -6 10206   320    20 -9999 -9999     0
2021 01 19 00    23    -8 10215   320    10 -9999 -9999     0
2021 01 19 03    97    11 10223   130    10 -9999 -9999     0
2021 01 19 06   129    13 10183   100    30 -9999 -9999     0
2021 01 19 09   118    12 10183    90    40 -9999 -9999     0
2021 01 19 12    97   -17 10201    80    30 -9999 -9999     0
2021 01 19 15    88    -5 10207   340    10 -9999 -9999     0
2021 01 19 18    84     6 10199   330    10 -9999 -9999     0
2021 01 19 21    76     1 10195   340    10 -9999 -9999     0
2021 01 20 00    74    10 10201   330    10 -9999 -9999     0
2021 01 20 03    88    30 10219   130    10 -9999 -9999     0
2021 01 20 06    96    -6 10197   150    10 -9999 -9999     0
2021 01 20 09    95     7 10192   130    10 -9999 -9999     0
2021 01 20 12    85    -8 10208   140    10 -9999 -9999     0
2021 01 20 15    85    -5 10215   200    10 -9999 -9999     0
2021 01 20 18    80    -2 10207    20    10 -9999 -9999 -9999
2021 01 20 21    72    13 10201   320    10 -9999 -9999     0
2021 01 21 00    64    49 10218   300    20 -9999 -9999 -9999
2021 01 21 03    73    64 10227     0 -9999 -9999 -9999    10
2021 01 21 06    75    69 10206   240    10 -9999 -9999    20
2021 01 21 09    75    71 10205    93     9 -9999 -9999     2
2021 01 21 12    73    70 10218   310    10 -9999 -9999     0
2021 01 21 15    72    69 10222   330    10 -9999 -9999 -9999
2021 01 21 18    69    68 10216   300    10 -9999 -9999 -9999
2021 01 21 21    66    66 10203    40    10 -9999 -9999     1
2021 01 22 00    71    67 10214   310    20 -9999 -9999     1
2021 01 22 03   103    82 10216   130    10 -9999 -9999     0
2021 01 22 06   124    65 10182   130    10 -9999 -9999     0
2021 01 22 09   119    62 10179    90    20 -9999 -9999     0
2021 01 22 12   101    59 10198    90    30 -9999 -9999     0
2021 01 22 15    88    65 10210    80    20 -9999 -9999     0
2021 01 22 18    76    56 10207    80    30 -9999 -9999     0
2021 01 22 21    74    54 10197    90    20 -9999 -9999     0
2021 01 23 00    65    31 10214    90    30 -9999 -9999     0
2021 01 23 03    75    50 10230   150    10 -9999 -9999     0
2021 01 23 06   108    51 10191   100    20 -9999 -9999     0
2021 01 23 09    99    34 10203   140    30 -9999 -9999     0
2021 01 23 12    86    38 10209   100    20 -9999 -9999     0
2021 01 23 15    68    45 10218    90    30 -9999 -9999     0
2021 01 23 18    65    50 10222   100    30 -9999 -9999     0
2021 01 23 21    60    46 10202   130    10 -9999 -9999     0
2021 01 24 00    59    44 10207    70    20 -9999 -9999     0
2021 01 24 03    57    50 10224   100    20 -9999 -9999 -9999
2021 01 24 06    56    55 10193    80    10 -9999 -9999    20
2021 01 24 09    57    56 10194    80    10 -9999 -9999    20
2021 01 24 12    57    57 10209     0 -9999 -9999 -9999    20
2021 01 24 15    59    59 10221   300    10 -9999 -9999    30
2021 01 24 18    60    60 10231   300    10 -9999 -9999    40
2021 01 24 21    54    54 10233    70    10 -9999 -9999    40
2021 01 25 00    47    47 10253   160    20 -9999 -9999    20
2021 01 25 03    44    44 10275   120    30 -9999 -9999    30
2021 01 25 06    45    45 10256   110    30 -9999 -9999    30
2021 01 25 09    51    51 10248   110    20 -9999 -9999     2
2021 01 25 12    50    50 10261    90    20 -9999 -9999     0
2021 01 25 15    50    50 10270   320    10 -9999 -9999     0
2021 01 25 18    52    52 10268    20    10 -9999 -9999     0
2021 01 25 21    50    49 10259    40    10 -9999 -9999     0
2021 01 26 00    37    36 10277    40    20 -9999 -9999     0
2021 01 26 03    71    56 10288   300    10 -9999 -9999     0
2021 01 26 06    96    42 10252   130    20 -9999 -9999     0
2021 01 26 09    90    40 10243   110    20 -9999 -9999     0
2021 01 26 12    75    34 10256   120    20 -9999 -9999     0
2021 01 26 15    76    19 10260   250    10 -9999 -9999     0
2021 01 26 18    65    45 10245   270    20 -9999 -9999     0
2021 01 26 21    60    42 10231   230    10 -9999 -9999     0
2021 01 27 00    54    42 10240   100    10 -9999 -9999 -9999
2021 01 27 03    64    30 10254   170    20 -9999 -9999     3
2021 01 27 06    77    22 10229    30    10 -9999 -9999     3
2021 01 27 09    79    32 10231   150    20 -9999 -9999     0
2021 01 27 12    71    20 10263   200    10 -9999 -9999     0
2021 01 27 15    44    34 10288   330    10 -9999 -9999     0
2021 01 27 18    40    31 10290   300    30 -9999 -9999     0
2021 01 27 21    40    19 10293   320    20 -9999 -9999     0
2021 01 28 00    44    24 10301   300    30 -9999 -9999     0
2021 01 28 03   106    34 10317   300    10 -9999 -9999     0
2021 01 28 06   135    -2 10296   110    60 -9999 -9999     0
2021 01 28 09   114    11 10292   130    40 -9999 -9999     0
2021 01 28 12    95   -21 10302   130    20 -9999 -9999     0
2021 01 28 15    70     7 10303   110    20 -9999 -9999     0
2021 01 28 18    54    11 10292    10    10 -9999 -9999     0
2021 01 28 21    30    12 10272   300    20 -9999 -9999     0
2021 01 29 00    25    -1 10275   360    10 -9999 -9999     0
2021 01 29 03    78    12 10279   130    10 -9999 -9999     0
2021 01 29 06   110    13 10241   150    10 -9999 -9999     0
2021 01 29 09   110    15 10230   130    20 -9999 -9999     0
2021 01 29 12    91    27 10241   100    30 -9999 -9999     0
2021 01 29 15    87    29 10252   350    10 -9999 -9999     0
2021 01 29 18    80    29 10244   330    10 -9999 -9999     0
2021 01 29 21    70    41 10237   290    20 -9999 -9999     0
2021 01 30 00    55    38 10252   320    10 -9999 -9999     0
2021 01 30 03   118    52 10256   150    10 -9999 -9999     0
2021 01 30 06   115    45 10231   110    20 -9999 -9999     0
2021 01 30 09   109    41 10230   120    10 -9999 -9999     0
2021 01 30 12    96    46 10245   100    20 -9999 -9999     0
2021 01 30 15    82    55 10249   310    10 -9999 -9999     0
2021 01 30 18    71    51 10241   290    20 -9999 -9999     0
2021 01 30 21    68    51 10233   300    20 -9999 -9999     0
2021 01 31 00    73    51 10239   310    20 -9999 -9999     0
2021 01 31 03    85    58 10246   110    20 -9999 -9999 -9999
2021 01 31 06    92    52 10221   210    10 -9999 -9999     0
2021 01 31 09   101    53 10219   360    10 -9999 -9999     0
2021 01 31 12    80    58 10230   120    20 -9999 -9999     0
2021 01 31 15    65    59 10233    90    20 -9999 -9999     0
2021 01 31 18    55    52 10222    10    20 -9999 -9999     0
2021 01 31 21    56    55 10217   290    10 -9999 -9999     0
2021 02 01 00    52    43 10230   320    10 -9999 -9999     0
2021 02 01 03   130    57 10234   270    10 -9999 -9999     0
2021 02 01 06   176    -6 10201   120    20 -9999 -9999     0
2021 02 01 09   157    38 10203   120    50 -9999 -9999     0
2021 02 01 12   113    60 10235    70    30 -9999 -9999     0
2021 02 01 15    98    50 10256    10    20 -9999 -9999     0
2021 02 01 18    77    41 10254   280    20 -9999 -9999     0
2021 02 01 21    58    28 10249   340    20 -9999 -9999     0
2021 02 02 00    50    25 10271   360    20 -9999 -9999     0
2021 02 02 03   110    45 10286   120    10 -9999 -9999     0
2021 02 02 06   143    43 10253   120    20 -9999 -9999     0
2021 02 02 09    87    73 10252   117    45 -9999 -9999 -9999
2021 02 02 12    79    71 10264   120    10 -9999 -9999     0
2021 02 02 15    71    68 10262   290    20 -9999 -9999     0
2021 02 02 18    60    60 10246   320    10 -9999 -9999     0
2021 02 02 21    53    53 10233   290    20 -9999 -9999     0
2021 02 03 00    43    31 10245   360    10 -9999 -9999     0
2021 02 03 03    86    67 10254   230    10 -9999 -9999     0
2021 02 03 06   130    70 10219   120    30 -9999 -9999     0
2021 02 03 09   120    69 10228   130    30 -9999 -9999     0
2021 02 03 12    94    72 10254   110    30 -9999 -9999     0
2021 02 03 15    89    72 10267   310    10 -9999 -9999     0
2021 02 03 18    87    72 10265    80    10 -9999 -9999     0
2021 02 03 21    88    77 10266   270    20 -9999 -9999     0
2021 02 04 00    84    80 10279   270    20 -9999 -9999     0
2021 02 04 03   104    67 10279   300    10 -9999 -9999 -9999
2021 02 04 06    91    83 10247   290    20 -9999 -9999     4
2021 02 04 09    75    68 10238   300    30 -9999 -9999    10
2021 02 04 12    70    58 10255   260    20 -9999 -9999    20
2021 02 04 15    68    68 10265   240    10 -9999 -9999    30
2021 02 04 18    61    60 10249   300    10 -9999 -9999    10
2021 02 04 21    60    60 10238    90    10 -9999 -9999     3
2021 02 05 00    60    60 10247   110    10 -9999 -9999     6
2021 02 05 03    87    72 10256   300    10 -9999 -9999     3
2021 02 05 06   139    70 10213   230    20 -9999 -9999     0
2021 02 05 09   133    73 10197   110    40 -9999 -9999     0
2021 02 05 12   100    69 10214    80    30 -9999 -9999     0
2021 02 05 15    89    69 10219   250    20 -9999 -9999     0
2021 02 05 18    71    64 10211   310    20 -9999 -9999     0
2021 02 05 21    63    57 10197   320    20 -9999 -9999     0
2021 02 06 00    66    52 10209   340    10 -9999 -9999     0
2021 02 06 03    94    59 10219   100    30 -9999 -9999     0
2021 02 06 06    79    67 10190   110    40 -9999 -9999     0
2021 02 06 09    98    76 10178    80    20 -9999 -9999     0
2021 02 06 12    82    76 10194   120    20 -9999 -9999     0
2021 02 06 15    79    76 10201   150    10 -9999 -9999     0
2021 02 06 18    80    79 10201    70    10 -9999 -9999     0
2021 02 06 21    74    74 10199   140    10 -9999 -9999     0
2021 02 07 00    76    76 10212   290    10 -9999 -9999     0
2021 02 07 03    86    86 10234     0 -9999 -9999 -9999     3
2021 02 07 06    87    83 10220    90    20 -9999 -9999     9
2021 02 07 09    92    89 10235   240    10 -9999 -9999     6
2021 02 07 12    90    89 10258   290    10 -9999 -9999     0
2021 02 07 15    91    88 10270   290    20 -9999 -9999     0
2021 02 07 18    90    89 10275    90    10 -9999 -9999     0
2021 02 07 21    80    80 10272   230    20 -9999 -9999     0
2021 02 08 00    74    27 10299   200    20 -9999 -9999     0
2021 02 08 03    93    64 10313   120    20 -9999 -9999     0
2021 02 08 06   113    36 10287   130    20 -9999 -9999     0
2021 02 08 09   107    23 10284   110    40 -9999 -9999     0
2021 02 08 12    74    13 10300   130    40 -9999 -9999     0
2021 02 08 15    65     2 10307   230    10 -9999 -9999     0
2021 02 08 18    53    16 10281   310    10 -9999 -9999     0
2021 02 08 21    46    20 10269   330    10 -9999 -9999     0
2021 02 09 00    41    25 10273   320    10 -9999 -9999     0
2021 02 09 03    93    31 10275   100    20 -9999 -9999     0
2021 02 09 06   120    40 10236   100    30 -9999 -9999     0
2021 02 09 12    89    55 10234   110    30 -9999 -9999     0
2021 02 09 15    81    54 10231    50    20 -9999 -9999     0
2021 02 09 18    76    54 10229   310    10 -9999 -9999     0
2021 02 09 21    70    56 10219   300    10 -9999 -9999     0
2021 02 10 00    69    49 10220   350    10 -9999 -9999     0
2021 02 10 03   104    64 10236   310    10 -9999 -9999     0
2021 02 10 06   129    60 10212   120    40 -9999 -9999     0
2021 02 10 09   129    65 10203   130    20 -9999 -9999     0
2021 02 11 00    62    58 10218   300    20 -9999 -9999     0
2021 02 13 12   130   100 10188    60    30 -9999 -9999     0
2021 02 13 15   125    95 10189   330    10 -9999 -9999     0
2021 02 13 18   114    98 10183   280    20 -9999 -9999     0
2021 02 13 21    96    90 10170   320    10 -9999 -9999     0
2021 02 14 00    85    84 10180   320    20 -9999 -9999     0
2021 02 14 03   167    94 10181   270    20 -9999 -9999     0
2021 02 14 06   231    26 10148   290    20 -9999 -9999     0
2021 02 14 09   208    56 10135   130    40 -9999 -9999     0
2021 02 14 12   158    92 10156    70    20 -9999 -9999     0
2021 02 14 15   149    95 10165   360    10 -9999 -9999     0
2021 02 14 18   131    80 10165    10    20 -9999 -9999     0
2021 02 14 21   127    78 10172   350    20 -9999 -9999     0
2021 02 15 00   115    85 10205   250    20 -9999 -9999     0
2021 02 15 03   149    86 10221   280    10 -9999 -9999     0
2021 02 15 06   150     8 10199    80    40 -9999 -9999     0
2021 02 15 09   121    31 10203    60    40 -9999 -9999 -9999
2021 02 15 12    99    70 10209   270    30 -9999 -9999     1
2021 02 15 15    89    58 10211   320    20 -9999 -9999     1
2021 02 15 18    89    75 10208   290    20 -9999 -9999     0
2021 02 15 21    86    72 10200   300    20 -9999 -9999     0
2021 02 16 00    90    61 10214   360    10 -9999 -9999     0
2021 02 16 03   124    75 10228   190    10 -9999 -9999     0
2021 02 16 06   163    62 10206   120    30 -9999 -9999     0
2021 02 16 09   162    36 10205   120    50 -9999 -9999     0
2021 02 16 12   135    44 10234   120    20 -9999 -9999     0
2021 02 16 15   109    46 10253   350    20 -9999 -9999     0
2021 02 16 18    86    46 10255   310    20 -9999 -9999     0
2021 02 16 21    78    33 10248   320    20 -9999 -9999     0
2021 02 17 00    77    28 10267   360    20 -9999 -9999     0
2021 02 17 03   151    23 10280   130    20 -9999 -9999     0
2021 02 17 06   176     3 10257   120    50 -9999 -9999     0
2021 02 17 09   162    39 10255   110    50 -9999 -9999     0
2021 02 17 12   130    49 10277    80    30 -9999 -9999     0
2021 02 17 15   122    44 10289   320    10 -9999 -9999     0
2021 02 17 18    95    39 10287   330    20 -9999 -9999     0
2021 02 17 21    83    38 10289    30    10 -9999 -9999     0
2021 02 18 00    72    38 10312   310    10 -9999 -9999     0
2021 02 18 03   124    41 10311   290    10 -9999 -9999     0
2021 02 18 06   159    49 10276   120    30 -9999 -9999     0
2021 02 18 09   161    54 10259   110    40 -9999 -9999     0
2021 02 18 12   135    49 10265    50    40 -9999 -9999     0
2021 02 18 15   106    58 10267   300    20 -9999 -9999     0
2021 02 18 18    89    51 10249   330    20 -9999 -9999     0
2021 02 18 21    75    48 10235    10    10 -9999 -9999     0
2021 02 19 00    89    49 10240   320    20 -9999 -9999     0
2021 02 19 03   179    64 10237   290    20 -9999 -9999     0
2021 02 19 06   230   -11 10197   280    30 -9999 -9999     0
2021 02 19 09   236   -21 10178   250    10 -9999 -9999     0
2021 02 20 15   152    65 10137   283    17 -9999 -9999 -9999
2021 02 20 18   132    50 10127   321    15 -9999 -9999 -9999
2021 02 20 21   115    42 10119   302    27 -9999 -9999 -9999
2021 02 21 00   111    39 10130   310    22 -9999 -9999 -9999
2021 02 21 03   216    47 10128   293    14 -9999 -9999 -9999
2021 02 21 09   250    66 10087   118    48 -9999 -9999 -9999
2021 02 21 12   205    96 10115    70    27 -9999 -9999 -9999
2021 02 21 15   175    88 10125   296    14 -9999 -9999 -9999
2021 02 21 18   147    78 10124   314    12 -9999 -9999 -9999
2021 02 21 21   141    60 10128   333    14 -9999 -9999 -9999
2021 02 22 00   132    59 10152   318    18 -9999 -9999 -9999
2021 02 22 03   215    58 10165   310    10 -9999 -9999     0
2021 02 22 06   280    22 10134   100    20 -9999 -9999     0
2021 02 22 09   261    21 10133   110    60 -9999 -9999     0
2021 02 22 12   214    36 10163    60    40 -9999 -9999     0
2021 02 22 15   192    26 10189     7    17 -9999 -9999 -9999
2021 02 22 18   169    32 10186   330    10 -9999 -9999     0
2021 02 22 21   141    49 10174   240    10 -9999 -9999     0
2021 02 23 00   133    69 10189   180    10 -9999 -9999     0
2021 02 23 03   145    78 10198   230    10 -9999 -9999     0
2021 02 23 06   112   110 10183   280    20 -9999 -9999    50
2021 02 23 09   113   113 10159   120    30 -9999 -9999   120
2021 02 23 12   109   109 10166    60    10 -9999 -9999   110
2021 02 23 15   108   108 10177   200    20 -9999 -9999    40
2021 02 23 18   102    99 10173   100    20 -9999 -9999     0
2021 02 23 21    99    96 10166   120    20 -9999 -9999     0
2021 02 24 00    98    97 10180    80    10 -9999 -9999 -9999
2021 02 24 03    92    91 10180    20    20 -9999 -9999     7
2021 02 24 06    98    76 10144   140    20 -9999 -9999     8
2021 02 24 09    82    82 10136   140    20 -9999 -9999    40
2021 02 24 12    74    74 10144   150    20 -9999 -9999    40
2021 02 24 15    65    65 10160   150    20 -9999 -9999     7
2021 02 24 18    59    59 10161   100    20 -9999 -9999    10
2021 02 24 21    57    51 10167    90    20 -9999 -9999     6
2021 02 25 00    53    49 10187   170    30 -9999 -9999     0
2021 02 25 03    61    49 10210   220    20 -9999 -9999     0
2021 02 25 06    61    34 10191   120    40 -9999 -9999     0
2021 02 25 09    63    49 10191   300    10 -9999 -9999 -9999
2021 02 25 12    46    34 10210   350    20 -9999 -9999     9
2021 02 25 15    46    45 10228   320    20 -9999 -9999    30
2021 02 25 18    44    44 10224   320    10 -9999 -9999    40
2021 02 25 21    40    39 10219   100    20 -9999 -9999    20
2021 02 26 00    40    36 10237   100    20 -9999 -9999     1
2021 02 26 03    56    42 10248   140    10 -9999 -9999     0
2021 02 26 06    69    44 10229   330    10 -9999 -9999     0
2021 02 26 09    60    51 10221   160    10 -9999 -9999     6
2021 02 26 12    47    47 10237   110    30 -9999 -9999    10
2021 02 26 15    46    46 10245   200    10 -9999 -9999     5
2021 02 26 18    45    42 10241   150    20 -9999 -9999     0
2021 02 26 21    45    45 10232   120    10 -9999 -9999     0
2021 02 27 00    46    46 10237   110    20 -9999 -9999     0
2021 02 27 03    66    41 10240   180    10 -9999 -9999     0
2021 02 27 06    75    45 10215    80    20 -9999 -9999     0
2021 02 27 09    71    46 10204    80    30 -9999 -9999     0
2021 02 27 12    65    50 10216    90    20 -9999 -9999     0
2021 02 27 15    62    52 10221   140    10 -9999 -9999     0
2021 02 27 18    58    57 10208   270    10 -9999 -9999     6
2021 02 27 21    56    55 10189   100    10 -9999 -9999     7
2021 02 28 00    56    56 10194    90    10 -9999 -9999     3
2021 02 28 03    60    60 10191     0 -9999 -9999 -9999     2
2021 02 28 06    66    65 10164   330    10 -9999 -9999     2
2021 02 28 09    71    67 10155     0 -9999 -9999 -9999     3
2021 02 28 12    69    69 10173   270    10 -9999 -9999     4
2021 02 28 15    67    67 10201   260    10 -9999 -9999    20
2021 02 28 18    69    69 10199   250    10 -9999 -9999    20
2021 02 28 21    70    70 10216   176    14 -9999 -9999    36
2021 03 01 00    71    71 10251   310    10 -9999 -9999    40
2021 03 01 03    83    83 10276   210    10 -9999 -9999    10
2021 03 01 06   121    66 10260   290    10 -9999 -9999     2
2021 03 01 09   108    67 10269   150    30 -9999 -9999     0
2021 03 01 12    96    63 10294   160    30 -9999 -9999     0
2021 03 01 15    71    54 10308   180    30 -9999 -9999     0
2021 03 01 18    67    52 10306   140    10 -9999 -9999     0
2021 03 01 21    67    44 10300   260    10 -9999 -9999     0
2021 03 02 00    71    56 10301     0 -9999 -9999 -9999     0
2021 03 02 03    91    55 10310   230    20 -9999 -9999     0
2021 03 02 06   117    35 10279   170    20 -9999 -9999     0
2021 03 02 09   113    43 10264   110    30 -9999 -9999     0
2021 03 02 12    95    37 10269   120    20 -9999 -9999     0
2021 03 02 15    87    41 10279     0 -9999 -9999 -9999     0
2021 03 02 18    80    51 10266   320    10 -9999 -9999     0
2021 03 02 21    73    61 10242   290    20 -9999 -9999     0
2021 03 03 00    74    59 10246   320    10 -9999 -9999     0
2021 03 03 03   121    50 10243   120    10 -9999 -9999     0
2021 03 03 06   149    28 10198   150    20 -9999 -9999     0
2021 03 03 09   146    25 10185   120    40 -9999 -9999     0
2021 03 03 12   106    41 10208    90    30 -9999 -9999     0
2021 03 03 15    93    45 10221    40    20 -9999 -9999     0
2021 03 03 18    81    43 10207    20    10 -9999 -9999     0
2021 03 03 21    64    44 10191   300    20 -9999 -9999     0
2021 03 04 00    67    44 10204   360    20 -9999 -9999     0
2021 03 04 03   135    68 10203   100    20 -9999 -9999     0
2021 03 04 06   173    74 10170   100    40 -9999 -9999     0
2021 03 04 09   166    81 10163   120    50 -9999 -9999     0
2021 03 04 12   135    81 10178    80    30 -9999 -9999     0
2021 03 04 15   131    80 10183    60    20 -9999 -9999     0
2021 03 04 18   125    76 10170    50    30 -9999 -9999     0
2021 03 04 21   111    83 10160   300    20 -9999 -9999     0
2021 03 05 00   106    95 10173   230    20 -9999 -9999     8
2021 03 05 03   111   106 10179   140    10 -9999 -9999    10
2021 03 05 06   129   104 10150   290    10 -9999 -9999     5
2021 03 05 09   134    96 10152   130    10 -9999 -9999     0
2021 03 05 12   125    90 10176   280    10 -9999 -9999     0
2021 03 05 15   124   100 10199   360    10 -9999 -9999     0
2021 03 05 18   113   102 10208   290    20 -9999 -9999     0
2021 03 05 21   117    89 10210   290    20 -9999 -9999     0
2021 03 06 00   112    88 10246    20    20 -9999 -9999 -9999
2021 03 06 03   121    59 10265    40    40 -9999 -9999     1
2021 03 06 06   104    52 10267    30    30 -9999 -9999     1
2021 03 06 09   114    44 10266    50    30 -9999 -9999     0
2021 03 06 12    74    52 10292   180    20 -9999 -9999 -9999
2021 03 06 15    62    37 10308   110    50 -9999 -9999     0
2021 03 06 18    52    34 10300   130    30 -9999 -9999     0
2021 03 06 21    49    28 10285   110    30 -9999 -9999     0
2021 03 07 00    41    25 10307   110    40 -9999 -9999     0
2021 03 07 03    49    24 10311   110    20 -9999 -9999     0
2021 03 07 06    80    37 10283    70    10 -9999 -9999     0
2021 03 07 09    83    39 10265   120    20 -9999 -9999     0
2021 03 07 12    67    37 10281   105    36 -9999 -9999 -9999
2021 03 07 15    61    39 10292   200    10 -9999 -9999 -9999
2021 03 07 18    57    47 10269   330    10 -9999 -9999     1
2021 03 07 21    57    48 10243   320    10 -9999 -9999     1
2021 03 08 00    57    57 10265   280    10 -9999 -9999    40
2021 03 08 03    68    62 10270   300    10 -9999 -9999    60
2021 03 08 06    88    54 10246    60    10 -9999 -9999    20
2021 03 08 09    80    58 10239    90    30 -9999 -9999     0
2021 03 08 12    70    61 10255   100    30 -9999 -9999     0
2021 03 08 15    66    65 10275   100    20 -9999 -9999     0
2021 03 08 18    66    66 10261   100    20 -9999 -9999     0
2021 03 08 21    66    66 10250   110    20 -9999 -9999     0
2021 03 09 00    65    65 10276   100    20 -9999 -9999     1
2021 03 09 03    86    74 10287   140    10 -9999 -9999     2
2021 03 09 06   106    66 10264   290    10 -9999 -9999     1
2021 03 09 09   117    68 10255   310    10 -9999 -9999 -9999
2021 03 09 12    99    57 10267   160    20 -9999 -9999     0
2021 03 09 15    91    64 10277   130    10 -9999 -9999     0
2021 03 09 18    87    63 10265    70    20 -9999 -9999     0
2021 03 09 21    81    67 10249    60    20 -9999 -9999     0
2021 03 10 00    79    67 10268   120    20 -9999 -9999     0
2021 03 10 03    81    72 10265   130    10 -9999 -9999     4
2021 03 10 06    82    78 10246   100    10 -9999 -9999    30
2021 03 10 09    82    79 10228   150    10 -9999 -9999    60
2021 03 10 12    78    77 10240   100    10 -9999 -9999    60
2021 03 10 15    78    78 10248   340    10 -9999 -9999    60
2021 03 10 18    78    78 10235   310    10 -9999 -9999    40
2021 03 10 21    77    77 10229   300    10 -9999 -9999     0
2021 03 11 00    82    82 10245     0 -9999 -9999 -9999     0
2021 03 11 03   111    88 10254   180    10 -9999 -9999     0
2021 03 11 06   141    87 10230    20    10 -9999 -9999     0
2021 03 11 09   144    81 10223   140    20 -9999 -9999     0
2021 03 11 12   122    89 10243   110    20 -9999 -9999     0
2021 03 11 15   118    88 10252    60    20 -9999 -9999     0
2021 03 11 18   112    99 10247   260    20 -9999 -9999     0
2021 03 11 21   106    94 10236   310    10 -9999 -9999     0
2021 03 12 00   105    88 10252   360    20 -9999 -9999     0
2021 03 12 03   160    97 10257   120    20 -9999 -9999     0
2021 03 12 06   169    98 10228   120    30 -9999 -9999     0
2021 03 12 09   160    87 10216   130    20 -9999 -9999     0
2021 03 12 12   147    97 10229   120    30 -9999 -9999     0
2021 03 12 15   132    96 10229   110    30 -9999 -9999     0
2021 03 12 18   127    93 10225    60    20 -9999 -9999     0
2021 03 12 21   122    90 10214    80    10 -9999 -9999 -9999
2021 03 13 00   108   105 10236   170    10 -9999 -9999    60
2021 03 13 03   139   112 10234   120    10 -9999 -9999    60
2021 03 13 06   156   116 10209   130    20 -9999 -9999     4
2021 03 13 09   148   116 10195    90    40 -9999 -9999     0
2021 03 13 12   136   111 10202    80    20 -9999 -9999     0
2021 03 13 15   135   110 10206    50    20 -9999 -9999     0
2021 03 13 18   131   117 10186   360    10 -9999 -9999     0
2021 03 13 21   125   111 10168    60    10 -9999 -9999     0
2021 03 14 00   128   120 10172   310    10 -9999 -9999     0
2021 03 14 03   171   124 10163   300    10 -9999 -9999     0
2021 03 14 06   204   124 10121   130    20 -9999 -9999     0
2021 03 14 09   196   135 10103    90    40 -9999 -9999     0
2021 03 14 12   171   136 10106    70    40 -9999 -9999     0
2021 03 14 15   167   138 10107    80    10 -9999 -9999     0
2021 03 14 18   152   136 10085   330    10 -9999 -9999     0
2021 03 14 21   139   133 10078   290    20 -9999 -9999     0
2021 03 15 00   152   134 10091    30    10 -9999 -9999     0
2021 03 15 03   190   151 10102   190    20 -9999 -9999     0
2021 03 15 06   217   158 10084   120    20 -9999 -9999     0
2021 03 15 09   211   165 10092   110    30 -9999 -9999     0
2021 03 15 12   181   161 10116   100    20 -9999 -9999     0
2021 03 15 15   177   162 10137   100    10 -9999 -9999     0
2021 03 15 18   173   163 10139   280    10 -9999 -9999     0
2021 03 15 21   169   163 10137   260    10 -9999 -9999 -9999
2021 03 16 00   163   150 10157    90    20 -9999 -9999     0
2021 03 16 03   165   130 10172    50    20 -9999 -9999     0
2021 03 16 06   159   123 10155    30    20 -9999 -9999     0
2021 03 16 09   146   141 10152   290    10 -9999 -9999    20
2021 03 16 12   131   128 10166    90    10 -9999 -9999    70
2021 03 16 15   126   124 10173    90    10 -9999 -9999   100
2021 03 16 18   125   125 10167   120    10 -9999 -9999    50
2021 03 16 21   117   117 10156   150    20 -9999 -9999     4
2021 03 17 00   108   108 10166   160    30 -9999 -9999     1
2021 03 17 03   105   105 10174   210    10 -9999 -9999     3
2021 03 17 06   109   109 10161   200    10 -9999 -9999     7
2021 03 17 09   114   114 10150     0 -9999 -9999 -9999    10
2021 03 17 12   111   111 10162   170    10 -9999 -9999    20
2021 03 17 15   110   110 10172   210    10 -9999 -9999     6
2021 03 17 18   110   110 10163   290    10 -9999 -9999     3
2021 03 17 21   112   112 10151   140    20 -9999 -9999     2
2021 03 18 00    97    97 10162   120    30 -9999 -9999     5
2021 03 18 03    87    87 10172   140    30 -9999 -9999    10
2021 03 18 06    81    81 10158   130    30 -9999 -9999    20
2021 03 18 09    82    82 10156   220    20 -9999 -9999    20
2021 03 18 12    82    82 10179   124    17 -9999 -9999    10
2021 03 18 15    81    81 10193   100    10 -9999 -9999     3
2021 03 18 18    75    75 10190   140    30 -9999 -9999     1
2021 03 18 21    58    52 10182   140    20 -9999 -9999     0
2021 03 19 00    60    45 10196   190    10 -9999 -9999     0
2021 03 19 03    66    49 10198   200    10 -9999 -9999     0
2021 03 19 06    87    43 10164    60    20 -9999 -9999     0
2021 03 19 09    80    51 10167   120    20 -9999 -9999     0
2021 03 19 12    71    62 10197   250    10 -9999 -9999 -9999
2021 03 19 15    69    63 10214   120    20 -9999 -9999     0
2021 03 19 18    68    64 10212   120    10 -9999 -9999     0
2021 03 19 21    65    62 10202    10    10 -9999 -9999     0
2021 03 20 00    71    70 10217    80    20 -9999 -9999     0
2021 03 20 03    93    73 10230   270    10 -9999 -9999     0
2021 03 20 06   109    76 10206   230    10 -9999 -9999     0
2021 03 20 09   115    66 10211    20    10 -9999 -9999     0
2021 03 20 12   106    43 10243   360    20 -9999 -9999 -9999
2021 03 20 15   101    43 10278   340    20 -9999 -9999 -9999
2021 03 20 18    86    57 10283   310    20 -9999 -9999 -9999
2021 03 20 21    78    51 10275   290    20 -9999 -9999     0
2021 03 21 00    80    66 10297   300    20 -9999 -9999     0
2021 03 21 03   113    70 10305   280    20 -9999 -9999     0
2021 03 21 06   146    18 10283   130    30 -9999 -9999     0
2021 03 21 09   139     5 10276   180    30 -9999 -9999     0
2021 03 21 12   122     3 10297   180    20 -9999 -9999     0
2021 03 21 15   105    28 10312   300    10 -9999 -9999     0
2021 03 21 18    91    29 10306   360    10 -9999 -9999     0
2021 03 21 21    71    39 10301   310    20 -9999 -9999     0
2021 03 22 00    77    41 10315    10    20 -9999 -9999     0
2021 03 22 03   145    33 10313   120    20 -9999 -9999     0
2021 03 22 06   177    32 10274   150    20 -9999 -9999     0
2021 03 22 09   165    32 10249   110    50 -9999 -9999     0
2021 03 22 12   127    34 10260    80    30 -9999 -9999     0
2021 03 22 15   116    31 10262    70    10 -9999 -9999     0
2021 03 22 18    90    40 10243   330    10 -9999 -9999     0
2021 03 22 21    79    47 10218   310    20 -9999 -9999     0
2021 03 23 00    83    51 10223   300    20 -9999 -9999     0
2021 03 23 03   141    65 10212   220    20 -9999 -9999     0
2021 03 23 06   172    81 10174   110    40 -9999 -9999     0
2021 03 23 09   183    74 10147   130    40 -9999 -9999     0
2021 03 23 12   142    56 10163    90    40 -9999 -9999     0
2021 03 23 15   113    82 10169    70    40 -9999 -9999     0
2021 03 23 18    99    78 10160    70    20 -9999 -9999     0
2021 03 23 21    81    72 10151   310    20 -9999 -9999     0
2021 03 24 00    93    81 10168   310    10 -9999 -9999     0
2021 03 24 03   194    90 10171   140    10 -9999 -9999     0
2021 03 24 06   232    69 10147   120    30 -9999 -9999     0
2021 03 24 09   216    82 10142   100    50 -9999 -9999     0
2021 03 24 12   177   103 10163   110    20 -9999 -9999     0
2021 03 24 15   157    98 10179    10    20 -9999 -9999     0
2021 03 24 18   130    94 10181   350    20 -9999 -9999     0
2021 03 24 21   113    89 10180   340    20 -9999 -9999     0
2021 03 25 00   113    92 10202   310    20 -9999 -9999     0
2021 03 25 03   210   116 10196   120    10 -9999 -9999     0
2021 03 25 06   234    94 10155   150    20 -9999 -9999     0
2021 03 25 09   216   107 10133   120    50 -9999 -9999     0
2021 03 25 12   193   113 10143    90    40 -9999 -9999     0
2021 03 25 15   183   118 10144    60    20 -9999 -9999     0
2021 03 25 18   170   123 10128   320    10 -9999 -9999 -9999
2021 03 25 21   159   125 10114   260    10 -9999 -9999     0
2021 03 26 00   146   126 10123   340    10 -9999 -9999    20
2021 03 26 03   157   141 10126    50    20 -9999 -9999    20
2021 03 26 06   159   128 10102    90    30 -9999 -9999     0
2021 03 26 09   143   132 10105   130    10 -9999 -9999 -9999
2021 03 26 12   133   133 10127   180    20 -9999 -9999     7
2021 03 26 15   131   129 10139   120    10 -9999 -9999     9
2021 03 26 18   133   133 10128     0 -9999 -9999 -9999     2
2021 03 26 21   132   132 10114   300    10 -9999 -9999     0
2021 03 27 00   134   134 10127    70    10 -9999 -9999     0
2021 03 27 03   168   143 10131   220    10 -9999 -9999     0
2021 03 27 06   197   141 10102   100    40 -9999 -9999     0
2021 03 27 09   202   134 10090   110    40 -9999 -9999     0
2021 03 27 12   163   132 10111   110    30 -9999 -9999     0
2021 03 27 15   155   126 10115   280    20 -9999 -9999     0
2021 03 27 18   132   127 10104   320    10 -9999 -9999     0
2021 03 27 21   127   122 10090   310    20 -9999 -9999     0
2021 03 28 00   129   121 10100   310    10 -9999 -9999     0
2021 03 28 03   224   112 10094   230    20 -9999 -9999     0
2021 03 28 06   251   127 10065   110    40 -9999 -9999     0
2021 03 28 09   232   148 10049   110    50 -9999 -9999     0
2021 03 28 12   194   159 10058    70    20 -9999 -9999     0
2021 03 28 15   177   159 10059    60    30 -9999 -9999     0
2021 03 28 18   167   154 10043   290    10 -9999 -9999     0
2021 03 28 21   155   152 10033   300    20 -9999 -9999     0
2021 03 29 00   165   154 10043   340    10 -9999 -9999     0
2021 03 29 03   218   165 10039   110    20 -9999 -9999     0
2021 03 29 06   232   158 10018   110    40 -9999 -9999     0
2021 03 29 09   218   161 10013   130    40 -9999 -9999     0
2021 03 29 12   197   145 10040   190    20 -9999 -9999     0
2021 03 29 15   191   146 10065   270    20 -9999 -9999     0
2021 03 29 18   182   158 10060   280    10 -9999 -9999 -9999
2021 03 29 21   177   155 10054    10    10 -9999 -9999     0
2021 03 30 00   174   161 10066   120    10 -9999 -9999     0
2021 03 30 03   157   151 10077    90    20 -9999 -9999    30
2021 03 30 06   154   154 10052   350    20 -9999 -9999    80
2021 03 30 09   140   134 10044   340    20 -9999 -9999   100
2021 03 30 12   141   141 10061   310    20 -9999 -9999    50
2021 03 30 15   138   138 10053   270    20 -9999 -9999    30
2021 03 30 18   141   141 10050   310    10 -9999 -9999    20
2021 03 30 21   142   142 10043    80    10 -9999 -9999     0
2021 03 31 00   138   138 10060   110    20 -9999 -9999     0
2021 03 31 03   136   136 10070   160    20 -9999 -9999     0
2021 03 31 06   141   139 10057   110    30 -9999 -9999     0
2021 03 31 09   135   119 10056   130    30 -9999 -9999     0
2021 03 31 12   123   114 10079   210    20 -9999 -9999     0
2021 03 31 15   125   111 10090   200    20 -9999 -9999     0
2021 03 31 18   123   115 10086   130    20 -9999 -9999     0
2021 03 31 21   119   108 10097   170    30 -9999 -9999     0
2021 04 01 00   110   108 10112   230    10 -9999 -9999    20
2021 04 01 03   115   115 10127   130    20 -9999 -9999    50
2021 04 01 06   116   114 10118   120    20 -9999 -9999    40
2021 04 01 09   117   117 10115   220    10 -9999 -9999    60
2021 04 01 12   115   115 10125   150    20 -9999 -9999    50
2021 04 01 15   114   114 10151   130    30 -9999 -9999     5
2021 04 01 18   113   113 10149   110    20 -9999 -9999     9
2021 04 01 21   112   112 10136   200    10 -9999 -9999    10
2021 04 02 00   116   116 10164   150    10 -9999 -9999    40
2021 04 02 03   120   120 10173   190    10 -9999 -9999    30
2021 04 02 06   127   121 10154   130    10 -9999 -9999    20
2021 04 02 09   124   119 10151   110    20 -9999 -9999    20
2021 04 02 12   119   116 10175   190    10 -9999 -9999     0
2021 04 02 15   107    99 10199    90    10 -9999 -9999     0
2021 04 02 18   108    94 10193   160    10 -9999 -9999     0
2021 04 02 21    98    98 10192   150    10 -9999 -9999    20
2021 04 03 00   102   102 10220   190    10 -9999 -9999    70
2021 04 03 03   118   105 10232   210    10 -9999 -9999    60
2021 04 03 06   125   107 10221   340    10 -9999 -9999     4
2021 04 03 09   118   112 10216   290    20 -9999 -9999     0
2021 04 03 12   114   101 10236   260    20 -9999 -9999     0
2021 04 03 15   113   107 10255   260    10 -9999 -9999     0
2021 04 03 18   110   104 10253   340    10 -9999 -9999     0
2021 04 03 21   108    66 10245    40    10 -9999 -9999     0
2021 04 04 00   107    88 10266   120    10 -9999 -9999     0
2021 04 04 03   122    77 10270   120    20 -9999 -9999     0
2021 04 04 06   136    62 10249   120    20 -9999 -9999     0
2021 04 04 09   136    65 10238    60    20 -9999 -9999     0
2021 04 04 12   122    63 10250   330    10 -9999 -9999     0
2021 04 04 15   112    79 10260   310    10 -9999 -9999     0
2021 04 04 18   107    83 10250   310    10 -9999 -9999     0
2021 04 04 21   104    78 10229   310    10 -9999 -9999     0
2021 04 05 00   111    81 10240   320    10 -9999 -9999     0
2021 04 05 06   147    50 10217    90    10 -9999 -9999     0
2021 04 05 09   146    54 10202   110    20 -9999 -9999     0
2021 04 05 12   118    57 10209   140    30 -9999 -9999     0
2021 04 05 15   104    62 10221    40    20 -9999 -9999     0
2021 04 05 18    94    61 10214   350    10 -9999 -9999     0
2021 04 05 21    83    68 10207   310    10 -9999 -9999     0
2021 04 06 00   100    76 10230   310    10 -9999 -9999     0
2021 04 06 03   134    80 10234   100    20 -9999 -9999     0
2021 04 06 06   159    96 10213   150    20 -9999 -9999     0
2021 04 06 09   147    93 10210   110    20 -9999 -9999     0
2021 04 06 12   119   113 10229   220    10 -9999 -9999    20
2021 04 06 15   114   114 10230   270    10 -9999 -9999    70
2021 04 06 18   111   111 10210   330    10 -9999 -9999   130
2021 04 06 21   113   113 10200   100    10 -9999 -9999   170
2021 04 07 00   114   114 10220   290    10 -9999 -9999   140
2021 04 07 03   118   118 10221   330    10 -9999 -9999    90
2021 04 07 06   123   123 10205   280    10 -9999 -9999    50
2021 04 07 09   133   130 10192   140    10 -9999 -9999    30
2021 04 07 12   125   123 10211   240    20 -9999 -9999    20
2021 04 07 15   123   121 10222   160    10 -9999 -9999     0
2021 04 07 18   122   122 10213   310    10 -9999 -9999     0
2021 04 07 21   115   115 10210   300    20 -9999 -9999     0
2021 04 08 00   120   120 10235   310    10 -9999 -9999     0
2021 04 08 03   169   101 10237    70    20 -9999 -9999     0
2021 04 08 06   179    87 10219   100    40 -9999 -9999     0
2021 04 08 09   176    79 10204    90    50 -9999 -9999     0
2021 04 08 12   150    87 10216   140    20 -9999 -9999     0
2021 04 08 15   134    91 10226   360    10 -9999 -9999     0
2021 04 08 18   114    86 10222   360    20 -9999 -9999     0
2021 04 08 21    96    82 10217   330    20 -9999 -9999     0
2021 04 09 00   107    85 10237   340    20 -9999 -9999     0
2021 04 09 03   144    92 10244   230    10 -9999 -9999     0
2021 04 09 06   178    86 10219   150    20 -9999 -9999     0
2021 04 09 09   173    90 10206   130    20 -9999 -9999     0
2021 04 09 12   159    84 10219    80    20 -9999 -9999     0
2021 04 09 15   141   109 10231   300    20 -9999 -9999     0
2021 04 09 18   134   102 10217   360    20 -9999 -9999     0
2021 04 09 21   129   101 10215   330    10 -9999 -9999     0
2021 04 10 00   128   103 10231   310    20 -9999 -9999     0
2021 04 10 03   131   118 10241   300    20 -9999 -9999 -9999
2021 04 10 06   141   136 10228   280    20 -9999 -9999     6
2021 04 10 09   133   127 10212   300    10 -9999 -9999     7
2021 04 10 12   131   125 10218   310    10 -9999 -9999     1
2021 04 10 15   126   123 10229   310    10 -9999 -9999     0
2021 04 10 18   123   117 10214   330    10 -9999 -9999     0
2021 04 10 21   120   118 10206   270    20 -9999 -9999     0
2021 04 11 00   117   117 10219   280    10 -9999 -9999    10
2021 04 11 03   130   128 10221   300    10 -9999 -9999    10
2021 04 11 06   142   119 10199   140    10 -9999 -9999     4
2021 04 11 09   141   114 10185   110    20 -9999 -9999     0
2021 04 11 12   135   117 10196   130    20 -9999 -9999     0
2021 04 11 15   130   122 10205   100    10 -9999 -9999     0
2021 04 11 18   125   122 10190   310    10 -9999 -9999     0
2021 04 11 21   120   120 10184   320    10 -9999 -9999     0
2021 04 12 00   125   125 10194   300    10 -9999 -9999     0
2021 04 12 03   195   134 10189   110    20 -9999 -9999     0
2021 04 12 06   221   115 10158   110    30 -9999 -9999     0
2021 04 12 09   217   125 10140   120    40 -9999 -9999     0
2021 04 12 12   179   132 10167   110    40 -9999 -9999     0
2021 04 12 15   166   133 10187    60    10 -9999 -9999     0
2021 04 12 18   147   134 10174   330    10 -9999 -9999     0
2021 04 12 21   141   130 10174   320    20 -9999 -9999     0
2021 04 13 00   143   133 10189   250    20 -9999 -9999     0
2021 04 13 03   174   149 10193   310    10 -9999 -9999 -9999
2021 04 13 06   182   155 10178   260    20 -9999 -9999 -9999
2021 04 13 09   182   158 10161   320    10 -9999 -9999 -9999
2021 04 13 12   171   147 10176    18    16 -9999 -9999 -9999
2021 04 13 15   164   156 10198   330    10 -9999 -9999 -9999
2021 04 13 18   154   152 10195   100    10 -9999 -9999     2
2021 04 13 21   141    91 10195    50    20 -9999 -9999     2
2021 04 14 00   131    99 10216    90    20 -9999 -9999 -9999
2021 04 14 03   136   117 10224   270    10 -9999 -9999     0
2021 04 14 06   145   109 10193   310    10 -9999 -9999     0
2021 04 14 09   136   106 10173   280    20 -9999 -9999     0
2021 04 14 12   132   107 10182   300    20 -9999 -9999     0
2021 04 14 15   131   103 10182   360    10 -9999 -9999     0
2021 04 14 18   125   112 10169   310    10 -9999 -9999     0
2021 04 14 21   116   111 10148    30    20 -9999 -9999     0
2021 04 15 00   124   116 10161   310    10 -9999 -9999     0
2021 04 15 03   186   112 10160   140    20 -9999 -9999     0
2021 04 15 06   234   127 10129    20    20 -9999 -9999     0
2021 04 15 09   230   132 10120   120    50 -9999 -9999     0
2021 04 15 12   194   136 10146    90    30 -9999 -9999     0
2021 04 15 15   182   145 10170    30    30 -9999 -9999     0
2021 04 15 18   167   147 10158   310    20 -9999 -9999 -9999
2021 04 15 21   163   143 10148   310    10 -9999 -9999     0
2021 04 16 00   169   138 10172   350    10 -9999 -9999 -9999
2021 04 16 03   204   141 10190   240    10 -9999 -9999     0
2021 04 16 06   243    56 10166   170    20 -9999 -9999     0
2021 04 16 09   239    87 10154   120    20 -9999 -9999     0
2021 04 16 12   203    98 10175    90    20 -9999 -9999     0
2021 04 16 15   181   117 10196   360    10 -9999 -9999     0
2021 04 16 18   147   109 10194   320    10 -9999 -9999     0
2021 04 16 21   136   110 10195   300    20 -9999 -9999     0
2021 04 17 00   154   112 10218   310    10 -9999 -9999     0
2021 04 17 03   226   120 10237   120    20 -9999 -9999     0
2021 04 17 06   215   109 10229    90    60 -9999 -9999     0
2021 04 17 09   199    63 10212    90    50 -9999 -9999     0
2021 04 17 12   177    72 10224   100    20 -9999 -9999     0
2021 04 17 15   163    83 10222   310    10 -9999 -9999     0
2021 04 17 18   150    96 10206   320    20 -9999 -9999     0
2021 04 17 21   144    98 10200   320    10 -9999 -9999     0
2021 04 18 00   147   115 10209   320    10 -9999 -9999 -9999
2021 04 18 03   158   118 10210    10    10 -9999 -9999 -9999
2021 04 18 06   159   113 10201   110    20 -9999 -9999     0
2021 04 18 09   161   108 10181   210    10 -9999 -9999     0
2021 04 18 12   153   105 10186    80    10 -9999 -9999     0
2021 04 18 15   145   105 10186    40    20 -9999 -9999     0
2021 04 18 18   135   117 10167   300    20 -9999 -9999     0
2021 04 18 21   128   117 10152   310    10 -9999 -9999     0
2021 04 19 00   136   122 10157   100    10 -9999 -9999     0
2021 04 19 03   191   112 10152   120    30 -9999 -9999     0
2021 04 19 06   208   117 10130   110    50 -9999 -9999     0
2021 04 19 09   191   131 10116   110    50 -9999 -9999     0
2021 04 19 12   168   133 10131   110    40 -9999 -9999 -9999
2021 04 19 15   162   135 10134    10    10 -9999 -9999     0
2021 04 19 18   161   134 10123   360    10 -9999 -9999     0
2021 04 19 21   156   136 10116   140    20 -9999 -9999     0
2021 04 20 00   155   145 10128   110    20 -9999 -9999     0
2021 04 20 03   151   151 10134    20    20 -9999 -9999    90
2021 04 20 06   158   156 10115   340    10 -9999 -9999   170
2021 04 20 09   156   154 10106   140    20 -9999 -9999    90
2021 04 20 12   153   151 10120   120    20 -9999 -9999     6
2021 04 20 15   152   152 10136   280    10 -9999 -9999     1
2021 04 20 18   151   151 10126   290    10 -9999 -9999     1
2021 04 20 21   151   151 10121    10    10 -9999 -9999     0
