2021 01 01 00    -2   -27 10326     0 -9999 -9999 -9999     0
2021 01 01 03    42   -24 10318   150    20 -9999 -9999     0
2021 01 01 06    73   -24 10273   120    20 -9999 -9999     0
2021 01 01 09    70   -14 10264   150    20 -9999 -9999     0
2021 01 01 12    50   -10 10287    60    20 -9999 -9999     0
2021 01 01 15    39    -5 10288    60    10 -9999 -9999     0
2021 01 01 18    16    -5 10278   330    20 -9999 -9999     0
2021 01 01 21    20    -1 10269   340    10 -9999 -9999     0
2021 01 02 00    26     2 10270   340    20 -9999 -9999     0
2021 01 02 03    37     2 10275   350    10 -9999 -9999     0
2021 01 02 06    56    -2 10236   110    10 -9999 -9999     0
2021 01 02 09    47   -13 10229   100    20 -9999 -9999     0
2021 01 02 12    39    -5 10256    10    20 -9999 -9999     0
2021 01 02 15    40    -4 10277    20    30 -9999 -9999     0
2021 01 02 18    34     6 10271   360    10 -9999 -9999     0
2021 01 02 21    31     8 10278   340    10 -9999 -9999     0
2021 01 03 00    29    13 10300     0 -9999 -9999 -9999     0
2021 01 03 03    40    12 10311   150    10 -9999 -9999     0
2021 01 03 06    89   -36 10266   120    20 -9999 -9999     0
2021 01 03 09    72   -42 10265   150    20 -9999 -9999     0
2021 01 03 12    36   -30 10288   340    30 -9999 -9999     0
2021 01 03 15    11   -23 10300   350    10 -9999 -9999     0
2021 01 03 18    12   -17 10287   330    10 -9999 -9999     0
2021 01 03 21    17   -12 10276     0 -9999 -9999 -9999     0
2021 01 04 00    21    -2 10281     0 -9999 -9999 -9999     0
2021 01 04 03    33     4 10287     0 -9999 -9999 -9999     0
2021 01 04 06    47    -5 10254     0 -9999 -9999 -9999     0
2021 01 04 09    49   -20 10253    80    20 -9999 -9999     0
2021 01 04 12    42   -29 10274    60    30 -9999 -9999     0
2021 01 04 15    36   -10 10288    20    30 -9999 -9999     0
2021 01 04 18    29    -9 10288    10    20 -9999 -9999     0
2021 01 04 21    26   -10 10283   340    20 -9999 -9999     0
2021 01 05 00    27    -4 10304    90    10 -9999 -9999     0
2021 01 05 03    35   -25 10321    40    20 -9999 -9999     0
2021 01 05 06    30   -10 10298    50    20 -9999 -9999     0
2021 01 05 09    24   -18 10298    60    30 -9999 -9999     0
2021 01 05 12    22   -29 10319    60    30 -9999 -9999     0
2021 01 05 15    19   -32 10320    60    20 -9999 -9999     0
2021 01 05 18    14   -41 10310    50    20 -9999 -9999     0
2021 01 05 21    12   -37 10291   120    20 -9999 -9999     0
2021 01 06 00     9   -60 10295    60    20 -9999 -9999     0
2021 01 06 03    17   -66 10293    30    20 -9999 -9999     0
2021 01 06 06    14   -79 10258    50    20 -9999 -9999     0
2021 01 06 09     6   -54 10269    60    30 -9999 -9999     0
2021 01 06 12    -2   -54 10299    80    30 -9999 -9999     0
2021 01 06 15     1   -83 10312    90    30 -9999 -9999     0
2021 01 06 18    -7   -69 10323    80    30 -9999 -9999     0
2021 01 06 21   -27   -62 10334    70    30 -9999 -9999     0
2021 01 07 00   -27   -84 10349   100    20 -9999 -9999     0
2021 01 07 03   -27   -63 10366    30    30 -9999 -9999 -9999
2021 01 07 06   -29   -67 10334    80    30 -9999 -9999 -9999
2021 01 07 09   -37   -82 10340   100    40 -9999 -9999     0
2021 01 07 12   -41   -84 10373   120    30 -9999 -9999 -9999
2021 01 07 15   -41   -86 10387    70    10 -9999 -9999     0
2021 01 07 18   -40  -100 10384     0 -9999 -9999 -9999     0
2021 01 07 21   -38   -94 10370   160    10 -9999 -9999     0
2021 01 08 00   -46   -84 10385   190    20 -9999 -9999     0
2021 01 08 03     1  -101 10382   150    20 -9999 -9999     0
2021 01 08 06    27   -86 10333   170    30 -9999 -9999     0
2021 01 08 09    40   -87 10308   160    20 -9999 -9999     0
2021 01 08 12    -6   -76 10335   360    10 -9999 -9999     0
2021 01 08 15   -29   -71 10338     0 -9999 -9999 -9999     0
2021 01 08 18   -40   -68 10330   340    10 -9999 -9999     0
2021 01 08 21   -30   -57 10316   284     4 -9999 -9999 -9999
2021 01 09 00   -24   -54 10330     0 -9999 -9999 -9999     0
2021 01 09 03    -2   -56 10337   340    10 -9999 -9999     0
2021 01 09 06    17   -54 10298   140    10 -9999 -9999     0
2021 01 09 09    12   -68 10287   170    20 -9999 -9999     0
2021 01 09 12     2   -73 10310    50    20 -9999 -9999     0
2021 01 09 15     1   -53 10322    20    10 -9999 -9999     0
2021 01 09 18    -3   -47 10315     0 -9999 -9999 -9999     0
2021 01 09 21    -6   -48 10297   190    10 -9999 -9999     0
2021 01 10 00    -5   -34 10303   330    10 -9999 -9999     0
2021 01 10 03    16   -43 10319   360    10 -9999 -9999     0
2021 01 10 06    37  -115 10285    30    30 -9999 -9999     0
2021 01 10 09    30   -93 10285    70    30 -9999 -9999     0
2021 01 10 12    21   -46 10313    60    20 -9999 -9999     0
2021 01 10 15    16   -33 10342    90    20 -9999 -9999     0
2021 01 10 18    11   -28 10358   330    10 -9999 -9999     0
2021 01 10 21    -3   -27 10359   330    20 -9999 -9999     0
2021 01 11 00    -5   -22 10376     0 -9999 -9999 -9999     0
2021 01 11 03    45   -45 10378   320    20 -9999 -9999     0
2021 01 11 06    73   -91 10330   340    40 -9999 -9999     0
2021 01 11 09    74   -90 10321   340    30 -9999 -9999     0
2021 01 11 12    42  -110 10340    50    20 -9999 -9999     0
2021 01 11 15     2   -87 10347   270    10 -9999 -9999     0
2021 01 11 18     3   -94 10340    80    20 -9999 -9999     0
2021 01 11 21   -34   -83 10320   160    10 -9999 -9999     0
2021 01 12 00   -47   -71 10327   360    10 -9999 -9999     0
2021 01 12 03    41   -71 10318   140    30 -9999 -9999     0
2021 01 12 06    91   -80 10263   190    40 -9999 -9999     0
2021 01 12 09    97  -116 10240   240    20 -9999 -9999     0
2021 01 12 12    31   -86 10246     0 -9999 -9999 -9999     0
2021 01 12 15    -2   -70 10245   340    10 -9999 -9999     0
2021 01 12 18   -17   -61 10231   340    10 -9999 -9999     0
2021 01 12 21   -28   -59 10222   350    10 -9999 -9999     0
2021 01 13 00   -31   -56 10239   340    10 -9999 -9999     0
2021 01 13 03    65   -46 10235   110    10 -9999 -9999     0
2021 01 13 06   140   -62 10183   260    20 -9999 -9999     0
2021 01 13 09   127   -68 10174   260    30 -9999 -9999     0
2021 01 13 12    63   -39 10204   360    10 -9999 -9999     0
2021 01 13 15    35   -33 10211   300    10 -9999 -9999     0
2021 01 13 18    41   -36 10196   350    10 -9999 -9999     0
2021 01 13 21    23   -22 10190    10    10 -9999 -9999     0
2021 01 14 00     3   -21 10209   360    10 -9999 -9999     0
2021 01 14 03    88   -22 10206   130    20 -9999 -9999     0
2021 01 14 06   154   -30 10151   220    30 -9999 -9999     0
2021 01 14 09   149   -21 10147   230    30 -9999 -9999     0
2021 01 14 12    82   -13 10172   340    20 -9999 -9999     0
2021 01 14 15    47    -7 10179    20    10 -9999 -9999     0
2021 01 14 18    24    -7 10169   350    20 -9999 -9999     0
2021 01 14 21    10    -8 10168   330    10 -9999 -9999     0
2021 01 15 00     3   -10 10198   340    10 -9999 -9999     0
2021 01 15 06   170    -2 10155   190    20 -9999 -9999     0
2021 01 15 09   150    -3 10158   100    30 -9999 -9999     0
2021 01 15 12   101     7 10182   350    40 -9999 -9999     0
2021 01 15 15    76    12 10191   330    20 -9999 -9999     0
2021 01 15 18    80    -7 10194    50    30 -9999 -9999     0
2021 01 15 21    66   -15 10210   360    30 -9999 -9999     0
2021 01 16 00    71   -46 10235    60    40 -9999 -9999     0
2021 01 16 03    75   -77 10251    60    40 -9999 -9999     0
2021 01 16 06    92   -70 10223    90    30 -9999 -9999     0
2021 01 16 09    80   -94 10241   110    30 -9999 -9999     0
2021 01 16 12    57   -50 10291   130    30 -9999 -9999     0
2021 01 16 15    26   -35 10344    70    60 -9999 -9999 -9999
2021 01 16 18    -4   -12 10378   360    30 -9999 -9999    10
2021 01 16 21    -6   -12 10389   330    10 -9999 -9999    20
2021 01 17 00    -4    -8 10401     0 -9999 -9999 -9999    10
2021 01 17 03    20     1 10406   160    10 -9999 -9999     5
2021 01 17 06    46   -37 10362   360    20 -9999 -9999     2
2021 01 17 09    34   -23 10349   290    20 -9999 -9999     0
2021 01 17 12    20   -18 10351   240    40 -9999 -9999     0
2021 01 17 15     4   -15 10346   150    10 -9999 -9999     0
2021 01 17 18   -13   -21 10332    10    10 -9999 -9999     0
2021 01 17 21   -22   -26 10318   340    10 -9999 -9999     0
2021 01 18 00   -21   -25 10320    10    20 -9999 -9999     0
2021 01 18 03     5    -5 10326   170    20 -9999 -9999     1
2021 01 18 06    78    -7 10269   170    30 -9999 -9999     1
2021 01 18 09    98   -13 10240   200    30 -9999 -9999     0
2021 01 18 12    31   -11 10257    20    10 -9999 -9999     0
2021 01 18 15    -1   -17 10255     0 -9999 -9999 -9999     0
2021 01 18 18   -16   -23 10229   350    10 -9999 -9999     0
2021 01 18 21   -25   -30 10210   310    10 -9999 -9999     0
2021 01 19 00   -30   -35 10230   360    10 -9999 -9999     0
2021 01 19 03    66   -18 10219   330    10 -9999 -9999     1
2021 01 19 06   102   -25 10176   100    20 -9999 -9999     1
2021 01 19 09   103   -17 10165   120    40 -9999 -9999     0
2021 01 19 12    67   -10 10187   350    40 -9999 -9999     0
2021 01 19 15    57   -10 10182   350    30 -9999 -9999     0
2021 01 19 18    68    -4 10175   350    30 -9999 -9999     0
2021 01 19 21    57    18 10173   340    30 -9999 -9999     7
2021 01 20 00    53    27 10195   350    30 -9999 -9999     7
2021 01 20 03    74    17 10206    10    20 -9999 -9999     0
2021 01 20 06    95    17 10175   180    20 -9999 -9999     0
2021 01 20 09    86     3 10172   140    20 -9999 -9999     0
2021 01 20 12    74     8 10192    90    10 -9999 -9999     0
2021 01 20 15    68    19 10200    50    20 -9999 -9999     0
2021 01 20 18    51    42 10201   120    10 -9999 -9999    10
2021 01 20 21    45    42 10194     0 -9999 -9999 -9999    30
2021 01 21 00    47    46 10211     0 -9999 -9999 -9999    40
2021 01 21 03    53    52 10224   170    10 -9999 -9999    30
2021 01 21 06    63    60 10204   170    10 -9999 -9999     9
2021 01 21 09    68    62 10199   170    10 -9999 -9999     6
2021 01 21 12    61    57 10220   220    10 -9999 -9999     6
2021 01 21 15    59    56 10225   200    10 -9999 -9999     4
2021 01 21 18    57    56 10219   180    10 -9999 -9999     3
2021 01 21 21    55    54 10210     0 -9999 -9999 -9999     0
2021 01 22 00    56    55 10222   140    10 -9999 -9999     0
2021 01 22 03    69    68 10221   260    10 -9999 -9999     0
2021 01 22 06    85    63 10185   170    10 -9999 -9999     0
2021 01 22 09    80    56 10182   360    10 -9999 -9999     0
2021 01 22 12    70    58 10198   340    20 -9999 -9999     0
2021 01 22 15    53    50 10209     0 -9999 -9999 -9999     0
2021 01 22 18    54    51 10207   360    10 -9999 -9999     0
2021 01 22 21    52    39 10186   360    30 -9999 -9999     0
2021 01 23 00    52    42 10202    10    10 -9999 -9999     0
2021 01 23 03    63    40 10207   100    30 -9999 -9999     0
2021 01 23 06    86    42 10177   150    20 -9999 -9999     0
2021 01 23 09    73    49 10154    70    50 -9999 -9999     0
2021 01 23 12    72    36 10176    90    30 -9999 -9999     0
2021 01 23 15    72    40 10188   100    30 -9999 -9999     0
2021 01 23 18    68    45 10185    50    30 -9999 -9999     0
2021 01 23 21    62    44 10163    70    30 -9999 -9999     0
2021 01 24 00    53    46 10168    30    20 -9999 -9999     2
2021 01 24 03    50    46 10178    30    20 -9999 -9999    20
2021 01 24 06    49    46 10151    90    10 -9999 -9999    40
2021 01 24 09    46    42 10148    40    20 -9999 -9999    40
2021 01 24 12    44    40 10171    50    30 -9999 -9999    20
2021 01 24 15    45    38 10189    60    30 -9999 -9999     3
2021 01 24 18    45    39 10194    50    30 -9999 -9999     1
2021 01 24 21    43    42 10208   330    20 -9999 -9999     4
2021 01 25 00    45    44 10230   340    20 -9999 -9999     6
2021 01 25 03    54    53 10259    90    10 -9999 -9999    10
2021 01 25 06    65    55 10237   170    10 -9999 -9999    10
2021 01 25 09    58    44 10238   150    20 -9999 -9999     0
2021 01 25 12    52    42 10251    20    20 -9999 -9999     0
2021 01 25 15    47    43 10260   350    20 -9999 -9999     0
2021 01 25 18    48    39 10256    40    20 -9999 -9999     0
2021 01 25 21    43    40 10249   120    20 -9999 -9999 -9999
2021 01 26 00    44    40 10258   340    20 -9999 -9999     0
2021 01 26 03    54    15 10271    80    30 -9999 -9999     0
2021 01 26 06    60    15 10240   100    20 -9999 -9999     0
2021 01 26 09    56    11 10223    90    10 -9999 -9999     0
2021 01 26 12    49    16 10233    40    30 -9999 -9999     0
2021 01 26 15    40    31 10240    10    30 -9999 -9999     1
2021 01 26 18    36    30 10235    20    30 -9999 -9999    10
2021 01 26 21    34    19 10225    30    20 -9999 -9999     9
2021 01 27 00    32     9 10235    10    10 -9999 -9999     0
2021 01 27 03    45    14 10249   180    10 -9999 -9999     0
2021 01 27 06    63    20 10218   250    10 -9999 -9999     0
2021 01 27 09    71    30 10223   180    10 -9999 -9999     0
2021 01 27 12    61    31 10257   170    20 -9999 -9999     0
2021 01 27 15    41    32 10286    80    10 -9999 -9999     0
2021 01 27 18    23    20 10302   160    10 -9999 -9999     0
2021 01 27 21    17    16 10307    50    10 -9999 -9999     0
2021 01 28 00    17    16 10323   330    10 -9999 -9999     0
2021 01 28 03    51    50 10332   120    10 -9999 -9999     0
2021 01 28 06    97   -75 10303   100    40 -9999 -9999     0
2021 01 28 09    92   -40 10287   120    10 -9999 -9999     0
2021 01 28 12    52   -22 10302   350    20 -9999 -9999     0
2021 01 28 15    27    -6 10308   360    20 -9999 -9999     0
2021 01 28 18    15    -6 10290   330    20 -9999 -9999     0
2021 01 28 21    19   -12 10267   350    20 -9999 -9999     0
2021 01 29 00    17    -1 10277   320    10 -9999 -9999     0
2021 01 29 03    53   -14 10276   360    30 -9999 -9999     0
2021 01 29 06    77   -57 10237   160    20 -9999 -9999     0
2021 01 29 09    68   -49 10220    70    30 -9999 -9999     0
2021 01 29 12    59   -48 10237   350    20 -9999 -9999     0
2021 01 29 15    52   -19 10249   360    20 -9999 -9999     0
2021 01 29 18    48    -4 10242   350    20 -9999 -9999     0
2021 01 29 21    45    -5 10240     0 -9999 -9999 -9999     0
2021 01 30 00    43    -3 10252   170    10 -9999 -9999     0
2021 01 30 03    63     2 10261   200    10 -9999 -9999     0
2021 01 30 06    88   -19 10225   120    20 -9999 -9999     0
2021 01 30 09    98    -1 10214   160    20 -9999 -9999     0
2021 01 30 12    77     0 10233   350    20 -9999 -9999     0
2021 01 30 15    70     2 10245   340    20 -9999 -9999 -9999
2021 01 30 18    54    29 10243   360    10 -9999 -9999     1
2021 01 30 21    48    41 10233     0 -9999 -9999 -9999     2
2021 01 31 00    45    41 10244   360    20 -9999 -9999     2
2021 01 31 03    42    30 10254   310    10 -9999 -9999     4
2021 01 31 06    53    36 10224   170    10 -9999 -9999     9
2021 01 31 09    52    45 10216     0 -9999 -9999 -9999     6
2021 01 31 12    50    47 10230   190    10 -9999 -9999    20
2021 01 31 15    50    47 10243     0 -9999 -9999 -9999    20
2021 01 31 18    48    47 10245     0 -9999 -9999 -9999    20
2021 01 31 21    46    45 10232    30    10 -9999 -9999    20
2021 02 01 00    40    39 10253   220    10 -9999 -9999     3
2021 02 01 03    59    49 10260   170    10 -9999 -9999     0
2021 02 01 06   119    51 10218   220    30 -9999 -9999     0
2021 02 01 09   128    50 10205   180    20 -9999 -9999     0
2021 02 01 12    85    47 10235   330    20 -9999 -9999     0
2021 02 01 15    62    50 10258   330    10 -9999 -9999     0
2021 02 01 18    48    44 10253   340    20 -9999 -9999     0
2021 02 01 21    55    48 10240   340    20 -9999 -9999     0
2021 02 02 00    66    51 10257   360    20 -9999 -9999     0
2021 02 02 03    80    60 10275   360    20 -9999 -9999     1
2021 02 02 06    84     6 10253   110    20 -9999 -9999     5
2021 02 02 09    80    14 10244    30    30 -9999 -9999     4
2021 02 02 12    71    12 10258    40    20 -9999 -9999     0
2021 02 02 15    63    26 10265   230    10 -9999 -9999     0
2021 02 02 18    52    31 10252   360    20 -9999 -9999     0
2021 02 02 21    53    36 10239   290    10 -9999 -9999     0
2021 02 03 00    56    38 10248    60    10 -9999 -9999     0
2021 02 03 03    76    29 10258   170    10 -9999 -9999     0
2021 02 03 06    95    28 10231   160    10 -9999 -9999     0
2021 02 03 09    98    31 10226   170    10 -9999 -9999     0
2021 02 03 12    82    46 10240    60    10 -9999 -9999     0
2021 02 03 15    73    51 10254     0 -9999 -9999 -9999     0
2021 02 03 18    78    29 10245   340    30 -9999 -9999     0
2021 02 03 21    74    47 10234   320    20 -9999 -9999     9
2021 02 04 00    66    57 10249   360    40 -9999 -9999    70
2021 02 04 03    64    58 10261   350    20 -9999 -9999   120
2021 02 04 06    67    60 10224    30    20 -9999 -9999    70
2021 02 04 09    63    57 10208    50    20 -9999 -9999    10
2021 02 04 12    60    54 10222    10    30 -9999 -9999     5
2021 02 04 15    60    56 10234   350    20 -9999 -9999     1
2021 02 04 18    58    57 10231     0 -9999 -9999 -9999    20
2021 02 04 21    58    57 10229     0 -9999 -9999 -9999    30
2021 02 05 00    58    57 10249   140    10 -9999 -9999     5
2021 02 05 03    75    74 10257   150    20 -9999 -9999     0
2021 02 05 06   104    60 10232   290    30 -9999 -9999     0
2021 02 05 09   110    71 10215    50    10 -9999 -9999     0
2021 02 05 12    91    74 10228   180    10 -9999 -9999     0
2021 02 05 15    81    75 10235   350    10 -9999 -9999     0
2021 02 05 18    65    62 10223   200    10 -9999 -9999     0
2021 02 05 21    56    55 10206   360    10 -9999 -9999     0
2021 02 06 00    57    56 10218   310    10 -9999 -9999     0
2021 02 06 03    75    66 10221    60    10 -9999 -9999     0
2021 02 06 06    98    65 10184    30    10 -9999 -9999     0
2021 02 06 09   102    69 10167   360    10 -9999 -9999     0
2021 02 06 12    90    68 10183   360    20 -9999 -9999     0
2021 02 06 15    84    72 10195   350    20 -9999 -9999 -9999
2021 02 06 18    83    72 10191   350    20 -9999 -9999 -9999
2021 02 06 21    80    77 10182   350    30 -9999 -9999     0
2021 02 07 00    80    77 10203   170    10 -9999 -9999 -9999
2021 02 07 03   102    83 10219   150    10 -9999 -9999     0
2021 02 07 06   130    89 10190   200    20 -9999 -9999     0
2021 02 07 09   111    90 10196   160    20 -9999 -9999     0
2021 02 07 12    99    93 10222   150    30 -9999 -9999     5
2021 02 07 15    97    92 10239   210    10 -9999 -9999     7
2021 02 07 18    94    89 10238   340    10 -9999 -9999     6
2021 02 07 21    78    74 10249   160    20 -9999 -9999     9
2021 02 08 00    64    57 10276    20    50 -9999 -9999     6
2021 02 08 03    75    46 10287   360    30 -9999 -9999     1
2021 02 08 06    85    37 10274    70    20 -9999 -9999     0
2021 02 08 09    88    40 10265    60    30 -9999 -9999     0
2021 02 08 12    80    44 10278    90    20 -9999 -9999     0
2021 02 08 15    73    54 10287    20    10 -9999 -9999     0
2021 02 08 18    61    52 10272   360    20 -9999 -9999     0
2021 02 08 21    58    51 10254   310    10 -9999 -9999     0
2021 02 09 00    59    53 10261   140    10 -9999 -9999     0
2021 02 09 03    88    44 10257   330    10 -9999 -9999     0
2021 02 09 06   101    51 10227   150    20 -9999 -9999     0
2021 02 09 09    87    62 10221   170    20 -9999 -9999     1
2021 02 09 12    76    72 10232   140    10 -9999 -9999     9
2021 02 09 15    71    65 10230    10    30 -9999 -9999    10
2021 02 09 18    65    62 10216   340    10 -9999 -9999    10
2021 02 09 21    65    64 10207   230    10 -9999 -9999    10
2021 02 10 00    67    66 10217   160    10 -9999 -9999     1
2021 02 10 03    73    72 10228   350    10 -9999 -9999    20
2021 02 10 06   109    90 10198   180    10 -9999 -9999    20
2021 02 10 09   125    72 10183    90    30 -9999 -9999     2
2021 02 13 06   125    70 10193   320    10 -9999 -9999     0
2021 02 13 12   105    72 10205   170    20 -9999 -9999     0
2021 02 13 15    81    70 10210    40    10 -9999 -9999     0
2021 02 13 18    60    57 10206    20    10 -9999 -9999     0
2021 02 13 21    52    51 10201   330    10 -9999 -9999     0
2021 02 14 00    51    50 10215   350    10 -9999 -9999     0
2021 02 14 03    88    87 10210    80    10 -9999 -9999     0
2021 02 14 06   166    73 10168   180    30 -9999 -9999     0
2021 02 14 09   178    60 10147   250    20 -9999 -9999     0
2021 02 14 12   118    71 10160   350    30 -9999 -9999     0
2021 02 14 15    92    65 10171   350    20 -9999 -9999     0
2021 02 14 18    83    63 10159   340    30 -9999 -9999     0
2021 02 14 21    95    64 10143   360    30 -9999 -9999     0
2021 02 15 00   105    74 10165   340    20 -9999 -9999     8
2021 02 15 03    93    90 10184    10    30 -9999 -9999    70
2021 02 15 06    91    85 10170    40    30 -9999 -9999   260
2021 02 15 09    92    83 10168    40    20 -9999 -9999   250
2021 02 15 12    79    55 10196    50    30 -9999 -9999    60
2021 02 15 15    67    35 10217    20    50 -9999 -9999     7
2021 02 15 18    64    41 10209    20    10 -9999 -9999     0
2021 02 15 21    58    52 10211   220    10 -9999 -9999     7
2021 02 16 00    52    49 10230   180    10 -9999 -9999    50
2021 02 16 03    66    63 10249    90    10 -9999 -9999    50
2021 02 16 06    84    73 10229   170    20 -9999 -9999     7
2021 02 16 09   101    79 10224   170    20 -9999 -9999 -9999
2021 02 16 12    74    70 10251   140    10 -9999 -9999     0
2021 02 16 15    66    65 10274   340    10 -9999 -9999     0
2021 02 16 18    53    52 10272   270    10 -9999 -9999     0
2021 02 16 21    45    44 10266   160    10 -9999 -9999     0
2021 02 17 00    42    41 10296   310    10 -9999 -9999     0
2021 02 17 03    59    56 10297   330    20 -9999 -9999     0
2021 02 17 06   134    35 10267   140    20 -9999 -9999     0
2021 02 17 09   134   -25 10257   110    40 -9999 -9999     0
2021 02 17 12    95     7 10278   330    10 -9999 -9999     0
2021 02 17 15    76    35 10296   310    10 -9999 -9999     0
2021 02 17 18    61    38 10282    10    10 -9999 -9999     0
2021 02 17 21    51    41 10281   350    10 -9999 -9999     0
2021 02 18 00    51    41 10304   340    10 -9999 -9999     0
2021 02 18 03    86    53 10318   190    10 -9999 -9999     0
2021 02 18 06   129    13 10287   350    20 -9999 -9999     0
2021 02 18 09   141    14 10268   160    10 -9999 -9999     0
2021 02 18 12    86    26 10283   350    20 -9999 -9999     0
2021 02 18 15    51    33 10293   360    10 -9999 -9999     0
2021 02 18 18    36    29 10281   340    10 -9999 -9999     0
2021 02 18 21    33    27 10268   350    10 -9999 -9999     0
2021 02 19 00    39    32 10283   270    10 -9999 -9999     0
2021 02 19 03   133    42 10276   150    20 -9999 -9999     0
2021 02 19 06   163    27 10239   330    20 -9999 -9999     0
2021 02 19 09   182    25 10213   210    30 -9999 -9999     0
2021 02 20 15   100    58 10172   359    13 -9999 -9999 -9999
2021 02 20 18    80    55 10155   357    15 -9999 -9999 -9999
2021 02 20 21    80    57 10146   360     1 -9999 -9999 -9999
2021 02 21 00    72    61 10166   354    12 -9999 -9999 -9999
2021 02 21 03   150    79 10165    95    10 -9999 -9999 -9999
2021 02 21 12   160    99 10139   350    12 -9999 -9999 -9999
2021 02 21 18   100    91 10143   355    14 -9999 -9999 -9999
2021 02 21 21    87    85 10143   339    12 -9999 -9999 -9999
2021 02 22 00    82    79 10173   340    10 -9999 -9999     0
2021 02 22 03   181   112 10166   100    10 -9999 -9999     0
2021 02 22 06   244    92 10133   180    30 -9999 -9999     0
2021 02 22 09   227    73 10124   120    30 -9999 -9999     0
2021 02 22 12   177    80 10151   320    20 -9999 -9999     0
2021 02 22 15   140    90 10174   350    20 -9999 -9999     0
2021 02 22 18   130   100 10162   340    40 -9999 -9999     0
2021 02 22 21   119    95 10154   330    10 -9999 -9999     0
2021 02 23 00   123    97 10170   360    20 -9999 -9999     0
2021 02 23 03   193   113 10163    60    20 -9999 -9999     0
2021 02 23 06   213   122 10126   220    20 -9999 -9999     0
2021 02 23 09   192   125 10116    90    20 -9999 -9999     0
2021 02 23 12   163   123 10126    10    20 -9999 -9999     0
2021 02 23 15   141   120 10124    10    30 -9999 -9999     0
2021 02 23 18   147   105 10113    50    40 -9999 -9999     0
2021 02 23 21   137    97 10104    50    30 -9999 -9999     0
2021 02 24 00   130    94 10116    60    20 -9999 -9999 -9999
2021 02 24 03   126    98 10120    60    20 -9999 -9999 -9999
2021 02 24 06   123   102 10088    50    30 -9999 -9999     0
2021 02 24 09   117   103 10070    70    30 -9999 -9999     0
2021 02 24 12   113   100 10087    70    10 -9999 -9999     0
2021 02 24 15   105    99 10104    10    20 -9999 -9999     0
2021 02 24 18   102    94 10105    30    20 -9999 -9999     0
2021 02 24 21    98    89 10096    60    40 -9999 -9999 -9999
2021 02 25 00    91    85 10117   100    20 -9999 -9999     5
2021 02 25 03    83    66 10144   100    40 -9999 -9999   100
2021 02 25 06    68    53 10136    80    30 -9999 -9999   100
2021 02 25 09    54    41 10137   100    40 -9999 -9999    30
2021 02 25 12    44    29 10161    90    40 -9999 -9999    30
2021 02 25 15    41    31 10183    80    20 -9999 -9999     4
2021 02 25 18    37    27 10189    80    20 -9999 -9999     0
2021 02 25 21    38    28 10190   160    10 -9999 -9999     0
2021 02 26 00    34    22 10209   190    10 -9999 -9999     0
2021 02 26 03    36    24 10227   130    10 -9999 -9999 -9999
2021 02 26 06    45    32 10206   190    20 -9999 -9999    10
2021 02 26 09    43    20 10197   120    20 -9999 -9999    10
2021 02 26 12    38    26 10211    70    20 -9999 -9999     0
2021 02 26 15    36    26 10228   100    20 -9999 -9999     0
2021 02 26 18    39    19 10223    70    10 -9999 -9999     0
2021 02 26 21    38    18 10211   140    30 -9999 -9999     0
2021 02 27 00    40    15 10211    10    20 -9999 -9999     0
2021 02 27 03    45    15 10219   120    50 -9999 -9999     0
2021 02 27 06    41    21 10197   100    40 -9999 -9999     0
2021 02 27 09    38    23 10182   100    20 -9999 -9999 -9999
2021 02 27 12    37    24 10185   100    30 -9999 -9999 -9999
2021 02 27 15    37    25 10191    90    20 -9999 -9999     3
2021 02 27 18    35    22 10183    80    20 -9999 -9999    10
2021 02 27 21    33    30 10173   360    20 -9999 -9999    10
2021 02 28 00    32    31 10178   360    20 -9999 -9999    10
2021 02 28 03    37    36 10179   350    20 -9999 -9999     8
2021 02 28 06    43    39 10149    10    20 -9999 -9999     3
2021 02 28 09    47    38 10133    40    10 -9999 -9999     9
2021 02 28 12    44    38 10152   340    20 -9999 -9999     9
2021 02 28 15    46    43 10176   320    10 -9999 -9999     6
2021 02 28 18    48    47 10188   160    10 -9999 -9999    10
2021 02 28 21    50    49 10204   160    10 -9999 -9999     6
2021 03 01 00    53    52 10244   140    10 -9999 -9999     7
2021 03 01 03    64    63 10272   360    10 -9999 -9999    10
2021 03 01 06    72    65 10263    70    10 -9999 -9999    10
2021 03 01 09    70    66 10268   150    10 -9999 -9999     5
2021 03 01 12    65    64 10286   160    10 -9999 -9999    10
2021 03 01 15    64    63 10298   350    20 -9999 -9999    10
2021 03 01 18    59    53 10293    60    10 -9999 -9999     3
2021 03 01 21    57    54 10281     0 -9999 -9999 -9999 -9999
2021 03 02 00    55    54 10287   150    10 -9999 -9999     1
2021 03 02 03    58    49 10292   160    10 -9999 -9999     1
2021 03 02 06    61    43 10264   170    20 -9999 -9999 -9999
2021 03 02 09    68    21 10242   140    20 -9999 -9999     0
2021 03 02 12    56    36 10255    20    20 -9999 -9999 -9999
2021 03 02 15    48    31 10276   360    30 -9999 -9999    10
2021 03 02 18    40    28 10271    30    30 -9999 -9999    20
2021 03 02 21    33    26 10257   180    10 -9999 -9999    20
2021 03 03 00    35    32 10263   170    10 -9999 -9999     9
2021 03 03 03    63    45 10259   160    20 -9999 -9999     0
2021 03 03 06    87    43 10223   230    10 -9999 -9999     0
2021 03 03 09    90    48 10210    60    10 -9999 -9999     0
2021 03 03 12    69    51 10223   330    20 -9999 -9999     0
2021 03 03 15    46    43 10241    10    10 -9999 -9999     0
2021 03 03 18    34    33 10232   340    10 -9999 -9999     0
2021 03 03 21    29    28 10210    60    10 -9999 -9999     0
2021 03 04 00    26    25 10220   350    10 -9999 -9999     0
2021 03 04 03    82    79 10212   180    10 -9999 -9999     0
2021 03 04 06   113    45 10177   170    20 -9999 -9999     0
2021 03 04 09   100    48 10167   120    20 -9999 -9999     0
2021 03 04 12    89    51 10176   360    30 -9999 -9999     0
2021 03 04 15    87    47 10175   360    30 -9999 -9999     0
2021 03 04 18    78    63 10164   340    30 -9999 -9999     0
2021 03 04 21    71    67 10161     0 -9999 -9999 -9999     0
2021 03 05 00    71    68 10175     0 -9999 -9999 -9999     0
2021 03 05 03   102    67 10173    80    10 -9999 -9999     0
2021 03 05 06   116    71 10145    40    10 -9999 -9999     0
2021 03 05 09   130    77 10137   200    10 -9999 -9999     0
2021 03 05 12   111    78 10161   140    10 -9999 -9999     0
2021 03 05 15    99    83 10182   180    20 -9999 -9999     0
2021 03 05 18    95    86 10187     0 -9999 -9999 -9999     0
2021 03 05 21    90    85 10189    10    20 -9999 -9999 -9999
2021 03 06 00    89    88 10220     0 -9999 -9999 -9999     5
2021 03 06 03    91    85 10245    90    20 -9999 -9999     9
2021 03 06 06    93    81 10232   360    30 -9999 -9999     4
2021 03 06 09    96    77 10230   110    10 -9999 -9999     0
2021 03 06 12    84    78 10249   330    20 -9999 -9999     0
2021 03 06 15    84    72 10269    70    30 -9999 -9999     0
2021 03 06 18    78    51 10261   150    10 -9999 -9999     0
2021 03 06 21    67    45 10251    10    30 -9999 -9999 -9999
2021 03 07 00    63    29 10267    50    30 -9999 -9999     0
2021 03 07 03    72    34 10273   130    20 -9999 -9999 -9999
2021 03 07 06    82    35 10244   110    20 -9999 -9999     0
2021 03 07 12    63    38 10247    80    30 -9999 -9999     0
2021 03 07 15    56    44 10256   110    10 -9999 -9999    20
2021 03 07 18    51    39 10233   110    30 -9999 -9999    60
2021 03 07 21    45    42 10223   170    30 -9999 -9999    90
2021 03 08 00    46    39 10243    90    20 -9999 -9999    50
2021 03 08 03    61    43 10257   110    10 -9999 -9999     6
2021 03 08 06    99    59 10218   160    30 -9999 -9999     0
2021 03 08 09    89    58 10208   100    30 -9999 -9999     0
2021 03 08 12    75    58 10233    30    10 -9999 -9999     0
2021 03 08 15    76    59 10250    80    20 -9999 -9999     0
2021 03 08 18    70    61 10237   360    20 -9999 -9999     0
2021 03 08 21    70    56 10226    50    10 -9999 -9999     0
2021 03 09 00    69    58 10243    20    10 -9999 -9999     0
2021 03 09 03    75    60 10260    30    10 -9999 -9999     0
2021 03 09 06    75    68 10243   170    10 -9999 -9999     2
2021 03 09 09    74    57 10237    60    30 -9999 -9999     2
2021 03 09 12    70    55 10252    70    10 -9999 -9999     0
2021 03 09 15    66    57 10255    10    20 -9999 -9999     2
2021 03 09 18    63    45 10246   100    20 -9999 -9999     2
2021 03 09 21    57    51 10228    60    20 -9999 -9999     0
2021 03 10 00    57    53 10242    30    10 -9999 -9999    30
2021 03 10 03    61    54 10248    60    20 -9999 -9999    60
2021 03 10 06    66    48 10223    70    20 -9999 -9999    40
2021 03 10 09    63    59 10216   300    10 -9999 -9999    30
2021 03 10 12    62    55 10236   360    10 -9999 -9999    40
2021 03 10 15    58    55 10250   340    10 -9999 -9999     4
2021 03 10 18    54    53 10239   360    10 -9999 -9999     0
2021 03 10 21    55    54 10235   173    13 -9999 -9999 -9999
2021 03 11 00    60    59 10250   210    10 -9999 -9999     0
2021 03 11 03   101    79 10251   140    10 -9999 -9999     0
2021 03 11 06   139    74 10221   220    30 -9999 -9999     0
2021 03 11 09   141    85 10212   210    20 -9999 -9999     0
2021 03 11 12   120    87 10227   150    10 -9999 -9999     0
2021 03 11 15    93    84 10241    30    10 -9999 -9999     0
2021 03 11 18    89    85 10235   360    10 -9999 -9999     0
2021 03 11 21    89    86 10227   350    10 -9999 -9999     0
2021 03 12 00    88    84 10242   130    10 -9999 -9999     0
2021 03 12 03   104    82 10257   360    10 -9999 -9999     0
2021 03 12 06   118    86 10233   170    20 -9999 -9999     0
2021 03 12 09   132    65 10210    90    20 -9999 -9999     0
2021 03 12 12   114    67 10225   360    20 -9999 -9999     0
2021 03 12 15   110    69 10239   170    10 -9999 -9999     0
2021 03 12 18    99    77 10229   180    20 -9999 -9999     0
2021 03 12 21    94    82 10216     0 -9999 -9999 -9999     0
2021 03 13 00    94    83 10229   320    10 -9999 -9999     0
2021 03 13 03   146    90 10225   150    20 -9999 -9999     0
2021 03 13 06   205   109 10182   160    20 -9999 -9999     0
2021 03 13 09   195   100 10166   110    20 -9999 -9999     0
2021 03 13 12   156   108 10173   350    30 -9999 -9999     0
2021 03 13 15   121   103 10183   350    10 -9999 -9999     0
2021 03 13 18   113   104 10164   320    10 -9999 -9999     0
2021 03 13 21   113   102 10146   340    20 -9999 -9999     0
2021 03 14 00   119   105 10160   360    30 -9999 -9999     0
2021 03 14 03   126   105 10161   350    30 -9999 -9999     0
2021 03 14 06   125   109 10127   360    50 -9999 -9999     0
2021 03 14 09   128   112 10104    10    40 -9999 -9999     0
2021 03 14 12   122   109 10116   360    50 -9999 -9999     0
2021 03 14 15   127   116 10124   350    20 -9999 -9999     0
2021 03 14 18   122   119 10106    30    10 -9999 -9999    40
2021 03 14 21   121   118 10090   190    10 -9999 -9999    40
2021 03 15 00   124   122 10107   170    20 -9999 -9999    30
2021 03 15 03   141   139 10116   170    10 -9999 -9999    90
2021 03 15 06   161   146 10099    60    10 -9999 -9999    60
2021 03 15 09   186   151 10089   180    10 -9999 -9999     0
2021 03 15 12   167   145 10109     0 -9999 -9999 -9999     0
2021 03 15 15   137   134 10125   340    20 -9999 -9999     0
2021 03 15 18   133   131 10123   350    20 -9999 -9999     0
2021 03 15 21   141   138 10108   260    10 -9999 -9999    40
2021 03 16 00   147   141 10123    60    30 -9999 -9999    60
2021 03 16 03   141   138 10147    30    20 -9999 -9999   160
2021 03 16 06   142   134 10125   340    30 -9999 -9999   240
2021 03 16 09   145   132 10115    20    20 -9999 -9999   190
2021 03 16 12   142   128 10128    45    39 -9999 -9999    93
2021 03 16 15   138   125 10145    40    20 -9999 -9999     4
2021 03 16 18   129   126 10138   340    30 -9999 -9999     0
2021 03 16 21   127   121 10120    10    20 -9999 -9999 -9999
2021 03 17 00   123   118 10130    30    20 -9999 -9999     0
2021 03 17 03   127   122 10136   360    10 -9999 -9999    10
2021 03 17 06   131   117 10116    80    30 -9999 -9999    10
2021 03 17 09   130   116 10104   120    10 -9999 -9999     0
2021 03 17 12   124   113 10117    70    30 -9999 -9999     0
2021 03 17 15   116   110 10136    30    20 -9999 -9999     0
2021 03 17 18   113   107 10132    10    20 -9999 -9999     0
2021 03 17 21   112   103 10120   360    30 -9999 -9999     0
2021 03 18 00   111   103 10128   360    30 -9999 -9999     0
2021 03 18 03   119   106 10130    10    30 -9999 -9999     0
2021 03 18 06   123   104 10109    20    30 -9999 -9999     0
2021 03 18 15   109    97 10138    80    40 -9999 -9999     0
2021 03 18 18    99    85 10137    90    40 -9999 -9999     0
2021 03 18 21    89    74 10128    80    20 -9999 -9999     0
2021 03 19 00    85    68 10143    40    30 -9999 -9999     0
2021 03 19 03    84    67 10146    70    20 -9999 -9999     0
2021 03 19 06    82    63 10129    50    30 -9999 -9999     0
2021 03 19 09    81    64 10124    80    30 -9999 -9999     0
2021 03 19 12    78    61 10155    60    30 -9999 -9999     0
2021 03 19 15    77    62 10184    50    40 -9999 -9999     0
2021 03 19 18    65    55 10199    90    20 -9999 -9999     0
2021 03 19 21    63    54 10197   330    30 -9999 -9999     0
2021 03 20 00    68    41 10213    30    30 -9999 -9999     0
2021 03 20 03    80    44 10222    70    10 -9999 -9999     0
2021 03 20 06    91    43 10204   150    20 -9999 -9999     0
2021 03 20 09    84    40 10195   150    30 -9999 -9999     0
2021 03 20 12    77    39 10223    40    30 -9999 -9999     0
2021 03 20 15    76    42 10252   150    20 -9999 -9999 -9999
2021 03 20 18    66    54 10268   330    10 -9999 -9999     2
2021 03 20 21    60    54 10275    20    10 -9999 -9999     8
2021 03 21 00    56    50 10304   360    20 -9999 -9999    10
2021 03 21 03    55    49 10323   230    10 -9999 -9999    10
2021 03 21 06    76    57 10298   170    10 -9999 -9999     5
2021 03 21 09    79    -3 10287    30    30 -9999 -9999     0
2021 03 21 12    66    25 10314    10    10 -9999 -9999     0
2021 03 21 15    56    36 10335   320    10 -9999 -9999     0
2021 03 21 18    47    35 10331   350    20 -9999 -9999     0
2021 03 21 21    36    30 10317    60    10 -9999 -9999     0
2021 03 22 00    37    34 10332   110    10 -9999 -9999     0
2021 03 22 03   114    37 10322   100    10 -9999 -9999     0
2021 03 22 06   121    33 10292    10    30 -9999 -9999     0
2021 03 22 09   126    33 10267    90    10 -9999 -9999     0
2021 03 22 12   106    45 10275   360    10 -9999 -9999     0
2021 03 22 15    89    58 10271    20    10 -9999 -9999     0
2021 03 22 18    82    62 10254     0 -9999 -9999 -9999     0
2021 03 22 21    77    58 10234   150    20 -9999 -9999 -9999
2021 03 23 00    70    63 10240   170    10 -9999 -9999     5
2021 03 23 03    85    70 10246   160    10 -9999 -9999     5
2021 03 23 06   142    56 10193   230    50 -9999 -9999     0
2021 03 23 09   147    58 10174   240    30 -9999 -9999     0
2021 03 23 12   119    55 10187   170    10 -9999 -9999     0
2021 03 23 15    78    66 10206   320    10 -9999 -9999     0
2021 03 23 18    58    52 10190   340    10 -9999 -9999     0
2021 03 23 21    47    44 10179   360    10 -9999 -9999     0
2021 03 24 00    48    47 10196     0 -9999 -9999 -9999     0
2021 03 24 03   163    64 10181   140    40 -9999 -9999 -9999
2021 03 24 06   199    48 10147   100    20 -9999 -9999     0
2021 03 24 09   207    25 10126   140    40 -9999 -9999     0
2021 03 24 12   172    61 10148    70    30 -9999 -9999     0
2021 03 24 15   125    70 10160   320    20 -9999 -9999 -9999
2021 03 24 18   106    66 10159   340    20 -9999 -9999 -9999
2021 03 24 21    95    62 10156   350    30 -9999 -9999 -9999
2021 03 25 00   108    60 10175   350    30 -9999 -9999 -9999
2021 03 25 03   130    70 10188    20    20 -9999 -9999 -9999
2021 03 25 06   140    64 10157    90    40 -9999 -9999     0
2021 03 25 09   112    89 10149    10    40 -9999 -9999 -9999
2021 03 25 12   106    98 10150   350    30 -9999 -9999 -9999
2021 03 25 15   108   103 10150   350    50 -9999 -9999     7
2021 03 25 18   113   111 10129   350    40 -9999 -9999    30
2021 03 25 21   113   111 10115   350    30 -9999 -9999    40
2021 03 26 00   116   113 10127   340    20 -9999 -9999    20
2021 03 26 03   124   119 10131   340    10 -9999 -9999     3
2021 03 26 06   131   126 10108   160    10 -9999 -9999     1
2021 03 26 09   132   129 10105   180    20 -9999 -9999     2
2021 03 26 12   126   123 10122   180    10 -9999 -9999     3
2021 03 26 15   114   112 10145   140    10 -9999 -9999     1
2021 03 26 18   113   111 10137   240    10 -9999 -9999 -9999
2021 03 26 21   111   109 10123   190    10 -9999 -9999    20
2021 03 27 00   115   113 10137     0 -9999 -9999 -9999    30
2021 03 27 03   128   126 10150   160    10 -9999 -9999     9
2021 03 27 06   165   121 10120   160    20 -9999 -9999     0
2021 03 27 09   167   125 10108   170    20 -9999 -9999     0
2021 03 27 12   137   114 10129   200    20 -9999 -9999     0
2021 03 27 15   109   106 10144   360    20 -9999 -9999     0
2021 03 27 18    97    96 10133   360    10 -9999 -9999     0
2021 03 27 21    86    85 10120    20    10 -9999 -9999     0
2021 03 28 00    81    80 10134   330    10 -9999 -9999     0
2021 03 28 03   176   135 10123   150    20 -9999 -9999     0
2021 03 28 06   223   105 10079   130    30 -9999 -9999     0
2021 03 28 09   221   132 10050   170    20 -9999 -9999     0
2021 03 28 12   187   133 10063   340    30 -9999 -9999     0
2021 03 28 15   162   133 10058   350    20 -9999 -9999     0
2021 03 28 18   157   137 10035   360    10 -9999 -9999     0
2021 03 28 21   159   139 10020   350    30 -9999 -9999     0
2021 03 29 00   167   140 10033   350    20 -9999 -9999     0
2021 03 29 03   175   146 10039   340    20 -9999 -9999     0
2021 03 29 06   228   164 10001    80    10 -9999 -9999     0
2021 03 29 09   236   169  9984   180    20 -9999 -9999     0
2021 03 29 12   185   159 10013   350    30 -9999 -9999     0
2021 03 29 15   180   162 10027   360    30 -9999 -9999     0
2021 03 29 18   181   161 10015    60    40 -9999 -9999     0
2021 03 29 21   168   160 10002    30    20 -9999 -9999     0
2021 03 30 00   163   160 10024    30    20 -9999 -9999     0
2021 03 30 03   163   155 10031    30    20 -9999 -9999     1
2021 03 30 06   165   147  9999    10    20 -9999 -9999     1
2021 03 30 09   155   139 10001   100    20 -9999 -9999     1
2021 03 30 12   147   139 10016    50    22 -9999 -9999    39
2021 03 30 15   144   134 10034    10    30 -9999 -9999    40
2021 03 30 18   139   130 10028    50    20 -9999 -9999     0
2021 03 30 21   135   127 10020    20    20 -9999 -9999     0
2021 03 31 00   135   126 10035    50    20 -9999 -9999     0
2021 03 31 03   140   127 10046   360    40 -9999 -9999     0
2021 03 31 06   149   129 10023    30    30 -9999 -9999     0
2021 03 31 09   143   127 10021    70    30 -9999 -9999     0
2021 03 31 12   137   124 10038    13    28 -9999 -9999 -9999
2021 03 31 15   136   123 10060    90    20 -9999 -9999     1
2021 03 31 18   133   120 10040    70    20 -9999 -9999     8
2021 03 31 21   129   116 10048    50    20 -9999 -9999     7
2021 04 01 00   126   112 10080   100    20 -9999 -9999    10
2021 04 01 03   131   113 10097    90    10 -9999 -9999    10
2021 04 01 06   135   114 10086    40    30 -9999 -9999     1
2021 04 01 09   131   112 10076    80    30 -9999 -9999     1
2021 04 01 12   121   105 10094    70    20 -9999 -9999     0
2021 04 01 15   110   104 10116    80    20 -9999 -9999    60
2021 04 01 18   106    95 10116    60    20 -9999 -9999    60
2021 04 01 21   103    87 10115    60    20 -9999 -9999     3
2021 04 02 03   106    87 10153    20    30 -9999 -9999     1
2021 04 02 06   112    88 10133   120    20 -9999 -9999     1
2021 04 02 09   109    90 10126    80    40 -9999 -9999     0
2021 04 02 12   101    92 10150    30    10 -9999 -9999 -9999
2021 04 02 15    98    93 10176   170    10 -9999 -9999 -9999
2021 04 02 18    94    89 10173    30    20 -9999 -9999     6
2021 04 02 21    92    89 10182   180    20 -9999 -9999    40
2021 04 03 00    93    81 10206    80    20 -9999 -9999    30
2021 04 03 03   116    83 10217   140    10 -9999 -9999     0
2021 04 03 06   121    72 10196   110    30 -9999 -9999     0
2021 04 03 09   112    79 10190    80    40 -9999 -9999     0
2021 04 03 12   103    81 10212    90    30 -9999 -9999     0
2021 04 03 15   100    76 10229   110    40 -9999 -9999     0
2021 04 03 18    96    69 10223    90    40 -9999 -9999     0
2021 04 03 21    91    62 10220   130    20 -9999 -9999     0
2021 04 04 03    92    63 10250   140    20 -9999 -9999     0
2021 04 04 06    92    59 10228   100    40 -9999 -9999     0
2021 04 04 09    86    57 10214   160    20 -9999 -9999     0
2021 04 04 12    80    60 10236   110    10 -9999 -9999     0
2021 04 04 15    75    66 10249    10    30 -9999 -9999     1
2021 04 04 18    73    66 10241    20    20 -9999 -9999     6
2021 04 04 21    70    66 10231    10    20 -9999 -9999     5
2021 04 05 00    74    63 10245    20    20 -9999 -9999     0
2021 04 05 03    78    63 10254    30    20 -9999 -9999     0
2021 04 05 06    92    66 10224   360    20 -9999 -9999     0
2021 04 05 09    98    74 10208   170    10 -9999 -9999     0
2021 04 05 12    91    77 10215   170    10 -9999 -9999     0
2021 04 05 15    90    79 10226   170    10 -9999 -9999     0
2021 04 05 18    88    82 10214     0 -9999 -9999 -9999     0
2021 04 05 21    87    83 10201     0 -9999 -9999 -9999     0
2021 04 06 00    94    75 10219   350    30 -9999 -9999     0
2021 04 06 03   103    86 10228    50    20 -9999 -9999     3
2021 04 06 06   101    93 10219   200    10 -9999 -9999    60
2021 04 06 09    99    94 10205   350    20 -9999 -9999   150
2021 04 06 12    95    89 10215   320    20 -9999 -9999   140
2021 04 06 15    95    90 10214   290    10 -9999 -9999    50
2021 04 06 18    93    92 10195   350    20 -9999 -9999    30
2021 04 06 21    93    92 10186   360    10 -9999 -9999    70
2021 04 07 00    95    94 10196    20    10 -9999 -9999    80
2021 04 07 03   115   104 10204    80    10 -9999 -9999    50
2021 04 07 06   122   106 10189   190    10 -9999 -9999    20
2021 04 07 09   116   108 10178   180    10 -9999 -9999     0
2021 04 07 12   109   104 10200   340    10 -9999 -9999     0
2021 04 07 15   107   101 10215    10    20 -9999 -9999     0
2021 04 07 18   103    94 10201   110    10 -9999 -9999     0
2021 04 07 21    98    95 10201    10    10 -9999 -9999     1
2021 04 08 00   101    92 10221   170    10 -9999 -9999     1
2021 04 08 03   105    86 10232    90    30 -9999 -9999     0
2021 04 08 06   112    75 10217   140    20 -9999 -9999     0
2021 04 08 09   113    76 10206    90    20 -9999 -9999     0
2021 04 08 12   109    80 10217   330    10 -9999 -9999     0
2021 04 08 15    97    89 10230   343    14 -9999 -9999 -9999
2021 04 08 18    90    87 10223   125     5 -9999 -9999 -9999
2021 04 08 21    80    79 10219     0 -9999 -9999 -9999     0
2021 04 09 00    86    85 10229    30    10 -9999 -9999     0
2021 04 09 03   114    65 10232   110    40 -9999 -9999     0
2021 04 09 06   127    78 10215   160    30 -9999 -9999     0
2021 04 09 09   118    79 10201   130    20 -9999 -9999 -9999
2021 04 09 12   114    79 10213    50    10 -9999 -9999     0
2021 04 09 15   109    87 10225   360    20 -9999 -9999     0
2021 04 09 18   105    83 10217    20    20 -9999 -9999     0
2021 04 09 21   102    80 10209    20    20 -9999 -9999 -9999
2021 04 10 00    92    89 10228   330    20 -9999 -9999    30
2021 04 10 03   104    82 10232    30    10 -9999 -9999    30
2021 04 10 06   111    81 10214    20    10 -9999 -9999     0
2021 04 10 09   107    81 10201    70    20 -9999 -9999     0
2021 04 10 12    98    87 10213    20    20 -9999 -9999 -9999
2021 04 10 15    98    86 10223   360    10 -9999 -9999 -9999
2021 04 10 18    93    90 10209   350    10 -9999 -9999    20
2021 04 10 21    93    92 10201    10    20 -9999 -9999    20
2021 04 11 00    88    82 10218    70    20 -9999 -9999     6
2021 04 11 03    97    85 10224    90    10 -9999 -9999     2
2021 04 11 06   114    90 10197    50    20 -9999 -9999     0
2021 04 11 09   119    95 10177   160    10 -9999 -9999     0
2021 04 11 12   108    96 10191   150    10 -9999 -9999     0
2021 04 11 15   103    95 10206   340    10 -9999 -9999 -9999
2021 04 11 18   102    99 10197     0 -9999 -9999 -9999    10
2021 04 11 21    98    97 10185   280    10 -9999 -9999    20
2021 04 12 00   105   103 10201   140    10 -9999 -9999     5
2021 04 12 03   128   110 10204   340    10 -9999 -9999     0
2021 04 12 06   162   107 10175   340    10 -9999 -9999     0
2021 04 12 09   160   126 10158   160    20 -9999 -9999     0
2021 04 12 12   141   121 10176    60    10 -9999 -9999     0
2021 04 12 15   124   119 10197   360    10 -9999 -9999     0
2021 04 12 18   113   111 10182   160    10 -9999 -9999     0
2021 04 12 21   115   113 10177    20    10 -9999 -9999     5
2021 04 13 00   116   114 10187   340    20 -9999 -9999     7
2021 04 13 03   137   134 10188   330    10 -9999 -9999     2
2021 04 13 06   156   116 10170   200    10 -9999 -9999     0
2021 04 13 09   148   106 10154   120    20 -9999 -9999     0
2021 04 13 12   128   117 10167   330    20 -9999 -9999     0
2021 04 13 15   125   119 10188   340    20 -9999 -9999     1
2021 04 13 18   125   112 10172    20    20 -9999 -9999    20
2021 04 13 21   122   111 10175    40    30 -9999 -9999    50
2021 04 14 00   121   112 10192   350    30 -9999 -9999    30
2021 04 14 03   127   114 10194   360    20 -9999 -9999     1
2021 04 14 06   123   120 10175   340    20 -9999 -9999     2
2021 04 14 09   130   111 10154   120    20 -9999 -9999     2
2021 04 14 12   119   113 10164    30    20 -9999 -9999     0
2021 04 14 15   114   109 10181   110    10 -9999 -9999     0
2021 04 14 18   110   104 10164    10    20 -9999 -9999     0
2021 04 14 21   109   101 10156   260    10 -9999 -9999     0
2021 04 15 00   114   111 10168   260    10 -9999 -9999     1
2021 04 15 03   171   112 10157   140    20 -9999 -9999     1
2021 04 15 06   195   132 10133   160    20 -9999 -9999     0
2021 04 15 09   192   138 10120   160    20 -9999 -9999     0
2021 04 15 12   168   135 10144    20    10 -9999 -9999     0
2021 04 15 15   151   138 10167   360    20 -9999 -9999     0
2021 04 15 18   140   134 10152    10    20 -9999 -9999     0
2021 04 15 21   136   130 10149   340    10 -9999 -9999     0
2021 04 16 00   134   131 10178   360    20 -9999 -9999     0
2021 04 16 03   177    98 10186    80    40 -9999 -9999     0
2021 04 16 06   175    89 10177    60    20 -9999 -9999     0
2021 04 16 09   176    87 10166    90    30 -9999 -9999     0
2021 04 16 12   153    97 10192   350    10 -9999 -9999     0
2021 04 16 15   119   101 10212     0 -9999 -9999 -9999     0
2021 04 16 18   106    98 10211   350    10 -9999 -9999     0
2021 04 16 21    97    94 10206   350    10 -9999 -9999     0
2021 04 17 00   104   101 10222    10    10 -9999 -9999     0
2021 04 17 03   159   117 10231   210    10 -9999 -9999     0
2021 04 17 06   172   101 10216   170    10 -9999 -9999 -9999
2021 04 17 09   164    76 10202    70    20 -9999 -9999     0
2021 04 17 12   147    99 10210    10    20 -9999 -9999     0
2021 04 17 15   145   101 10207    30    20 -9999 -9999 -9999
2021 04 17 18   129   104 10197   360    30 -9999 -9999     0
2021 04 17 21   120   112 10188   360    20 -9999 -9999     7
2021 04 18 00   113   105 10196    10    30 -9999 -9999    30
2021 04 18 03   107    93 10208    50    30 -9999 -9999    60
2021 04 18 06   114    86 10187    50    20 -9999 -9999    40
2021 04 18 09   110    89 10177    20    20 -9999 -9999     0
2021 04 18 12   107    91 10182    40    30 -9999 -9999     0
2021 04 18 15   102    94 10190   360    20 -9999 -9999     0
2021 04 18 18   101    95 10170   350    20 -9999 -9999     0
2021 04 18 21    99    96 10162   330    20 -9999 -9999     0
2021 04 19 00   104   101 10163     0 -9999 -9999 -9999 -9999
2021 04 19 03   127    97 10159   360    20 -9999 -9999     0
2021 04 19 06   142   108 10133    30    10 -9999 -9999 -9999
2021 04 19 09   129   108 10115    70    30 -9999 -9999     0
2021 04 19 12   117   112 10126   340    30 -9999 -9999     0
2021 04 19 15   119   116 10133   350    30 -9999 -9999     3
2021 04 19 18   122   117 10117    10    20 -9999 -9999     4
2021 04 19 21   121   119 10103   350    30 -9999 -9999    60
2021 04 20 00   122   120 10117   350    30 -9999 -9999    70
2021 04 20 03   129   127 10126   350    20 -9999 -9999    20
2021 04 20 06   142   134 10105   330    10 -9999 -9999     7
2021 04 20 09   155   139 10098   360    20 -9999 -9999     0
2021 04 20 12   141   135 10112   170    10 -9999 -9999     0
2021 04 20 15   138   133 10133   210    10 -9999 -9999     0
2021 04 20 18   134   132 10124   330    20 -9999 -9999     0
2021 04 20 21   133   131 10109    20    20 -9999 -9999     2
