2021 01 01 00   -11   -25 10320   120    30 -9999 -9999     0
2021 01 01 03    47   -22 10315   250    10 -9999 -9999     0
2021 01 01 06    98   -19 10283   120    20 -9999 -9999     0
2021 01 01 09    84    -9 10279   130    20 -9999 -9999     0
2021 01 01 12    52   -14 10295   111    40 -9999 -9999 -9999
2021 01 01 15    43   -30 10290   120    40 -9999 -9999     0
2021 01 01 18    38   -24 10291   360    40 -9999 -9999     0
2021 01 01 21    23   -22 10283   180    10 -9999 -9999     0
2021 01 02 00     9   -28 10289   120    20 -9999 -9999     0
2021 01 02 03    75    -9 10287     0 -9999 -9999 -9999     0
2021 01 02 06   116   -12 10244   110    30 -9999 -9999     0
2021 01 02 09    84   -20 10245    80    30 -9999 -9999     0
2021 01 02 12    83   -15 10264    50    20 -9999 -9999     0
2021 01 02 15    79   -11 10278    30    20 -9999 -9999     0
2021 01 02 18    60     8 10278   360    20 -9999 -9999     0
2021 01 02 21    56    15 10285   340    20 -9999 -9999     0
2021 01 03 00    53    21 10302   340    30 -9999 -9999     0
2021 01 03 03    66    17 10313   330    30 -9999 -9999     0
2021 01 03 06    91    13 10284   350    20 -9999 -9999     0
2021 01 03 09    83    -2 10283    20    10 -9999 -9999     0
2021 01 03 12    60    13 10297    90    30 -9999 -9999     0
2021 01 03 15    58    -1 10303    70    10 -9999 -9999     0
2021 01 03 18    52     0 10300     0 -9999 -9999 -9999     0
2021 01 03 21    44     0 10287   360    20 -9999 -9999     0
2021 01 04 00    32    -8 10291   330    30 -9999 -9999     0
2021 01 04 03    67     8 10297   120    10 -9999 -9999     0
2021 01 04 06    74    13 10267     0 -9999 -9999 -9999     0
2021 01 04 09    65    12 10275   100    10 -9999 -9999     0
2021 01 04 12    56     4 10291   360    20 -9999 -9999     0
2021 01 04 15    48    15 10302   340    40 -9999 -9999     0
2021 01 04 18    52     4 10298   330    20 -9999 -9999     0
2021 01 04 21    50    -2 10299    10    20 -9999 -9999     0
2021 01 05 00    42     2 10330   350    50 -9999 -9999     0
2021 01 05 03    43    -1 10340   350    60 -9999 -9999     0
2021 01 05 06    47    -7 10318   360    50 -9999 -9999     0
2021 01 05 09    47   -36 10323    10    40 -9999 -9999     0
2021 01 05 12    38   -32 10337   350    40 -9999 -9999     0
2021 01 05 15    34   -36 10337   340    40 -9999 -9999     0
2021 01 05 18    31   -41 10324   330    30 -9999 -9999     0
2021 01 05 21    27   -52 10306     0 -9999 -9999 -9999     0
2021 01 06 00    23   -42 10313   360    20 -9999 -9999     0
2021 01 06 03    28   -33 10310   340    20 -9999 -9999     0
2021 01 06 06    34   -43 10289   360    20 -9999 -9999     0
2021 01 06 09    34   -45 10294    10    30 -9999 -9999     0
2021 01 06 12    33   -61 10316    40    40 -9999 -9999     0
2021 01 06 15    33   -84 10335    30    60 -9999 -9999     0
2021 01 06 18    24   -83 10349    50    60 -9999 -9999     0
2021 01 06 21    -2   -41 10365    40    60 -9999 -9999 -9999
2021 01 07 00   -21   -32 10394    80    50 -9999 -9999     7
2021 01 07 03   -25   -55 10408    80    30 -9999 -9999    10
2021 01 07 06   -10   -80 10372    10    20 -9999 -9999     6
2021 01 07 09   -13   -64 10369   350    20 -9999 -9999     0
2021 01 07 12   -17   -57 10394   330    20 -9999 -9999     0
2021 01 07 15   -19   -47 10398   320    10 -9999 -9999     0
2021 01 07 18   -23   -50 10392   330    20 -9999 -9999     0
2021 01 07 21   -33   -78 10378   340    30 -9999 -9999     0
2021 01 08 00   -27  -138 10392     0 -9999 -9999 -9999     0
2021 01 08 03    15  -130 10399   220    10 -9999 -9999     0
2021 01 08 06    47  -118 10353   240    20 -9999 -9999     0
2021 01 08 09    36  -120 10337   140    10 -9999 -9999     0
2021 01 08 12    -3  -102 10338   110    40 -9999 -9999     0
2021 01 08 15   -10  -106 10347   110    30 -9999 -9999     0
2021 01 08 18    -7  -117 10346     0 -9999 -9999 -9999     0
2021 01 08 21   -12  -108 10329   325     6 -9999 -9999 -9999
2021 01 09 00   -16   -99 10343   310    40 -9999 -9999     0
2021 01 09 03    52   -90 10342    60    10 -9999 -9999     0
2021 01 09 06    67  -115 10306   120    20 -9999 -9999     0
2021 01 09 09    52   -90 10291   130    10 -9999 -9999     0
2021 01 09 12    45  -100 10314    90    10 -9999 -9999     0
2021 01 09 15    37   -93 10317   120    20 -9999 -9999     0
2021 01 09 18    36   -84 10323   340    10 -9999 -9999     0
2021 01 09 21    33   -90 10305     0 -9999 -9999 -9999     0
2021 01 10 00    28   -58 10311   110    10 -9999 -9999     0
2021 01 10 03    57   -72 10329   120    10 -9999 -9999     0
2021 01 10 06    71   -63 10297   120    20 -9999 -9999     0
2021 01 10 09    62   -48 10294   110    30 -9999 -9999     0
2021 01 10 12    58   -64 10318    40    30 -9999 -9999     0
2021 01 10 15    48   -58 10348   350    20 -9999 -9999     0
2021 01 10 18    35   -54 10362   330    40 -9999 -9999     0
2021 01 10 21    11   -72 10356   350    40 -9999 -9999     0
2021 01 11 00    17  -105 10372   350    40 -9999 -9999     0
2021 01 11 03    62  -105 10374   230    20 -9999 -9999     0
2021 01 11 06    86  -103 10333   220    20 -9999 -9999     0
2021 01 11 09    87   -75 10317   130    20 -9999 -9999     0
2021 01 11 12    40   -69 10327   120    40 -9999 -9999     0
2021 01 11 15    28   -61 10332   110    50 -9999 -9999     0
2021 01 11 18    20   -63 10313   360     0 -9999 -9999 -9999
2021 01 11 21   -16   -48 10288   280    40 -9999 -9999     0
2021 01 12 00    -3   -40 10276   250    50 -9999 -9999     0
2021 01 12 03    88   -44 10272   250    60 -9999 -9999     0
2021 01 12 06   137   -76 10226   240    70 -9999 -9999     0
2021 01 12 09   139   -75 10208   240    60 -9999 -9999     0
2021 01 12 12    93   -54 10207   240    50 -9999 -9999     0
2021 01 12 15    80   -58 10203   240    60 -9999 -9999     0
2021 01 12 18    69   -51 10196   240    60 -9999 -9999     0
2021 01 12 21    61   -44 10187   240    80 -9999 -9999     0
2021 01 13 00    58   -44 10197   240    50 -9999 -9999     0
2021 01 13 03   131   -20 10204   230    40 -9999 -9999     0
2021 01 13 06   188   -60 10169   240    50 -9999 -9999     0
2021 01 13 12   166  -101 10170   200    30 -9999 -9999     0
2021 01 13 15   138   -64 10182   230    20 -9999 -9999     0
2021 01 13 18    97   -23 10180   240    50 -9999 -9999     0
2021 01 13 21    79   -27 10171   290    30 -9999 -9999     0
2021 01 14 00    64   -13 10173   230    40 -9999 -9999     0
2021 01 14 03   134     8 10178   240    30 -9999 -9999     0
2021 01 14 06   201   -11 10139   220    30 -9999 -9999     0
2021 01 14 09   201   -35 10124   220    20 -9999 -9999     0
2021 01 14 12   168   -28 10138   240    40 -9999 -9999     0
2021 01 14 15   141   -11 10155   240    40 -9999 -9999     0
2021 01 14 18   110    -5 10152   250    40 -9999 -9999     0
2021 01 14 21   103     3 10164    70    20 -9999 -9999     0
2021 01 15 00    64     5 10180   260    20 -9999 -9999     0
2021 01 15 03   143    19 10198   340    50 -9999 -9999     0
2021 01 15 06   186     7 10171   340    50 -9999 -9999     0
2021 01 15 09   156    13 10179    50    50 -9999 -9999     0
2021 01 15 12   138   -14 10193    40    60 -9999 -9999     0
2021 01 15 15   115   -84 10215    30    50 -9999 -9999     0
2021 01 15 18    82   -67 10238   350    60 -9999 -9999     0
2021 01 15 21    74   -63 10239   340    70 -9999 -9999     0
2021 01 16 00    68   -65 10272   350    50 -9999 -9999     0
2021 01 16 03    74   -71 10283   350    50 -9999 -9999     0
2021 01 16 06    84   -69 10270    10    70 -9999 -9999     0
2021 01 16 09    83   -63 10287   350    40 -9999 -9999     0
2021 01 16 12    64   -56 10327   360    60 -9999 -9999     0
2021 01 16 15    59   -43 10358    20   100 -9999 -9999     0
2021 01 16 18    43    -1 10380   360    70 -9999 -9999     0
2021 01 16 21    46    -8 10387   340    40 -9999 -9999     0
2021 01 17 00    43   -21 10393     0 -9999 -9999 -9999     0
2021 01 17 03    89   -33 10394   120    20 -9999 -9999     0
2021 01 17 06   102   -62 10348   110    20 -9999 -9999     0
2021 01 17 09    89   -54 10327   210    20 -9999 -9999     0
2021 01 17 12    78   -50 10322   200    20 -9999 -9999     0
2021 01 17 15    51   -20 10308   230    40 -9999 -9999     0
2021 01 17 18    34   -19 10289   240    40 -9999 -9999     0
2021 01 17 21    33   -16 10276   240    50 -9999 -9999     0
2021 01 18 00    20   -11 10280   240    40 -9999 -9999     0
2021 01 18 03    87    -1 10283   250    40 -9999 -9999     0
2021 01 18 06   142     1 10243   160    10 -9999 -9999     0
2021 01 18 09   143    -9 10225   160    20 -9999 -9999     0
2021 01 18 12    83     8 10229   110    50 -9999 -9999     0
2021 01 18 15    70    -5 10228   120    50 -9999 -9999     0
2021 01 18 18    55    -5 10217   120    50 -9999 -9999     0
2021 01 18 21    61     6 10207     0 -9999 -9999 -9999     0
2021 01 19 00    35    12 10219   140    20 -9999 -9999     0
2021 01 19 03   108    21 10226   120    20 -9999 -9999     0
2021 01 19 06   149    11 10188   110    30 -9999 -9999     0
2021 01 19 09   137   -15 10174   110    50 -9999 -9999     0
2021 01 19 12   118   -20 10183   110    60 -9999 -9999     0
2021 01 19 15   117   -25 10192    90    30 -9999 -9999     0
2021 01 19 18   101   -29 10189    60    20 -9999 -9999     0
2021 01 19 21    85     2 10187   340    30 -9999 -9999     0
2021 01 20 00    71    33 10206   200    20 -9999 -9999     4
2021 01 20 03    66    59 10217   250    10 -9999 -9999    20
2021 01 20 06    68    64 10193   300    30 -9999 -9999    20
2021 01 20 09    71    64 10189   110    30 -9999 -9999     0
2021 01 20 12    71    65 10207   350    20 -9999 -9999     0
2021 01 20 15    73    49 10217     0 -9999 -9999 -9999 -9999
2021 01 20 18    69    51 10209     0 -9999 -9999 -9999     1
2021 01 20 21    70    41 10200   350    20 -9999 -9999     1
2021 01 21 00    64    50 10217   330    20 -9999 -9999     1
2021 01 21 03    59    55 10232   340    30 -9999 -9999    10
2021 01 21 06    60    56 10210   330    10 -9999 -9999    20
2021 01 21 09    58    55 10215   290    20 -9999 -9999    10
2021 01 21 12    59    58 10223   240    30 -9999 -9999     3
2021 01 21 15    60    59 10227   250    20 -9999 -9999     0
2021 01 21 18    61    61 10219   320    20 -9999 -9999     0
2021 01 21 21    63    63 10207   280    20 -9999 -9999     0
2021 01 22 00    65    65 10219   300    30 -9999 -9999     0
2021 01 22 03   104   104 10221   280    10 -9999 -9999     0
2021 01 22 06   143    69 10179   330    20 -9999 -9999     0
2021 01 22 09   123    78 10182   110    30 -9999 -9999     0
2021 01 22 12   103    74 10196    90    30 -9999 -9999     0
2021 01 22 15    95    71 10208    90    20 -9999 -9999     0
2021 01 22 18    78    59 10208    90    20 -9999 -9999     0
2021 01 22 21    68    48 10199    80    20 -9999 -9999     0
2021 01 23 00    68    54 10217    90    20 -9999 -9999     0
2021 01 23 03    94    58 10230   120    10 -9999 -9999     0
2021 01 23 06   132    65 10202   130    30 -9999 -9999     0
2021 01 23 09   110    60 10199   100    30 -9999 -9999     0
2021 01 23 12    93    53 10202    70    30 -9999 -9999     0
2021 01 23 15    77    45 10217    60    50 -9999 -9999     0
2021 01 23 18    60    35 10212    10    10 -9999 -9999     0
2021 01 23 21    55    43 10204   350    10 -9999 -9999     0
2021 01 24 00    56    44 10199   310    10 -9999 -9999     0
2021 01 24 03    63    54 10214     0 -9999 -9999 -9999 -9999
2021 01 24 06    65    58 10183     0 -9999 -9999 -9999 -9999
2021 01 24 09    64    60 10181     0 -9999 -9999 -9999     3
2021 01 24 12    65    61 10194   360    30 -9999 -9999     3
2021 01 24 15    65    62 10208   350    30 -9999 -9999     2
2021 01 24 18    64    61 10218   360    20 -9999 -9999    20
2021 01 24 21    58    55 10221   360    40 -9999 -9999    30
2021 01 25 00    51    47 10248   360    60 -9999 -9999    30
2021 01 25 03    45    41 10270   350    70 -9999 -9999    30
2021 01 25 06    50    41 10258   350    50 -9999 -9999     5
2021 01 25 09    56    46 10259    10    10 -9999 -9999     2
2021 01 25 12    51    42 10266   240    20 -9999 -9999     2
2021 01 25 15    48    45 10277   300    30 -9999 -9999     0
2021 01 25 18    44    41 10274   330    20 -9999 -9999     0
2021 01 25 21    39    36 10263   330    30 -9999 -9999     0
2021 01 26 00    15    12 10276   300    20 -9999 -9999     0
2021 01 26 03    40    39 10290   310    20 -9999 -9999     0
2021 01 26 06    72    65 10260   330    20 -9999 -9999     0
2021 01 26 09    77    55 10248   110    10 -9999 -9999     0
2021 01 26 12    64    58 10257    90    20 -9999 -9999     0
2021 01 26 15    59    56 10260   100    10 -9999 -9999     0
2021 01 26 18    60    54 10249   310    10 -9999 -9999 -9999
2021 01 26 21    56    53 10233   340    30 -9999 -9999     1
2021 01 27 00    55    54 10241   360    10 -9999 -9999     5
2021 01 27 03    56    56 10256   330    20 -9999 -9999     9
2021 01 27 06    60    60 10229   330    10 -9999 -9999     5
2021 01 27 09    71    59 10235   310    20 -9999 -9999     0
2021 01 27 12    64    57 10265   260    20 -9999 -9999     0
2021 01 27 15    51    47 10289   300    40 -9999 -9999     0
2021 01 27 18    51    48 10298   300    30 -9999 -9999     0
2021 01 27 21    36    35 10294   300    40 -9999 -9999     0
2021 01 28 00    25    25 10311   270    30 -9999 -9999     0
2021 01 28 03    55    55 10328   280    30 -9999 -9999     0
2021 01 28 06   132    65 10308   130    20 -9999 -9999     0
2021 01 28 09   119   -56 10299    80    20 -9999 -9999     0
2021 01 28 12    86    -7 10305    90    30 -9999 -9999     0
2021 01 28 15    76     3 10310   110    20 -9999 -9999     0
2021 01 28 18    56    -5 10299   320    20 -9999 -9999     0
2021 01 28 21    44   -12 10279     0 -9999 -9999 -9999     0
2021 01 29 00    25    -3 10279   290    20 -9999 -9999     0
2021 01 29 03    72    19 10286   300    10 -9999 -9999     0
2021 01 29 06   128    40 10245   130    20 -9999 -9999     0
2021 01 29 09   111    48 10229   110    20 -9999 -9999 -9999
2021 01 29 12   104    43 10237    70    30 -9999 -9999     0
2021 01 29 15    97    39 10251    70    10 -9999 -9999 -9999
2021 01 29 18    92    38 10246   140    10 -9999 -9999     0
2021 01 29 21    89    37 10240   360    20 -9999 -9999     0
2021 01 30 00    94    29 10246   140    10 -9999 -9999     0
2021 01 30 03   102    48 10262   130    10 -9999 -9999     0
2021 01 30 06   111    52 10238     0 -9999 -9999 -9999     0
2021 01 30 09   106    49 10232   130    10 -9999 -9999     0
2021 01 30 12    95    55 10242   120    20 -9999 -9999     0
2021 01 30 15    97    49 10249   120    10 -9999 -9999     0
2021 01 30 18    95    47 10244     0 -9999 -9999 -9999 -9999
2021 01 30 21    74    65 10241   310    30 -9999 -9999    30
2021 01 31 00    73    72 10249   330    20 -9999 -9999    30
2021 01 31 03    78    77 10253   120    10 -9999 -9999     9
2021 01 31 06    81    80 10225   310    10 -9999 -9999     1
2021 01 31 09    78    77 10223     0 -9999 -9999 -9999    20
2021 01 31 12    73    73 10233     0 -9999 -9999 -9999    30
2021 01 31 15    71    71 10243   240    10 -9999 -9999    20
2021 01 31 18    70    70 10223   180    20 -9999 -9999    20
2021 01 31 21    69    69 10225   280    20 -9999 -9999    40
2021 02 01 00    70    70 10236   240    40 -9999 -9999    50
2021 02 01 03    98    98 10245   290    30 -9999 -9999    20
2021 02 01 06   154    77 10214   220    20 -9999 -9999     1
2021 02 01 09   152    77 10214   110    20 -9999 -9999     0
2021 02 01 12   107    70 10232   110    40 -9999 -9999     0
2021 02 01 15    90    71 10256   110    40 -9999 -9999     0
2021 02 01 18    85    76 10258   100    20 -9999 -9999     0
2021 02 01 21    78    75 10253    80    10 -9999 -9999     0
2021 02 02 00    60    59 10269     0 -9999 -9999 -9999     0
2021 02 02 03    75    75 10288   160    10 -9999 -9999     0
2021 02 02 06   108    79 10261   120    20 -9999 -9999     0
2021 02 02 09   101    80 10254   120    10 -9999 -9999     0
2021 02 02 12    87    79 10265    90    20 -9999 -9999 -9999
2021 02 02 15    81    78 10266   240    20 -9999 -9999     0
2021 02 02 18    76    75 10255   300    10 -9999 -9999     0
2021 02 02 21    58    58 10239   230    10 -9999 -9999     0
2021 02 03 00    62    62 10250     0 -9999 -9999 -9999     0
2021 02 03 03    93    93 10258     0 -9999 -9999 -9999     0
2021 02 03 06   102    83 10234   240    30 -9999 -9999 -9999
2021 02 03 09    85    84 10234   310    10 -9999 -9999    30
2021 02 03 12    86    86 10249   110    20 -9999 -9999    30
2021 02 03 15    88    88 10263     0 -9999 -9999 -9999     6
2021 02 03 18    87    87 10266   230    10 -9999 -9999     7
2021 02 03 21    85    85 10258    30    30 -9999 -9999     8
2021 02 04 00    86    86 10268   350    30 -9999 -9999     3
2021 02 04 03    88    88 10274   360    30 -9999 -9999    20
2021 02 04 06    80    80 10240   350    30 -9999 -9999    60
2021 02 04 09    71    71 10233   350    50 -9999 -9999    50
2021 02 04 12    70    67 10243    10    30 -9999 -9999    10
2021 02 04 15    66    60 10259   350    50 -9999 -9999     0
2021 02 04 18    61    57 10246   360    40 -9999 -9999     0
2021 02 04 21    54    54 10241   330    30 -9999 -9999    20
2021 02 05 00    56    56 10253   310    20 -9999 -9999    30
2021 02 05 03    66    66 10265   300    30 -9999 -9999    20
2021 02 05 06    87    87 10239   250    20 -9999 -9999     4
2021 02 05 09   101    73 10223   220    20 -9999 -9999     0
2021 02 05 12    94    67 10227   160    30 -9999 -9999     0
2021 02 05 15    80    71 10231   240    40 -9999 -9999     0
2021 02 05 18    70    67 10223   260    30 -9999 -9999     0
2021 02 05 21    73    73 10204   240    20 -9999 -9999     0
2021 02 06 00    54    54 10220   120    30 -9999 -9999     0
2021 02 06 03    90    90 10226   130    20 -9999 -9999     0
2021 02 06 06   113    90 10193   120    30 -9999 -9999     0
2021 02 06 09   105    89 10177   120    20 -9999 -9999     0
2021 02 06 12    95    90 10187    90    30 -9999 -9999     0
2021 02 06 15    90    87 10203   350    20 -9999 -9999     0
2021 02 06 18    81    80 10193   110    40 -9999 -9999     0
2021 02 06 21    87    87 10192   130    10 -9999 -9999     0
2021 02 07 00    84    84 10209   330    30 -9999 -9999     0
2021 02 07 03   106   106 10227   330    20 -9999 -9999     0
2021 02 07 06   101    93 10216    30    10 -9999 -9999     0
2021 02 07 09    98    89 10225   340    30 -9999 -9999     0
2021 02 07 12    94    91 10254    10    30 -9999 -9999     0
2021 02 07 15    92    91 10264    30    30 -9999 -9999    20
2021 02 07 18    85    84 10273   310    50 -9999 -9999    30
2021 02 07 21    89    89 10267   350    30 -9999 -9999    30
2021 02 08 00    78    75 10286   350    30 -9999 -9999    40
2021 02 08 03    65    48 10306   340    40 -9999 -9999    20
2021 02 08 06    66    34 10293   360    20 -9999 -9999     5
2021 02 08 09    68    39 10290   310    30 -9999 -9999     1
2021 02 08 12    69    40 10300   290    20 -9999 -9999     0
2021 02 08 15    66    52 10302   290    20 -9999 -9999     0
2021 02 08 18    71    33 10291   340    40 -9999 -9999     0
2021 02 08 21    68    34 10271   310    20 -9999 -9999     0
2021 02 09 00    67    28 10267   350    30 -9999 -9999     0
2021 02 09 03    82    35 10278   350    10 -9999 -9999     0
2021 02 09 06   104    39 10247   350    20 -9999 -9999     0
2021 02 09 12    79    55 10240   230    20 -9999 -9999     0
2021 02 09 15    75    58 10231     0 -9999 -9999 -9999     0
2021 02 09 18    76    67 10226   130    10 -9999 -9999 -9999
2021 02 09 21    78    67 10223     0 -9999 -9999 -9999     0
2021 02 10 00    75    72 10229     0 -9999 -9999 -9999     0
2021 02 10 03    92    81 10234   120    10 -9999 -9999 -9999
2021 02 10 06   101    77 10214    10    20 -9999 -9999 -9999
2021 02 10 09    95    81 10208    20    10 -9999 -9999     5
2021 02 11 00    78    78 10215     0 -9999 -9999 -9999     0
2021 02 13 12   126   105 10186   110    30 -9999 -9999     0
2021 02 13 15   127    90 10189   110    20 -9999 -9999     0
2021 02 13 18   116    95 10181   340    30 -9999 -9999     0
2021 02 13 21   103    94 10172     0 -9999 -9999 -9999     0
2021 02 14 00    89    86 10186   300    20 -9999 -9999     0
2021 02 14 03   159   109 10195   280    10 -9999 -9999     0
2021 02 14 06   213    92 10161   210    10 -9999 -9999     0
2021 02 14 09   208    97 10151   120    20 -9999 -9999     0
2021 02 14 12   155    92 10156   110    50 -9999 -9999     0
2021 02 14 15   141    95 10162   110    50 -9999 -9999     0
2021 02 14 18   140    98 10159    80    20 -9999 -9999     0
2021 02 14 21   131    99 10160    70    20 -9999 -9999     0
2021 02 15 00   112    93 10191     0 -9999 -9999 -9999     0
2021 02 15 03   175   113 10204    50    50 -9999 -9999     0
2021 02 15 06   155    98 10181    50    50 -9999 -9999     0
2021 02 15 09   137    70 10172    40    80 -9999 -9999 -9999
2021 02 15 12   121    57 10196    20    60 -9999 -9999 -9999
2021 02 15 15    97    43 10214    10    30 -9999 -9999     3
2021 02 15 18    87    60 10214   230    10 -9999 -9999     5
2021 02 15 21    83    71 10202   340    20 -9999 -9999     2
2021 02 16 00    84    75 10217   310    20 -9999 -9999 -9999
2021 02 16 03   109    65 10243   270    30 -9999 -9999     0
2021 02 16 06   148    66 10219   310    10 -9999 -9999     0
2021 02 16 09   151    67 10217   200    10 -9999 -9999     0
2021 02 16 12   132    61 10236   160    10 -9999 -9999     0
2021 02 16 15   111    66 10255   240    30 -9999 -9999     0
2021 02 16 18    82    70 10259   290    40 -9999 -9999     0
2021 02 16 21    74    68 10253   270    50 -9999 -9999     0
2021 02 17 00    61    60 10270   270    40 -9999 -9999     0
2021 02 17 03   134    80 10285   240    20 -9999 -9999     0
2021 02 17 06   199     9 10264   170    10 -9999 -9999     0
2021 02 17 09   192    17 10256   130    20 -9999 -9999     0
2021 02 17 12   138    33 10268   100    40 -9999 -9999     0
2021 02 17 15   125    59 10285   110    40 -9999 -9999     0
2021 02 17 18   119    42 10288   350    30 -9999 -9999     0
2021 02 17 21   119    37 10282    50    10 -9999 -9999     0
2021 02 18 00   105    35 10302    90    20 -9999 -9999     0
2021 02 18 03   163    59 10312   150    10 -9999 -9999     0
2021 02 18 06   195    19 10282   130    20 -9999 -9999     0
2021 02 18 09   181    36 10266   120    10 -9999 -9999     0
2021 02 18 12   132    36 10268   120    30 -9999 -9999     0
2021 02 18 15   124    41 10270   120    30 -9999 -9999     0
2021 02 18 18   100    54 10255   240    40 -9999 -9999     0
2021 02 18 21    82    46 10245   280    40 -9999 -9999     0
2021 02 19 00    79    45 10254   270    30 -9999 -9999     0
2021 02 19 03   161    63 10254   240    20 -9999 -9999     0
2021 02 19 06   223    34 10214   240    30 -9999 -9999     0
2021 02 19 09   229     7 10196   230    30 -9999 -9999     0
2021 02 20 15   180    30 10148   242    40 -9999 -9999 -9999
2021 02 20 18   152    44 10142   242    41 -9999 -9999 -9999
2021 02 20 21   125    47 10133   286    32 -9999 -9999 -9999
2021 02 21 00   125    58 10142   240    38 -9999 -9999 -9999
2021 02 21 12   217   126 10117   121    29 -9999 -9999 -9999
2021 02 21 15   220   123 10126   224    18 -9999 -9999 -9999
2021 02 21 18   195   125 10125   288    26 -9999 -9999 -9999
2021 02 21 21   177   126 10126   274    44 -9999 -9999 -9999
2021 02 22 00   170   127 10149   300    30 -9999 -9999     0
2021 02 22 03   233   138 10160   120    20 -9999 -9999     0
2021 02 22 06   275   127 10134   120    30 -9999 -9999     0
2021 02 22 09   248   124 10135   110    40 -9999 -9999     0
2021 02 22 12   218   126 10152    60    20 -9999 -9999     0
2021 02 22 15   206   152 10175    90    20 -9999 -9999     0
2021 02 22 18   172   119 10179   350    60 -9999 -9999     0
2021 02 22 21   149    79 10172   350    50 -9999 -9999     0
2021 02 23 00   136    69 10189   350    40 -9999 -9999     0
2021 02 23 03   180    83 10192   320    10 -9999 -9999     0
2021 02 23 06   208    88 10163   350    20 -9999 -9999     0
2021 02 23 09   171    83 10155   360    30 -9999 -9999 -9999
2021 02 23 12   137    75 10162    40    10 -9999 -9999     0
2021 02 23 15   120    88 10168   340    50 -9999 -9999     0
2021 02 23 18   110    91 10167   340    30 -9999 -9999     0
2021 02 23 21   110    73 10155   350    30 -9999 -9999     0
2021 02 24 00   111    70 10171   340    20 -9999 -9999     0
2021 02 24 03   118    65 10174   350    30 -9999 -9999     0
2021 02 24 06   119    62 10139    80    20 -9999 -9999     0
2021 02 24 09   109    66 10124   330    10 -9999 -9999     0
2021 02 24 12    93    67 10131   360    50 -9999 -9999 -9999
2021 02 24 15    77    68 10146   340    60 -9999 -9999 -9999
2021 02 24 18    68    62 10157   340    40 -9999 -9999     0
2021 02 24 21    53    49 10165   350    60 -9999 -9999     5
2021 02 25 00    53    38 10182   360    50 -9999 -9999     5
2021 02 25 03    61    26 10204   360    60 -9999 -9999     0
2021 02 25 06    49    34 10183    10    60 -9999 -9999    30
2021 02 25 09    49    39 10178    20    40 -9999 -9999    80
2021 02 25 12    47    37 10196   360    50 -9999 -9999    90
2021 02 25 15    43    37 10215   350    40 -9999 -9999    90
2021 02 25 18    44    31 10217    20    70 -9999 -9999    60
2021 02 25 21    34    24 10215   350    50 -9999 -9999    10
2021 02 26 00    37    24 10232    10    50 -9999 -9999     3
2021 02 26 03    47    37 10242   360    30 -9999 -9999 -9999
2021 02 26 06    48    27 10222    30    40 -9999 -9999     0
2021 02 26 09    46    34 10221    20    20 -9999 -9999     4
2021 02 26 12    46    40 10232   340    20 -9999 -9999    30
2021 02 26 15    45    41 10242    10    10 -9999 -9999    30
2021 02 26 18    47    44 10239   330    20 -9999 -9999     0
2021 02 26 21    47    43 10233   340    30 -9999 -9999     0
2021 02 27 00    48    42 10241   340    10 -9999 -9999     0
2021 02 27 03    63    45 10241    30    10 -9999 -9999     0
2021 02 27 06    73    44 10218   320    10 -9999 -9999     0
2021 02 27 09    76    47 10206    50    10 -9999 -9999     0
2021 02 27 12    66    54 10213    20    20 -9999 -9999 -9999
2021 02 27 15    63    60 10218   360    10 -9999 -9999    20
2021 02 27 18    62    61 10204    50    20 -9999 -9999    40
2021 02 27 21    62    62 10186   340    20 -9999 -9999    40
2021 02 28 00    63    63 10190   330    10 -9999 -9999    20
2021 02 28 03    67    67 10188   340    20 -9999 -9999     7
2021 02 28 06    70    70 10159   350    30 -9999 -9999     6
2021 02 28 09    73    73 10152     0 -9999 -9999 -9999     2
2021 02 28 12    74    74 10164   350    10 -9999 -9999     0
2021 02 28 15    76    76 10180   350    30 -9999 -9999     9
2021 02 28 18    79    79 10198    20    30 -9999 -9999    50
2021 02 28 21    77    73 10210    10    50 -9999 -9999    70
2021 03 01 00    74    68 10245   340    40 -9999 -9999    40
2021 03 01 03    77    77 10276   350    40 -9999 -9999    20
2021 03 01 06   102    78 10267   350    30 -9999 -9999    10
2021 03 01 09   102    56 10277    40    40 -9999 -9999     2
2021 03 01 12    92    59 10300    60    10 -9999 -9999     0
2021 03 01 15    86    52 10307    10    20 -9999 -9999     0
2021 03 01 18    73    48 10305    20    30 -9999 -9999     0
2021 03 01 21    67    44 10300   310    20 -9999 -9999     0
2021 03 02 00    62    53 10304   110    20 -9999 -9999     0
2021 03 02 03    88    61 10311   270    10 -9999 -9999     0
2021 03 02 06   120    19 10280    50    20 -9999 -9999     0
2021 03 02 09   100    19 10263    50    40 -9999 -9999     0
2021 03 02 12    88    28 10265    60    20 -9999 -9999     0
2021 03 02 15    81    41 10280   340    20 -9999 -9999     0
2021 03 02 18    77    43 10269   330    20 -9999 -9999     0
2021 03 02 21    72    49 10249   240    20 -9999 -9999 -9999
2021 03 03 00    66    63 10257   250    30 -9999 -9999     7
2021 03 03 03    84    72 10254   240    20 -9999 -9999     7
2021 03 03 06   137    53 10216   290    20 -9999 -9999     0
2021 03 03 09   142    36 10198   180    20 -9999 -9999     0
2021 03 03 12   102    69 10214   120    30 -9999 -9999     0
2021 03 03 15    99    73 10225   130    20 -9999 -9999     0
2021 03 03 18    92    70 10214   200    30 -9999 -9999     0
2021 03 03 21    75    63 10201   240    40 -9999 -9999     0
2021 03 04 00    78    64 10209   300    30 -9999 -9999     0
2021 03 04 03   138    69 10211   250    10 -9999 -9999     0
2021 03 04 06   191    75 10181   120    30 -9999 -9999     0
2021 03 04 09   162    82 10164   110    30 -9999 -9999     0
2021 03 04 12   134    72 10173   120    30 -9999 -9999     0
2021 03 04 15   124    92 10179   120    20 -9999 -9999     0
2021 03 04 18   113    87 10172   120    30 -9999 -9999 -9999
2021 03 04 21    99    98 10161   120    20 -9999 -9999    80
2021 03 05 00   100   100 10170    80    10 -9999 -9999   110
2021 03 05 03   110   110 10180   350    10 -9999 -9999    30
2021 03 05 06   121   121 10153     0 -9999 -9999 -9999     3
2021 03 05 09   119   111 10154     0 -9999 -9999 -9999     0
2021 03 05 12   113   111 10171   320    20 -9999 -9999     0
2021 03 05 15   108   106 10196   330    30 -9999 -9999     0
2021 03 05 18   103   101 10201   330    30 -9999 -9999     0
2021 03 05 21   110   101 10207   350    20 -9999 -9999     0
2021 03 06 00   104   102 10231   350    50 -9999 -9999     0
2021 03 06 03   116   102 10251    40    80 -9999 -9999     3
2021 03 06 06    97    86 10251   360    50 -9999 -9999     4
2021 03 06 09    76    65 10264   360    50 -9999 -9999     1
2021 03 06 12    64    49 10291    10    60 -9999 -9999     0
2021 03 06 15    56    44 10306   340    30 -9999 -9999     0
2021 03 06 18    47    46 10299   350    50 -9999 -9999     0
2021 03 06 21    47    43 10290    10    20 -9999 -9999     0
2021 03 07 00    47    41 10308     0 -9999 -9999 -9999     0
2021 03 07 03    60    42 10307   340    20 -9999 -9999     0
2021 03 07 06    76    46 10285   360    30 -9999 -9999     0
2021 03 07 09    73    44 10270   100    30 -9999 -9999     0
2021 03 07 12    60    43 10281    80    30 -9999 -9999     0
2021 03 07 15    57    47 10285   100    20 -9999 -9999 -9999
2021 03 07 18    54    50 10265   220    10 -9999 -9999    20
2021 03 07 21    53    53 10242    70    20 -9999 -9999    60
2021 03 08 00    57    57 10262   330    30 -9999 -9999   110
2021 03 08 03    76    76 10270   330    30 -9999 -9999    60
2021 03 08 06    93    71 10245   120    10 -9999 -9999     2
2021 03 08 09    88    69 10238     0 -9999 -9999 -9999     0
2021 03 08 12    81    75 10255    70    20 -9999 -9999     0
2021 03 08 15    82    71 10270     0 -9999 -9999 -9999     0
2021 03 08 18    80    79 10263     0 -9999 -9999 -9999     0
2021 03 08 21    77    77 10248    60    10 -9999 -9999     0
2021 03 09 00    78    66 10273    30    20 -9999 -9999     0
2021 03 09 03    76    73 10290    20    30 -9999 -9999     0
2021 03 09 06    95    71 10268   120    10 -9999 -9999     0
2021 03 09 09    93    67 10261   130    10 -9999 -9999     0
2021 03 09 12    86    71 10273   300    20 -9999 -9999     0
2021 03 09 15    84    72 10275   330    30 -9999 -9999     0
2021 03 09 18    82    71 10265   310    20 -9999 -9999     0
2021 03 09 21    88    69 10252     0 -9999 -9999 -9999     0
2021 03 10 00    83    75 10265   300    10 -9999 -9999 -9999
2021 03 10 03    83    82 10264   350    30 -9999 -9999    20
2021 03 10 06    90    90 10240   340    30 -9999 -9999    20
2021 03 10 09    94    89 10222    20    10 -9999 -9999     8
2021 03 10 12    86    85 10235   350    30 -9999 -9999 -9999
2021 03 10 15    83    83 10249   340    30 -9999 -9999    30
2021 03 10 18    80    80 10242   320    50 -9999 -9999    30
2021 03 10 21    80    79 10235   318    37 -9999 -9999     3
2021 03 11 00    85    85 10250   250    20 -9999 -9999     0
2021 03 11 03   118   116 10259   320    10 -9999 -9999     0
2021 03 11 06   132    93 10236   100    10 -9999 -9999     0
2021 03 11 09   140    86 10232     0 -9999 -9999 -9999     0
2021 03 11 12   109    90 10246   100    40 -9999 -9999     0
2021 03 11 15   113    85 10256   160    20 -9999 -9999     0
2021 03 11 18   101    87 10250   330    30 -9999 -9999     0
2021 03 11 21   103    82 10243   320    30 -9999 -9999     0
2021 03 12 00   100    91 10257   300    20 -9999 -9999     0
2021 03 12 03   168    97 10265   120    20 -9999 -9999     0
2021 03 12 06   179    85 10238   140    20 -9999 -9999     0
2021 03 12 09   177    98 10216   110    30 -9999 -9999     0
2021 03 12 12   139    89 10228    90    50 -9999 -9999     0
2021 03 12 15   136    91 10233   100    30 -9999 -9999     0
2021 03 12 18   129    92 10225    60    20 -9999 -9999     0
2021 03 12 21   126    85 10216    70    10 -9999 -9999     0
2021 03 13 00   113    96 10230   240    20 -9999 -9999     0
2021 03 13 03   137   103 10238     0 -9999 -9999 -9999     0
2021 03 13 06   181   110 10210   120    30 -9999 -9999     0
2021 03 13 09   174   117 10195   120    10 -9999 -9999     0
2021 03 13 12   139   116 10199   110    30 -9999 -9999     0
2021 03 13 15   138   111 10206    90    20 -9999 -9999     0
2021 03 13 18   131   106 10190    90    20 -9999 -9999     0
2021 03 13 21   130   104 10173   130    10 -9999 -9999     0
2021 03 14 00   131   112 10182     0 -9999 -9999 -9999     0
2021 03 14 03   176   127 10175   120    20 -9999 -9999     0
2021 03 14 06   211   130 10133   110    20 -9999 -9999     0
2021 03 14 09   212   146 10109   100    30 -9999 -9999     0
2021 03 14 12   180   153 10106   100    30 -9999 -9999     0
2021 03 14 15   175   151 10118   120    30 -9999 -9999     0
2021 03 14 18   164   153 10099   130    20 -9999 -9999     0
2021 03 14 21   173   149 10078   220    20 -9999 -9999     0
2021 03 15 00   155   152 10096   320    20 -9999 -9999     9
2021 03 15 03   164   164 10105   140    20 -9999 -9999    90
2021 03 15 06   176   176 10094   300    20 -9999 -9999   110
2021 03 15 09   198   188 10089   130    10 -9999 -9999    30
2021 03 15 12   182   182 10109    80    20 -9999 -9999     0
2021 03 15 15   177   177 10129     0 -9999 -9999 -9999 -9999
2021 03 15 18   171   171 10131   350    40 -9999 -9999     0
2021 03 15 21   165   165 10132   350    40 -9999 -9999     0
2021 03 16 00   175   165 10145    50    50 -9999 -9999     0
2021 03 16 03   167   167 10159    40    60 -9999 -9999    20
2021 03 16 06   157   155 10140    30    40 -9999 -9999    30
2021 03 16 09   150   148 10137   330    30 -9999 -9999    20
2021 03 16 12   135   135 10154   340    60 -9999 -9999    60
2021 03 16 15   119   119 10165   350    50 -9999 -9999    90
2021 03 16 18   116   116 10161   340    50 -9999 -9999    40
2021 03 16 21   114   114 10155   340    30 -9999 -9999    50
2021 03 17 00   114   114 10162    60    20 -9999 -9999    60
2021 03 17 03   114   114 10170   340    20 -9999 -9999    10
2021 03 17 06   108   108 10149    10    40 -9999 -9999    30
2021 03 17 09   109   109 10142   350    20 -9999 -9999    30
2021 03 17 12   108   108 10156   350    30 -9999 -9999     8
2021 03 17 15   108   108 10166   340    40 -9999 -9999     1
2021 03 17 18   110   110 10158   340    40 -9999 -9999     1
2021 03 17 21   110   110 10151   350    30 -9999 -9999     2
2021 03 18 00   111   111 10159   360    10 -9999 -9999     1
2021 03 18 03   107   107 10163   340    30 -9999 -9999     2
2021 03 18 06    97    97 10149   350    40 -9999 -9999     4
2021 03 18 09    90    90 10147   360    10 -9999 -9999     2
2021 03 18 12    85    85 10171    10    40 -9999 -9999     0
2021 03 18 15    81    81 10188   360    40 -9999 -9999     0
2021 03 18 18    78    78 10186   360    30 -9999 -9999     1
2021 03 18 21    78    78 10177    80    10 -9999 -9999     1
2021 03 19 00    65    65 10191   350    30 -9999 -9999     0
2021 03 19 03    67    67 10193   360    30 -9999 -9999     0
2021 03 19 06    70    70 10162   360    30 -9999 -9999     0
2021 03 19 09    70    70 10157    10    30 -9999 -9999     0
2021 03 19 12    69    69 10198    40    20 -9999 -9999 -9999
2021 03 19 15    69    69 10221   310    20 -9999 -9999     2
2021 03 19 18    67    67 10215   330    20 -9999 -9999     8
2021 03 19 21    67    67 10210   310    20 -9999 -9999     6
2021 03 20 00    70    70 10224   310    20 -9999 -9999     1
2021 03 20 03    81    81 10232   310    40 -9999 -9999     6
2021 03 20 06   100   100 10210   310    30 -9999 -9999     7
2021 03 20 09   107    68 10209   310    10 -9999 -9999     2
2021 03 20 12   100    71 10236    10    30 -9999 -9999 -9999
2021 03 20 15   105    55 10263    30    60 -9999 -9999    20
2021 03 20 18    91    62 10274   350    60 -9999 -9999    20
2021 03 20 21    81    70 10279   340    50 -9999 -9999    30
2021 03 21 00    81    78 10295   240    30 -9999 -9999    30
2021 03 21 03   114    88 10303   320    30 -9999 -9999     1
2021 03 21 06   138    27 10290    10    30 -9999 -9999     0
2021 03 21 09   130    17 10277    30    40 -9999 -9999     0
2021 03 21 12   113    43 10298   330    30 -9999 -9999     0
2021 03 21 15   109    22 10309   350    40 -9999 -9999     0
2021 03 21 18   103    17 10313   330    50 -9999 -9999     0
2021 03 21 21    75    51 10302   270    40 -9999 -9999     0
2021 03 22 00    83    39 10316   300    30 -9999 -9999     0
2021 03 22 03   161    45 10323   130    20 -9999 -9999     0
2021 03 22 06   185    57 10289   120    30 -9999 -9999     0
2021 03 22 09   176    39 10261   130    20 -9999 -9999     0
2021 03 22 12   128    45 10262   120    40 -9999 -9999     0
2021 03 22 15   125    47 10266   120    30 -9999 -9999     0
2021 03 22 18   120    47 10248   280    20 -9999 -9999     0
2021 03 22 21   115    56 10221   130    30 -9999 -9999     0
2021 03 23 00   108    82 10230   150    10 -9999 -9999     0
2021 03 23 03   144    65 10226   230    30 -9999 -9999     0
2021 03 23 06   148    74 10196   220    10 -9999 -9999     0
2021 03 23 09   177    63 10166   160    20 -9999 -9999     0
2021 03 23 12   128    75 10172   110    50 -9999 -9999     0
2021 03 23 15   125    63 10176   140    40 -9999 -9999     0
2021 03 23 18   110    67 10169   140    20 -9999 -9999     0
2021 03 23 21   117    72 10157   240    30 -9999 -9999     0
2021 03 24 00   106    80 10175   270    30 -9999 -9999     0
2021 03 24 03   202    92 10180   260    20 -9999 -9999     0
2021 03 24 06   236    73 10150   180    20 -9999 -9999     0
2021 03 24 09   241   104 10138   130    20 -9999 -9999     0
2021 03 24 12   188   109 10150    90    60 -9999 -9999     0
2021 03 24 15   181    87 10169   100    40 -9999 -9999     0
2021 03 24 18   166    98 10172    60    20 -9999 -9999     0
2021 03 24 21   141   105 10179    10    20 -9999 -9999     0
2021 03 25 00   167   110 10194    90    20 -9999 -9999     0
2021 03 25 03   224   112 10194   120    40 -9999 -9999     0
2021 03 25 06   251   120 10157   110    40 -9999 -9999     0
2021 03 25 09   230   108 10130   110    50 -9999 -9999     0
2021 03 25 12   212   110 10131   110    40 -9999 -9999     0
2021 03 25 15   203   118 10135    80    30 -9999 -9999     0
2021 03 25 18   173   128 10123    90    40 -9999 -9999     5
2021 03 25 21   175   114 10108   108    34 -9999 -9999     5
2021 03 26 00   147   122 10119    80    30 -9999 -9999    30
2021 03 26 03   163   140 10121   340    10 -9999 -9999    30
2021 03 26 06   179   134 10098   340    20 -9999 -9999     0
2021 03 26 09   173   140 10089     0 -9999 -9999 -9999 -9999
2021 03 26 12   138   138 10115   340    50 -9999 -9999    20
2021 03 26 15   137   137 10144   320    20 -9999 -9999   120
2021 03 26 18   135   135 10137   300    20 -9999 -9999   100
2021 03 26 21   134   134 10122   300    30 -9999 -9999 -9999
2021 03 27 00   133   133 10138   260    20 -9999 -9999    70
2021 03 27 03   136   136 10147   270    20 -9999 -9999   120
2021 03 27 06   151   151 10126   250    20 -9999 -9999    60
2021 03 27 09   158   158 10112   240    20 -9999 -9999     0
2021 03 27 12   146   146 10122   240    20 -9999 -9999     0
2021 03 27 15   139   139 10128   240    40 -9999 -9999     0
2021 03 27 18   128   128 10116   240    40 -9999 -9999     0
2021 03 27 21   122   122 10101   240    40 -9999 -9999     0
2021 03 28 00   127   127 10116   240    30 -9999 -9999     1
2021 03 28 03   187   163 10114   240    30 -9999 -9999     1
2021 03 28 06   251   160 10079   200    20 -9999 -9999     0
2021 03 28 09   255   166 10056   120    30 -9999 -9999     0
2021 03 28 12   199   167 10058   110    50 -9999 -9999     0
2021 03 28 15   195   152 10062   110    40 -9999 -9999     0
2021 03 28 18   189   154 10043   120    20 -9999 -9999     0
2021 03 28 21   178   156 10028   240    10 -9999 -9999     0
2021 03 29 00   179   162 10044     0 -9999 -9999 -9999     0
2021 03 29 03   204   172 10039     0 -9999 -9999 -9999     0
2021 03 29 06   261   185 10008   310    10 -9999 -9999     0
2021 03 29 09   241   187 10000    50    40 -9999 -9999     0
2021 03 29 12   210   186 10028   340    40 -9999 -9999     0
2021 03 29 15   196   164 10051   350    60 -9999 -9999     0
2021 03 29 18   190   153 10047   350    40 -9999 -9999     0
2021 03 29 21   184   145 10043   350    30 -9999 -9999     0
2021 03 30 00   176   147 10063   340    10 -9999 -9999 -9999
2021 03 30 03   160   155 10068   340    50 -9999 -9999     1
2021 03 30 06   149   147 10040   340    50 -9999 -9999     3
2021 03 30 09   139   136 10029    10    60 -9999 -9999     4
2021 03 30 12   138   136 10035    10    50 -9999 -9999     3
2021 03 30 15   139   136 10052   360    60 -9999 -9999     1
2021 03 30 18   139   137 10050   330    30 -9999 -9999     0
2021 03 30 21   138   135 10044   340    10 -9999 -9999     0
2021 03 31 00   140   135 10061   340    10 -9999 -9999     0
2021 03 31 03   138   136 10068   340    30 -9999 -9999     0
2021 03 31 06   142   136 10053   350    20 -9999 -9999 -9999
2021 03 31 09   137   128 10052    90    10 -9999 -9999     0
2021 03 31 12   122   119 10070   350    50 -9999 -9999     0
2021 03 31 15   123   120 10087    40    40 -9999 -9999    50
2021 03 31 18   115   113 10089    20    40 -9999 -9999    80
2021 03 31 21   110   110 10095   320    40 -9999 -9999   160
2021 04 01 00   108   108 10114   350    20 -9999 -9999   240
2021 04 01 03   114   108 10123    20    40 -9999 -9999   120
2021 04 01 06   116   108 10113    10    30 -9999 -9999     8
2021 04 01 09   115   109 10110    30    40 -9999 -9999 -9999
2021 04 01 12   110   110 10128   360    30 -9999 -9999     4
2021 04 01 15   112   112 10149   350    30 -9999 -9999     7
2021 04 01 18   113   113 10136    30    30 -9999 -9999     3
2021 04 01 21   111   111 10137   350    20 -9999 -9999    90
2021 04 02 00   112   112 10154   360    40 -9999 -9999   160
2021 04 02 03   115   115 10164   350    40 -9999 -9999   110
2021 04 02 06   122   122 10152   340    30 -9999 -9999    40
2021 04 02 09   118   118 10148   350    20 -9999 -9999 -9999
2021 04 02 12   114   114 10170   340    30 -9999 -9999     2
2021 04 02 15   110   110 10194   360    50 -9999 -9999     3
2021 04 02 18   103    87 10188    30    40 -9999 -9999     1
2021 04 02 21   104    83 10184   360    40 -9999 -9999     0
2021 04 03 00   100    95 10221   330    30 -9999 -9999 -9999
2021 04 03 03   123   100 10229   340    40 -9999 -9999     0
2021 04 03 06   150    96 10212    20    30 -9999 -9999     0
2021 04 03 09   150    91 10203    20    50 -9999 -9999     0
2021 04 03 12   137    90 10226    20    50 -9999 -9999     0
2021 04 03 15   129    90 10244    10    60 -9999 -9999     0
2021 04 03 18   120    90 10245   360    40 -9999 -9999     0
2021 04 03 21   111    90 10237   340    40 -9999 -9999     0
2021 04 04 00   112    86 10258   350    20 -9999 -9999     0
2021 04 04 03   119    87 10264   360    30 -9999 -9999     0
2021 04 04 06   127    87 10242   360    32 -9999 -9999 -9999
2021 04 04 09   123    84 10233    20    30 -9999 -9999     0
2021 04 04 12   122    87 10250   360    30 -9999 -9999     0
2021 04 04 15   118    83 10258   340    30 -9999 -9999     0
2021 04 04 18   110    80 10241   360    40 -9999 -9999 -9999
2021 04 04 21   111    74 10231   350    40 -9999 -9999     0
2021 04 05 00   111    72 10245   330    30 -9999 -9999     0
2021 04 05 03   105    94 10247   330    50 -9999 -9999     7
2021 04 05 06   145    87 10220   150    10 -9999 -9999     9
2021 04 05 09   138    96 10207    60    10 -9999 -9999     2
2021 04 05 12   129    92 10215   140    30 -9999 -9999 -9999
2021 04 05 15   124    96 10219   100    20 -9999 -9999     0
2021 04 05 18   121   103 10212    80    20 -9999 -9999     0
2021 04 05 21   114   105 10206   120    30 -9999 -9999     0
2021 04 06 00   125   114 10229     0 -9999 -9999 -9999     0
2021 04 06 03   151   109 10234   130    10 -9999 -9999     0
2021 04 06 06   149   117 10220   180    10 -9999 -9999     3
2021 04 06 09   130   130 10214   320    10 -9999 -9999    50
2021 04 06 12   118   118 10227   340    30 -9999 -9999   160
2021 04 06 15   117   117 10226   310    20 -9999 -9999   130
2021 04 06 18   116   116 10203    90    10 -9999 -9999    90
2021 04 06 21   114   114 10194   330    30 -9999 -9999   190
2021 04 07 00   114   114 10214   330    50 -9999 -9999   240
2021 04 07 03   120   120 10206    50    40 -9999 -9999   200
2021 04 07 06   127   127 10192    10    20 -9999 -9999   100
2021 04 07 09   123   123 10190   340    30 -9999 -9999    20
2021 04 07 12   122   122 10207   350    40 -9999 -9999     6
2021 04 07 15   118   118 10221   330    30 -9999 -9999     1
2021 04 07 18   111   111 10209   350    30 -9999 -9999     1
2021 04 07 21   116   116 10208   350    30 -9999 -9999     1
2021 04 08 00   121   121 10231   340    30 -9999 -9999     0
2021 04 08 03   142   104 10237    60    20 -9999 -9999     1
2021 04 08 06   160   101 10218    10    30 -9999 -9999     0
2021 04 08 09   151   103 10211    50    30 -9999 -9999     0
2021 04 08 12   136   102 10219     0 -9999 -9999 -9999     0
2021 04 08 15   134   100 10226   250    10 -9999 -9999     0
2021 04 08 18   129   103 10220   330    30 -9999 -9999     0
2021 04 08 21   124   118 10217   240    10 -9999 -9999     0
2021 04 09 00   134   121 10229   240    10 -9999 -9999     0
2021 04 09 03   190   103 10235   120    20 -9999 -9999     0
2021 04 09 06   190    98 10212   360    10 -9999 -9999     0
2021 04 09 09   182    98 10202   340    20 -9999 -9999     0
2021 04 09 12   159    96 10214    70    30 -9999 -9999     0
2021 04 09 15   154    97 10227    50    20 -9999 -9999     0
2021 04 09 18   151    90 10214     0 -9999 -9999 -9999 -9999
2021 04 09 21   136    98 10212   350    30 -9999 -9999     0
2021 04 10 00   143   101 10219    60    10 -9999 -9999     0
2021 04 10 03   147   129 10234   250    10 -9999 -9999 -9999
2021 04 10 06   144   134 10221   300    30 -9999 -9999     2
2021 04 10 09   136   130 10212   360    20 -9999 -9999    10
2021 04 10 12   131   110 10218    80    20 -9999 -9999    10
2021 04 10 15   130   116 10229     0 -9999 -9999 -9999     1
2021 04 10 18   122   119 10214    30    20 -9999 -9999     3
2021 04 10 21   117   117 10204     0 -9999 -9999 -9999    70
2021 04 11 00   121   121 10219   340    30 -9999 -9999   160
2021 04 11 03   128   128 10220   350    30 -9999 -9999   120
2021 04 11 06   126   126 10201   340    30 -9999 -9999    30
2021 04 11 09   130   130 10189     0 -9999 -9999 -9999    10
2021 04 11 12   128   128 10198   330    20 -9999 -9999    20
2021 04 11 15   128   128 10207   300    10 -9999 -9999     9
2021 04 11 18   127   127 10194   300    10 -9999 -9999     1
2021 04 11 21   128   128 10188   330    30 -9999 -9999    90
2021 04 12 00   129   129 10198     0 -9999 -9999 -9999   150
2021 04 12 03   145   145 10206   230    10 -9999 -9999    60
2021 04 12 06   176   135 10178   210    10 -9999 -9999     2
2021 04 12 09   167   130 10163   220    20 -9999 -9999     0
2021 04 12 12   157   132 10178   130    10 -9999 -9999     0
2021 04 12 15   151   140 10191   120    20 -9999 -9999     0
2021 04 12 18   154   141 10183   210    10 -9999 -9999     0
2021 04 12 21   143   141 10172     0 -9999 -9999 -9999     0
2021 04 13 00   144   144 10188     0 -9999 -9999 -9999 -9999
2021 04 13 03   155   155 10196   120    20 -9999 -9999     3
2021 04 13 06   162   149 10180     0 -9999 -9999 -9999     4
2021 04 13 09   157   157 10163     0 -9999 -9999 -9999    20
2021 04 13 12   154   154 10173   260    10 -9999 -9999    20
2021 04 13 15   150   150 10192   320    30 -9999 -9999     1
2021 04 13 18   149   149 10186    20    20 -9999 -9999    10
2021 04 13 21   139   136 10188   350    80 -9999 -9999    20
2021 04 14 00   123   123 10205   340    60 -9999 -9999    40
2021 04 14 03   114   114 10211   330    60 -9999 -9999    40
2021 04 14 06   118   118 10187   340    60 -9999 -9999    30
2021 04 14 09   124   116 10171   340    50 -9999 -9999    20
2021 04 14 12   123   120 10179   310    40 -9999 -9999     2
2021 04 14 15   122   122 10188   240    30 -9999 -9999     1
2021 04 14 18   120   120 10169   300    20 -9999 -9999     0
2021 04 14 21   121   121 10159   240    20 -9999 -9999     0
2021 04 15 00   127   127 10162   220    40 -9999 -9999     0
2021 04 15 03   192   129 10163     0 -9999 -9999 -9999     0
2021 04 15 06   225   144 10138   110    30 -9999 -9999     0
2021 04 15 09   223   142 10130   130    20 -9999 -9999     0
2021 04 15 12   184   151 10151   120    30 -9999 -9999     0
2021 04 15 15   172   154 10169   120    30 -9999 -9999     0
2021 04 15 18   172   150 10161   330    20 -9999 -9999     0
2021 04 15 21   165   143 10147   110    20 -9999 -9999     0
2021 04 16 00   163   152 10177   180    10 -9999 -9999     0
2021 04 16 03   178   168 10191   290    20 -9999 -9999     0
2021 04 16 06   190   166 10180   240    20 -9999 -9999     0
2021 04 16 09   216   166 10166   140    10 -9999 -9999     0
2021 04 16 12   187   148 10185   120    20 -9999 -9999     0
2021 04 16 15   185   157 10203   220    20 -9999 -9999     0
2021 04 16 18   162   156 10199   300    30 -9999 -9999     0
2021 04 16 21   143   132 10198   290    30 -9999 -9999     0
2021 04 17 00   148   146 10214   210    10 -9999 -9999     0
2021 04 17 03   212   166 10235    80    20 -9999 -9999     0
2021 04 17 06   216   163 10224   110    40 -9999 -9999     0
2021 04 17 09   218   170 10202   130    10 -9999 -9999     0
2021 04 17 12   204    71 10212    40    60 -9999 -9999     0
2021 04 17 15   192    53 10218    40    30 -9999 -9999     0
2021 04 17 18   168    88 10203   360    40 -9999 -9999 -9999
2021 04 17 21   143   105 10204   300    20 -9999 -9999 -9999
2021 04 18 00   132   119 10209   330    30 -9999 -9999 -9999
2021 04 18 03   140   112 10211   300    30 -9999 -9999 -9999
2021 04 18 06   135   124 10207   120    10 -9999 -9999 -9999
2021 04 18 09   135   129 10190     0 -9999 -9999 -9999 -9999
2021 04 18 12   126   118 10193   240    20 -9999 -9999     0
2021 04 18 15   122 -9999 10191   301    34 -9999 -9999 -9999
2021 04 18 18   126   126 10173   330    40 -9999 -9999     0
2021 04 18 21   129   127 10162   120    20 -9999 -9999     0
2021 04 19 00   141   141 10166     0 -9999 -9999 -9999     0
2021 04 19 03   180   133 10160   120    20 -9999 -9999     0
2021 04 19 06   195   134 10139   130    20 -9999 -9999     0
2021 04 19 09   184   143 10119   110    30 -9999 -9999     0
2021 04 19 12   173   142 10129    70    20 -9999 -9999     0
2021 04 19 15   168   153 10134    80    20 -9999 -9999     0
2021 04 19 18   164   154 10125     0 -9999 -9999 -9999     0
2021 04 19 21   161   156 10115    70    10 -9999 -9999     0
2021 04 20 00   176   170 10118    90    40 -9999 -9999     0
2021 04 20 03   182   165 10123   130    10 -9999 -9999     0
2021 04 20 06   179   173 10105   330    30 -9999 -9999 -9999
2021 04 20 09   171   171 10100   330    30 -9999 -9999 -9999
2021 04 20 12   169   169 10108   340    40 -9999 -9999     0
2021 04 20 15   163   163 10127   360    30 -9999 -9999 -9999
2021 04 20 18   159   159 10125   340    40 -9999 -9999 -9999
2021 04 20 21   157   157 10119   340    20 -9999 -9999 -9999
