2021 01 01 00    -4   -26 10331   260    10 -9999 -9999     0
2021 01 01 03    52   -22 10324    70    10 -9999 -9999     0
2021 01 01 06    83   -23 10279   220    10 -9999 -9999     0
2021 01 01 09    83   -26 10268    60    10 -9999 -9999     0
2021 01 01 12    65   -12 10284   310    10 -9999 -9999     0
2021 01 01 18    48    15 10276   200    20 -9999 -9999     0
2021 01 01 21    47    12 10267     0 -9999 -9999 -9999     0
2021 01 02 00    48    16 10268    40    10 -9999 -9999     0
2021 01 02 03    60    20 10273    44    16 -9999 -9999 -9999
2021 01 02 06    68     9 10231    50    20 -9999 -9999     0
2021 01 02 09    72    16 10216    28    17 -9999 -9999 -9999
2021 01 02 12    67    16 10245    20    20 -9999 -9999     0
2021 01 02 18    61     4 10272    35     9 -9999 -9999 -9999
2021 01 02 21    56     8 10276   310    10 -9999 -9999     0
2021 01 03 00    55    19 10299    24    17 -9999 -9999 -9999
2021 01 03 03    62     8 10312    30     9 -9999 -9999 -9999
2021 01 03 06   103    -2 10273   360    10 -9999 -9999     0
2021 01 03 09    83     8 10267   180    30 -9999 -9999     0
2021 01 03 12    72    16 10282   181    25 -9999 -9999 -9999
2021 01 03 18    60    25 10282   222    11 -9999 -9999 -9999
2021 01 03 21    55    22 10272   252     3 -9999 -9999 -9999
2021 01 04 00    52    35 10274   199     4 -9999 -9999 -9999
2021 01 04 03    65    31 10281   231     4 -9999 -9999 -9999
2021 01 04 06    80    20 10241    33    19 -9999 -9999 -9999
2021 01 04 09    77    13 10238    50    30 -9999 -9999     0
2021 01 04 12    71     3 10262    10    17 -9999 -9999 -9999
2021 01 04 18    64   -10 10278    30    20 -9999 -9999     0
2021 01 04 21    60   -16 10278    40    20 -9999 -9999     0
2021 01 05 00    52     0 10303   200    10 -9999 -9999     0
2021 01 05 03    54    10 10315    20    30 -9999 -9999     0
2021 01 05 06    62    -3 10289    35    22 -9999 -9999 -9999
2021 01 05 09    61   -28 10283    72    22 -9999 -9999 -9999
2021 01 05 12    55   -31 10302    50    20 -9999 -9999     0
2021 01 05 18    43   -39 10304   120    20 -9999 -9999     0
2021 01 05 21    36   -41 10287   100    10 -9999 -9999     0
2021 01 06 00    31   -30 10292   130    10 -9999 -9999     0
2021 01 06 03    39   -38 10289   360    10 -9999 -9999     0
2021 01 06 06    45   -35 10251    20    20 -9999 -9999     0
2021 01 06 09    41   -44 10251    40    30 -9999 -9999     0
2021 01 06 12    35   -67 10278    30    40 -9999 -9999     0
2021 01 06 18    11   -23 10315   340    20 -9999 -9999     0
2021 01 06 21     4   -44 10318    40    40 -9999 -9999     0
2021 01 07 00     1   -59 10335    30    50 -9999 -9999     0
2021 01 07 03     5   -66 10354    36    28 -9999 -9999 -9999
2021 01 07 06     2   -72 10322    37    39 -9999 -9999 -9999
2021 01 07 09     3   -72 10320    40    40 -9999 -9999     0
2021 01 07 12    -7   -73 10355    42    36 -9999 -9999 -9999
2021 01 07 18   -17   -89 10382    10    10 -9999 -9999     0
2021 01 07 21   -17   -89 10373   310    10 -9999 -9999     0
2021 01 08 00   -16   -92 10385    20    20 -9999 -9999     0
2021 01 08 03     2   -78 10391   170    10 -9999 -9999     0
2021 01 08 06    30   -75 10342   130    10 -9999 -9999     0
2021 01 08 09    45   -70 10314   260    10 -9999 -9999     0
2021 01 08 12    18   -43 10331   200    20 -9999 -9999     0
2021 01 08 18    15   -30 10330   180    20 -9999 -9999     0
2021 01 08 21    12   -24 10318   210    16 -9999 -9999 -9999
2021 01 09 00    14   -27 10326     0 -9999 -9999 -9999     0
2021 01 09 03    32   -43 10331    30    20 -9999 -9999     0
2021 01 09 06    46   -63 10288    60    20 -9999 -9999     0
2021 01 09 09    47   -68 10269    40    20 -9999 -9999     0
2021 01 09 12    38   -59 10298    20    20 -9999 -9999     0
2021 01 09 18    27   -64 10315    20    30 -9999 -9999     0
2021 01 09 21    23   -58 10294    10    20 -9999 -9999     0
2021 01 10 00    20   -49 10299    38     4 -9999 -9999 -9999
2021 01 10 03    32   -52 10317    30    20 -9999 -9999     0
2021 01 10 06    36   -46 10289    26    22 -9999 -9999 -9999
2021 01 10 09    41   -51 10282    22    16 -9999 -9999 -9999
2021 01 10 12    37   -45 10308    30    10 -9999 -9999     0
2021 01 10 18    35   -42 10358    40    20 -9999 -9999     0
2021 01 10 21    31   -39 10363    10    30 -9999 -9999     0
2021 01 11 00    20   -23 10379   272     8 -9999 -9999 -9999
2021 01 11 03    39   -19 10394   180    10 -9999 -9999     0
2021 01 11 06    88   -28 10345   190    20 -9999 -9999     0
2021 01 11 09    85   -31 10330   200    23 -9999 -9999 -9999
2021 01 11 12    43   -21 10343   230    20 -9999 -9999     0
2021 01 11 18     1   -31 10351     0 -9999 -9999 -9999     0
2021 01 11 21   -15   -32 10333   231    18 -9999 -9999 -9999
2021 01 12 00   -22   -38 10341   210    20 -9999 -9999     0
2021 01 12 03    47   -22 10334   180    30 -9999 -9999     0
2021 01 12 06   105   -60 10273   204    20 -9999 -9999 -9999
2021 01 12 09   116   -63 10237   210    20 -9999 -9999     0
2021 01 12 12    58   -46 10235     0 -9999 -9999 -9999     0
2021 01 12 18    14   -41 10231   280    10 -9999 -9999     0
2021 01 12 21    -2   -31 10223     0 -9999 -9999 -9999     0
2021 01 13 00   -12   -37 10239   360     0 -9999 -9999 -9999
2021 01 13 03    24   -19 10250    50    10 -9999 -9999     0
2021 01 13 06   102   -35 10198    60    10 -9999 -9999     0
2021 01 13 09   132   -58 10169    47    11 -9999 -9999 -9999
2021 01 13 12    83   -35 10194   250    10 -9999 -9999     0
2021 01 13 18    45    -5 10210     0 -9999 -9999 -9999     0
2021 01 13 21    25   -15 10203   189    14 -9999 -9999 -9999
2021 01 14 00    12   -14 10219   202    24 -9999 -9999 -9999
2021 01 14 03    72    -7 10218   194    44 -9999 -9999 -9999
2021 01 14 06   148    -5 10166   180    30 -9999 -9999     0
2021 01 14 09   155   -15 10150   200    30 -9999 -9999     0
2021 01 14 12   105    -6 10165   240    10 -9999 -9999     0
2021 01 14 18    50     0 10172   220    10 -9999 -9999     0
2021 01 14 21    28     5 10171     0 -9999 -9999 -9999     0
2021 01 15 00    15     2 10199   210    20 -9999 -9999     0
2021 01 15 03    66    19 10210    51    23 -9999 -9999 -9999
2021 01 15 06   145    18 10159    50    20 -9999 -9999     0
2021 01 15 09   166    15 10141    39    24 -9999 -9999 -9999
2021 01 15 12   122    24 10163   255    14 -9999 -9999 -9999
2021 01 15 18    72    34 10188    60    20 -9999 -9999     0
2021 01 15 21    80    22 10195    52    18 -9999 -9999 -9999
2021 01 16 00    91    -5 10224    30    21 -9999 -9999 -9999
2021 01 16 03   111   -54 10237    30    30 -9999 -9999     0
2021 01 16 06   118   -56 10215    20    20 -9999 -9999     0
2021 01 16 09   102   -34 10229    26    27 -9999 -9999 -9999
2021 01 16 12    73     1 10278    30    50 -9999 -9999 -9999
2021 01 16 18    24    -4 10364    20    50 -9999 -9999     8
2021 01 16 21    12    -7 10392    30    30 -9999 -9999     6
2021 01 17 00    13     1 10404    50    10 -9999 -9999     4
2021 01 17 03    27     4 10413    30    20 -9999 -9999     3
2021 01 17 06    36    -6 10377     0 -9999 -9999 -9999     0
2021 01 17 09    38     0 10362   180    20 -9999 -9999     0
2021 01 17 12    32     8 10364   190    20 -9999 -9999     0
2021 01 17 18    11     1 10341   232    18 -9999 -9999 -9999
2021 01 17 21     6    -1 10327   260    10 -9999 -9999     0
2021 01 18 00    11     2 10324   295    17 -9999 -9999 -9999
2021 01 18 03    27    -2 10333   330    20 -9999 -9999     0
2021 01 18 06    61    -4 10287   213    15 -9999 -9999 -9999
2021 01 18 09    72     5 10254   186    37 -9999 -9999 -9999
2021 01 18 12    31     3 10254   250    20 -9999 -9999     0
2021 01 18 18    -1    -9 10238    40    10 -9999 -9999     0
2021 01 18 21    -2    -9 10225   195    17 -9999 -9999 -9999
2021 01 19 00    -5   -11 10229   170    10 -9999 -9999     0
2021 01 19 03     6     2 10233    50    20 -9999 -9999     0
2021 01 19 06    59     9 10178    50    40 -9999 -9999     0
2021 01 19 09   100    -2 10150    40    40 -9999 -9999     0
2021 01 19 12    77    15 10167    30    20 -9999 -9999     0
2021 01 19 18    61    24 10179    40    20 -9999 -9999     0
2021 01 19 21    60    34 10170    43    19 -9999 -9999 -9999
2021 01 20 00    60    37 10190    50    10 -9999 -9999     0
2021 01 20 03    71    41 10207    60    20 -9999 -9999     0
2021 01 20 06    91    37 10179    40    20 -9999 -9999     0
2021 01 20 09    94    29 10175    60    10 -9999 -9999     0
2021 01 20 12    87    37 10190    20    20 -9999 -9999     0
2021 01 20 18    67    61 10204    49    16 -9999 -9999     3
2021 01 20 21    63    57 10198    40    20 -9999 -9999    20
2021 01 21 00    64    60 10215    40    10 -9999 -9999    30
2021 01 21 03    70    66 10226    50    10 -9999 -9999    20
2021 01 21 06    78    71 10206    40    10 -9999 -9999     4
2021 01 21 09    84    69 10204     0 -9999 -9999 -9999     0
2021 01 21 12    80    69 10223    50    10 -9999 -9999 -9999
2021 01 21 18    74    68 10222   320    10 -9999 -9999     0
2021 01 21 21    71    65 10213   230    10 -9999 -9999     0
2021 01 22 00    71    65 10224   279     6 -9999 -9999 -9999
2021 01 22 03    94    72 10223    30    10 -9999 -9999     0
2021 01 22 06   110    55 10186   190    20 -9999 -9999     0
2021 01 22 09   117    54 10173    29    19 -9999 -9999 -9999
2021 01 22 12    81    57 10196   280    10 -9999 -9999     0
2021 01 22 18    50    44 10211   347     5 -9999 -9999 -9999
2021 01 22 21    52    49 10194   360     2 -9999 -9999 -9999
2021 01 23 00    59    55 10205   230    10 -9999 -9999     0
2021 01 23 03    85    56 10209    40    20 -9999 -9999     0
2021 01 23 06   120    56 10162    50    30 -9999 -9999     0
2021 01 23 09   133    62 10126    70    20 -9999 -9999     0
2021 01 23 12   102    64 10153    82    10 -9999 -9999 -9999
2021 01 23 18    93    47 10166    10    30 -9999 -9999     0
2021 01 23 21    86    52 10146    40    10 -9999 -9999     0
2021 01 24 00    74    67 10153    50    10 -9999 -9999     0
2021 01 24 03    73    67 10161    20    20 -9999 -9999     7
2021 01 24 06    72    68 10135    30    30 -9999 -9999    20
2021 01 24 09    70    66 10130    12    38 -9999 -9999    15
2021 01 24 12    70    59 10153     4    29 -9999 -9999     2
2021 01 24 18    64    54 10186    20    10 -9999 -9999 -9999
2021 01 24 21    62    56 10205    40    20 -9999 -9999     3
2021 01 25 00    63    56 10231    40    10 -9999 -9999     5
2021 01 25 03    72    61 10258    50    20 -9999 -9999     2
2021 01 25 06    86    57 10237    30    10 -9999 -9999     0
2021 01 25 09    87    62 10231    47    12 -9999 -9999 -9999
2021 01 25 12    82    63 10241   339     8 -9999 -9999 -9999
2021 01 25 18    66    46 10252   190    30 -9999 -9999     0
2021 01 25 21    62    42 10248   210    30 -9999 -9999     0
2021 01 26 00    60    43 10253   197    19 -9999 -9999 -9999
2021 01 26 03    73    46 10265    60    10 -9999 -9999     0
2021 01 26 06    85    40 10230    45    14 -9999 -9999 -9999
2021 01 26 09    81    38 10208    30    20 -9999 -9999     0
2021 01 26 12    77    18 10217    40    20 -9999 -9999     0
2021 01 26 18    51    42 10230    40    10 -9999 -9999     5
2021 01 26 21    51    36 10222   350    10 -9999 -9999     5
2021 01 27 00    49    36 10236    20    10 -9999 -9999     0
2021 01 27 03    57    37 10251    50    10 -9999 -9999     0
2021 01 27 06    67    31 10228    10    10 -9999 -9999     0
2021 01 27 09    75    37 10231   230    10 -9999 -9999     0
2021 01 27 12    63    40 10262   190    20 -9999 -9999     0
2021 01 27 18    64    46 10301   310    10 -9999 -9999     0
2021 01 27 21    59    50 10305    50    10 -9999 -9999     0
2021 01 28 00    50    43 10318    50    20 -9999 -9999     0
2021 01 28 03    63    48 10332    50    30 -9999 -9999     0
2021 01 28 06   102    46 10294    60    30 -9999 -9999     0
2021 01 28 09   122    34 10267    90    10 -9999 -9999     0
2021 01 28 12    90    23 10283     0 -9999 -9999 -9999     0
2021 01 28 18    43    30 10284   330    10 -9999 -9999     0
2021 01 28 21    41    28 10265    54     9 -9999 -9999 -9999
2021 01 29 00    42    27 10271    40    20 -9999 -9999     0
2021 01 29 03    61    20 10276    30    10 -9999 -9999     0
2021 01 29 06    81     1 10235    42    10 -9999 -9999 -9999
2021 01 29 09    87     4 10210    80    10 -9999 -9999     0
2021 01 29 12    81     8 10225    39    10 -9999 -9999 -9999
2021 01 29 18    66    19 10251    60    10 -9999 -9999     0
2021 01 29 21    54    31 10250    20    20 -9999 -9999     0
2021 01 30 00    51    41 10262   190    10 -9999 -9999     0
2021 01 30 03    64    46 10272   220    10 -9999 -9999     0
2021 01 30 06    99    25 10235   190    20 -9999 -9999     0
2021 01 30 09    87    33 10223   180    40 -9999 -9999     0
2021 01 30 12    81    39 10235   230    20 -9999 -9999     0
2021 01 30 18    66    54 10243   200    10 -9999 -9999     2
2021 01 30 21    64    57 10239   310    10 -9999 -9999     3
2021 01 31 00    65    56 10245     0 -9999 -9999 -9999     3
2021 01 31 03    70    55 10253    70     9 -9999 -9999     4
2021 01 31 06    73    46 10225    30    10 -9999 -9999     2
2021 01 31 09    70    52 10218    40    20 -9999 -9999 -9999
2021 01 31 12    67    53 10231    40    20 -9999 -9999     1
2021 01 31 18    65    58 10247    30    10 -9999 -9999    20
2021 01 31 21    65    57 10240   242     7 -9999 -9999    14
2021 02 01 00    64    58 10256    40    10 -9999 -9999     0
2021 02 01 03    89    65 10261    20    20 -9999 -9999     0
2021 02 01 06   130    54 10222    64     9 -9999 -9999 -9999
2021 02 01 09   147    47 10203    20    10 -9999 -9999     0
2021 02 01 12   104    65 10223   260    10 -9999 -9999     0
2021 02 01 18    90    63 10239    80    10 -9999 -9999 -9999
2021 02 01 21    83    69 10232    60    20 -9999 -9999     7
2021 02 02 00    80    72 10252    30    20 -9999 -9999    30
2021 02 02 03    82    76 10272    30    20 -9999 -9999    40
2021 02 02 06    90    71 10244    40    30 -9999 -9999    30
2021 02 02 09    92    61 10238    31    29 -9999 -9999 -9999
2021 02 02 12    83    66 10255    20    10 -9999 -9999     2
2021 02 02 18    75    60 10256     0 -9999 -9999 -9999     0
2021 02 02 21    73    64 10243     0 -9999 -9999 -9999     0
2021 02 03 00    69    58 10254   210    10 -9999 -9999    20
2021 02 03 03    80    66 10264     0 -9999 -9999 -9999    20
2021 02 03 06    97    49 10236    25    19 -9999 -9999 -9999
2021 02 03 09    91    58 10232    50    10 -9999 -9999     0
2021 02 03 12    86    64 10245   110    10 -9999 -9999     0
2021 02 03 18    84    72 10244     0 -9999 -9999 -9999     2
2021 02 03 21    78    71 10237    30    10 -9999 -9999    20
2021 02 04 00    80    73 10246     8     8 -9999 -9999    44
2021 02 04 03    77    72 10257    39    18 -9999 -9999    27
2021 02 04 06    82    78 10217    50    20 -9999 -9999     7
2021 02 04 09    83    79 10199    30    30 -9999 -9999     3
2021 02 04 12    84    78 10207    30    10 -9999 -9999     1
2021 02 04 18    78    72 10233    30    10 -9999 -9999    10
2021 02 04 21    77    71 10230   110    10 -9999 -9999    20
2021 02 05 00    77    71 10251     0 -9999 -9999 -9999     5
2021 02 05 03    88    77 10267   220    10 -9999 -9999     0
2021 02 05 06   113    85 10239   200    10 -9999 -9999     0
2021 02 05 09   122    83 10217   200    20 -9999 -9999     0
2021 02 05 12   107    86 10228   280    20 -9999 -9999     0
2021 02 05 18    83    77 10223    30    20 -9999 -9999     0
2021 02 05 21    85    79 10207    50    20 -9999 -9999     0
2021 02 06 00    86    82 10217     0 -9999 -9999 -9999     0
2021 02 06 03    95    90 10223    40    10 -9999 -9999     0
2021 02 06 06   112    88 10179    50    20 -9999 -9999     0
2021 02 06 09   118    86 10155    40    30 -9999 -9999     0
2021 02 06 12   110    82 10166    35    23 -9999 -9999 -9999
2021 02 06 18   100    86 10187    45    17 -9999 -9999 -9999
2021 02 06 21   100    87 10182    38    21 -9999 -9999 -9999
2021 02 07 00    99    88 10202   310    10 -9999 -9999     0
2021 02 07 03   102    96 10231    60    10 -9999 -9999     0
2021 02 07 06   110    91 10206   190    10 -9999 -9999     0
2021 02 07 09   115    91 10201   190    20 -9999 -9999     0
2021 02 07 12   111    92 10222    30    20 -9999 -9999     0
2021 02 07 18   106   100 10241    31    13 -9999 -9999     4
2021 02 07 21   105   100 10237    60    10 -9999 -9999    10
2021 02 08 00   100    71 10261    30    30 -9999 -9999    20
2021 02 08 03    96    61 10280    20    20 -9999 -9999     7
2021 02 08 06    98    65 10268    30    20 -9999 -9999     0
2021 02 08 09    99    59 10262    30    30 -9999 -9999     0
2021 02 08 12    95    55 10274    40    20 -9999 -9999     0
2021 02 08 18    85    73 10271   220    10 -9999 -9999     0
2021 02 08 21    82    73 10255   270    10 -9999 -9999 -9999
2021 02 09 00    81    72 10256    40    10 -9999 -9999 -9999
2021 02 09 03    93    67 10262    50    10 -9999 -9999     2
2021 02 09 06    97    66 10236    40    10 -9999 -9999     2
2021 02 09 12    85    76 10230    62    10 -9999 -9999    27
2021 02 09 18    83    77 10223    20    10 -9999 -9999    30
2021 02 09 21    82    76 10209    16     5 -9999 -9999    54
2021 02 10 00    80    74 10219    40    10 -9999 -9999    50
2021 02 10 03    88    84 10229    50    10 -9999 -9999    30
2021 02 10 06   106    89 10204    70    20 -9999 -9999     7
2021 02 10 09   117    86 10187    50    10 -9999 -9999     2
2021 02 11 00    88    84 10211   360    10 -9999 -9999     0
2021 02 13 12   115    86 10211   205    14 -9999 -9999 -9999
2021 02 13 18    83    74 10215   250    10 -9999 -9999     0
2021 02 13 21    74    68 10206     0 -9999 -9999 -9999     0
2021 02 14 00    75    69 10216    30    10 -9999 -9999     0
2021 02 14 03    86    82 10227   240    10 -9999 -9999     0
2021 02 14 06   176    79 10173   210    40 -9999 -9999     0
2021 02 14 09   204    64 10138   270    10 -9999 -9999     0
2021 02 14 12   140    75 10146   240    10 -9999 -9999     0
2021 02 14 18    96    80 10154    44    22 -9999 -9999 -9999
2021 02 14 21    96    80 10137    70    20 -9999 -9999     0
2021 02 15 00   103    82 10155    60    10 -9999 -9999     0
2021 02 15 03   102    91 10172    40    20 -9999 -9999     1
2021 02 15 06   106    97 10162    30    30 -9999 -9999    30
2021 02 15 09   110   104 10161    30    40 -9999 -9999    60
2021 02 15 12   108    97 10185    30    20 -9999 -9999    30
2021 02 15 18    99    68 10199    30    40 -9999 -9999 -9999
2021 02 15 21    90    65 10204   357    10 -9999 -9999 -9999
2021 02 16 00    84    55 10227    40    20 -9999 -9999     0
2021 02 16 03    83    66 10250    50    20 -9999 -9999     7
2021 02 16 06    94    63 10235    50    20 -9999 -9999    10
2021 02 16 09   115    70 10223    30    10 -9999 -9999     3
2021 02 16 12   105    76 10245    21    11 -9999 -9999 -9999
2021 02 16 18    87    79 10270    70    10 -9999 -9999     0
2021 02 16 21    81    75 10265    20    30 -9999 -9999     0
2021 02 17 00    77    58 10286    40    20 -9999 -9999     0
2021 02 17 03   105    55 10292    50    20 -9999 -9999     0
2021 02 17 06   150    60 10263    50    30 -9999 -9999     0
2021 02 17 09   171    34 10238    20    20 -9999 -9999     0
2021 02 17 12   137    43 10259   200    10 -9999 -9999     0
2021 02 17 18   101    70 10272    60    20 -9999 -9999     0
2021 02 17 21    92    66 10269    50    17 -9999 -9999 -9999
2021 02 18 00    90    61 10296    59    11 -9999 -9999 -9999
2021 02 18 03   122    47 10311    10    10 -9999 -9999     0
2021 02 18 06   150    41 10281   210    20 -9999 -9999     0
2021 02 18 09   147    35 10265   180    40 -9999 -9999     0
2021 02 18 12   121    50 10272   260    20 -9999 -9999     0
2021 02 18 18    90    48 10274   180    10 -9999 -9999     0
2021 02 18 21    83    59 10268   190    20 -9999 -9999     0
2021 02 19 00    80    61 10279   200    20 -9999 -9999     1
2021 02 19 03   121    64 10285   200    30 -9999 -9999     2
2021 02 19 06   149    54 10249   180    50 -9999 -9999     1
2021 02 19 09   166    46 10221   190    40 -9999 -9999     0
2021 02 20 18   112    74 10156   360     0 -9999 -9999 -9999
2021 02 20 21    97    80 10149    53    13 -9999 -9999 -9999
2021 02 21 00    95    80 10168    62     3 -9999 -9999 -9999
2021 02 21 06   235   115 10129   200    33 -9999 -9999 -9999
2021 02 21 09   227   109 10114   186    27 -9999 -9999 -9999
2021 02 21 18   135   109 10140    47     8 -9999 -9999 -9999
2021 02 21 21   117   106 10144   200    30 -9999 -9999     0
2021 02 22 00   105    96 10171    60    22 -9999 -9999 -9999
2021 02 22 03   164   122 10176    50    10 -9999 -9999     0
2021 02 22 06   226   131 10137    50    20 -9999 -9999     0
2021 02 22 09   251   120 10109    20    10 -9999 -9999     0
2021 02 22 12   194   127 10136   230    30 -9999 -9999     0
2021 02 22 18   149   120 10162    40    20 -9999 -9999     0
2021 02 22 21   135   114 10151     0 -9999 -9999 -9999     0
2021 02 23 00   127   113 10167   260    10 -9999 -9999     0
2021 02 23 03   185   123 10163    40    15 -9999 -9999 -9999
2021 02 23 06   246   132 10116   190    40 -9999 -9999     0
2021 02 23 09   247   120 10091    90    10 -9999 -9999     0
2021 02 23 12   207   129 10102   300    10 -9999 -9999     0
2021 02 23 18   158   131 10100    10    20 -9999 -9999     0
2021 02 23 21   143   129 10091    60    10 -9999 -9999     0
2021 02 24 00   145   127 10099    80    10 -9999 -9999     0
2021 02 24 03   195   134 10089    40    10 -9999 -9999     0
2021 02 24 06   219   130 10047   180    50 -9999 -9999     0
2021 02 24 09   216   130 10029    72    14 -9999 -9999 -9999
2021 02 24 12   177   119 10056    28    36 -9999 -9999 -9999
2021 02 24 18   142   108 10077    30    40 -9999 -9999     0
2021 02 24 21   135    99 10069    30    40 -9999 -9999     0
2021 02 25 00   131    94 10090    30    47 -9999 -9999 -9999
2021 02 25 03   130    83 10114    40    40 -9999 -9999     0
2021 02 25 06   115    74 10103    50    50 -9999 -9999 -9999
2021 02 25 09    97    47 10109    40    50 -9999 -9999     0
2021 02 25 12    80    53 10141    32    31 -9999 -9999     3
2021 02 25 18    70    32 10172    29    29 -9999 -9999    15
2021 02 25 21    65    25 10174    29    48 -9999 -9999 -9999
2021 02 26 00    59    32 10199    10    20 -9999 -9999     3
2021 02 26 03    58    41 10223    30    10 -9999 -9999    20
2021 02 26 06    68    43 10199    30    30 -9999 -9999    30
2021 02 26 09    75    38 10186    53    15 -9999 -9999    13
2021 02 26 12    69    32 10199    20    50 -9999 -9999     0
2021 02 26 18    62    28 10219    20    20 -9999 -9999     0
2021 02 26 21    60    30 10203    47    19 -9999 -9999 -9999
2021 02 27 00    61    33 10208     0 -9999 -9999 -9999     0
2021 02 27 03    62    40 10211   175    20 -9999 -9999 -9999
2021 02 27 06    59    44 10189   190    30 -9999 -9999     0
2021 02 27 09    56    46 10169   200    30 -9999 -9999     1
2021 02 27 12    56    46 10173    30    20 -9999 -9999     2
2021 02 27 18    52    46 10177    24    23 -9999 -9999     1
2021 02 27 21    51    44 10166    21    27 -9999 -9999     2
2021 02 28 00    52    45 10172    10    20 -9999 -9999     3
2021 02 28 03    55    49 10174    50    10 -9999 -9999     7
2021 02 28 06    60    53 10144    40    20 -9999 -9999     6
2021 02 28 09    62    53 10126    30    20 -9999 -9999     1
2021 02 28 12    61    55 10140    30    20 -9999 -9999     3
2021 02 28 18    62    58 10191    80    10 -9999 -9999    30
2021 02 28 21    64    60 10209   190    10 -9999 -9999    10
2021 03 01 00    67    63 10245   360     1 -9999 -9999     1
2021 03 01 03    73    69 10276    50    10 -9999 -9999     2
2021 03 01 06    80    72 10268    50    10 -9999 -9999     4
2021 03 01 09    77    72 10270    43    21 -9999 -9999    13
2021 03 01 12    80    76 10286   180    10 -9999 -9999    10
2021 03 01 18    68    64 10299   200    20 -9999 -9999    20
2021 03 01 21    66    62 10286   199    18 -9999 -9999    18
2021 03 02 00    67    63 10291     0 -9999 -9999 -9999     8
2021 03 02 03    80    61 10293   230    20 -9999 -9999     1
2021 03 02 06    76    59 10261    33    25 -9999 -9999 -9999
2021 03 02 09    77    57 10237   300    10 -9999 -9999     0
2021 03 02 12    75    60 10245    25    21 -9999 -9999 -9999
2021 03 02 18    67    52 10267    20    20 -9999 -9999     2
2021 03 02 21    61    52 10260     0 -9999 -9999 -9999    10
2021 03 03 00    58    46 10267     0 -9999 -9999 -9999    10
2021 03 03 03    78    42 10266    60    10 -9999 -9999     0
2021 03 03 06   108    49 10224    30    20 -9999 -9999     0
2021 03 03 09   111    50 10210    20    20 -9999 -9999     0
2021 03 03 12    93    60 10221   320    10 -9999 -9999     0
2021 03 03 18    65    56 10226   200    20 -9999 -9999     0
2021 03 03 21    61    55 10209    60    10 -9999 -9999     0
2021 03 04 00    60    56 10214    30    20 -9999 -9999     0
2021 03 04 03    79    73 10218    30    30 -9999 -9999     0
2021 03 04 06   100    67 10177    47    29 -9999 -9999 -9999
2021 03 04 09   107    68 10158    40    20 -9999 -9999     0
2021 03 04 12   102    71 10161    36    17 -9999 -9999 -9999
2021 03 04 18    92    80 10169    30    10 -9999 -9999     0
2021 03 04 21    86    80 10165    40    10 -9999 -9999     1
2021 03 05 00    87    82 10179    51     7 -9999 -9999     1
2021 03 05 03   121    80 10177     0 -9999 -9999 -9999     0
2021 03 05 06   137    80 10146    36    11 -9999 -9999 -9999
2021 03 05 09   135    81 10142    40    10 -9999 -9999     0
2021 03 05 12   122    87 10159    30    10 -9999 -9999     0
2021 03 05 18   103    92 10186   290    10 -9999 -9999     0
2021 03 05 21   101    93 10193    30    10 -9999 -9999     4
2021 03 06 00   100    94 10221     0 -9999 -9999 -9999     5
2021 03 06 03   113   107 10242     0 -9999 -9999 -9999     1
2021 03 06 06   110    94 10229   195    29 -9999 -9999 -9999
2021 03 06 09   110    98 10227    22     7 -9999 -9999     1
2021 03 06 12   105    96 10243    49    11 -9999 -9999     1
2021 03 06 18   101    95 10248    65    17 -9999 -9999 -9999
2021 03 06 21    92    83 10248   180    20 -9999 -9999     2
2021 03 07 00    89    70 10259   140    20 -9999 -9999     4
2021 03 07 03   102    64 10266    25    26 -9999 -9999     2
2021 03 07 06    97    63 10233   186    19 -9999 -9999 -9999
2021 03 07 09   100    58 10215   120    10 -9999 -9999     0
2021 03 07 12    87    53 10232    97    17 -9999 -9999     2
2021 03 07 18    72    65 10232    42    12 -9999 -9999    53
2021 03 07 21    68    62 10230    40    20 -9999 -9999    60
2021 03 08 00    67    56 10240    28     3 -9999 -9999    14
2021 03 08 03    83    58 10255    40    20 -9999 -9999     2
2021 03 08 06   113    58 10221    70    10 -9999 -9999     0
2021 03 08 09   114    65 10201   180    20 -9999 -9999     0
2021 03 08 12   100    71 10225   200    30 -9999 -9999     0
2021 03 08 18    94    65 10232    10    10 -9999 -9999     0
2021 03 08 21    83    69 10224    70    10 -9999 -9999    20
2021 03 09 00    82    73 10244    29    14 -9999 -9999    20
2021 03 09 03    91    75 10258    21    15 -9999 -9999 -9999
2021 03 09 06    97    67 10238    34    21 -9999 -9999 -9999
2021 03 09 09    98    67 10227    30    10 -9999 -9999     0
2021 03 09 12    88    64 10241    40    20 -9999 -9999     1
2021 03 09 18    80    69 10239    10    10 -9999 -9999     3
2021 03 09 21    75    68 10221    30    20 -9999 -9999    10
2021 03 10 00    75    67 10234    24    14 -9999 -9999    39
2021 03 10 03    74    68 10246    40    10 -9999 -9999   120
2021 03 10 06    80    70 10224    37    19 -9999 -9999   112
2021 03 10 09    77    68 10213    60    10 -9999 -9999    30
2021 03 10 12    79    71 10237    50    10 -9999 -9999    30
2021 03 10 18    74    70 10242     0 -9999 -9999 -9999     0
2021 03 10 21    75    70 10240   341    14 -9999 -9999 -9999
2021 03 11 00    76    72 10254   360     2 -9999 -9999 -9999
2021 03 11 03   110    85 10260   349     5 -9999 -9999 -9999
2021 03 11 06   145    78 10226    36    23 -9999 -9999 -9999
2021 03 11 09   145    79 10215    39    21 -9999 -9999 -9999
2021 03 11 12   129    90 10227   260    10 -9999 -9999     0
2021 03 11 18   112    93 10237     0 -9999 -9999 -9999     0
2021 03 11 21   101    93 10223    16     3 -9999 -9999 -9999
2021 03 12 00   100    94 10241    70    10 -9999 -9999     0
2021 03 12 03   109   103 10255   240    10 -9999 -9999     8
2021 03 12 06   126   105 10230    40    10 -9999 -9999     9
2021 03 12 09   133    99 10210    20    10 -9999 -9999     1
2021 03 12 12   118   104 10222   190    30 -9999 -9999     0
2021 03 12 18   112   107 10234   184    34 -9999 -9999 -9999
2021 03 12 21   112   106 10219   201    15 -9999 -9999 -9999
2021 03 13 00   112   106 10228   214    11 -9999 -9999 -9999
2021 03 13 03   150   104 10235   210    10 -9999 -9999     0
2021 03 13 06   182   111 10197   178    42 -9999 -9999 -9999
2021 03 13 09   203   120 10163   190    40 -9999 -9999     0
2021 03 13 12   165   123 10167   210    30 -9999 -9999     0
2021 03 13 18   137   121 10174   195    16 -9999 -9999 -9999
2021 03 13 21   137   118 10144   180    20 -9999 -9999     0
2021 03 14 00   134   121 10154   280    10 -9999 -9999     0
2021 03 14 03   149   124 10151    40    10 -9999 -9999     0
2021 03 14 06   183   136 10102    10    10 -9999 -9999     0
2021 03 14 09   210   139 10068   180    40 -9999 -9999     0
2021 03 14 12   195   140 10082   156    23 -9999 -9999 -9999
2021 03 14 18   153   132 10094    20    20 -9999 -9999 -9999
2021 03 14 21   149   131 10074    40    10 -9999 -9999     1
2021 03 15 00   150   134 10090     0 -9999 -9999 -9999     1
2021 03 15 03   166   135 10109    50    20 -9999 -9999     0
2021 03 15 06   201   147 10084    43    44 -9999 -9999 -9999
2021 03 15 09   210   151 10072    40    40 -9999 -9999     0
2021 03 15 12   187   150 10095    40    20 -9999 -9999     0
2021 03 15 18   165   149 10108   359     9 -9999 -9999 -9999
2021 03 15 21   156   148 10100    40    10 -9999 -9999     0
2021 03 16 00   155   149 10113    31    26 -9999 -9999 -9999
2021 03 16 03   164   153 10125    50    20 -9999 -9999     1
2021 03 16 06   161   150 10107    30    20 -9999 -9999     1
2021 03 16 09   161   146 10099    52    13 -9999 -9999 -9999
2021 03 16 12   159   143 10115    30    20 -9999 -9999     0
2021 03 16 18   152   142 10122    30    20 -9999 -9999     0
2021 03 16 21   147   138 10106    36    11 -9999 -9999 -9999
2021 03 17 00   147   137 10116    40    10 -9999 -9999     0
2021 03 17 03   153   133 10124    30    20 -9999 -9999     0
2021 03 17 06   169   134 10094    40    20 -9999 -9999     0
2021 03 17 09   169   132 10078    30    30 -9999 -9999     0
2021 03 17 12   159   130 10093    40    10 -9999 -9999     0
2021 03 17 18   148   116 10108    10    40 -9999 -9999     0
2021 03 17 21   141   113 10102    49     8 -9999 -9999 -9999
2021 03 18 00   138   113 10116    40    10 -9999 -9999     0
2021 03 18 03   158   116 10114   260    10 -9999 -9999     0
2021 03 18 06   197   137 10074    46    31 -9999 -9999 -9999
2021 03 18 09   195   130 10057    50    20 -9999 -9999     0
2021 03 18 12   157   117 10090    20    51 -9999 -9999 -9999
2021 03 18 18   142   102 10101    20    40 -9999 -9999     0
2021 03 18 21   135    97 10094    10    40 -9999 -9999     0
2021 03 19 00   127    88 10116    30    30 -9999 -9999     0
2021 03 19 03   129    86 10124    40    30 -9999 -9999     0
2021 03 19 06   138    88 10099    10    40 -9999 -9999     0
2021 03 19 09   125    82 10097    30    40 -9999 -9999     0
2021 03 19 12   106    80 10136    17    45 -9999 -9999 -9999
2021 03 19 18    91    72 10173    30    40 -9999 -9999     3
2021 03 19 21    84    65 10182    30    30 -9999 -9999     5
2021 03 20 00    83    66 10206    10    20 -9999 -9999     3
2021 03 20 03    87    65 10222    40    10 -9999 -9999     6
2021 03 20 06   100    58 10197    20    11 -9999 -9999     5
2021 03 20 09   101    47 10187   103    12 -9999 -9999 -9999
2021 03 20 12    87    68 10218   200    10 -9999 -9999     0
2021 03 20 18    76    67 10266   190    30 -9999 -9999     0
2021 03 20 21    75    64 10272   220    10 -9999 -9999 -9999
2021 03 21 00    82    58 10295    36    19 -9999 -9999 -9999
2021 03 21 03    91    20 10316    30    50 -9999 -9999     0
2021 03 21 06    98    19 10297   340    10 -9999 -9999     0
2021 03 21 09   101    29 10282    12    12 -9999 -9999 -9999
2021 03 21 12    91    33 10306    16    24 -9999 -9999 -9999
2021 03 21 18    82    47 10327    58    11 -9999 -9999 -9999
2021 03 21 21    71    51 10313   214    16 -9999 -9999 -9999
2021 03 22 00    75    55 10325    38    12 -9999 -9999 -9999
2021 03 22 03   120    22 10323    50    30 -9999 -9999     0
2021 03 22 06   152     6 10281    60    30 -9999 -9999     0
2021 03 22 09   175    22 10249    19    17 -9999 -9999 -9999
2021 03 22 12   137    35 10255   266     7 -9999 -9999 -9999
2021 03 22 18   106    60 10256    60    10 -9999 -9999     0
2021 03 22 21    98    63 10231    40    10 -9999 -9999 -9999
2021 03 23 00    92    70 10243    50    10 -9999 -9999 -9999
2021 03 23 03   109    70 10248    60    10 -9999 -9999     0
2021 03 23 06   173    53 10196    50    20 -9999 -9999     0
2021 03 23 09   187    49 10166     2     7 -9999 -9999 -9999
2021 03 23 12   140    64 10181   270    20 -9999 -9999     0
2021 03 23 18    90    70 10186    58     6 -9999 -9999 -9999
2021 03 23 21    73    62 10173     0 -9999 -9999 -9999     0
2021 03 24 00    72    65 10193     0 -9999 -9999 -9999     0
2021 03 24 03   146    76 10182    51    25 -9999 -9999 -9999
2021 03 24 06   240    63 10125   210    40 -9999 -9999     0
2021 03 24 09   262    57 10095   250    20 -9999 -9999     0
2021 03 24 12   212    30 10120   236    10 -9999 -9999 -9999
2021 03 24 18   131    86 10144    42    13 -9999 -9999 -9999
2021 03 24 21   120    85 10140    60    20 -9999 -9999     0
2021 03 25 00   125    86 10161    60    20 -9999 -9999     0
2021 03 25 03   131    88 10175    40    30 -9999 -9999     0
2021 03 25 06   139    89 10145    50    20 -9999 -9999     0
2021 03 25 09   142    94 10128    30    20 -9999 -9999     0
2021 03 25 12   122   114 10134    30    10 -9999 -9999     1
2021 03 25 18   118   113 10125    40    10 -9999 -9999    10
2021 03 25 21   118   113 10107    60    10 -9999 -9999    20
2021 03 26 00   120   115 10129    40    20 -9999 -9999     6
2021 03 26 03   142   137 10130    50    10 -9999 -9999     0
2021 03 26 06   150   132 10107    70    10 -9999 -9999     0
2021 03 26 09   150   134 10105    40    25 -9999 -9999 -9999
2021 03 26 12   147   137 10123    32    20 -9999 -9999 -9999
2021 03 26 18   142   135 10132   228     5 -9999 -9999 -9999
2021 03 26 21   138   133 10124     0 -9999 -9999 -9999     0
2021 03 27 00   138   133 10137     0 -9999 -9999 -9999     0
2021 03 27 03   182   115 10139    60    10 -9999 -9999     0
2021 03 27 06   178   116 10121    50    20 -9999 -9999     0
2021 03 27 09   200   112 10101    60    10 -9999 -9999     0
2021 03 27 12   157   121 10127   257    14 -9999 -9999 -9999
2021 03 27 18   117   106 10134   267    11 -9999 -9999 -9999
2021 03 27 21   105    99 10110     0 -9999 -9999 -9999     0
2021 03 28 00   110   104 10132    34    20 -9999 -9999 -9999
2021 03 28 03   125   120 10135    40    20 -9999 -9999     0
2021 03 28 06   177   128 10092    40    10 -9999 -9999     0
2021 03 28 09   231   139 10045   280    10 -9999 -9999     0
2021 03 28 12   210   142 10046   210    20 -9999 -9999     0
2021 03 28 18   174   145 10036     0 -9999 -9999 -9999     0
2021 03 28 21   156   143 10012    38    32 -9999 -9999 -9999
2021 03 29 00   167   149 10029    30    10 -9999 -9999     0
2021 03 29 03   216   157 10025    40    20 -9999 -9999     0
2021 03 29 06   273   172  9985    40    20 -9999 -9999     0
2021 03 29 09   284   163  9960    30    20 -9999 -9999     0
2021 03 29 12   245   170  9980    22    19 -9999 -9999 -9999
2021 03 29 18   205   169  9991    10    40 -9999 -9999     0
2021 03 29 21   195   167  9982     0 -9999 -9999 -9999     0
2021 03 30 00   194   170 10006    40    10 -9999 -9999     0
2021 03 30 03   226   173 10004    60    30 -9999 -9999     0
2021 03 30 06   271   187  9960   200    40 -9999 -9999     0
2021 03 30 09   264   177  9943   200    30 -9999 -9999     0
2021 03 30 12   197   151  9987    26    55 -9999 -9999 -9999
2021 03 30 18   177   140  9999    13    36 -9999 -9999 -9999
2021 03 30 21   170   135  9991    30    30 -9999 -9999     0
2021 03 31 00   168   133 10017    20    30 -9999 -9999     0
2021 03 31 03   190   141 10022    60    20 -9999 -9999     0
2021 03 31 06   203   147 10000    60    20 -9999 -9999     0
2021 03 31 09   221   150  9981    40    20 -9999 -9999     0
2021 03 31 12   180   137 10007    30    50 -9999 -9999     0
2021 03 31 18   165   126 10024    17    25 -9999 -9999 -9999
2021 03 31 21   157   128 10025    10    20 -9999 -9999     0
2021 04 01 00   151   130 10067    20    30 -9999 -9999     0
2021 04 01 03   170   125 10082    31    17 -9999 -9999 -9999
2021 04 01 06   190   130 10065    40    20 -9999 -9999     0
2021 04 01 09   187   125 10051    10    30 -9999 -9999     0
2021 04 01 12   163   115 10072    40    50 -9999 -9999     0
2021 04 01 18   128   119 10097   110    20 -9999 -9999   100
2021 04 01 21   126   113 10101    70    10 -9999 -9999   100
2021 04 02 00   126   100 10128    80    20 -9999 -9999     2
2021 04 02 03   136   102 10138    30    20 -9999 -9999     0
2021 04 02 06   131   105 10125    47    20 -9999 -9999 -9999
2021 04 02 09   140    99 10112    20    22 -9999 -9999 -9999
2021 04 02 12   120   107 10139    46    20 -9999 -9999     2
2021 04 02 18   116   110 10167     9     9 -9999 -9999     5
2021 04 02 21   112   106 10171    34    30 -9999 -9999     7
2021 04 03 00   115   106 10199    60    10 -9999 -9999     6
2021 04 03 03   137   101 10209    40    20 -9999 -9999     1
2021 04 03 06   152   106 10184   180    30 -9999 -9999     0
2021 04 03 09   136    98 10173   180    40 -9999 -9999     0
2021 04 03 12   129    94 10194   170    10 -9999 -9999     0
2021 04 03 18   120    92 10209   226     8 -9999 -9999 -9999
2021 04 03 21   114    91 10209   200    10 -9999 -9999     0
2021 04 04 00   112    79 10230   130    10 -9999 -9999     0
2021 04 04 03   115    82 10239   160    10 -9999 -9999     0
2021 04 04 06   112    89 10220   182    22 -9999 -9999 -9999
2021 04 04 09   107    88 10201   190    20 -9999 -9999     0
2021 04 04 12    97    83 10220   180    30 -9999 -9999     0
2021 04 04 18    96    72 10231   360    10 -9999 -9999     0
2021 04 04 21    91    75 10224    34    14 -9999 -9999 -9999
2021 04 05 00    93    77 10246   130    10 -9999 -9999     1
2021 04 05 03   110    77 10248    40    20 -9999 -9999     1
2021 04 05 06   117    76 10219    98    14 -9999 -9999 -9999
2021 04 05 09   120    81 10207   210    10 -9999 -9999     0
2021 04 05 12   112    86 10210    50    30 -9999 -9999 -9999
2021 04 05 18   108    87 10208    20    10 -9999 -9999 -9999
2021 04 05 21   104    95 10199     0 -9999 -9999 -9999     1
2021 04 06 00   105    94 10217    48     5 -9999 -9999     3
2021 04 06 03   110    98 10224    55     7 -9999 -9999    15
2021 04 06 06   107   102 10212    32    20 -9999 -9999    51
2021 04 06 09   110   103 10202   278    10 -9999 -9999   102
2021 04 06 12   109   103 10209     0 -9999 -9999 -9999    90
2021 04 06 18   107   103 10191   322    10 -9999 -9999    45
2021 04 06 21   106   101 10183    50    30 -9999 -9999    80
2021 04 07 00   109   104 10198    40    10 -9999 -9999    60
2021 04 07 03   141   107 10200    50    20 -9999 -9999     8
2021 04 07 06   165   112 10178    41    19 -9999 -9999 -9999
2021 04 07 09   162   116 10165    40    20 -9999 -9999     0
2021 04 07 12   146   125 10186    47    11 -9999 -9999 -9999
2021 04 07 18   136   106 10185    35    35 -9999 -9999 -9999
2021 04 07 21   127   105 10184    34    20 -9999 -9999 -9999
2021 04 08 00   116    99 10213   170    40 -9999 -9999 -9999
2021 04 08 03   111    95 10227   180    40 -9999 -9999     3
2021 04 08 06   118    99 10211   200    30 -9999 -9999     3
2021 04 08 09   116   103 10204   190    20 -9999 -9999     0
2021 04 08 12   116   100 10216     0 -9999 -9999 -9999     0
2021 04 08 18   111   100 10223   360     0 -9999 -9999 -9999
2021 04 08 21   107   101 10211    50    10 -9999 -9999     0
2021 04 09 00    99    94 10221    50    10 -9999 -9999     0
2021 04 09 03   132    85 10229    30    20 -9999 -9999     0
2021 04 09 06   144    84 10203    30    20 -9999 -9999     0
2021 04 09 09   134    91 10190    50    20 -9999 -9999     0
2021 04 09 12   126    92 10203    40    13 -9999 -9999 -9999
2021 04 09 18   117   104 10204    30    10 -9999 -9999     0
2021 04 09 21   113   105 10206    40    10 -9999 -9999    40
2021 04 10 00   111   105 10221    39    11 -9999 -9999    72
2021 04 10 03   119   105 10227    50    10 -9999 -9999    30
2021 04 10 06   128   105 10205    30    20 -9999 -9999     1
2021 04 10 09   119   111 10193    60    10 -9999 -9999     0
2021 04 10 12   117   108 10199    30    10 -9999 -9999     0
2021 04 10 18   108   102 10205    60    20 -9999 -9999     5
2021 04 10 21   107   102 10199    40    20 -9999 -9999    10
2021 04 11 00   109   104 10213    50    10 -9999 -9999     7
2021 04 11 03   116   111 10221    30    10 -9999 -9999     1
2021 04 11 06   121   108 10196    50    20 -9999 -9999     1
2021 04 11 09   121   112 10178    50    10 -9999 -9999     0
2021 04 11 12   120   109 10187    50    20 -9999 -9999     0
2021 04 11 18   115   110 10199    50    20 -9999 -9999     6
2021 04 11 21   113   108 10193    40    10 -9999 -9999     8
2021 04 12 00   116   111 10200   200    10 -9999 -9999    10
2021 04 12 03   132   127 10210   200    20 -9999 -9999     5
2021 04 12 06   165   116 10183    20    10 -9999 -9999     1
2021 04 12 09   177   124 10160    86     5 -9999 -9999 -9999
2021 04 12 12   152   125 10176   210    10 -9999 -9999     0
2021 04 12 18   137   130 10181   211    10 -9999 -9999 -9999
2021 04 12 21   135   130 10175    40    20 -9999 -9999    20
2021 04 13 00   136   131 10184    50    10 -9999 -9999    30
2021 04 13 03   153   143 10187    30    10 -9999 -9999     2
2021 04 13 06   156   136 10167    50    20 -9999 -9999     0
2021 04 13 09   161   132 10144    40    10 -9999 -9999     0
2021 04 13 12   146   131 10155   258     7 -9999 -9999 -9999
2021 04 13 18   131   125 10180   282    12 -9999 -9999    65
2021 04 13 21   127   123 10173    49     7 -9999 -9999   200
2021 04 14 00   128   122 10187    40    10 -9999 -9999   150
2021 04 14 03   149   126 10190    70    10 -9999 -9999    10
2021 04 14 06   153   126 10165    40    30 -9999 -9999     0
2021 04 14 09   156   133 10145    50    20 -9999 -9999     0
2021 04 14 12   149   133 10154     0 -9999 -9999 -9999     0
2021 04 14 18   140   124 10158    50    10 -9999 -9999     0
2021 04 14 21   129   123 10147    30    30 -9999 -9999     4
2021 04 15 00   130   124 10164    23    15 -9999 -9999     6
2021 04 15 03   167   125 10166    16    10 -9999 -9999     2
2021 04 15 06   195   128 10139   254     8 -9999 -9999 -9999
2021 04 15 09   204   129 10117   200    30 -9999 -9999     0
2021 04 15 12   182   137 10139   200    20 -9999 -9999     0
2021 04 15 18   157   142 10148   241    11 -9999 -9999 -9999
2021 04 15 21   152   144 10151    20    10 -9999 -9999    10
2021 04 16 00   151   146 10174    40    10 -9999 -9999    10
2021 04 16 03   172   159 10184    30    10 -9999 -9999     2
2021 04 16 06   196   140 10167   180    40 -9999 -9999     0
2021 04 16 09   197   125 10161    70    10 -9999 -9999     0
2021 04 16 12   174   127 10182   210    10 -9999 -9999     0
2021 04 16 18   146   125 10205    39    12 -9999 -9999 -9999
2021 04 16 21   135   127 10197    50    10 -9999 -9999     0
2021 04 17 00   134   128 10219    50    20 -9999 -9999     0
2021 04 17 03   160   126 10224    60    20 -9999 -9999     0
2021 04 17 06   181   125 10205    40    20 -9999 -9999 -9999
2021 04 17 09   178   129 10192    40    10 -9999 -9999     0
2021 04 17 12   167   128 10193    80    10 -9999 -9999     0
2021 04 17 18   147   134 10188    70    10 -9999 -9999     1
2021 04 17 21   140   132 10175     0 -9999 -9999 -9999     2
2021 04 18 00   135   127 10191   100    10 -9999 -9999    20
2021 04 18 03   137   132 10193    90    10 -9999 -9999    30
2021 04 18 06   141   130 10173    30    20 -9999 -9999    20
2021 04 18 09   130   122 10161    30    50 -9999 -9999     7
2021 04 18 12   127   109 10172    30    20 -9999 -9999     6
2021 04 18 18   120   107 10162    40    20 -9999 -9999     0
2021 04 18 21   119   106 10153    50    20 -9999 -9999 -9999
2021 04 19 00   120   111 10158    30    20 -9999 -9999     0
2021 04 19 03   135   110 10157    60    10 -9999 -9999     0
2021 04 19 06   142   113 10131    45    18 -9999 -9999 -9999
2021 04 19 09   141   116 10106    50    20 -9999 -9999     0
2021 04 19 12   132   121 10112    30    30 -9999 -9999     0
2021 04 19 18   131   126 10116    66     5 -9999 -9999     9
2021 04 19 21   130   127 10100    50    10 -9999 -9999    20
2021 04 20 00   132   129 10114    36     9 -9999 -9999    12
2021 04 20 03   137   134 10125    50    20 -9999 -9999     0
2021 04 20 06   146   143 10105    50    20 -9999 -9999     2
2021 04 20 09   156   143 10094    50    20 -9999 -9999     2
2021 04 20 12   154   146 10106    40    10 -9999 -9999 -9999
2021 04 20 18   152   147 10118    30    10 -9999 -9999     0
2021 04 20 21   150   144 10107    13     6 -9999 -9999    10
