2021 01 01 00   -28   -48 10331   260    10 -9999 -9999     0
2021 01 01 03    41   -54 10330   240    20 -9999 -9999     0
2021 01 01 06    91   -59 10289   140    20 -9999 -9999     0
2021 01 01 09    92   -62 10280   100    10 -9999 -9999     0
2021 01 01 12    56   -48 10292   100    20 -9999 -9999     0
2021 01 01 18    23   -36 10293   230    10 -9999 -9999     0
2021 01 01 21    -1   -36 10283   300    30 -9999 -9999     0
2021 01 02 00    -7   -37 10288   250    20 -9999 -9999     0
2021 01 02 03    71   -32 10285   210    10 -9999 -9999     0
2021 01 02 06   101   -39 10242    60    20 -9999 -9999     0
2021 01 02 09    93   -33 10239    20    10 -9999 -9999     0
2021 01 02 12    79   -19 10255    30    30 -9999 -9999     0
2021 01 02 18    71   -32 10274    20    10 -9999 -9999     0
2021 01 02 21    60   -14 10272    60    10 -9999 -9999     0
2021 01 03 00    58   -11 10289     0 -9999 -9999 -9999     0
2021 01 03 03    75   -12 10303    30    20 -9999 -9999     0
2021 01 03 06    87   -11 10285   350    10 -9999 -9999     0
2021 01 03 09    95   -15 10275    90    10 -9999 -9999     0
2021 01 03 12    59   -20 10293    60    20 -9999 -9999     0
2021 01 03 18    48   -10 10294    50    20 -9999 -9999     0
2021 01 03 21    39     1 10283   120    10 -9999 -9999     0
2021 01 04 00    33    -7 10290    60    10 -9999 -9999     0
2021 01 04 03    86     1 10287   170    20 -9999 -9999     0
2021 01 04 06   119   -16 10247    90    20 -9999 -9999     0
2021 01 04 09   113   -18 10243    60    20 -9999 -9999     0
2021 01 04 12    74   -21 10268    50    30 -9999 -9999     0
2021 01 04 18    64   -15 10275    80    30 -9999 -9999     0
2021 01 04 21    59   -17 10276    90    10 -9999 -9999     0
2021 01 05 00    54    -9 10304    70    10 -9999 -9999     0
2021 01 05 03    72   -17 10310    30    40 -9999 -9999     0
2021 01 05 06    77   -18 10289    20    50 -9999 -9999     0
2021 01 05 09    73   -11 10293    30    30 -9999 -9999     0
2021 01 05 12    55    -5 10307    40    30 -9999 -9999     0
2021 01 05 18    40    -6 10307    50    30 -9999 -9999     0
2021 01 05 21    37    -9 10292    50    20 -9999 -9999     0
2021 01 06 00    33     5 10296   110    10 -9999 -9999     0
2021 01 06 03    48   -19 10293    30    30 -9999 -9999     0
2021 01 06 06    49   -20 10263    40    20 -9999 -9999     0
2021 01 06 09    44   -25 10268    40    20 -9999 -9999     0
2021 01 06 12    38   -37 10289    50    20 -9999 -9999     0
2021 01 06 18    13    -8 10317    30    60 -9999 -9999     1
2021 01 06 21    10   -33 10325    30    50 -9999 -9999     2
2021 01 07 00    13   -82 10345    30    70 -9999 -9999     1
2021 01 07 03     2   -69 10369    30    60 -9999 -9999     0
2021 01 07 06    -8   -62 10344    30    60 -9999 -9999     0
2021 01 07 09    -7   -98 10343    40    50 -9999 -9999     0
2021 01 07 12   -11  -133 10372    30    30     8 -9999     0
2021 01 07 18   -15  -133 10380    30    40 -9999 -9999     0
2021 01 07 21   -16  -154 10370    30    40 -9999 -9999     0
2021 01 08 00   -15  -137 10387    30    10 -9999 -9999     0
2021 01 08 03    15  -164 10390    20    20 -9999 -9999     0
2021 01 08 06    51  -166 10342   190    10 -9999 -9999     0
2021 01 08 09    45  -148 10327    80    20 -9999 -9999     0
2021 01 08 12     9  -143 10335    90    20 -9999 -9999     0
2021 01 08 18   -24  -109 10342     0 -9999 -9999 -9999     0
2021 01 08 21   -30  -128 10337   276     6 -9999 -9999 -9999
2021 01 09 00   -27   -98 10341   130    10 -9999 -9999     0
2021 01 09 03     6  -105 10348    70    10 -9999 -9999     0
2021 01 09 06    34  -148 10309    40    10 -9999 -9999     0
2021 01 09 09    42  -131 10292    60    10 -9999 -9999     0
2021 01 09 12    32  -112 10313    40    10 -9999 -9999     0
2021 01 09 18    24  -126 10316   300    50 -9999 -9999     0
2021 01 09 21    16   -77 10296    80    40 -9999 -9999     0
2021 01 10 00    16   -96 10306    50    50 -9999 -9999     0
2021 01 10 03    35   -92 10321    90    20 -9999 -9999     0
2021 01 10 06    46  -107 10290    60    10 -9999 -9999     0
2021 01 10 09    45  -120 10290    50    20 -9999 -9999     0
2021 01 10 12    36  -101 10311    60    10 -9999 -9999     0
2021 01 10 18    30   -64 10348   310    10 -9999 -9999     0
2021 01 10 21    29   -62 10348   290    10 -9999 -9999     0
2021 01 11 00    27   -57 10369   300    10 -9999 -9999     0
2021 01 11 03    56  -106 10373    20    30 -9999 -9999     0
2021 01 11 06    85   -99 10332   240    20 -9999 -9999     0
2021 01 11 09    95   -86 10320   240    10 -9999 -9999     0
2021 01 11 12    45   -79 10334   240    30 -9999 -9999     0
2021 01 11 18     4   -65 10317   190    10 -9999 -9999     0
2021 01 11 21   -17   -61 10309   260    10 -9999 -9999     0
2021 01 12 00   -23   -54 10309   250    20 -9999 -9999     0
2021 01 12 03    66   -42 10301   250    30 -9999 -9999     0
2021 01 12 06   140   -86 10250   240    30 -9999 -9999     0
2021 01 12 09   147  -102 10231   220    20 -9999 -9999     0
2021 01 12 12    87   -55 10230   150    10 -9999 -9999     0
2021 01 12 18    37   -58 10224   250    10 -9999 -9999     0
2021 01 12 21    26   -58 10216   280    10 -9999 -9999     0
2021 01 13 00    -2   -44 10226   220    40 -9999 -9999     0
2021 01 13 03    96   -40 10229   290    10 -9999 -9999     0
2021 01 13 06   151   -23 10195    60    10 -9999 -9999     0
2021 01 13 12   131   -41 10186   130    20 -9999 -9999     0
2021 01 13 18    75    -9 10197   280    10 -9999 -9999     0
2021 01 13 21    59   -13 10188   320    10 -9999 -9999     0
2021 01 14 00    39    -7 10195   270    20 -9999 -9999     0
2021 01 14 03   128     0 10202   240    20 -9999 -9999     0
2021 01 14 06   190   -45 10155   270    20 -9999 -9999     0
2021 01 14 09   195   -34 10145   200    20 -9999 -9999     0
2021 01 14 12   145   -33 10157   120    10 -9999 -9999     0
2021 01 14 18    87   -11 10170   240    10 -9999 -9999     0
2021 01 14 21    62    -1 10165   290    30 -9999 -9999     0
2021 01 15 00    49     3 10181   250    10 -9999 -9999     0
2021 01 15 03   133    22 10192   280    10 -9999 -9999     0
2021 01 15 06   195    -5 10157    80    10 -9999 -9999     0
2021 01 15 09   186    -7 10161    76    40 -9999 -9999 -9999
2021 01 15 12   141    14 10174    60    30 -9999 -9999     0
2021 01 15 18   121    23 10194    60    20 -9999 -9999     0
2021 01 15 21   114     8 10199    50    40 -9999 -9999     0
2021 01 16 00    97   -43 10233    40    40 -9999 -9999     0
2021 01 16 03    86   -53 10253    30    30 -9999 -9999     0
2021 01 16 06    89   -46 10236    20    40 -9999 -9999     0
2021 01 16 09    91   -35 10247    50    20 -9999 -9999     0
2021 01 16 12    75   -34 10281    50    50 -9999 -9999     0
2021 01 16 18    60   -63 10348    20    70 -9999 -9999     0
2021 01 16 21    56   -66 10367    20    40 -9999 -9999     0
2021 01 17 00    21     2 10392    30    60 -9999 -9999     1
2021 01 17 03    55    -5 10389   310    20 -9999 -9999     2
2021 01 17 06    82   -71 10343    30    30 -9999 -9999     1
2021 01 17 09    83   -70 10335   350    20 -9999 -9999     0
2021 01 17 12    50   -46 10337   290    20 -9999 -9999     0
2021 01 17 18    15   -23 10313   240    20 -9999 -9999     0
2021 01 17 21    -3   -22 10300   270    10 -9999 -9999     0
2021 01 18 00    -6   -19 10302   270    10 -9999 -9999     0
2021 01 18 03    74   -15 10301   250    30 -9999 -9999     0
2021 01 18 06   130   -21 10253   330    10 -9999 -9999     0
2021 01 18 09   143   -49 10237    30    10 -9999 -9999     0
2021 01 18 12    95   -38 10243   120    20 -9999 -9999     0
2021 01 18 18    38   -20 10230    60    20 -9999 -9999     0
2021 01 18 21    13   -18 10223   190    10 -9999 -9999     0
2021 01 19 00     5   -17 10233   270    10 -9999 -9999     0
2021 01 19 03    83    -2 10237   300    20 -9999 -9999     0
2021 01 19 06   151   -23 10191   110    10 -9999 -9999     0
2021 01 19 09   156   -28 10175   120    20 -9999 -9999     0
2021 01 19 12   108   -19 10189    70    30 -9999 -9999     0
2021 01 19 18    80   -26 10188    60    20 -9999 -9999     0
2021 01 19 21    65   -19 10182     0 -9999 -9999 -9999     0
2021 01 20 00    55    -1 10203   310    10 -9999 -9999     0
2021 01 20 03   111     8 10208    80    10 -9999 -9999     0
2021 01 20 06   141     7 10176   330    20 -9999 -9999     0
2021 01 20 09   153    21 10166    10    20 -9999 -9999     0
2021 01 20 12   116    15 10188    50    20 -9999 -9999     0
2021 01 20 18    93    19 10191     0 -9999 -9999 -9999     0
2021 01 20 21    82    18 10185    70    10 -9999 -9999     0
2021 01 21 00    83    30 10200    60    20 -9999 -9999     0
2021 01 21 03   115    45 10210    60    10 -9999 -9999     0
2021 01 21 06   140    46 10182    30    20 -9999 -9999     0
2021 01 21 09   135    66 10185    20    30 -9999 -9999     0
2021 01 21 12   110    66 10206    80    10 -9999 -9999 -9999
2021 01 21 18    79    79 10207     0 -9999 -9999 -9999     9
2021 01 21 21    79    79 10196   110    10 -9999 -9999     0
2021 01 22 00    79    79 10219   240    10 -9999 -9999     0
2021 01 22 03    99    88 10225   240    10 -9999 -9999     0
2021 01 22 06   121    72 10185   190    10 -9999 -9999     0
2021 01 22 09   126    71 10177    60    10 -9999 -9999     0
2021 01 22 12   110    69 10190     0 -9999 -9999 -9999     0
2021 01 22 18    97    70 10205    80    10 -9999 -9999     0
2021 01 22 21    82    68 10197     0 -9999 -9999 -9999     0
2021 01 23 00    64    64 10210    30    10 -9999 -9999     0
2021 01 23 03   120    61 10220    60    10 -9999 -9999     0
2021 01 23 06   155    33 10185    70    30 -9999 -9999     0
2021 01 23 09   147    35 10171    60    40 -9999 -9999     0
2021 01 23 12   108    43 10186    60    30 -9999 -9999     0
2021 01 23 18    68    38 10204    80    30 -9999 -9999     0
2021 01 23 21    67    30 10187    50    10 -9999 -9999     0
2021 01 24 00    57    30 10188    70    20 -9999 -9999     0
2021 01 24 03   102    52 10190    50    20 -9999 -9999     0
2021 01 24 06   127    61 10158    10    10 -9999 -9999     0
2021 01 24 09   120    65 10151    30    20 -9999 -9999     0
2021 01 24 12   105    65 10170    20    10 -9999 -9999     0
2021 01 24 18    89    63 10192    80    20 -9999 -9999     0
2021 01 24 21    78    75 10196    80    10 -9999 -9999     0
2021 01 25 00    79    71 10216    80    10 -9999 -9999     0
2021 01 25 03    75    75 10240    60    20 -9999 -9999     0
2021 01 25 06    70    70 10233   340    20 -9999 -9999     2
2021 01 25 09    69    60 10241    40    20 -9999 -9999     2
2021 01 25 12    58    57 10256    30    10 -9999 -9999 -9999
2021 01 25 18    52    40 10269     0 -9999 -9999 -9999     0
2021 01 25 21    51    51 10263   180    20 -9999 -9999     0
2021 01 26 00    48    48 10272     0 -9999 -9999 -9999     0
2021 01 26 03    72    27 10280   340    10 -9999 -9999     0
2021 01 26 06    85    25 10249    80    10 -9999 -9999     0
2021 01 26 09    86    30 10237    50    20 -9999 -9999     0
2021 01 26 12    77    20 10245    70    20 -9999 -9999     0
2021 01 26 18    65    33 10242    90    10 -9999 -9999     0
2021 01 26 21    60    33 10225   100    20 -9999 -9999     0
2021 01 27 00    59    36 10233    70    10 -9999 -9999     0
2021 01 27 03    70    34 10243    40    20 -9999 -9999     0
2021 01 27 06    70    36 10220   290    10 -9999 -9999     0
2021 01 27 09    64    44 10227   340    20 -9999 -9999 -9999
2021 01 27 12    56    56 10262     0 -9999 -9999 -9999     2
2021 01 27 18    57    57 10300   260    10 -9999 -9999     1
2021 01 27 21    55    55 10297   270    20 -9999 -9999     0
2021 01 28 00    50    50 10311   250    10 -9999 -9999     0
2021 01 28 03   101    17 10324    20    10 -9999 -9999     0
2021 01 28 06   145   -12 10291    70    20 -9999 -9999     0
2021 01 28 09   129   -22 10284    90    50 -9999 -9999     0
2021 01 28 12    85   -16 10301    70    20 -9999 -9999     0
2021 01 28 18    47   -13 10293     0 -9999 -9999 -9999     0
2021 01 28 21    25    -8 10278    50    10 -9999 -9999     0
2021 01 29 00    24     1 10285    30    20 -9999 -9999     0
2021 01 29 03    65    16 10290    80    20 -9999 -9999     0
2021 01 29 06   121    23 10241    30    20 -9999 -9999     0
2021 01 29 09   114    19 10228    40    10 -9999 -9999     0
2021 01 29 12   101    29 10231    60    10 -9999 -9999     0
2021 01 29 18    90    38 10244     0 -9999 -9999 -9999     0
2021 01 29 21    89    37 10236    10    20 -9999 -9999     0
2021 01 30 00    88    42 10252   360    20 -9999 -9999     0
2021 01 30 03    98    44 10262   230    10 -9999 -9999     0
2021 01 30 06   121    38 10233   290    20 -9999 -9999     0
2021 01 30 09   116    36 10228   350    20 -9999 -9999     0
2021 01 30 12   106    45 10239    50    10 -9999 -9999     0
2021 01 30 18    89    33 10243    90    10 -9999 -9999     0
2021 01 30 21    86    32 10233    90    10 -9999 -9999     0
2021 01 31 00    81    49 10243     0 -9999 -9999 -9999     3
2021 01 31 03    96    56 10249   120    10 -9999 -9999     3
2021 01 31 06   108    40 10218   110    10 -9999 -9999     0
2021 01 31 09   121    46 10208    70    10 -9999 -9999     0
2021 01 31 12   105    51 10215    80    30 -9999 -9999     0
2021 01 31 18    86    71 10225    70    20 -9999 -9999     0
2021 01 31 21    83    77 10218    80    10 -9999 -9999     0
2021 02 01 00    79    79 10236   170    10 -9999 -9999    30
2021 02 01 03    92    92 10245   280    10 -9999 -9999    40
2021 02 01 06   104    99 10223   340    20 -9999 -9999     7
2021 02 01 09   106   101 10220    40    30 -9999 -9999     0
2021 02 01 12    95    95 10237     0 -9999 -9999 -9999     0
2021 02 01 18    87    87 10257   300    10 -9999 -9999     0
2021 02 01 21    88    88 10251    50    20 -9999 -9999     0
2021 02 02 00    85    85 10262   100    10 -9999 -9999     0
2021 02 02 03   117    78 10267    50    30 -9999 -9999     0
2021 02 02 06   107    81 10245    70    20 -9999 -9999 -9999
2021 02 02 09    88    88 10248    50    20 -9999 -9999    30
2021 02 02 12    86    86 10256    80    10 -9999 -9999    50
2021 02 02 18    86    86 10259   270    10 -9999 -9999     0
2021 02 02 21    83    83 10247     0 -9999 -9999 -9999     0
2021 02 03 00    85    85 10252   310    10 -9999 -9999     0
2021 02 03 03   100   100 10257    30    20 -9999 -9999     0
2021 02 03 06   101   101 10235     0 -9999 -9999 -9999    10
2021 02 03 09   108   108 10231   110    20 -9999 -9999    20
2021 02 03 12   103   103 10247   310    30 -9999 -9999     2
2021 02 03 18    98    98 10253    90    30 -9999 -9999     0
2021 02 03 21    94    94 10251    80    10 -9999 -9999     2
2021 02 04 00    95    95 10261   100    10 -9999 -9999     8
2021 02 04 03   101 -9999 10265     0 -9999 -9999 -9999     6
2021 02 04 06   109   109 10228    30    10 -9999 -9999     0
2021 02 04 09   113   113 10212    50    20 -9999 -9999     0
2021 02 04 12   108   108 10223    60    20 -9999 -9999     0
2021 02 04 18    97    97 10228    50    20 -9999 -9999     0
2021 02 04 21    91    91 10215    60    30 -9999 -9999     1
2021 02 05 00    83    83 10232    70    20 -9999 -9999     2
2021 02 05 03    89    89 10252    60    10 -9999 -9999     1
2021 02 05 06    97    97 10231    20    10 -9999 -9999     0
2021 02 05 09    95    89 10227    70    10 -9999 -9999     0
2021 02 05 12    87    87 10237   100    10 -9999 -9999     0
2021 02 05 18    86    86 10234   310    20 -9999 -9999     0
2021 02 05 21    85    85 10213     0 -9999 -9999 -9999     0
2021 02 06 00    87    87 10228    80    10 -9999 -9999     0
2021 02 06 03   103   103 10231   270    10 -9999 -9999     0
2021 02 06 06   173    92 10186   120    10 -9999 -9999     0
2021 02 06 09   182   106 10160    60    20 -9999 -9999 -9999
2021 02 06 12   141    97 10172    60    30 -9999 -9999     0
2021 02 06 18   109   101 10193    80    20 -9999 -9999     0
2021 02 06 21   111    95 10183    80    10 -9999 -9999     0
2021 02 07 00   104   104 10200   260    10 -9999 -9999     0
2021 02 07 03   134   100 10210   250    10 -9999 -9999     0
2021 02 07 06   135   107 10192   160    10 -9999 -9999     1
2021 02 07 09   143   120 10196    20    10 -9999 -9999     2
2021 02 07 12   123    99 10214    70    20 -9999 -9999     1
2021 02 07 18   107   107 10241    80    10 -9999 -9999 -9999
2021 02 07 21    97    97 10240    40    30 -9999 -9999    10
2021 02 08 00    95    95 10262    30    30 -9999 -9999    30
2021 02 08 03    97    94 10278    40    10 -9999 -9999    10
2021 02 08 06    97    94 10266    20    30 -9999 -9999     3
2021 02 08 09    87    86 10267    30    50 -9999 -9999    10
2021 02 08 12    82    82 10281    40    10 -9999 -9999     9
2021 02 08 18    75    75 10276    50    10 -9999 -9999 -9999
2021 02 08 21    68    68 10260    40    10 -9999 -9999    30
2021 02 09 00    70    70 10264     0 -9999 -9999 -9999    30
2021 02 09 03    75    75 10270    40    10 -9999 -9999    10
2021 02 09 06    82    82 10238    30    10 -9999 -9999    40
2021 02 09 12    79    79 10245     0 -9999 -9999 -9999    70
2021 02 09 18    76    76 10225   270    20 -9999 -9999   110
2021 02 09 21    76    76 10205    60    10 -9999 -9999   110
2021 02 10 00    77    77 10218    70    20 -9999 -9999    80
2021 02 10 03    86    86 10224    20    10 -9999 -9999    40
2021 02 10 06    98    98 10196    20    20 -9999 -9999    10
2021 02 10 09   100   100 10194    30    20 -9999 -9999    10
2021 02 11 00    88    88 10209   210    10 -9999 -9999     8
2021 02 13 12   141    83 10194    52     4 -9999 -9999 -9999
2021 02 13 18   104    96 10191   300    10 -9999 -9999     0
2021 02 13 21    94    94 10180    10    10 -9999 -9999     0
2021 02 14 00    87    87 10196   270    10 -9999 -9999     0
2021 02 14 03   160    94 10199   240    30 -9999 -9999     0
2021 02 14 06   217    86 10164   300    10 -9999 -9999     0
2021 02 14 09   217    89 10148    60    20 -9999 -9999     0
2021 02 14 12   181    92 10159   120    20 -9999 -9999     0
2021 02 14 18   135    90 10160    50    20 -9999 -9999     0
2021 02 14 21   109    90 10157    50    40 -9999 -9999     0
2021 02 15 00   104   104 10180   280    30 -9999 -9999     0
2021 02 15 03   185   101 10181    70    30 -9999 -9999     0
2021 02 15 06   211   100 10144    50    40 -9999 -9999     0
2021 02 15 09   197   101 10132    70    40 -9999 -9999     0
2021 02 15 12   162    96 10152    50    40 -9999 -9999     0
2021 02 15 18   107    90 10186    20    20 -9999 -9999    10
2021 02 15 21    92    92 10185    70    20 -9999 -9999    30
2021 02 16 00    88    88 10214   290    10 -9999 -9999    60
2021 02 16 03    89    89 10235   340    20 -9999 -9999   110
2021 02 16 06   104   104 10219   280    10 -9999 -9999    90
2021 02 16 09   110    96 10226   270    10 -9999 -9999    20
2021 02 16 12    97    97 10244   260    10 -9999 -9999     0
2021 02 16 18    69    69 10265   280    10 -9999 -9999     0
2021 02 16 21    67    67 10263   280    10 -9999 -9999     0
2021 02 17 00    62    62 10283   290    10 -9999 -9999     0
2021 02 17 03    81    81 10299   200    10 -9999 -9999     0
2021 02 17 06   153    47 10269    60    20 -9999 -9999     0
2021 02 17 09   166    26 10258   110    30 -9999 -9999     0
2021 02 17 12   127     8 10272    80    20 -9999 -9999     0
2021 02 17 18    86    48 10287   330    10 -9999 -9999     0
2021 02 17 21    68    43 10285     0 -9999 -9999 -9999     0
2021 02 18 00    60    60 10304     0 -9999 -9999 -9999     0
2021 02 18 03   152    49 10310    30    10 -9999 -9999     0
2021 02 18 06   177    53 10282   150    20 -9999 -9999     0
2021 02 18 09   179    14 10271    60    20 -9999 -9999     0
2021 02 18 12   134    29 10278    80    20 -9999 -9999     0
2021 02 18 18    88    52 10268    70    10 -9999 -9999     0
2021 02 18 21    79    48 10259   270    10 -9999 -9999     0
2021 02 19 00    62    62 10273   250    10 -9999 -9999     0
2021 02 19 03   137    68 10276   250    20 -9999 -9999     0
2021 02 19 06   194    32 10235    10    10 -9999 -9999     0
2021 02 19 09   205     4 10217   250    30 -9999 -9999     0
2021 02 20 18   131    65 10161   360     1 -9999 -9999 -9999
2021 02 20 21   120    65 10149   281    16 -9999 -9999 -9999
2021 02 21 00   110    69 10166   276    22 -9999 -9999 -9999
2021 02 21 06   237   111 10130   241    15 -9999 -9999 -9999
2021 02 21 09   236   120 10123   237     9 -9999 -9999 -9999
2021 02 21 18   181   128 10139   238    19 -9999 -9999 -9999
2021 02 21 21   168   129 10141   170    10 -9999 -9999     0
2021 02 22 00   160   133 10158   299    20 -9999 -9999 -9999
2021 02 22 03   224   145 10164   270    10 -9999 -9999     0
2021 02 22 06   261   142 10133   200    10 -9999 -9999     0
2021 02 22 09   261   132 10124    80    20 -9999 -9999     0
2021 02 22 12   220   141 10145    80    30 -9999 -9999     0
2021 02 22 18   175   142 10165    70    10 -9999 -9999     0
2021 02 22 21   169   142 10155    70    10 -9999 -9999     0
2021 02 23 00   165   134 10171    70    10 -9999 -9999     0
2021 02 23 03   219   138 10172    60    30 -9999 -9999     0
2021 02 23 06   256   141 10136   100    20 -9999 -9999     0
2021 02 23 09   258   146 10115    70    20 -9999 -9999     0
2021 02 23 12   212   146 10126    60    40 -9999 -9999     0
2021 02 23 18   158   120 10138    60    30 -9999 -9999     0
2021 02 23 21   138   111 10127    70    20 -9999 -9999     0
2021 02 24 00   137   110 10141    60    20 -9999 -9999     0
2021 02 24 03   189   124 10140    60    30 -9999 -9999     0
2021 02 24 06   210   132 10099    60    30 -9999 -9999     0
2021 02 24 09   201   133 10078    60    50 -9999 -9999     0
2021 02 24 12   170   125 10089    60    50 -9999 -9999     0
2021 02 24 18   132   132 10104    70    30 -9999 -9999     6
2021 02 24 21   120   120 10105    70    30 -9999 -9999 -9999
2021 02 25 00    92    92 10136    70    40 -9999 -9999    20
2021 02 25 03    81    81 10163    60    40 -9999 -9999    30
2021 02 25 06    76    76 10150    40    30 -9999 -9999    20
2021 02 25 09    67    67 10146    40    10 -9999 -9999    20
2021 02 25 12    59    59 10164    30    40 -9999 -9999    30
2021 02 25 18    54    44 10189    30    40 -9999 -9999     6
2021 02 25 21    45    45 10192    30    40 -9999 -9999    30
2021 02 26 00    45    45 10211    30    30 -9999 -9999    40
2021 02 26 03    56    29 10227    40    40 -9999 -9999    10
2021 02 26 06    60    28 10206    40    30 -9999 -9999     0
2021 02 26 09    50    37 10206    40    20 -9999 -9999     7
2021 02 26 12    47    41 10217    40    20 -9999 -9999     9
2021 02 26 18    49    40 10228     0 -9999 -9999 -9999 -9999
2021 02 26 21    43    43 10223    30    20 -9999 -9999     5
2021 02 27 00    48    48 10233    60    10 -9999 -9999     6
2021 02 27 03    55    55 10238    50    10 -9999 -9999     1
2021 02 27 06    63    57 10210    30    10 -9999 -9999     0
2021 02 27 09    66    60 10201    70    20 -9999 -9999 -9999
2021 02 27 12    63    63 10204    60    10 -9999 -9999     0
2021 02 27 18    64    64 10198    90    10 -9999 -9999     0
2021 02 27 21    64    64 10182    50    10 -9999 -9999     0
2021 02 28 00    66    66 10188    80    10 -9999 -9999     0
2021 02 28 03    78    78 10187    70    10 -9999 -9999     0
2021 02 28 06    93    81 10153    90    10 -9999 -9999     0
2021 02 28 09    93    85 10141    50    20 -9999 -9999     0
2021 02 28 12    90    90 10150    60    10 -9999 -9999     0
2021 02 28 18    90    90 10170    20    20 -9999 -9999     1
2021 02 28 21    90    90 10175    40    20 -9999 -9999     3
2021 03 01 00    85    85 10216   360    10 -9999 -9999    30
2021 03 01 03    85    85 10255    10    10 -9999 -9999    70
2021 03 01 06    84    69 10255    20    20 -9999 -9999    40
2021 03 01 09    83    49 10271    30    30 -9999 -9999     1
2021 03 01 12    81    43 10294    20    30 -9999 -9999     0
2021 03 01 18    69    54 10301     0 -9999 -9999 -9999     0
2021 03 01 21    66    66 10290     0 -9999 -9999 -9999 -9999
2021 03 02 00    69    69 10300   270    10 -9999 -9999     0
2021 03 02 03   103    19 10298   340    20 -9999 -9999     0
2021 03 02 06   136    16 10258    40    20 -9999 -9999     0
2021 03 02 09   128    24 10242    90    30 -9999 -9999     0
2021 03 02 12   102    41 10254    80    30 -9999 -9999     0
2021 03 02 18    75    45 10258    30    30 -9999 -9999 -9999
2021 03 02 21    67    67 10255   270    10 -9999 -9999     4
2021 03 03 00    65    65 10261    30    20 -9999 -9999    50
2021 03 03 03    75    75 10262   260    10 -9999 -9999    50
2021 03 03 06   110    69 10228   270    20 -9999 -9999     0
2021 03 03 09   114    61 10214   250    10 -9999 -9999     0
2021 03 03 12    92    72 10225   140    10 -9999 -9999     0
2021 03 03 18    87    87 10230   270    10 -9999 -9999     3
2021 03 03 21    85    85 10209   100    10 -9999 -9999    10
2021 03 04 00    87    87 10219    80    20 -9999 -9999    10
2021 03 04 03   103   103 10221    90    10 -9999 -9999     1
2021 03 04 06   115    87 10193    70    10 -9999 -9999     0
2021 03 04 09   113    89 10181    60    20 -9999 -9999     0
2021 03 04 12   100   100 10181    30    10 -9999 -9999    20
2021 03 04 18    90    90 10168    70    10 -9999 -9999    10
2021 03 04 21    92    92 10163    10    20 -9999 -9999     0
2021 03 05 00    95    95 10172     0 -9999 -9999 -9999     0
2021 03 05 03   104   104 10174     0 -9999 -9999 -9999     0
2021 03 05 06   114   111 10156    20    10 -9999 -9999     0
2021 03 05 09   120   106 10140    60    20 -9999 -9999     0
2021 03 05 12   116   116 10165     0 -9999 -9999 -9999     1
2021 03 05 18   108   108 10188     0 -9999 -9999 -9999 -9999
2021 03 05 21   107   107 10199    30    10 -9999 -9999    30
2021 03 06 00   106   106 10223    50    10 -9999 -9999    40
2021 03 06 03   131   106 10241   320    10 -9999 -9999     7
2021 03 06 06   142    88 10222   360    30 -9999 -9999     0
2021 03 06 09   133    86 10227    30    30 -9999 -9999     0
2021 03 06 12   113    74 10252    40    40 -9999 -9999     0
2021 03 06 18    74    50 10267    40    30 -9999 -9999     0
2021 03 06 21    72    43 10262    30    20 -9999 -9999     0
2021 03 07 00    74    45 10283    40    20 -9999 -9999     0
2021 03 07 03    83    54 10285   110    10 -9999 -9999     0
2021 03 07 06    89    56 10264    90    20 -9999 -9999     0
2021 03 07 09    88    59 10250    80    20 -9999 -9999     0
2021 03 07 12    76    54 10268    80    30 -9999 -9999     0
2021 03 07 18    61    61 10250    80    20 -9999 -9999    10
2021 03 07 21    59    59 10253   310    20 -9999 -9999    30
2021 03 08 00    62    62 10256   280    10 -9999 -9999    50
2021 03 08 03    69    69 10258   190    10 -9999 -9999    80
2021 03 08 06    75    75 10241    80    20 -9999 -9999    60
2021 03 08 09    79    79 10233     0 -9999 -9999 -9999     9
2021 03 08 12    72    72 10249    80    10 -9999 -9999     0
2021 03 08 18    72    72 10255    60    10 -9999 -9999     3
2021 03 08 21    71    71 10244   100    10 -9999 -9999     3
2021 03 09 00    72    72 10262     0 -9999 -9999 -9999     3
2021 03 09 03    80    79 10279    55     7 -9999 -9999     5
2021 03 09 06    86    86 10261    10    10 -9999 -9999     9
2021 03 09 09    83    83 10249    70    20 -9999 -9999    30
2021 03 09 12    77    77 10268    80    10 -9999 -9999    40
2021 03 09 18    75    75 10253    50    20 -9999 -9999    70
2021 03 09 21    74    74 10243   360    10 -9999 -9999   120
2021 03 10 00    76    76 10253    50    20 -9999 -9999   120
2021 03 10 03    86    86 10254    40    10 -9999 -9999    60
2021 03 10 06    93    93 10232    60    10 -9999 -9999    20
2021 03 10 09    93    93 10214    60    10 -9999 -9999     7
2021 03 10 12    87    87 10226    70    10 -9999 -9999    20
2021 03 10 18    86    86 10233   160    10 -9999 -9999    20
2021 03 10 21    87    87 10229   298     8 -9999 -9999 -9999
2021 03 11 00    90    90 10248     0 -9999 -9999 -9999     3
2021 03 11 03   100   100 10255    40    10 -9999 -9999     3
2021 03 11 06   109   109 10237   100    10 -9999 -9999     0
2021 03 11 09   109   109 10230    60    10 -9999 -9999     0
2021 03 11 12   103   103 10245    70    10 -9999 -9999     0
2021 03 11 18   100   100 10252    60    30 -9999 -9999     0
2021 03 11 21   100   100 10244    40    30 -9999 -9999     0
2021 03 12 00   103   103 10257     0 -9999 -9999 -9999 -9999
2021 03 12 03   129   101 10265    50    30 -9999 -9999     0
2021 03 12 06   154    91 10236    70    20 -9999 -9999     0
2021 03 12 09   149    97 10219   120    10 -9999 -9999     0
2021 03 12 12   131   105 10230     0 -9999 -9999 -9999 -9999
2021 03 12 18   120   120 10230   270    10 -9999 -9999     0
2021 03 12 21   118   118 10220   230    10 -9999 -9999     0
2021 03 13 00   122   122 10232   210    20 -9999 -9999     0
2021 03 13 03   141   135 10234   150    20 -9999 -9999     0
2021 03 13 06   145   125 10211    60    10 -9999 -9999 -9999
2021 03 13 09   135   135 10201     0 -9999 -9999 -9999 -9999
2021 03 13 12   130   130 10203   270    10 -9999 -9999     0
2021 03 13 18   127   127 10194   270    30 -9999 -9999     0
2021 03 13 21   126   126 10179    70    10 -9999 -9999     0
2021 03 14 00   128   128 10193     0 -9999 -9999 -9999     0
2021 03 14 03   153   153 10188   120    10 -9999 -9999     0
2021 03 14 06   171   142 10149   100    10 -9999 -9999     0
2021 03 14 09   179   146 10126    40    10 -9999 -9999     0
2021 03 14 12   160   154 10121    30    20 -9999 -9999     0
2021 03 14 18   146   146 10126     0 -9999 -9999 -9999     0
2021 03 14 21   138   138 10106     0 -9999 -9999 -9999     0
2021 03 15 00   142   142 10114   280    20 -9999 -9999     0
2021 03 15 03   209   165 10117   320    10 -9999 -9999     0
2021 03 15 06   256   175 10085   170    20 -9999 -9999     0
2021 03 15 09   213   196 10088   140    10 -9999 -9999 -9999
2021 03 15 12   200   195 10104    60    10 -9999 -9999     0
2021 03 15 18   179   179 10115   300    40 -9999 -9999     0
2021 03 15 21   173   173 10119     0 -9999 -9999 -9999     0
2021 03 16 00   174   174 10134    60    20 -9999 -9999     0
2021 03 16 03   213   192 10139    70    40 -9999 -9999     0
2021 03 16 06   203   177 10113    60    30 -9999 -9999     0
2021 03 16 09   201   182 10106    70    30 -9999 -9999     0
2021 03 16 12   190   190 10123    60    20 -9999 -9999     0
2021 03 16 18   167   167 10134    60    20 -9999 -9999     0
2021 03 16 21   159   159 10125    70    20 -9999 -9999 -9999
2021 03 17 00   153   153 10136    80    40 -9999 -9999 -9999
2021 03 17 03   152   152 10143    70    30 -9999 -9999     0
2021 03 17 06   160   154 10124    50    30 -9999 -9999     0
2021 03 17 09   160   155 10110    70    30 -9999 -9999     0
2021 03 17 12   142   142 10129    80    20 -9999 -9999     0
2021 03 17 18   126   126 10144    70    10 -9999 -9999     0
2021 03 17 21   124   124 10140   110    10 -9999 -9999     0
2021 03 18 00   125   125 10148    70    20 -9999 -9999     0
2021 03 18 03   133   133 10147    60    10 -9999 -9999     0
2021 03 18 06   171   138 10116    50    10 -9999 -9999     0
2021 03 18 09   160   137 10103    70    40 -9999 -9999     0
2021 03 18 12   130   129 10128    69    40 -9999 -9999 -9999
2021 03 18 18   107   107 10149    70    30 -9999 -9999     0
2021 03 18 21    97    97 10146    80    30 -9999 -9999     0
2021 03 19 00    93    93 10166    80    20 -9999 -9999     0
2021 03 19 03    93    93 10167    70    20 -9999 -9999     0
2021 03 19 06   102   102 10139    80    20 -9999 -9999     0
2021 03 19 09    97    97 10127    80    20 -9999 -9999     0
2021 03 19 12    82    82 10158    80    30 -9999 -9999     0
2021 03 19 18    76    72 10199    30    30 -9999 -9999     0
2021 03 19 21    74    74 10202   110    10 -9999 -9999     0
2021 03 20 00    83    66 10219    20    10 -9999 -9999     0
2021 03 20 03   100    65 10222   270    10 -9999 -9999     0
2021 03 20 06   108    47 10199    20    30 -9999 -9999     0
2021 03 20 09   106    49 10195    40    30 -9999 -9999     0
2021 03 20 12   100    54 10218    20    30 -9999 -9999     0
2021 03 20 18    94    54 10244    30    20 -9999 -9999     0
2021 03 20 21    83    71 10257    10    30 -9999 -9999 -9999
2021 03 21 00    80    72 10290    30    50 -9999 -9999 -9999
2021 03 21 03    86    53 10303    30    40 -9999 -9999     0
2021 03 21 06   115    52 10279    20    40 -9999 -9999     0
2021 03 21 09   112    53 10269    20    20 -9999 -9999     0
2021 03 21 12   102    65 10288    10    20 -9999 -9999     0
2021 03 21 18    91    60 10308   280    10 -9999 -9999     0
2021 03 21 21    87    58 10302   280    10 -9999 -9999     0
2021 03 22 00    91    62 10315   280    20 -9999 -9999     0
2021 03 22 03   143    40 10315    50    20 -9999 -9999     0
2021 03 22 06   174   -13 10281   100    20 -9999 -9999     0
2021 03 22 09   165    -2 10259   100    20 -9999 -9999     0
2021 03 22 12   138    -3 10264    90    10 -9999 -9999     0
2021 03 22 18   100    21 10258   190    20 -9999 -9999     0
2021 03 22 21    79    47 10239     0 -9999 -9999 -9999     0
2021 03 23 00    82    65 10248   270    10 -9999 -9999     0
2021 03 23 03   129    56 10242   210    10 -9999 -9999     0
2021 03 23 06   163    50 10209   260    10 -9999 -9999     0
2021 03 23 09   178    33 10180   210    30 -9999 -9999     0
2021 03 23 12   131    73 10191   120    10 -9999 -9999     0
2021 03 23 18    93    74 10192     0 -9999 -9999 -9999     0
2021 03 23 21    77    77 10181   250    10 -9999 -9999     0
2021 03 24 00    93    93 10198   150    20 -9999 -9999     0
2021 03 24 03   177    77 10196   290    20 -9999 -9999     0
2021 03 24 06   225    75 10159   150    10 -9999 -9999     0
2021 03 24 09   239    67 10138   100    20 -9999 -9999     0
2021 03 24 12   187    45 10152    80    20 -9999 -9999     0
2021 03 24 18   140    80 10171    70    10 -9999 -9999     0
2021 03 24 21   113    87 10171     0 -9999 -9999 -9999     0
2021 03 25 00   133    94 10192     0 -9999 -9999 -9999     0
2021 03 25 03   195    97 10192    80    10 -9999 -9999     0
2021 03 25 06   223   105 10159    50    10 -9999 -9999     0
2021 03 25 09   227   102 10140   140    20 -9999 -9999     0
2021 03 25 12   206   113 10142     0 -9999 -9999 -9999     0
2021 03 25 18   180   116 10131   340    20 -9999 -9999     0
2021 03 25 21   171   122 10117     0 -9999 -9999 -9999     0
2021 03 26 00   164   131 10129   290    10 -9999 -9999     0
2021 03 26 03   212   141 10128    90    10 -9999 -9999     0
2021 03 26 06   232   158 10095   170    50 -9999 -9999     0
2021 03 26 09   241   166 10079   160    40 -9999 -9999     0
2021 03 26 12   215   165 10095   170    10 -9999 -9999     0
2021 03 26 18   193   163 10108     0 -9999 -9999 -9999     0
2021 03 26 21   180   158 10096    80    30 -9999 -9999     0
2021 03 27 00   156   133 10115    70    30 -9999 -9999 -9999
2021 03 27 03   150   150 10133    40    20 -9999 -9999 -9999
2021 03 27 06   144   144 10118    90    10 -9999 -9999 -9999
2021 03 27 09   147   147 10113   110    20 -9999 -9999 -9999
2021 03 27 12   145   145 10128   170    30 -9999 -9999     0
2021 03 27 18   144   144 10128   260    10 -9999 -9999     0
2021 03 27 21   137   137 10114     0 -9999 -9999 -9999     0
2021 03 28 00   147   147 10128   280    10 -9999 -9999     0
2021 03 28 03   184   169 10130   130    10 -9999 -9999     0
2021 03 28 06   247   159 10090    80    10 -9999 -9999     0
2021 03 28 09   253   167 10063   150    20 -9999 -9999     0
2021 03 28 12   213   173 10068   130    10 -9999 -9999     0
2021 03 28 18   187   185 10057    30    10 -9999 -9999     0
2021 03 28 21   177   177 10037    90    10 -9999 -9999     0
2021 03 29 00   188   188 10045    60    20 -9999 -9999     0
2021 03 29 03   257   191 10042   350    10 -9999 -9999     0
2021 03 29 06   286   195 10003   150    10 -9999 -9999     0
2021 03 29 09   293   202  9980    90    20 -9999 -9999     0
2021 03 29 12   263   199  9993    50    30 -9999 -9999     0
2021 03 29 18   222   201 10016    70    30 -9999 -9999     0
2021 03 29 21   208   198 10011    70    30 -9999 -9999     0
2021 03 30 00   203   182 10040    70    30 -9999 -9999     0
2021 03 30 03   212   170 10039    80    40 -9999 -9999     0
2021 03 30 06   229   180 10008    50    30 -9999 -9999     0
2021 03 30 09   223   181  9988    60    40 -9999 -9999     0
2021 03 30 12   204   174 10003    30    20 -9999 -9999     0
2021 03 30 18   180   180 10023    77    23 -9999 -9999 -9999
2021 03 30 21   158   158 10021    70    20 -9999 -9999     0
2021 03 31 00   150   150 10041    80    30 -9999 -9999     0
2021 03 31 03   161   161 10046    70    20 -9999 -9999     0
2021 03 31 06   186   153 10023    70    20 -9999 -9999     0
2021 03 31 09   196   161 10012    60    30 -9999 -9999     0
2021 03 31 12   170   150 10037    80    30 -9999 -9999     0
2021 03 31 18   146   146 10053    80    20 -9999 -9999     0
2021 03 31 21   132   132 10060    80    20 -9999 -9999 -9999
2021 04 01 00   127   127 10093    90    10 -9999 -9999 -9999
2021 04 01 03   130   130 10109    80    20 -9999 -9999     0
2021 04 01 06   139   139 10091    80    10 -9999 -9999     0
2021 04 01 09   141   141 10082    60    20 -9999 -9999     0
2021 04 01 12   123   123 10105    70    20 -9999 -9999 -9999
2021 04 01 18   116   116 10123   100    20 -9999 -9999     0
2021 04 01 21   112   112 10126    90    10 -9999 -9999 -9999
2021 04 02 00   113   113 10150    80    10 -9999 -9999 -9999
2021 04 02 03   126   126 10155    80    20 -9999 -9999     0
2021 04 02 06   143   129 10134    70    20 -9999 -9999     0
2021 04 02 09   138   117 10128    70    30 -9999 -9999     0
2021 04 02 12   122   122 10150    70    20 -9999 -9999 -9999
2021 04 02 18   118   118 10173   110    20 -9999 -9999 -9999
2021 04 02 21   116   116 10169    60    10 -9999 -9999 -9999
2021 04 03 00   115   115 10200   340    10 -9999 -9999 -9999
2021 04 03 03   121   121 10208    40    30 -9999 -9999 -9999
2021 04 03 06   138   104 10195    60    20 -9999 -9999     0
2021 04 03 09   127    93 10194    60    30 -9999 -9999     0
2021 04 03 12   118    94 10216    40    30 -9999 -9999     0
2021 04 03 18   115   105 10228    29     5 -9999 -9999 -9999
2021 04 03 21   116    93 10220    80    10 -9999 -9999     0
2021 04 04 00   109   109 10240   100    10 -9999 -9999 -9999
2021 04 04 03   121    88 10246    50    30 -9999 -9999     0
2021 04 04 06   119    84 10230    40    40 -9999 -9999     0
2021 04 04 09   114    88 10218    60    10 -9999 -9999     0
2021 04 04 12   105   105 10237    40    10 -9999 -9999     0
2021 04 04 18   100   100 10233    60    10 -9999 -9999 -9999
2021 04 04 21   100   100 10225    50    20 -9999 -9999 -9999
2021 04 05 00   102   102 10239    30    10 -9999 -9999 -9999
2021 04 05 03   117   117 10239    50    10 -9999 -9999 -9999
2021 04 05 06   124   116 10221    30    10 -9999 -9999     0
2021 04 05 09   120   120 10208   160    10 -9999 -9999 -9999
2021 04 05 12   119   119 10219    80    20 -9999 -9999     0
2021 04 05 18   116   116 10210    40    10 -9999 -9999 -9999
2021 04 05 21   116   116 10207    70    10 -9999 -9999 -9999
2021 04 06 00   118   118 10228    90    20 -9999 -9999 -9999
2021 04 06 03   127   127 10231    60    10 -9999 -9999 -9999
2021 04 06 06   146   123 10216    40    10 -9999 -9999     0
2021 04 06 09   147   124 10203    70    10 -9999 -9999     0
2021 04 06 12   138   125 10219    60    20 -9999 -9999     0
2021 04 06 18   127   127 10202    80    10 -9999 -9999     0
2021 04 06 21   126   126 10179    60    10 -9999 -9999     0
2021 04 07 00   129   129 10192    50    10 -9999 -9999     0
2021 04 07 03   130   130 10194   100    10 -9999 -9999 -9999
2021 04 07 06   138   138 10174   350    10 -9999 -9999 -9999
2021 04 07 09   138   138 10169   340    20 -9999 -9999 -9999
2021 04 07 12   131   131 10191    20    30 -9999 -9999    30
2021 04 07 18   121   119 10202   130    30 -9999 -9999     0
2021 04 07 21   120   117 10198   330    20 -9999 -9999     0
2021 04 08 00   121    91 10223    10    40 -9999 -9999     0
2021 04 08 06   143    93 10212    20    30 -9999 -9999 -9999
2021 04 08 09   130   122 10202    50    10 -9999 -9999    10
2021 04 08 12   120   120 10217    50    10 -9999 -9999    10
2021 04 08 18   115   115 10216     0 -9999 -9999 -9999     0
2021 04 08 21   112   112 10212     0 -9999 -9999 -9999     0
2021 04 09 00   118   118 10229    70    20 -9999 -9999     0
2021 04 09 03   144   112 10235    80    20 -9999 -9999     0
2021 04 09 06   177   103 10210    90    10 -9999 -9999     0
2021 04 09 09   157   125 10197   160    10 -9999 -9999     1
2021 04 09 12   139   139 10213   270    10 -9999 -9999     2
2021 04 09 18   134   134 10215    50    10 -9999 -9999     0
2021 04 09 21   129   129 10209    50    10 -9999 -9999     2
2021 04 10 00   131   131 10223    50    20 -9999 -9999     4
2021 04 10 03   127   127 10237    60    10 -9999 -9999    90
2021 04 10 06   133   133 10220    60    10 -9999 -9999    90
2021 04 10 09   129   129 10210    80    10 -9999 -9999     2
2021 04 10 12   122   122 10214    90    10 -9999 -9999     3
2021 04 10 18   119   119 10214    10    10 -9999 -9999     0
2021 04 10 21   119   119 10200    70    10 -9999 -9999     0
2021 04 11 00   123   123 10213    40    10 -9999 -9999     7
2021 04 11 03   127   127 10221    30    20 -9999 -9999    20
2021 04 11 06   140   140 10196    60    10 -9999 -9999    10
2021 04 11 09   140   140 10182    80    10 -9999 -9999     0
2021 04 11 12   135   135 10187    80    10 -9999 -9999     0
2021 04 11 18   131   131 10184    80    10 -9999 -9999     0
2021 04 11 21   129   129 10173    40    10 -9999 -9999     9
2021 04 12 00   130   130 10195   350    10 -9999 -9999    50
2021 04 12 03   142   142 10203   150    10 -9999 -9999    40
2021 04 12 06   138   138 10186   110    30 -9999 -9999    20
2021 04 12 09   146   146 10170   120    20 -9999 -9999    20
2021 04 12 12   141   141 10182   100    10 -9999 -9999     1
2021 04 12 18   139   139 10190   310    40 -9999 -9999     0
2021 04 12 21   135   135 10174    10    20 -9999 -9999     1
2021 04 13 00   141   141 10185    50    10 -9999 -9999     1
2021 04 13 03   163   153 10187    60    20 -9999 -9999     0
2021 04 13 06   165   138 10171   350    10 -9999 -9999     0
2021 04 13 09   156   133 10155    30    40 -9999 -9999     0
2021 04 13 12   147   127 10162    30    30 -9999 -9999     0
2021 04 13 18   137   137 10178    20    20 -9999 -9999    60
2021 04 13 21   137   137 10167   310    10 -9999 -9999    60
2021 04 14 00   142   142 10185    40    10 -9999 -9999    50
2021 04 14 03   145   145 10192    20    30 -9999 -9999   110
2021 04 14 06   157   157 10167    40    20 -9999 -9999   110
2021 04 14 09   149   149 10152    40    10 -9999 -9999    40
2021 04 14 12   143   143 10163    30    30 -9999 -9999     4
2021 04 14 18   136   136 10161   110    10 -9999 -9999     1
2021 04 14 21   134   134 10152    50    20 -9999 -9999    30
2021 04 15 00   134   134 10163   160    20 -9999 -9999    80
2021 04 15 03   142 -9999 10172    55    11 -9999 -9999    55
2021 04 15 06   158   158 10155    60    20 -9999 -9999     4
2021 04 15 09   159   159 10142    30    10 -9999 -9999     8
2021 04 15 12   154   154 10157   320    20 -9999 -9999     6
2021 04 15 18   149   149 10165     0 -9999 -9999 -9999     6
2021 04 15 21   144   144 10158   350    10 -9999 -9999     6
2021 04 16 00   146   146 10172   210    10 -9999 -9999     0
2021 04 16 03   152   152 10185    60    10 -9999 -9999    30
2021 04 16 06   163   163 10177    20    10 -9999 -9999    40
2021 04 16 09   163   163 10173   340    10 -9999 -9999    20
2021 04 16 12   158   158 10187    40    20 -9999 -9999    10
2021 04 16 18   144   144 10205   290    10 -9999 -9999     0
2021 04 16 21   130   130 10203     0 -9999 -9999 -9999     0
2021 04 17 00   140   140 10219   250    10 -9999 -9999     0
2021 04 17 03 -9999 -9999 -9999     0 -9999 -9999 -9999     0
2021 04 17 06   222   153 10204    20    20 -9999 -9999     0
2021 04 17 09   202   139 10195    50    30 -9999 -9999     0
2021 04 17 12   176   139 10205    50    20 -9999 -9999 -9999
2021 04 17 18   159   159 10194     0 -9999 -9999 -9999     2
2021 04 17 21   152   152 10186     0 -9999 -9999 -9999    60
2021 04 18 00   140   140 10205    30    40 -9999 -9999   110
2021 04 18 03   123   123 10209    70    30 -9999 -9999   150
2021 04 18 06   135   135 10186    60    30 -9999 -9999   140
2021 04 18 09   131   131 10174    70    30 -9999 -9999    80
2021 04 18 12   109   109 10189    70    30 -9999 -9999    80
2021 04 18 18   111   111 10169    90    20 -9999 -9999    50
2021 04 18 21   113   113 10160   110    30 -9999 -9999    40
2021 04 19 00   120   120 10171    60    30 -9999 -9999    20
2021 04 19 03   136   136 10168    40    10 -9999 -9999     0
2021 04 19 06   154   127 10147   100    20 -9999 -9999     0
2021 04 19 09   159   136 10126   100    10 -9999 -9999     0
2021 04 19 12   149   149 10135    80    20 -9999 -9999     0
2021 04 19 18   142   142 10133    70    10 -9999 -9999     0
2021 04 19 21   142   142 10124     0 -9999 -9999 -9999     0
2021 04 20 00   145   145 10134    80    20 -9999 -9999     1
2021 04 20 03   164   164 10134    90    10 -9999 -9999     1
2021 04 20 06   201   165 10106    30    10 -9999 -9999     0
2021 04 20 09   203   171 10095    20    10 -9999 -9999     0
2021 04 20 12   196   177 10102    40    10 -9999 -9999     0
2021 04 20 18   180   180 10115   300    10 -9999 -9999     0
2021 04 20 21   179   179 10106     0 -9999 -9999 -9999     0
