2021 01 01 00     0   -46 10324   213    11 -9999 -9999 -9999
2021 01 01 03    62   -60 10319    55    19 -9999 -9999 -9999
2021 01 01 06   102   -46 10273   329    23 -9999 -9999     2
2021 01 01 09   120   -39 10258   322     9 -9999 -9999 -9999
2021 01 01 12    41    -5 10279   215     9 -9999 -9999 -9999
2021 01 01 18    -5    -9 10286   235     9 -9999 -9999 -9999
2021 01 01 21   -10   -14 10275   256     9 -9999 -9999 -9999
2021 01 02 00   -15   -18 10286   235     8 -9999 -9999 -9999
2021 01 02 03    40    -7 10286   318     5 -9999 -9999 -9999
2021 01 02 06    72   -16 10242    31    15 -9999 -9999 -9999
2021 01 02 09    81   -12 10231    20     8 -9999 -9999 -9999
2021 01 02 12    62     9 10244   360     0 -9999 -9999 -9999
2021 01 02 18    57    23 10270   360     0 -9999 -9999 -9999
2021 01 02 21    56    11 10265    25    10 -9999 -9999 -9999
2021 01 03 00    57    14 10287    43     4 -9999 -9999 -9999
2021 01 03 03    80     4 10301     2    23 -9999 -9999 -9999
2021 01 03 06   107     8 10271   345    29 -9999 -9999 -9999
2021 01 03 09   102     8 10263   338    22 -9999 -9999 -9999
2021 01 03 12    51    12 10280   238     5 -9999 -9999 -9999
2021 01 03 18    10     6 10291   222     8 -9999 -9999 -9999
2021 01 03 21    10     8 10279   209     6 -9999 -9999 -9999
2021 01 04 00    22    14 10285   360     2 -9999 -9999 -9999
2021 01 04 03    77     1 10280    60    14 -9999 -9999 -9999
2021 01 04 06   131     5 10234    69    10 -9999 -9999 -9999
2021 01 04 09   151    16 10220   359     9 -9999 -9999 -9999
2021 01 04 12   102    46 10241   360     0 -9999 -9999 -9999
2021 01 04 18    77    -9 10253   322    15 -9999 -9999 -9999
2021 01 04 21    71   -11 10256   355     9 -9999 -9999 -9999
2021 01 05 00    65     0 10285   331    16 -9999 -9999 -9999
2021 01 05 03    75     4 10292   339    26 -9999 -9999 -9999
2021 01 05 06    86    -4 10270   358    33 -9999 -9999 -9999
2021 01 05 09    80    -7 10269    17    36 -9999 -9999 -9999
2021 01 05 12    62     0 10286   319    24 -9999 -9999 -9999
2021 01 05 18    52    -7 10289   338    27 -9999 -9999 -9999
2021 01 05 21    45    -5 10275   339    21 -9999 -9999 -9999
2021 01 06 00    40    -6 10282   312    22     8 -9999 -9999
2021 01 06 03    45    -5 10282   335    21     8 -9999 -9999
2021 01 06 06    50    -4 10251   336    26     8 -9999 -9999
2021 01 06 09    50     1 10246   339    27     8 -9999 -9999
2021 01 06 12    37    13 10266   341    25     8 -9999 -9999
2021 01 06 18    20    13 10289   345    31 -9999 -9999     2
2021 01 06 21    20     6 10289   347    32 -9999 -9999     6
2021 01 07 00    12     0 10315   347    29     8 -9999     4
2021 01 07 03    11   -18 10333   346    24     8 -9999 -9999
2021 01 07 06     1   -20 10308   344    31 -9999 -9999 -9999
2021 01 07 09     2   -41 10306   347    22     8 -9999 -9999
2021 01 07 12     0   -49 10335     9    23     8 -9999 -9999
2021 01 07 18   -10   -96 10363    10    42 -9999 -9999 -9999
2021 01 07 21   -12  -101 10357     8    32 -9999 -9999 -9999
2021 01 08 00   -12  -100 10370     7    32 -9999 -9999 -9999
2021 01 08 03     0  -111 10375     4    36 -9999 -9999 -9999
2021 01 08 06    52  -159 10321    30    30 -9999 -9999     0
2021 01 08 09    59  -154 10302    10    40 -9999 -9999     0
2021 01 08 12    38  -139 10314    10    20 -9999 -9999     0
2021 01 08 18    25  -125 10321    30    10 -9999 -9999     1
2021 01 08 21    20  -119 10309    22    18 -9999 -9999 -9999
2021 01 09 00    17  -117 10313    11     8 -9999 -9999 -9999
2021 01 09 03    27  -115 10327    29    16 -9999 -9999 -9999
2021 01 09 06    47  -122 10283    32    13 -9999 -9999 -9999
2021 01 09 09    52  -148 10267    23    19 -9999 -9999 -9999
2021 01 09 12    46  -133 10286   355    14 -9999 -9999 -9999
2021 01 09 18    35  -113 10298   332    14 -9999 -9999     1
2021 01 09 21    27   -89 10284   321    13 -9999 -9999 -9999
2021 01 10 00    25   -80 10292   320    12 -9999 -9999 -9999
2021 01 10 03    35   -86 10310   350    13 -9999 -9999 -9999
2021 01 10 06    47   -97 10276   325    17 -9999 -9999 -9999
2021 01 10 09    50  -108 10270    17    26 -9999 -9999 -9999
2021 01 10 12    45  -105 10294   352    18 -9999 -9999 -9999
2021 01 10 18    40  -101 10334   348    21 -9999 -9999 -9999
2021 01 10 21    36   -97 10340   356    30 -9999 -9999 -9999
2021 01 11 00    32   -78 10365     5    18 -9999 -9999 -9999
2021 01 11 03    47   -71 10374     6    23 -9999 -9999 -9999
2021 01 11 06    70   -78 10342   336    30 -9999 -9999 -9999
2021 01 11 09    75   -74 10330   350    20 -9999 -9999 -9999
2021 01 11 12    16   -41 10339   210     4 -9999 -9999 -9999
2021 01 11 18   -24   -32 10343   224     6 -9999 -9999     1
2021 01 11 21   -34   -41 10338   201     4 -9999 -9999 -9999
2021 01 12 00   -40   -48 10340   242     5 -9999 -9999 -9999
2021 01 12 03    50   -30 10330    16     5 -9999 -9999 -9999
2021 01 12 06   116   -58 10272   155    11 -9999 -9999     2
2021 01 12 09   132   -49 10241   348    15 -9999 -9999 -9999
2021 01 12 12    37   -13 10246   201    10 -9999 -9999 -9999
2021 01 12 18   -12   -19 10245   360     0 -9999 -9999     1
2021 01 12 21   -20   -25 10228   222     5 -9999 -9999 -9999
2021 01 13 00   -10   -18 10242   234     7 -9999 -9999 -9999
2021 01 13 03    62   -12 10243    52     3 -9999 -9999 -9999
2021 01 13 06   137    -4 10197    18     4 -9999 -9999     1
2021 01 13 12    72    -6 10196   175     3 -9999 -9999     1
2021 01 13 18    41    15 10204   201     9 -9999 -9999     1
2021 01 13 21     7     1 10204   213     7 -9999 -9999 -9999
2021 01 14 00    -5    -8 10217   232    11 -9999 -9999 -9999
2021 01 14 03   105    11 10214   175     6 -9999 -9999 -9999
2021 01 14 06   185   -25 10163   164    29 -9999 -9999 -9999
2021 01 14 09   181   -33 10158   205    25 -9999 -9999 -9999
2021 01 14 12    85    18 10177   200    15 -9999 -9999 -9999
2021 01 14 18    27    14 10184   237     7 -9999 -9999     1
2021 01 14 21    11     7 10179   220     7 -9999 -9999     1
2021 01 15 00     5     2 10201   227     9 -9999 -9999 -9999
2021 01 15 03   105    18 10199   343    11 -9999 -9999 -9999
2021 01 15 06   202    12 10146   328    10 -9999 -9999 -9999
2021 01 15 09   206    24 10135   205    17 -9999 -9999 -9999
2021 01 15 12   116    57 10166   182     5 -9999 -9999 -9999
2021 01 15 18    90    59 10178   188     4 -9999 -9999     1
2021 01 15 21    80    61 10180   224     7 -9999 -9999 -9999
2021 01 16 00    80    64 10213   360     2 -9999 -9999 -9999
2021 01 16 03   115    25 10224   340    30 -9999 -9999 -9999
2021 01 16 06   140     6 10196   344    24 -9999 -9999 -9999
2021 01 16 09   125   -14 10207   352    26 -9999 -9999 -9999
2021 01 16 12   110   -18 10242   335    21 -9999 -9999 -9999
2021 01 16 18    72   -28 10315   345    46 -9999 -9999     1
2021 01 16 21    30     2 10355   353    45 -9999 -9999     1
2021 01 17 00    25    -5 10378   354    35 -9999 -9999     2
2021 01 17 03    32    -3 10383   345    36 -9999 -9999     1
2021 01 17 06    42    -4 10348   349    35 -9999 -9999 -9999
2021 01 17 09    57   -23 10343    11    40 -9999 -9999 -9999
2021 01 17 12    42    -8 10351   310    13 -9999 -9999 -9999
2021 01 17 18    10     0 10337   331     9 -9999 -9999 -9999
2021 01 17 21   -12   -13 10319   228     9 -9999 -9999 -9999
2021 01 18 00   -10   -11 10325    82    14 -9999 -9999 -9999
2021 01 18 03    46     0 10316    53    14 -9999 -9999 -9999
2021 01 18 06   120    -9 10261    26    21 -9999 -9999     1
2021 01 18 09   145   -12 10233   290    17 -9999 -9999 -9999
2021 01 18 12    50    -7 10247   226     7 -9999 -9999 -9999
2021 01 18 18    -9   -15 10237   233     9 -9999 -9999 -9999
2021 01 18 21   -15   -20 10222   209     8 -9999 -9999 -9999
2021 01 19 00   -20   -25 10239   222     9 -9999 -9999 -9999
2021 01 19 03    81     1 10226   134     7 -9999 -9999 -9999
2021 01 19 06   165    -2 10175   223    42 -9999 -9999 -9999
2021 01 19 09   171    11 10154   207    34 -9999 -9999 -9999
2021 01 19 12   111    24 10174   188    17 -9999 -9999 -9999
2021 01 19 18    50    24 10180   360     0 -9999 -9999 -9999
2021 01 19 21    35    25 10172   360     2 -9999 -9999 -9999
2021 01 20 00    35    22 10196    17     8 -9999 -9999 -9999
2021 01 20 03   152    41 10194   210    40 -9999 -9999 -9999
2021 01 20 06   162    79 10166   231    28 -9999 -9999 -9999
2021 01 20 09   175    86 10152   217    24 -9999 -9999 -9999
2021 01 20 12   145    91 10173   360     0 -9999 -9999 -9999
2021 01 20 18   120    78 10175   360     0 -9999 -9999 -9999
2021 01 20 21   108    45 10170    30    10 -9999 -9999     0
2021 01 21 00    97    47 10195   350    20 -9999 -9999     0
2021 01 21 03    95    57 10215    20    20 -9999 -9999     0
2021 01 21 06   100    63 10194    50    20 -9999 -9999     0
2021 01 21 09   101    66 10188    20    20 -9999 -9999     0
2021 01 21 12    86    85 10217    10    20 -9999 -9999     1
2021 01 21 18    85    81 10209   340    10 -9999 -9999     0
2021 01 21 21    84    78 10207    20    10 -9999 -9999     0
2021 01 22 00    77    74 10217   256     7 -9999 -9999 -9999
2021 01 22 03   116    71 10218   358    24 -9999 -9999 -9999
2021 01 22 06   150    70 10176   349    20 -9999 -9999 -9999
2021 01 22 09   140    65 10169   326    25 -9999 -9999 -9999
2021 01 22 12   117    66 10191   322     9 -9999 -9999 -9999
2021 01 22 18    50    50 10204   210     4 -9999 -9999 -9999
2021 01 22 21    50    49 10190   223    13 -9999 -9999 -9999
2021 01 23 00    57 -9999 10206   338    18 -9999 -9999 -9999
2021 01 23 03    76    59 10224    55    11 -9999 -9999 -9999
2021 01 23 06   115    62 10181    59    21 -9999 -9999 -9999
2021 01 23 09   160    67 10143    26    10 -9999 -9999 -9999
2021 01 23 12    90    77 10161   249     8 -9999 -9999 -9999
2021 01 23 18    71    67 10180   360     0 -9999 -9999 -9999
2021 01 23 21    80    75 10155   227     4 -9999 -9999 -9999
2021 01 24 00    82    77 10160   245     6 -9999 -9999 -9999
2021 01 24 03    95    73 10175   353     5 -9999 -9999 -9999
2021 01 24 06   102    71 10141    36     5 -9999 -9999 -9999
2021 01 24 09   102    88 10134   334     6 -9999 -9999 -9999
2021 01 24 12   102    91 10143    41    12 -9999 -9999 -9999
2021 01 24 18    97    80 10171   320    10 -9999 -9999     0
2021 01 24 21    87    84 10180   360    10 -9999 -9999     2
2021 01 25 00    76    75 10208   340    20 -9999 -9999    13
2021 01 25 03    72 -9999 10244   350    18 -9999 -9999    25
2021 01 25 06    77    72 10231   351    25 -9999 -9999    22
2021 01 25 09    82    65 10231   354    29 -9999 -9999     9
2021 01 25 12    77    65 10244     1    21 -9999 -9999     1
2021 01 25 18    67    50 10252   350    26 -9999 -9999 -9999
2021 01 25 21    65    54 10240   341    24 -9999 -9999 -9999
2021 01 26 00    65    44 10251   327    16 -9999 -9999 -9999
2021 01 26 03    71    42 10266   341    21 -9999 -9999 -9999
2021 01 26 06    80    39 10234   336    19 -9999 -9999 -9999
2021 01 26 09    85    35 10214   340    10 -9999 -9999 -9999
2021 01 26 12    77    30 10224   340    18 -9999 -9999 -9999
2021 01 26 18    67    48 10218   354     7 -9999 -9999 -9999
2021 01 26 21    60    58 10211   332    11 -9999 -9999 -9999
2021 01 27 00    57 -9999 10226   354    10 -9999 -9999     2
2021 01 27 03    60    59 10245    29    15 -9999 -9999     5
2021 01 27 06    62    62 10221    33    23 -9999 -9999     3
2021 01 27 09    65    65 10224   359    14 -9999 -9999     2
2021 01 27 12    62    53 10256   359    18 -9999 -9999     3
2021 01 27 18    61    54 10290   360    15 -9999 -9999 -9999
2021 01 27 21    65    44 10289   352    26 -9999 -9999     1
2021 01 28 00    62    45 10303   313     9 -9999 -9999     1
2021 01 28 03    82    43 10314   348    19 -9999 -9999 -9999
2021 01 28 06   140    31 10275   348    13 -9999 -9999 -9999
2021 01 28 09   142    34 10256   295    26 -9999 -9999 -9999
2021 01 28 12    87    43 10271   196     8 -9999 -9999 -9999
2021 01 28 18    55    45 10275   197     5 -9999 -9999 -9999
2021 01 28 21    55    47 10260   241     4 -9999 -9999 -9999
2021 01 29 00    57    42 10266   313     7 -9999 -9999 -9999
2021 01 29 03    87    -8 10274    21    15 -9999 -9999 -9999
2021 01 29 06   100     6 10239    37    11 -9999 -9999 -9999
2021 01 29 09   111     5 10215    27    11 -9999 -9999 -9999
2021 01 29 12    95    36 10220   360     1 -9999 -9999 -9999
2021 01 29 18    81    47 10240   360     1 -9999 -9999 -9999
2021 01 29 21    82    42 10231   357     6 -9999 -9999 -9999
2021 01 30 00    70    48 10254   360     1 -9999 -9999 -9999
2021 01 30 03    65    56 10274   336    12 -9999 -9999     2
2021 01 30 06    67    64 10249   315     8 -9999 -9999     3
2021 01 30 09    72    66 10237     4    13 -9999 -9999     2
2021 01 30 12    75    67 10241    52     9 -9999 -9999     1
2021 01 30 18    76    70 10240    69     4 -9999 -9999 -9999
2021 01 30 21    75    71 10235    20     3 -9999 -9999 -9999
2021 01 31 00    75    75 10242   360     0 -9999 -9999 -9999
2021 01 31 03    80    79 10250   341     3 -9999 -9999     3
2021 01 31 06    85    82 10221    35    12 -9999 -9999     5
2021 01 31 09    86    86 10208   120     5 -9999 -9999     6
2021 01 31 12    87    87 10219    45    16 -9999 -9999     4
2021 01 31 18    85    84 10229    28    10 -9999 -9999    38
2021 01 31 21    81    81 10231   355    15 -9999 -9999    36
2021 02 01 00    81    81 10243   334     4 -9999 -9999     6
2021 02 01 03    91    83 10253    15    10 -9999 -9999     2
2021 02 01 06   100    88 10227    32     9 -9999 -9999     6
2021 02 01 09   105    92 10214   355     7 -9999 -9999     6
2021 02 01 12   102    97 10229   360     2 -9999 -9999 -9999
2021 02 01 18    96    95 10244    19     6 -9999 -9999 -9999
2021 02 01 21    92 -9999 10228   360     2 -9999 -9999 -9999
2021 02 02 00    92 -9999 10240   186     4 -9999 -9999 -9999
2021 02 02 03   101    92 10263   351     9 -9999 -9999     1
2021 02 02 06   102   100 10236    21     8 -9999 -9999    20
2021 02 02 09   105    99 10232   344     9 -9999 -9999    19
2021 02 02 12    97    89 10246   356     8 -9999 -9999 -9999
2021 02 02 18    91    83 10249     1    12 -9999 -9999 -9999
2021 02 02 21    86    83 10237   325     7 -9999 -9999 -9999
2021 02 03 00    85    85 10247     1     7 -9999 -9999     5
2021 02 03 03    97    85 10259    45    10 -9999 -9999     8
2021 02 03 06   116    93 10231    44    18 -9999 -9999     3
2021 02 03 09   121   102 10222    36    15 -9999 -9999 -9999
2021 02 03 12   107    99 10239    32    21 -9999 -9999 -9999
2021 02 03 18    97    92 10243   332     8 -9999 -9999 -9999
2021 02 03 21    92 -9999 10233   297    13 -9999 -9999 -9999
2021 02 04 00    95    95 10247    21     7 -9999 -9999 -9999
2021 02 04 03   112    95 10251    25    10 -9999 -9999 -9999
2021 02 04 06   115   101 10216   360     8 -9999 -9999 -9999
2021 02 04 09   130   108 10193   360     1 -9999 -9999 -9999
2021 02 04 12   121   115 10201   356     7 -9999 -9999 -9999
2021 02 04 18   105   101 10211   348    15 -9999 -9999 -9999
2021 02 04 21   100   100 10201     7    11 -9999 -9999     2
2021 02 05 00    97    96 10237   341    16 -9999 -9999     2
2021 02 05 03    95    94 10260    25    19 -9999 -9999     1
2021 02 05 06   100    95 10239   340    20 -9999 -9999     9
2021 02 05 09   110    90 10226   339    17 -9999 -9999     9
2021 02 05 12   102    93 10232    55    16 -9999 -9999     1
2021 02 05 18    95    91 10226   112     6 -9999 -9999 -9999
2021 02 05 21    87 -9999 10206   329     7 -9999 -9999 -9999
2021 02 06 00    90    89 10222   318     6 -9999 -9999 -9999
2021 02 06 03   120    92 10224    44     4 -9999 -9999 -9999
2021 02 06 06   186   114 10173    95     6 -9999 -9999 -9999
2021 02 06 09   216   113 10141   217    30 -9999 -9999 -9999
2021 02 06 12   137   123 10160   225     7 -9999 -9999 -9999
2021 02 06 18    87    87 10176   228     5 -9999 -9999 -9999
2021 02 06 21    81    81 10172   228     4 -9999 -9999 -9999
2021 02 07 00    91    91 10198   240     4 -9999 -9999 -9999
2021 02 07 03   130   110 10208   229     6 -9999 -9999 -9999
2021 02 07 06   182   122 10182    31     8 -9999 -9999 -9999
2021 02 07 09   190   136 10171   350    21 -9999 -9999 -9999
2021 02 07 12   150   122 10207   347    18 -9999 -9999 -9999
2021 02 07 18   131   117 10221   333    16 -9999 -9999 -9999
2021 02 07 21   125   119 10217   333    19 -9999 -9999 -9999
2021 02 08 00   115   103 10246    15    27 -9999 -9999     5
2021 02 08 03   102    98 10268    20    35 -9999 -9999     7
2021 02 08 06   101    96 10249   347    26 -9999 -9999     2
2021 02 08 09    97    89 10252     1    31 -9999 -9999 -9999
2021 02 08 12    97    82 10267     3    23 -9999 -9999     1
2021 02 08 18    90    79 10260   343    18 -9999 -9999 -9999
2021 02 08 21    85    78 10237   357    23 -9999 -9999     2
2021 02 09 00    80    73 10246   319    20 -9999 -9999     2
2021 02 09 03    77    77 10257   348    10 -9999 -9999    29
2021 02 09 06    81    80 10240   352    15 -9999 -9999    69
2021 02 09 12    76    75 10237   344    10 -9999 -9999   112
2021 02 09 18    75    74 10210   268     5 -9999 -9999    83
2021 02 09 21    77    77 10195   315    22 -9999 -9999    64
2021 02 10 00    77    77 10212   340    11 -9999 -9999    48
2021 02 10 03    86    85 10220    23    15 -9999 -9999    35
2021 02 10 06    95    93 10196   313     9 -9999 -9999    19
2021 02 10 09    97    97 10190     5    15 -9999 -9999    34
2021 02 11 00    95    90 10207    42    17 -9999 -9999     1
2021 02 13 12   147   116 10191   234     5 -9999 -9999 -9999
2021 02 13 18   112   111 10191   113     3 -9999 -9999 -9999
2021 02 13 21   114   112 10181     0 -9999 -9999 -9999     0
2021 02 14 00   105   104 10200   209     8 -9999 -9999 -9999
2021 02 14 03   180    96 10203    54    17 -9999 -9999 -9999
2021 02 14 06   206    95 10168    48    18 -9999 -9999 -9999
2021 02 14 09   230    93 10138   234     9 -9999 -9999 -9999
2021 02 14 12   141   118 10154   211     8 -9999 -9999 -9999
2021 02 14 18    91    91 10156   214     4 -9999 -9999 -9999
2021 02 14 21    82 -9999 10152   225     5 -9999 -9999 -9999
2021 02 15 00    81    81 10175   203     8 -9999 -9999 -9999
2021 02 15 03   142   102 10183   338     9 -9999 -9999 -9999
2021 02 15 06   205   120 10135   207    31 -9999 -9999 -9999
2021 02 15 09   201   126 10125   223    17 -9999 -9999 -9999
2021 02 15 12   160   146 10145   360     2 -9999 -9999 -9999
2021 02 15 18   121   119 10169     5    25 -9999 -9999    75
2021 02 15 21   107   106 10167   358    22 -9999 -9999   101
2021 02 16 00    91    90 10211     2    21 -9999 -9999   236
2021 02 16 03    90    90 10236   344    18 -9999 -9999   232
2021 02 16 06    95    86 10223    10    22 -9999 -9999    36
2021 02 16 09   102    90 10222    21    22 -9999 -9999     3
2021 02 16 12    96    88 10240    27    14 -9999 -9999 -9999
2021 02 16 18    95    84 10258     3    17 -9999 -9999 -9999
2021 02 16 21    91    82 10252   358    16 -9999 -9999 -9999
2021 02 17 00    90    75 10270   340    21 -9999 -9999 -9999
2021 02 17 03   111    62 10283     1    25 -9999 -9999 -9999
2021 02 17 06   155    72 10252   326    17 -9999 -9999 -9999
2021 02 17 09   181    66 10232   317    15 -9999 -9999 -9999
2021 02 17 12   112    86 10252   187    11 -9999 -9999 -9999
2021 02 17 18    67    67 10277   233     6 -9999 -9999 -9999
2021 02 17 21    56    56 10269   257    12 -9999 -9999 -9999
2021 02 18 00    66    66 10296    40     6 -9999 -9999 -9999
2021 02 18 03   110    63 10314   118     8 -9999 -9999 -9999
2021 02 18 06   151    42 10281    48    16 -9999 -9999 -9999
2021 02 18 09   162    47 10267    54    10 -9999 -9999 -9999
2021 02 18 12   110    84 10274   207     9 -9999 -9999 -9999
2021 02 18 18    55    55 10278   234     3 -9999 -9999 -9999
2021 02 18 21    56    56 10268   244     5 -9999 -9999 -9999
2021 02 19 00    60    59 10284   342     6 -9999 -9999 -9999
2021 02 19 03    97    67 10289    45     6 -9999 -9999 -9999
2021 02 19 06   135    63 10260   360     2 -9999 -9999 -9999
2021 02 19 09   150    50 10240    67     3 -9999 -9999 -9999
2021 02 20 18   111   102 10168   192    14 -9999 -9999 -9999
2021 02 20 21   112   106 10151   185    14 -9999 -9999 -9999
2021 02 21 00   110   108 10175   360     0 -9999 -9999 -9999
2021 02 21 06   207   121 10147   218    38 -9999 -9999 -9999
2021 02 21 09   212   132 10131   175    22 -9999 -9999 -9999
2021 02 21 18   152   152 10153   206    15 -9999 -9999     8
2021 02 21 21   145   144 10151   238     9 -9999 -9999    14
2021 02 22 00   136   136 10170   175    10 -9999 -9999     6
2021 02 22 03   205   151 10173   183    31 -9999 -9999 -9999
2021 02 22 06   240   138 10141   160    23 -9999 -9999 -9999
2021 02 22 09   255   133 10121   170    18 -9999 -9999 -9999
2021 02 22 12   175   157 10144   193    10 -9999 -9999 -9999
2021 02 22 18   131   131 10169   200     7 -9999 -9999 -9999
2021 02 22 21   117 -9999 10160   176     4 -9999 -9999 -9999
2021 02 23 00   117 -9999 10182   231     3 -9999 -9999 -9999
2021 02 23 03   202   150 10174   127     3 -9999 -9999 -9999
2021 02 23 06   257   142 10131   198    37 -9999 -9999 -9999
2021 02 23 09   261   132 10105   211    25 -9999 -9999 -9999
2021 02 23 12   182   147 10122   360     2 -9999 -9999 -9999
2021 02 23 18   132   132 10124   209     3 -9999 -9999 -9999
2021 02 23 21   132 -9999 10108   360     2 -9999 -9999 -9999
2021 02 24 00   142   140 10123   360     2 -9999 -9999 -9999
2021 02 24 03   225   150 10117   203    45 -9999 -9999 -9999
2021 02 24 06   250   131 10070   177    50 -9999 -9999 -9999
2021 02 24 09   242   122 10057   202    42 -9999 -9999 -9999
2021 02 24 12   207   134 10069   219    16 -9999 -9999 -9999
2021 02 24 18   202   148 10076   212    21 -9999 -9999 -9999
2021 02 24 21   190   158 10068   203    18 -9999 -9999     1
2021 02 25 00   192   154 10085   223    31 -9999 -9999     1
2021 02 25 03   200   162 10096   200     9 -9999 -9999 -9999
2021 02 25 06   130   129 10093   358    29 -9999 -9999    28
2021 02 25 09   105    99 10099   346    31 -9999 -9999   101
2021 02 25 12    87    79 10121   347    30 -9999 -9999   111
2021 02 25 18    65    61 10165   335    24 -9999 -9999    19
2021 02 25 21    65    51 10162   352    26 -9999 -9999     7
2021 02 26 00    60    45 10185   341    34 -9999 -9999     2
2021 02 26 03    60    49 10207   355    29 -9999 -9999   122
2021 02 26 06    62    46 10193   341    28 -9999 -9999   137
2021 02 26 09    62    42 10184     4    28 -9999 -9999    17
2021 02 26 12    60    36 10198     3    28 -9999 -9999     2
2021 02 26 18    57    39 10213   341    26 -9999 -9999 -9999
2021 02 26 21    56    39 10205   342    28 -9999 -9999 -9999
2021 02 27 00    57    39 10212   350    19 -9999 -9999 -9999
2021 02 27 03    61    43 10220   330    18 -9999 -9999     1
2021 02 27 06    67    50 10194   357    12 -9999 -9999     1
2021 02 27 09    66    60 10182   312    15 -9999 -9999     1
2021 02 27 12    67    58 10180   313    10 -9999 -9999     1
2021 02 27 18    65    64 10181   346     7 -9999 -9999     4
2021 02 27 21    65    65 10167     3    11 -9999 -9999     9
2021 02 28 00    66    66 10173   304     9 -9999 -9999     7
2021 02 28 03    75    74 10181   345     4 -9999 -9999     7
2021 02 28 06    82    82 10147    60     6 -9999 -9999     9
2021 02 28 09    91    91 10123    10    10 -9999 -9999    10
2021 02 28 12    92 -9999 10128    31    15 -9999 -9999     7
2021 02 28 18   100    99 10153    20    15 -9999 -9999     6
2021 02 28 21    82    82 10178   352    21 -9999 -9999     8
2021 03 01 00    80    79 10226     8    26 -9999 -9999   155
2021 03 01 03    90    74 10258   342    29 -9999 -9999   150
2021 03 01 06    90    70 10250   350    33 -9999 -9999     3
2021 03 01 09    90    66 10257     9    37 -9999 -9999 -9999
2021 03 01 12    87    61 10275     7    26 -9999 -9999 -9999
2021 03 01 18    80    49 10280   322    12 -9999 -9999 -9999
2021 03 01 21    77    43 10272   345    15 -9999 -9999 -9999
2021 03 02 00    77    44 10283     5     9 -9999 -9999 -9999
2021 03 02 03   106    39 10282   286     7 -9999 -9999 -9999
2021 03 02 06   125    26 10249   353    14 -9999 -9999 -9999
2021 03 02 09   126    33 10225   336    12 -9999 -9999 -9999
2021 03 02 12   105    62 10226   360     0 -9999 -9999 -9999
2021 03 02 18    95    60 10244   325    14 -9999 -9999 -9999
2021 03 02 21    80    72 10245   341    20 -9999 -9999     1
2021 03 03 00    72    69 10257   326    14 -9999 -9999     7
2021 03 03 03    82    70 10263   336    15 -9999 -9999     6
2021 03 03 06   102    73 10229   314    18 -9999 -9999 -9999
2021 03 03 09   107    69 10211   351    16 -9999 -9999 -9999
2021 03 03 12   100    89 10223   338     6 -9999 -9999     2
2021 03 03 18    92    89 10225    60     7 -9999 -9999    19
2021 03 03 21    87 -9999 10210   360     0 -9999 -9999    33
2021 03 04 00    90    89 10213   239     4 -9999 -9999    28
2021 03 04 03   100    94 10218    62    10 -9999 -9999     2
2021 03 04 06   110    82 10181    82    10 -9999 -9999     2
2021 03 04 09   105   102 10164     9     5 -9999 -9999 -9999
2021 03 04 12   101   101 10165   174     3 -9999 -9999     3
2021 03 04 18   101   101 10162   360     0 -9999 -9999    16
2021 03 04 21   101   101 10158   360     2 -9999 -9999    23
2021 03 05 00   101   101 10171   344     3 -9999 -9999    16
2021 03 05 03   110   110 10178    31    10 -9999 -9999    15
2021 03 05 06   121   110 10146   359    19 -9999 -9999     9
2021 03 05 09   122   120 10136    11    19 -9999 -9999     3
2021 03 05 12   115   114 10161   343     4 -9999 -9999     4
2021 03 05 18   115   114 10187   356    16 -9999 -9999     1
2021 03 05 21   115   112 10184    24     6 -9999 -9999 -9999
2021 03 06 00   115   113 10214    43    13 -9999 -9999     1
2021 03 06 03   121   112 10228    34    15 -9999 -9999     1
2021 03 06 06   130   103 10216   354    25 -9999 -9999 -9999
2021 03 06 09   135   104 10213   347    26 -9999 -9999 -9999
2021 03 06 12   125   100 10235    61    14 -9999 -9999 -9999
2021 03 06 18   105    99 10242    41     7 -9999 -9999 -9999
2021 03 06 21    97    95 10237   321    23 -9999 -9999    13
2021 03 07 00    87    84 10258   336    14 -9999 -9999    32
2021 03 07 03    92    80 10268   342    20 -9999 -9999    19
2021 03 07 06   100    83 10241   338    15 -9999 -9999 -9999
2021 03 07 09   105    86 10219   301    21 -9999 -9999 -9999
2021 03 07 12    95    79 10231   320    14 -9999 -9999 -9999
2021 03 07 18    90    79 10226   348     6 -9999 -9999 -9999
2021 03 07 21    85    84 10215   342     8 -9999 -9999 -9999
2021 03 08 00    82    81 10243   349    19 -9999 -9999     7
2021 03 08 03    87    79 10250     3    16 -9999 -9999     9
2021 03 08 06    92    78 10226   338    25 -9999 -9999     2
2021 03 08 09    97    79 10210   329    19 -9999 -9999 -9999
2021 03 08 12    90    85 10225   331    14 -9999 -9999 -9999
2021 03 08 18    85    84 10233   360    19 -9999 -9999     1
2021 03 08 21    80    79 10227   337    14 -9999 -9999    10
2021 03 09 00    80    80 10244   301    11 -9999 -9999    51
2021 03 09 03    87    83 10259   341     7 -9999 -9999    53
2021 03 09 06    95    86 10237   340    20 -9999 -9999    23
2021 03 09 09    91    88 10226   342    16 -9999 -9999    11
2021 03 09 12    86    85 10237   343    20 -9999 -9999    18
2021 03 09 18    82    82 10232    43    16 -9999 -9999   269
2021 03 09 21    81    81 10227    96    12 -9999 -9999   315
2021 03 10 00    82    82 10232    31    11 -9999 -9999   269
2021 03 10 03    90    86 10245   316    18 -9999 -9999    73
2021 03 10 06    91    88 10215   346    15 -9999 -9999    39
2021 03 10 09    91    91 10205   356    10 -9999 -9999     8
2021 03 10 12    86    86 10224   338     9 -9999 -9999     6
2021 03 10 18    84    84 10236    10    10 -9999 -9999    10
2021 03 10 21    85    84 10232     2    11 -9999 -9999    26
2021 03 11 00    85    85 10249     6     8 -9999 -9999    19
2021 03 11 03    92    92 10259   332     7 -9999 -9999    17
2021 03 11 06   101    95 10241   322     9 -9999 -9999    17
2021 03 11 09   107    99 10222   320     4 -9999 -9999     1
2021 03 11 12   106   103 10236   343     9 -9999 -9999     1
2021 03 11 18   102   102 10243   354     4 -9999 -9999 -9999
2021 03 11 21   101   101 10232   247     3 -9999 -9999 -9999
2021 03 12 00   102 -9999 10244   153     8 -9999 -9999 -9999
2021 03 12 03   115   109 10256    10     8 -9999 -9999 -9999
2021 03 12 06   120   116 10232    24    12 -9999 -9999     9
2021 03 12 09   117   115 10214   326    14 -9999 -9999    11
2021 03 12 12   115   112 10227   359     9 -9999 -9999     3
2021 03 12 18   112   112 10235    41     5 -9999 -9999 -9999
2021 03 12 21   110   109 10219   360     0 -9999 -9999 -9999
2021 03 13 00   111   111 10231   360     2 -9999 -9999 -9999
2021 03 13 03   132   117 10238    38     9 -9999 -9999 -9999
2021 03 13 06   132   124 10215     6     8 -9999 -9999 -9999
2021 03 13 09   130   129 10196   360     0 -9999 -9999     6
2021 03 13 12   127 -9999 10196   360     0 -9999 -9999     6
2021 03 13 18   122   122 10190   360     0 -9999 -9999 -9999
2021 03 13 21   120   120 10173   189     5 -9999 -9999 -9999
2021 03 14 00   122   122 10185   360     0 -9999 -9999 -9999
2021 03 14 03   167   146 10174   360     2 -9999 -9999 -9999
2021 03 14 06   190   159 10137   205    32 -9999 -9999 -9999
2021 03 14 09   201   165 10114   214    29 -9999 -9999 -9999
2021 03 14 12   180   167 10113   217    14 -9999 -9999 -9999
2021 03 14 18   182   173 10117   225    13 -9999 -9999 -9999
2021 03 14 21   181   176 10104   197    21 -9999 -9999     1
2021 03 15 00   180   179 10111   221    20 -9999 -9999     5
2021 03 15 03   202   178 10122   209    29 -9999 -9999     4
2021 03 15 06   195   184 10104   191    27 -9999 -9999 -9999
2021 03 15 09   206   184 10096   193    33 -9999 -9999 -9999
2021 03 15 12   192   185 10109   221    17 -9999 -9999 -9999
2021 03 15 18   175   174 10120   214     7 -9999 -9999 -9999
2021 03 15 21   171   171 10112   360     0 -9999 -9999 -9999
2021 03 16 00   171   171 10123   193     6 -9999 -9999     2
2021 03 16 03   205   194 10128   197    17 -9999 -9999     2
2021 03 16 06   225   182 10101   185    34 -9999 -9999 -9999
2021 03 16 09   207   188 10098   214    16 -9999 -9999 -9999
2021 03 16 12   192   192 10110   203    14 -9999 -9999     1
2021 03 16 18   190   189 10111   188    17 -9999 -9999 -9999
2021 03 16 21   177 -9999 10104   360     1 -9999 -9999 -9999
2021 03 17 00   177 -9999 10114   360     0 -9999 -9999 -9999
2021 03 17 03   222   197 10116   191    40 -9999 -9999 -9999
2021 03 17 06   237   185 10093   198    67 -9999 -9999 -9999
2021 03 17 09   237   192 10077   197    27 -9999 -9999 -9999
2021 03 17 12   217   197 10092   219    12 -9999 -9999 -9999
2021 03 17 18   180   179 10102    55     7 -9999 -9999 -9999
2021 03 17 21   175   170 10100     7    19 -9999 -9999 -9999
2021 03 18 00   175   172 10111   351    13 -9999 -9999 -9999
2021 03 18 03   237   192 10107   187    41 -9999 -9999 -9999
2021 03 18 06   260   183 10078   204    59 -9999 -9999 -9999
2021 03 18 09   257   177 10058   199    41 -9999 -9999 -9999
2021 03 18 12   220   183 10080   212    11 -9999 -9999 -9999
2021 03 18 18   195   179 10094   350    13 -9999 -9999 -9999
2021 03 18 21   172   160 10089    10    15 -9999 -9999 -9999
2021 03 19 00   162   147 10113   346    18 -9999 -9999 -9999
2021 03 19 03   196   151 10108    23    15 -9999 -9999 -9999
2021 03 19 06   170   123 10085   347    32 -9999 -9999 -9999
2021 03 19 09   165   126 10079   328    14 -9999 -9999 -9999
2021 03 19 12   125   107 10117   317    21 -9999 -9999 -9999
2021 03 19 18    90    89 10165   332    28 -9999 -9999 -9999
2021 03 19 21    82    82 10167   322    25 -9999 -9999     2
2021 03 20 00    85    83 10193   343    29 -9999 -9999     6
2021 03 20 03    87    85 10203   332    24 -9999 -9999     5
2021 03 20 06    95    77 10183   337    31 -9999 -9999     1
2021 03 20 09    96    70 10177   341    33 -9999 -9999 -9999
2021 03 20 12    96    70 10192   340    25 -9999 -9999 -9999
2021 03 20 18    92    58 10221   336    27 -9999 -9999     1
2021 03 20 21    82    74 10247   352    36 -9999 -9999    17
2021 03 21 00    87    63 10269   348    41 -9999 -9999    21
2021 03 21 03    92    60 10287   345    43 -9999 -9999     5
2021 03 21 06    97    52 10276     5    44 -9999 -9999 -9999
2021 03 21 09   102    46 10262     9    38 -9999 -9999 -9999
2021 03 21 12    97    52 10275   358    28 -9999 -9999 -9999
2021 03 21 18    95    44 10306   358    21 -9999 -9999 -9999
2021 03 21 21    92    43 10296   357    18 -9999 -9999 -9999
2021 03 22 00    90    48 10305   338    11 -9999 -9999 -9999
2021 03 22 03   132    30 10304   360    20 -9999 -9999 -9999
2021 03 22 06   171    15 10270   351    29 -9999 -9999 -9999
2021 03 22 09   171     7 10240   344    22 -9999 -9999 -9999
2021 03 22 12   145    53 10251   360     1 -9999 -9999 -9999
2021 03 22 18    97    97 10257   235    10 -9999 -9999     7
2021 03 22 21    96    96 10238   134     9 -9999 -9999 -9999
2021 03 23 00    95    95 10246   224    12 -9999 -9999     6
2021 03 23 03   127    92 10247   143    11 -9999 -9999     6
2021 03 23 06   171    54 10205    78    16 -9999 -9999 -9999
2021 03 23 09   185    60 10176   111    22 -9999 -9999 -9999
2021 03 23 12   120    94 10192   201     7 -9999 -9999 -9999
2021 03 23 18    75    75 10203   197    11 -9999 -9999 -9999
2021 03 23 21    65    64 10191   226     3 -9999 -9999 -9999
2021 03 24 00    65    64 10207   187     6 -9999 -9999 -9999
2021 03 24 03   182    86 10194   178    25 -9999 -9999 -9999
2021 03 24 06   235    54 10146   223    25 -9999 -9999 -9999
2021 03 24 09   250    46 10119   234    29 -9999 -9999 -9999
2021 03 24 12   160   101 10141   194    13 -9999 -9999 -9999
2021 03 24 18   101   101 10162   223    10 -9999 -9999 -9999
2021 03 24 21   106   104 10159   360     0 -9999 -9999 -9999
2021 03 25 00   117   109 10183   229     3 -9999 -9999 -9999
2021 03 25 03   167   103 10185     3     5 -9999 -9999 -9999
2021 03 25 06   187   127 10152   211    12 -9999 -9999 -9999
2021 03 25 09   185   137 10131   249    12 -9999 -9999 -9999
2021 03 25 12   170   148 10135   215    11 -9999 -9999 -9999
2021 03 25 18   166   161 10128   199    17 -9999 -9999 -9999
2021 03 25 21   166   166 10110   199    23 -9999 -9999 -9999
2021 03 26 00   175   169 10129   217    33 -9999 -9999     1
2021 03 26 03   190   171 10133   183    55 -9999 -9999     1
2021 03 26 06   192   175 10110   188    49 -9999 -9999 -9999
2021 03 26 09   192   178 10094   198    29 -9999 -9999 -9999
2021 03 26 12   190   180 10102   197    38 -9999 -9999 -9999
2021 03 26 18   182 -9999 10110   201    15 -9999 -9999 -9999
2021 03 26 21   186   186 10093   219     8 -9999 -9999 -9999
2021 03 27 00   186   186 10111   308     7 -9999 -9999 -9999
2021 03 27 03   162 -9999 10137    15     4 -9999 -9999    18
2021 03 27 06   170   167 10117   343    14 -9999 -9999    26
2021 03 27 09   172   172 10104   342    12 -9999 -9999     8
2021 03 27 12   167   167 10123    27     6 -9999 -9999     1
2021 03 27 18   155   155 10130   243     3 -9999 -9999 -9999
2021 03 27 21   155   154 10109   360     2 -9999 -9999 -9999
2021 03 28 00   156   156 10120   110     5 -9999 -9999 -9999
2021 03 28 03   177   160 10128   354    10 -9999 -9999 -9999
2021 03 28 06   215   171 10090   265     5 -9999 -9999 -9999
2021 03 28 09   227   193 10062   213    18 -9999 -9999 -9999
2021 03 28 12   206   194 10065   209     9 -9999 -9999 -9999
2021 03 28 18   190   189 10049   360     1 -9999 -9999 -9999
2021 03 28 21   202   201 10029   226    14 -9999 -9999 -9999
2021 03 29 00   222   206 10034   193    35 -9999 -9999 -9999
2021 03 29 03   256   200 10034   194    60 -9999 -9999 -9999
2021 03 29 06   280   181 10002   180    46 -9999 -9999 -9999
2021 03 29 09   285   177  9980   191    64 -9999 -9999 -9999
2021 03 29 12   245   187  9992   360     2 -9999 -9999 -9999
2021 03 29 18   212   205 10007   360     0 -9999 -9999 -9999
2021 03 29 21   207   205  9994   360     0 -9999 -9999 -9999
2021 03 30 00   217   212 10019   360     0 -9999 -9999 -9999
2021 03 30 03   232   214 10021   201    22 -9999 -9999 -9999
2021 03 30 06   256   208  9992   214    38 -9999 -9999 -9999
2021 03 30 09   255   205  9975   201    35 -9999 -9999 -9999
2021 03 30 12   245   204  9987   203    30 -9999 -9999 -9999
2021 03 30 18   206   206 10001   360     0 -9999 -9999 -9999
2021 03 30 21   195   194  9994   360     0 -9999 -9999 -9999
2021 03 31 00   222   208 10007   214    29 -9999 -9999 -9999
2021 03 31 03   267   198 10005   196    63 -9999 -9999 -9999
2021 03 31 06   301   192  9976   199    45 -9999 -9999 -9999
2021 03 31 09   301   189  9963   197    44 -9999 -9999 -9999
2021 03 31 12   247   206  9985   225     7 -9999 -9999 -9999
2021 03 31 18   191   163 10014   330    18 -9999 -9999 -9999
2021 03 31 21   180   163 10015   321    16 -9999 -9999 -9999
2021 04 01 00   175   164 10051   327    17 -9999 -9999 -9999
2021 04 01 03   170   156 10075   320    27 -9999 -9999 -9999
2021 04 01 06   172   148 10061   351    24 -9999 -9999 -9999
2021 04 01 09   165   142 10055   329    22 -9999 -9999 -9999
2021 04 01 12   152   140 10076   332    22 -9999 -9999 -9999
2021 04 01 18   137   129 10094   312    25 -9999 -9999 -9999
2021 04 01 21   130   127 10102   315    20 -9999 -9999 -9999
2021 04 02 00   125   125 10131   334    10 -9999 -9999 -9999
2021 04 02 03   131   125 10136   332    23 -9999 -9999     1
2021 04 02 06   132   126 10120   317    24 -9999 -9999     1
2021 04 02 09   137   130 10104   339    14 -9999 -9999 -9999
2021 04 02 12   135   129 10125   335    20 -9999 -9999 -9999
2021 04 02 18   126   126 10154   344    17 -9999 -9999 -9999
2021 04 02 21   121   121 10152    70    17 -9999 -9999     2
2021 04 03 00   121   119 10181   336    22 -9999 -9999     2
2021 04 03 03   130   118 10199   355    25 -9999 -9999 -9999
2021 04 03 06   135   115 10186   334    28 -9999 -9999 -9999
2021 04 03 09   130   116 10175   336    28 -9999 -9999 -9999
2021 04 03 12   125   118 10188   347    20 -9999 -9999 -9999
2021 04 03 18   120   103 10205   319    20 -9999 -9999 -9999
2021 04 03 21   117    95 10197   325    16 -9999 -9999 -9999
2021 04 04 00   121    98 10214   315    13 -9999 -9999 -9999
2021 04 04 03   121   107 10230   321    23 -9999 -9999 -9999
2021 04 04 06   120   110 10212   342    20 -9999 -9999 -9999
2021 04 04 09   120   106 10199   340    19 -9999 -9999 -9999
2021 04 04 12   117   100 10213   349    18 -9999 -9999 -9999
2021 04 04 18   110   100 10219   339    15 -9999 -9999 -9999
2021 04 04 21   105   104 10221   272     3 -9999 -9999    56
2021 04 05 00   106   104 10226   314     8 -9999 -9999   101
2021 04 05 03   112   107 10237   312    19 -9999 -9999    51
2021 04 05 06   117   113 10219   348     9 -9999 -9999     7
2021 04 05 09   120   112 10206   303    24 -9999 -9999     3
2021 04 05 12   115   110 10215   328     9 -9999 -9999     2
2021 04 05 18   117   115 10208    23     5 -9999 -9999 -9999
2021 04 05 21   117   115 10199    46     7 -9999 -9999 -9999
2021 04 06 00   120   117 10217   309    12 -9999 -9999 -9999
2021 04 06 03   141   118 10221    20    14 -9999 -9999 -9999
2021 04 06 06   152   126 10201     4    19 -9999 -9999 -9999
2021 04 06 09   146   135 10190   318    13 -9999 -9999 -9999
2021 04 06 12   137   135 10202     7    13 -9999 -9999 -9999
2021 04 06 18   131   131 10180   337    14 -9999 -9999 -9999
2021 04 06 21   127 -9999 10162   295    13 -9999 -9999 -9999
2021 04 07 00   126   126 10186    28    25 -9999 -9999    68
2021 04 07 03   131   131 10198    43    12 -9999 -9999   341
2021 04 07 06   142   142 10175   335     8 -9999 -9999   333
2021 04 07 09   155   138 10165   342    18 -9999 -9999    60
2021 04 07 12   145   134 10183   339    18 -9999 -9999 -9999
2021 04 07 18   132   119 10186     7    24 -9999 -9999 -9999
2021 04 07 21   127   117 10184   328    15 -9999 -9999 -9999
2021 04 08 00   126   108 10203   344    25 -9999 -9999 -9999
2021 04 08 03   141   105 10213   339    25 -9999 -9999 -9999
2021 04 08 06   127   114 10203   342    22 -9999 -9999     6
2021 04 08 09   132   113 10193   356    17 -9999 -9999    18
2021 04 08 12   121   119 10205     2    14 -9999 -9999    33
2021 04 08 18   112 -9999 10209   360     2 -9999 -9999     3
2021 04 08 21   115   112 10203   360     0 -9999 -9999     1
2021 04 09 00   120   106 10219   348     9 -9999 -9999 -9999
2021 04 09 03   135   105 10223   283    10 -9999 -9999 -9999
2021 04 09 06   135   117 10206   356    13 -9999 -9999 -9999
2021 04 09 09   137   119 10190   331    17 -9999 -9999 -9999
2021 04 09 12   130   128 10198   309     3 -9999 -9999 -9999
2021 04 09 18   125   125 10206   360     2 -9999 -9999    65
2021 04 09 21   122   122 10197   331     4 -9999 -9999    86
2021 04 10 00   125   124 10215   161     4 -9999 -9999   117
2021 04 10 03   135   129 10223    19     3 -9999 -9999    59
2021 04 10 06   140   133 10207   336     6 -9999 -9999    14
2021 04 10 09   140   139 10190    25     3 -9999 -9999     7
2021 04 10 12   136   136 10196   338     6 -9999 -9999    13
2021 04 10 18   127   127 10197   360     2 -9999 -9999    19
2021 04 10 21   127   127 10188    57     7 -9999 -9999    13
2021 04 11 00   126   126 10205   351     6 -9999 -9999    24
2021 04 11 03   135   135 10211    33     7 -9999 -9999    25
2021 04 11 06   141   141 10190     1     9 -9999 -9999    10
2021 04 11 09   140   139 10171   360    11 -9999 -9999    15
2021 04 11 12   137   137 10173   360     0 -9999 -9999    20
2021 04 11 18   131   131 10180   324    10 -9999 -9999    39
2021 04 11 21   127 -9999 10176   357     9 -9999 -9999    80
2021 04 12 00   130   129 10197   340    10 -9999 -9999    64
2021 04 12 03   140   134 10204    11    10 -9999 -9999    16
2021 04 12 06   145   142 10182    14    14 -9999 -9999     2
2021 04 12 09   142 -9999 10166   346    14 -9999 -9999     1
2021 04 12 12   142   140 10178   355     6 -9999 -9999     1
2021 04 12 18   137 -9999 10186   334     7 -9999 -9999 -9999
2021 04 12 21   136   136 10171   324     9 -9999 -9999 -9999
2021 04 13 00   136   136 10185   335    11 -9999 -9999     3
2021 04 13 03   145   144 10189     4    12 -9999 -9999    10
2021 04 13 06   155   150 10167   320     9 -9999 -9999     7
2021 04 13 09   150   149 10148   360     7 -9999 -9999    15
2021 04 13 12   147   147 10153     3     6 -9999 -9999    28
2021 04 13 18   140   140 10156   212     4 -9999 -9999    15
2021 04 13 21   137   137 10154   357     8 -9999 -9999     5
2021 04 14 00   137 -9999 10175   339    16 -9999 -9999    52
2021 04 14 03   150   148 10179   360     0 -9999 -9999    84
2021 04 14 06   162   147 10155    13    10 -9999 -9999    33
2021 04 14 09   160   152 10138   340    10 -9999 -9999 -9999
2021 04 14 12   155   149 10143   337     7 -9999 -9999 -9999
2021 04 14 18   150   146 10145   357    18 -9999 -9999 -9999
2021 04 14 21   141   141 10140   283    17 -9999 -9999    21
2021 04 15 00   140   140 10155   263     8 -9999 -9999   118
2021 04 15 03   140   140 10167   347    21 -9999 -9999   106
2021 04 15 06   142   140 10152   341     9 -9999 -9999    37
2021 04 15 09   151   145 10136   324     6 -9999 -9999    28
2021 04 15 12   147   144 10148   360     1 -9999 -9999 -9999
2021 04 15 18   145   144 10162    86     9 -9999 -9999 -9999
2021 04 15 21   142   142 10147   228     7 -9999 -9999 -9999
2021 04 16 00   146   146 10165    39    16 -9999 -9999 -9999
2021 04 16 03   150   149 10185    53    14 -9999 -9999   133
2021 04 16 06   172   162 10169     5    17 -9999 -9999   150
2021 04 16 09   175   150 10162     6    23 -9999 -9999    17
2021 04 16 12   166   151 10180   341    11 -9999 -9999 -9999
2021 04 16 18   151   151 10197   360     0 -9999 -9999 -9999
2021 04 16 21   145   144 10191   359    10 -9999 -9999 -9999
2021 04 17 00   152   148 10208    43     8 -9999 -9999 -9999
2021 04 17 03   182   139 10216    37     9 -9999 -9999 -9999
2021 04 17 06   170   159 10206   181     4 -9999 -9999    10
2021 04 17 09   172   170 10188   341     6 -9999 -9999    26
2021 04 17 12   165   164 10194   360     1 -9999 -9999    34
2021 04 17 18   157   157 10183   360     0 -9999 -9999    59
2021 04 17 21   147 -9999 10172   334     3 -9999 -9999    59
2021 04 18 00   147   147 10183   360     1 -9999 -9999    57
2021 04 18 03   155   155 10184   117     3 -9999 -9999    82
2021 04 18 06   162 -9999 10162   342    14 -9999 -9999   114
2021 04 18 09   157   157 10149   335    12 -9999 -9999    88
2021 04 18 12   142 -9999 10160   349    12 -9999 -9999    43
2021 04 18 18   132 -9999 10155   347     8 -9999 -9999    93
2021 04 18 21   132   132 10145   338     9 -9999 -9999    56
2021 04 19 00   135   135 10152    21     8 -9999 -9999    27
2021 04 19 03   142   137 10155   313    23 -9999 -9999     3
2021 04 19 06   160   141 10132   356    12 -9999 -9999 -9999
2021 04 19 09   172   149 10103    42    15 -9999 -9999 -9999
2021 04 19 12   162   162 10113   360     0 -9999 -9999 -9999
2021 04 19 18   155   154 10117   326     3 -9999 -9999     2
2021 04 19 21   151   151 10102   263     5 -9999 -9999     4
2021 04 20 00   152 -9999 10118   360     0 -9999 -9999     3
2021 04 20 03   190   189 10114   194    19 -9999 -9999    14
2021 04 20 06   197   186 10092   227    31 -9999 -9999    13
2021 04 20 09   196   196 10080   216    16 -9999 -9999     1
2021 04 20 12   191   191 10092   173     8 -9999 -9999     1
2021 04 20 18   177 -9999 10107   280     6 -9999 -9999 -9999
2021 04 20 21   177 -9999 10100   360     2 -9999 -9999 -9999
