2021 01 01 00     2    -8 10311    70    10 -9999 -9999     3
2021 01 01 03    18    -3 10318   160    10 -9999 -9999     0
2021 01 01 06    38     0 10273   220    10 -9999 -9999     0
2021 01 01 09    43     3 10253   260    10 -9999 -9999     0
2021 01 01 12    36    15 10269   310    10 -9999 -9999     0
2021 01 01 15    32    23 10271   100    10 -9999 -9999     0
2021 01 01 18    30    26 10262   100    10 -9999 -9999     1
2021 01 01 21    31    28 10246   120    10 -9999 -9999     4
2021 01 02 00    33    27 10250   170    10 -9999 -9999     5
2021 01 02 03    40    28 10249   160    10 -9999 -9999     2
2021 01 02 06    50    38 10198   180    30 -9999 -9999     0
2021 01 02 09    64    46 10174   210    20 -9999 -9999     0
2021 01 02 12    61    41 10187    80    30 -9999 -9999     0
2021 01 02 15    58    35 10221   100    10 -9999 -9999     0
2021 01 02 18    47    41 10237    50    20 -9999 -9999     1
2021 01 02 21    38    32 10241    60    20 -9999 -9999     5
2021 01 03 00    30    26 10265    60    30 -9999 -9999    10
2021 01 03 03    29    22 10289    30    20 -9999 -9999     9
2021 01 03 06    35    20 10261    60    10 -9999 -9999     4
2021 01 03 09    34    21 10253   100    10 -9999 -9999     1
2021 01 03 12    30    26 10269    30    10 -9999 -9999     3
2021 01 03 15    30    27 10279    40    10 -9999 -9999     9
2021 01 03 18    29    26 10274    50    10 -9999 -9999    20
2021 01 03 21    29    26 10260    70    10 -9999 -9999    20
2021 01 04 00    32    31 10259   100    20 -9999 -9999    20
2021 01 04 03    41    38 10258   120    10 -9999 -9999     7
2021 01 04 06    66    46 10206   190    10 -9999 -9999     1
2021 01 04 09    67    45 10197    80    20 -9999 -9999     0
2021 01 04 12    55    45 10226    50    20 -9999 -9999     0
2021 01 04 15    55    46 10235    60    10 -9999 -9999     0
2021 01 04 18    50    46 10234    50    10 -9999 -9999     2
2021 01 04 21    47    43 10235    60    10 -9999 -9999     5
2021 01 05 00    43    40 10256    50    20 -9999 -9999     7
2021 01 05 03    44    41 10276    60    30 -9999 -9999    10
2021 01 05 06    44    34 10248    80    20 -9999 -9999     8
2021 01 05 09    38    31 10243    80    20 -9999 -9999     2
2021 01 05 12    33    29 10259    50    10 -9999 -9999     3
2021 01 05 15    30    27 10273    60    20 -9999 -9999     5
2021 01 05 18    26    19 10265    60    30 -9999 -9999     4
2021 01 05 21    25    21 10251    50    10 -9999 -9999     2
2021 01 06 00    21    18 10254   130    10 -9999 -9999     2
2021 01 06 03    28    24 10249   130    10 -9999 -9999     5
2021 01 06 06    33    29 10202   100    30 -9999 -9999     3
2021 01 06 09    32    28 10190   100    30 -9999 -9999     2
2021 01 06 12    25    22 10220    60    20 -9999 -9999     6
2021 01 06 15    21    18 10239    60    20 -9999 -9999     9
2021 01 06 18    17    14 10249    70    20 -9999 -9999     7
2021 01 06 21    10     6 10252    60    30 -9999 -9999     9
2021 01 07 00     8     2 10270    80    20 -9999 -9999    10
2021 01 07 03    12    -3 10289    90    20 -9999 -9999     4
2021 01 07 06    19    -7 10244    60    20 -9999 -9999     0
2021 01 07 09     8    -7 10244    90    20 -9999 -9999     0
2021 01 07 12    -1    -8 10277    80    20 -9999 -9999     3
2021 01 07 15   -10   -17 10305    60    30 -9999 -9999     4
2021 01 07 18   -12   -19 10316    70    20 -9999 -9999     4
2021 01 07 21   -17   -25 10317    80    20 -9999 -9999     4
2021 01 08 00   -19   -38 10336   100    20 -9999 -9999     1
2021 01 08 03   -11   -38 10351    50    20 -9999 -9999     0
2021 01 08 06     3   -27 10307    80    10 -9999 -9999     3
2021 01 08 09     4   -26 10289    70    20 -9999 -9999     3
2021 01 08 12    -2   -34 10303    80    20 -9999 -9999     0
2021 01 08 15   -12   -28 10312    50    20 -9999 -9999     0
2021 01 08 18   -15   -28 10307    50    20 -9999 -9999     0
2021 01 08 21   -17   -32 10298    64    20 -9999 -9999 -9999
2021 01 09 00   -19   -42 10301   140    20 -9999 -9999     0
2021 01 09 03   -12   -40 10312    60    20 -9999 -9999     0
2021 01 09 06    -3   -35 10268    50    10 -9999 -9999     0
2021 01 09 09    -3   -37 10247    50    10 -9999 -9999     0
2021 01 09 12   -10   -40 10278   130    10 -9999 -9999     0
2021 01 09 15   -15   -37 10300   140    10 -9999 -9999     0
2021 01 09 18   -17   -27 10299    60    10 -9999 -9999     0
2021 01 09 21   -17   -40 10287    40    20 -9999 -9999     0
2021 01 10 00   -17   -42 10295   360    10 -9999 -9999     0
2021 01 10 03    -2   -46 10306   330    10 -9999 -9999     0
2021 01 10 06     8   -48 10264    20    20 -9999 -9999     0
2021 01 10 09     6   -44 10253    30    10 -9999 -9999     0
2021 01 10 12    -3   -33 10288    40    10 -9999 -9999     0
2021 01 10 15   -13   -29 10324    50    20 -9999 -9999     0
2021 01 10 18   -14   -67 10345    40    20 -9999 -9999     0
2021 01 10 21   -16   -44 10353    10    10 -9999 -9999     0
2021 01 11 00   -14   -41 10376    20    10 -9999 -9999     0
2021 01 11 03     4   -42 10394    10    20 -9999 -9999     0
2021 01 11 06    16   -51 10363    10    20 -9999 -9999     0
2021 01 11 09    21   -51 10344    50    30 -9999 -9999     0
2021 01 11 12     6   -48 10359    30    10 -9999 -9999     0
2021 01 11 15     1   -45 10368   360    10 -9999 -9999     0
2021 01 11 18    -1   -36 10359     0 -9999 -9999 -9999     0
2021 01 11 21     1   -34 10338   290    10 -9999 -9999     0
2021 01 12 00     0   -39 10337     0 -9999 -9999 -9999     0
2021 01 12 03    33   -51 10336   330    10 -9999 -9999     0
2021 01 12 06    94  -101 10266   160    20 -9999 -9999     0
2021 01 12 09    97  -116 10231   180    40 -9999 -9999     0
2021 01 12 12    57   -79 10232   150    30 -9999 -9999     0
2021 01 12 15    21   -46 10240     0 -9999 -9999 -9999     0
2021 01 12 18    31   -22 10209   320    10 -9999 -9999     0
2021 01 12 21    17   -22 10197     0 -9999 -9999 -9999     0
2021 01 13 00    -7   -31 10220   330    10 -9999 -9999     0
2021 01 13 03    83   -29 10209    60    10 -9999 -9999     0
2021 01 13 06   135     5 10148    80    20 -9999 -9999     0
2021 01 13 09   129    10 10138   110    30 -9999 -9999     0
2021 01 13 12    75     7 10185     0 -9999 -9999 -9999     0
2021 01 13 15    34    -1 10197   290    10 -9999 -9999     0
2021 01 13 18    14    -7 10192   300    10 -9999 -9999     0
2021 01 13 21     4   -14 10190   300    10 -9999 -9999     0
2021 01 14 00    -5   -21 10223     0 -9999 -9999 -9999     0
2021 01 14 03    89   -12 10215    70    10 -9999 -9999     1
2021 01 14 06   145     7 10159    50    10 -9999 -9999     1
2021 01 14 09   146     8 10151   100    30 -9999 -9999     0
2021 01 14 12    94    16 10181     0 -9999 -9999 -9999     0
2021 01 14 15    48    15 10182   320    10 -9999 -9999     0
2021 01 14 18    29    11 10166     0 -9999 -9999 -9999     0
2021 01 14 21    18     3 10162     0 -9999 -9999 -9999     0
2021 01 15 00     9     0 10187   350    10 -9999 -9999     0
2021 01 15 06   161    45 10125   110    30 -9999 -9999     0
2021 01 15 09   171    38 10115   180    30 -9999 -9999     0
2021 01 15 12   118    43 10155   110    20 -9999 -9999     0
2021 01 15 15   103    49 10144     0 -9999 -9999 -9999     0
2021 01 15 18   101    59 10137   140    10 -9999 -9999     0
2021 01 15 21    93    62 10137     0 -9999 -9999 -9999     0
2021 01 16 00    92    66 10166   100    10 -9999 -9999     0
2021 01 16 03    86    77 10193   100    10 -9999 -9999     0
2021 01 16 06    90    76 10160   150    20 -9999 -9999     0
2021 01 16 09    88    80 10165    90    10 -9999 -9999     0
2021 01 16 12    76    70 10203    60    30 -9999 -9999     4
2021 01 16 15    50    41 10260    60    30 -9999 -9999    10
2021 01 16 18    41    28 10289    30    30 -9999 -9999     9
2021 01 16 21    39    16 10309    40    20 -9999 -9999     2
2021 01 17 00    32     8 10337    40    20 -9999 -9999     0
2021 01 17 03    30    -3 10361    60    30 -9999 -9999     0
2021 01 17 06    36   -10 10330    40    30 -9999 -9999     0
2021 01 17 09    40   -14 10319    60    30 -9999 -9999     0
2021 01 17 12    28   -12 10335    60    20 -9999 -9999     0
2021 01 17 15    22   -12 10339    10    10 -9999 -9999     0
2021 01 17 18    20    -4 10323     0 -9999 -9999 -9999 -9999
2021 01 17 21    11     2 10310   190    10 -9999 -9999     5
2021 01 18 00     6     0 10311   240    10 -9999 -9999     5
2021 01 18 03    73     9 10296    30    10 -9999 -9999     1
2021 01 18 06   123   -31 10234    90    20 -9999 -9999     1
2021 01 18 09   136   -16 10208    70    20 -9999 -9999     0
2021 01 18 12    78    12 10231   110    10 -9999 -9999     0
2021 01 18 15    37    11 10224     0 -9999 -9999 -9999     0
2021 01 18 18    21     6 10196     0 -9999 -9999 -9999     0
2021 01 18 21    12     0 10176     0 -9999 -9999 -9999     0
2021 01 19 00    10    -3 10193    90    10 -9999 -9999     0
2021 01 19 03    94    25 10187   200    40 -9999 -9999     0
2021 01 19 06   156    49 10123   200    40 -9999 -9999     0
2021 01 19 09   165    61 10100   180    40 -9999 -9999     0
2021 01 19 12   117    56 10129    80    20 -9999 -9999     0
2021 01 19 15    92    54 10129   110    10 -9999 -9999     0
2021 01 19 18    65    47 10119   190    10 -9999 -9999     0
2021 01 19 21    46    37 10119   330    10 -9999 -9999     0
2021 01 20 00    37    31 10153     0 -9999 -9999 -9999     0
2021 01 20 03   102    62 10152    80    10 -9999 -9999     0
2021 01 20 06   153    73 10114   210    50 -9999 -9999     0
2021 01 20 09   156    79 10111   200    40 -9999 -9999     0
2021 01 20 12   117    72 10147   110    20 -9999 -9999     0
2021 01 20 15   106    75 10144   140    10 -9999 -9999     0
2021 01 20 18    91    71 10135   140    10 -9999 -9999     0
2021 01 20 21    89    74 10132   130    20 -9999 -9999     0
2021 01 21 00    83    74 10163   120    20 -9999 -9999     0
2021 01 21 03    71    67 10191    50    20 -9999 -9999     3
2021 01 21 06    73    59 10172    70    30 -9999 -9999     5
2021 01 21 09    71    57 10166    60    30 -9999 -9999     2
2021 01 21 12    64    54 10200    50    10 -9999 -9999     0
2021 01 21 15    59    52 10218    40    10 -9999 -9999     4
2021 01 21 18    57    43 10212     0 -9999 -9999 -9999     4
2021 01 21 21    58    46 10201     0 -9999 -9999 -9999     0
2021 01 22 00    57    48 10218   280    10 -9999 -9999     0
2021 01 22 03    69    44 10230   280    10 -9999 -9999     0
2021 01 22 06   110    55 10173   250    10 -9999 -9999     0
2021 01 22 09   132    61 10146   200    30 -9999 -9999     0
2021 01 22 12    87    56 10175   270    10 -9999 -9999     0
2021 01 22 15    57    47 10193   340    10 -9999 -9999     0
2021 01 22 18    47    41 10185     0 -9999 -9999 -9999     0
2021 01 22 21    59    53 10160     0 -9999 -9999 -9999     0
2021 01 23 00    72    58 10171   200    20 -9999 -9999     0
2021 01 23 03   108    62 10178   180    20 -9999 -9999     0
2021 01 23 06   170    76 10111   210    30 -9999 -9999     0
2021 01 23 09   171    85 10085   180    30 -9999 -9999     0
2021 01 23 12   132    87 10106   160    20 -9999 -9999     0
2021 01 23 15   121    95 10109   190    20 -9999 -9999     0
2021 01 23 18   117    94 10091   100    20 -9999 -9999     0
2021 01 23 21   115    89 10077   200    30 -9999 -9999     0
2021 01 24 00   113    89 10096   200    40 -9999 -9999     0
2021 01 24 03   135    92 10097   200    40 -9999 -9999     0
2021 01 24 06   192    82 10038   200    70 -9999 -9999     0
2021 01 24 09   215    81 10017   200    50 -9999 -9999     0
2021 01 24 12   152   104 10063   110    10 -9999 -9999     0
2021 01 24 15   117    98 10088     0 -9999 -9999 -9999     0
2021 01 24 18    92    83 10098   280    10 -9999 -9999     0
2021 01 24 21   102    91 10106     0 -9999 -9999 -9999     0
2021 01 25 00   102    93 10154     0 -9999 -9999 -9999     0
2021 01 25 03    94    61 10209    60    20 -9999 -9999     0
2021 01 25 06    98    54 10198    40    20 -9999 -9999     0
2021 01 25 09   109    44 10175    30    20 -9999 -9999     0
2021 01 25 12    99    43 10189    30    10 -9999 -9999     0
2021 01 25 15    98    42 10200   110    20 -9999 -9999     0
2021 01 25 18    87    49 10203    70    20 -9999 -9999     0
2021 01 25 21    76    47 10193    70    20 -9999 -9999     0
2021 01 26 00    67    50 10208   120    20 -9999 -9999     0
2021 01 26 03    67    58 10218   130    20 -9999 -9999     0
2021 01 26 06    79    62 10177    90    30 -9999 -9999     0
2021 01 26 09    73    66 10153    90    30 -9999 -9999     0
2021 01 26 12    74    71 10163   110    20 -9999 -9999     1
2021 01 26 15    75    72 10173   100    20 -9999 -9999     5
2021 01 26 18    76    75 10166   120    10 -9999 -9999     4
2021 01 26 21    78    77 10161   110    10 -9999 -9999     0
2021 01 27 00    77    76 10175   100    20 -9999 -9999     0
2021 01 27 03    81    80 10192    90    10 -9999 -9999     0
2021 01 27 06    81    80 10164    50    20 -9999 -9999     0
2021 01 27 09    67    64 10170    70    20 -9999 -9999     1
2021 01 27 12    52    48 10222    70    20 -9999 -9999     5
2021 01 27 15    48    42 10262    50    10 -9999 -9999     6
2021 01 27 18    47    35 10278    60    20 -9999 -9999     2
2021 01 27 21    44    24 10282    50    10 -9999 -9999     0
2021 01 28 00    46    25 10296    60    10 -9999 -9999     0
2021 01 28 03    62    11 10314    40    20 -9999 -9999     0
2021 01 28 06    70    15 10280    60    10 -9999 -9999     0
2021 01 28 09    74    15 10257    30    10 -9999 -9999     0
2021 01 28 12    65    22 10261    80    10 -9999 -9999     0
2021 01 28 15    62    25 10267   120    10 -9999 -9999     0
2021 01 28 18    59    32 10255     0 -9999 -9999 -9999     0
2021 01 28 21    55    35 10237   130    10 -9999 -9999     0
2021 01 29 00    52    34 10242   140    10 -9999 -9999     0
2021 01 29 03    59    44 10248   170    20 -9999 -9999     0
2021 01 29 06    67    47 10205   170    20 -9999 -9999     0
2021 01 29 09    68    53 10176   110    20 -9999 -9999     0
2021 01 29 12    70    58 10185   130    10 -9999 -9999     0
2021 01 29 15    74    62 10197   100    10 -9999 -9999     0
2021 01 29 18    71    67 10204    80    10 -9999 -9999     1
2021 01 29 21    66    63 10205    30    10 -9999 -9999     8
2021 01 30 00    65    62 10221    60    20 -9999 -9999    10
2021 01 30 03    58    55 10246    50    30 -9999 -9999     9
2021 01 30 06    61    57 10217    50    20 -9999 -9999     7
2021 01 30 09    60    57 10198    60    20 -9999 -9999     5
2021 01 30 12    59    56 10208    60    10 -9999 -9999    10
2021 01 30 15    61    58 10219     0 -9999 -9999 -9999    10
2021 01 30 18    62    61 10213     0 -9999 -9999 -9999     4
2021 01 30 21    65    64 10204    50    10 -9999 -9999     2
2021 01 31 00    64    63 10218    40    10 -9999 -9999     2
2021 01 31 03    75    74 10224   210    10 -9999 -9999     5
2021 01 31 06   127    97 10169   210    40 -9999 -9999     4
2021 01 31 09   114   103 10155   160    20 -9999 -9999    20
2021 01 31 12   106   100 10175    80    30 -9999 -9999    30
2021 01 31 15   101    96 10198   120    10 -9999 -9999     8
2021 01 31 18   106   100 10180   140    20 -9999 -9999     0
2021 01 31 21   102    96 10181   150    10 -9999 -9999     0
2021 02 01 00    96    93 10198    60    10 -9999 -9999     0
2021 02 01 03   100    94 10211    50    30 -9999 -9999     0
2021 02 01 06    94    85 10179    60    40 -9999 -9999     0
2021 02 01 09    95    86 10164    50    20 -9999 -9999     0
2021 02 01 12    91    85 10183    50    20 -9999 -9999     0
2021 02 01 15    88    85 10204    10    10 -9999 -9999     0
2021 02 01 18    89    88 10207   310    10 -9999 -9999     1
2021 02 01 21    88    87 10200     0 -9999 -9999 -9999     1
2021 02 02 00    89    88 10217    80    10 -9999 -9999     0
2021 02 02 03    98    97 10231     0 -9999 -9999 -9999     0
2021 02 02 06   158   106 10168   150    30 -9999 -9999     0
2021 02 02 09   148   114 10153    70    50 -9999 -9999     0
2021 02 02 12   115   104 10188    50    20 -9999 -9999     0
2021 02 02 15   108   105 10204    70    40 -9999 -9999     1
2021 02 02 18   102    99 10189    60    10 -9999 -9999     5
2021 02 02 21    95    94 10187    70    20 -9999 -9999     4
2021 02 03 00    95    94 10208    10    10 -9999 -9999     0
2021 02 03 03   102   100 10220    50    20 -9999 -9999     0
2021 02 03 06   160   122 10162    90    10 -9999 -9999     0
2021 02 03 09   166   117 10142    40    40 -9999 -9999     0
2021 02 03 12   129   113 10177   100    20 -9999 -9999     0
2021 02 03 15   131   115 10192    90    20 -9999 -9999     0
2021 02 03 18   127   113 10174   100    20 -9999 -9999     0
2021 02 03 21   123   105 10166   140    20 -9999 -9999     0
2021 02 04 00   126   101 10189   150    10 -9999 -9999     0
2021 02 04 03   142   102 10191   187    41 -9999 -9999 -9999
2021 02 04 06   181    95 10134   190    70 -9999 -9999     0
2021 02 04 09   204    87 10106   200    60 -9999 -9999     0
2021 02 04 12   159   109 10133   170    30 -9999 -9999     0
2021 02 04 15   136   108 10152   120    20 -9999 -9999     0
2021 02 04 18   115    98 10150   150    10 -9999 -9999     0
2021 02 04 21   100    92 10148   140    10 -9999 -9999     0
2021 02 05 00   108    97 10186   130    10 -9999 -9999     0
2021 02 05 03    95    86 10225    60    30 -9999 -9999 -9999
2021 02 05 06   104    65 10202   100    20 -9999 -9999     3
2021 02 05 09   123    64 10179    80    20 -9999 -9999     3
2021 02 05 12   109    63 10191    90    20 -9999 -9999     0
2021 02 05 15    89    75 10216     0 -9999 -9999 -9999     0
2021 02 05 18    85    82 10200   260    10 -9999 -9999     2
2021 02 05 21    86    83 10173     0 -9999 -9999 -9999     2
2021 02 06 00    90    89 10190     0 -9999 -9999 -9999     0
2021 02 06 03   117   106 10195    90    20 -9999 -9999     0
2021 02 06 06   182   108 10128   210    40 -9999 -9999     0
2021 02 06 09   204    96 10097   190    40 -9999 -9999     0
2021 02 06 12   164   109 10126   180    20 -9999 -9999     0
2021 02 06 15   141   111 10144     0 -9999 -9999 -9999     0
2021 02 06 18   114   100 10132     0 -9999 -9999 -9999     0
2021 02 06 21   108   100 10122     0 -9999 -9999 -9999     0
2021 02 07 00   100    94 10152   300    10 -9999 -9999     0
2021 02 07 03   124   106 10178   240    10 -9999 -9999     0
2021 02 07 06   126   115 10162   100    30 -9999 -9999    10
2021 02 07 09   123   117 10168    70    10 -9999 -9999    30
2021 02 07 12   119   116 10200     0 -9999 -9999 -9999    80
2021 02 07 15   111   105 10200   110    10 -9999 -9999    90
2021 02 07 18   109   106 10201   120    10 -9999 -9999    50
2021 02 07 21   100    95 10202    60    30 -9999 -9999    90
2021 02 08 00    74    67 10237    90    20 -9999 -9999   150
2021 02 08 03    75    63 10266     0 -9999 -9999 -9999   110
2021 02 08 06    81    62 10246   340    20 -9999 -9999    40
2021 02 08 09    84    52 10224    90    10 -9999 -9999     5
2021 02 08 12    78    58 10250    50    10 -9999 -9999     3
2021 02 08 15    72    66 10259   310    10 -9999 -9999    30
2021 02 08 18    68    59 10244   280    10 -9999 -9999    40
2021 02 08 21    66    57 10231   250    10 -9999 -9999    30
2021 02 09 00    66    62 10236   290    10 -9999 -9999    40
2021 02 09 03    77    65 10243   320    10 -9999 -9999    30
2021 02 09 06    89    62 10207    20    10 -9999 -9999    10
2021 02 09 09    87    63 10192   340    10 -9999 -9999     1
2021 02 09 12    79    67 10203   210    10 -9999 -9999     0
2021 02 09 15    79    64 10203    20    10 -9999 -9999     0
2021 02 09 18    77    70 10192   270    10 -9999 -9999 -9999
2021 02 09 21    75    69 10185     0 -9999 -9999 -9999     1
2021 02 10 00    75    68 10200     0 -9999 -9999 -9999     1
2021 02 10 03    98    58 10211    40    20 -9999 -9999     0
2021 02 10 06   129    51 10169    80    30 -9999 -9999     0
2021 02 10 09   127    47 10158    90    20 -9999 -9999     0
2021 02 11 00    65    56 10191   330    10 -9999 -9999     0
2021 02 13 12   129    99 10174   100    10 -9999 -9999     0
2021 02 13 15   117    87 10201    50    10 -9999 -9999     0
2021 02 13 18   110    84 10192    80    10 -9999 -9999     0
2021 02 13 21    95    83 10178     0 -9999 -9999 -9999     0
2021 02 14 00    93    82 10191    80    10 -9999 -9999     0
2021 02 14 03   141    89 10189   100    10 -9999 -9999     0
2021 02 14 06   150    89 10156   190    40 -9999 -9999     0
2021 02 14 09   174   101 10122   190    30 -9999 -9999     0
2021 02 14 12   138   102 10135   150    20 -9999 -9999     0
2021 02 14 15   135   107 10127   140    20 -9999 -9999     0
2021 02 14 18   130   111 10115   100    20 -9999 -9999     0
2021 02 14 21   124   110 10101   100    20 -9999 -9999     0
2021 02 15 00   121   107 10128   110    20 -9999 -9999     0
2021 02 15 03   148    98 10136   220    20 -9999 -9999     0
2021 02 15 06   175    97 10099   130    40 -9999 -9999     0
2021 02 15 09   184   100 10074   100    40 -9999 -9999     0
2021 02 15 12   154   110 10112   110    40 -9999 -9999     0
2021 02 15 15   147   120 10118   130    30 -9999 -9999 -9999
2021 02 15 18   105    83 10142    70    30 -9999 -9999     0
2021 02 15 21    96    70 10138    50    30 -9999 -9999     0
2021 02 16 00    90    56 10174    50    20 -9999 -9999     0
2021 02 16 03    93    57 10209    50    30 -9999 -9999     0
2021 02 16 06    98    52 10206    30    30 -9999 -9999     0
2021 02 16 09   109    48 10193    60    20 -9999 -9999     0
2021 02 16 12   100    48 10213    50    20 -9999 -9999     0
2021 02 16 15    95    49 10238   100    20 -9999 -9999     0
2021 02 16 18    79    55 10240   170    20 -9999 -9999     0
2021 02 16 21    74    45 10236   100    30 -9999 -9999     6
2021 02 17 00    68    48 10257   130    10 -9999 -9999    10
2021 02 17 03   101    43 10267    90    20 -9999 -9999     6
2021 02 17 06   110    47 10243    70    20 -9999 -9999     0
2021 02 17 09   113    47 10225   160    10 -9999 -9999     0
2021 02 17 12   107    59 10239   190    10 -9999 -9999     0
2021 02 17 15    98    62 10248     0 -9999 -9999 -9999     0
2021 02 17 18    95    66 10246   110    10 -9999 -9999     0
2021 02 17 21    89    58 10241   150    10 -9999 -9999     0
2021 02 18 00    77    70 10269   120    10 -9999 -9999     0
2021 02 18 03    81    73 10292   130    20 -9999 -9999     2
2021 02 18 06    78    72 10269    50    30 -9999 -9999     4
2021 02 18 09    81    67 10257   120    10 -9999 -9999     2
2021 02 18 12    78    69 10267   120    10 -9999 -9999     0
2021 02 18 15    76    62 10279   120    20 -9999 -9999     0
2021 02 18 18    71    60 10274   120    20 -9999 -9999     0
2021 02 18 21    65    59 10260   100    20 -9999 -9999     1
2021 02 19 00    63    59 10278   200    10 -9999 -9999     2
2021 02 19 03    73    67 10291    50    10 -9999 -9999     4
2021 02 19 06    81    66 10261    90    10 -9999 -9999     3
2021 02 19 09    90    66 10235    60    20 -9999 -9999     0
2021 02 20 15   112    96 10182   340     3 -9999 -9999 -9999
2021 02 20 18   110    96 10161   360     0 -9999 -9999 -9999
2021 02 20 21   107    96 10145   360     0 -9999 -9999 -9999
2021 02 21 00   107    98 10160   360     0 -9999 -9999 -9999
2021 02 21 03   137   108 10162    58     5 -9999 -9999 -9999
2021 02 21 12   122   113 10155   293    12 -9999 -9999    32
2021 02 21 18    96    90 10146   360     2 -9999 -9999   111
2021 02 21 21    87    86 10146   360     2 -9999 -9999     1
2021 02 22 00    83    82 10180     0 -9999 -9999 -9999     1
2021 02 22 03   156   114 10175    70    10 -9999 -9999     0
2021 02 22 06   197   128 10132    68    21 -9999 -9999 -9999
2021 02 22 09   201   116 10108   110    40 -9999 -9999     0
2021 02 22 12   148   127 10147   100    30 -9999 -9999     0
2021 02 22 15   137   124 10157     0 -9999 -9999 -9999     0
2021 02 22 18   126   118 10146   290    10 -9999 -9999     0
2021 02 22 21   126   118 10133     0 -9999 -9999 -9999     0
2021 02 23 00   126   121 10162    90    10 -9999 -9999     0
2021 02 23 03   164   128 10161     0 -9999 -9999 -9999     0
2021 02 23 06   204    96 10115   200    30 -9999 -9999     0
2021 02 23 09   208    81 10084   180    30 -9999 -9999     0
2021 02 23 12   170   111 10098   130    20 -9999 -9999     0
2021 02 23 15   155   119 10106   180    30 -9999 -9999     0
2021 02 23 18   144   123 10087   110    20 -9999 -9999     0
2021 02 23 21   145   117 10066   200    40 -9999 -9999     0
2021 02 24 00   137   110 10078   200    10 -9999 -9999     0
2021 02 24 03   185    96 10062   230    50 -9999 -9999     0
2021 02 24 06   233    93 10004   200    50 -9999 -9999     0
2021 02 24 09   246    49  9977   220    60 -9999 -9999     0
2021 02 24 12   185   131 10015   140    20 -9999 -9999     0
2021 02 24 15   160   131 10035   110    20 -9999 -9999     0
2021 02 24 18   143   120 10025   230    30 -9999 -9999     0
2021 02 24 21   139   114 10006    80    30 -9999 -9999     0
2021 02 25 00   120   114 10049     0 -9999 -9999 -9999     0
2021 02 25 03   148   121 10070   120    20 -9999 -9999     1
2021 02 25 06   196   126 10028    60    10 -9999 -9999     1
2021 02 25 09   193   113 10013   110    40 -9999 -9999     0
2021 02 25 12   163   125 10040   110    10 -9999 -9999     0
2021 02 25 15   153   122 10058     0 -9999 -9999 -9999     0
2021 02 25 18   156   140 10044   100    20 -9999 -9999     0
2021 02 25 21   150   137 10042   100    20 -9999 -9999     0
2021 02 26 00   120   112 10093    60    20 -9999 -9999   140
2021 02 26 03   112    95 10125    90    30 -9999 -9999   150
2021 02 26 06   114    77 10109    60    30 -9999 -9999    20
2021 02 26 09   119    80 10091    70    30 -9999 -9999     0
2021 02 26 12   108    75 10117   110    20 -9999 -9999     0
2021 02 26 15    98    81 10144   110    20 -9999 -9999     0
2021 02 26 18    88    80 10144   110    10 -9999 -9999     4
2021 02 26 21    85    81 10132   120    10 -9999 -9999     5
2021 02 27 00    84    81 10149   130    20 -9999 -9999     1
2021 02 27 03    86    80 10161   110    20 -9999 -9999     1
2021 02 27 06    95    86 10133    80    20 -9999 -9999     1
2021 02 27 09    97    88 10107    80    30 -9999 -9999     0
2021 02 27 12    95    84 10110    90    20 -9999 -9999     0
2021 02 27 15    98    89 10119    40    10 -9999 -9999     0
2021 02 27 18   113    97 10103   210    30 -9999 -9999     0
2021 02 27 21   115    99 10091   210    50 -9999 -9999     0
2021 02 28 00   120   101 10103   210    40 -9999 -9999     0
2021 02 28 03   148   104 10098   210    70 -9999 -9999     0
2021 02 28 06   194    99 10037   210    60 -9999 -9999     0
2021 02 28 09   214    90 10005   190    70 -9999 -9999     0
2021 02 28 12   161   111 10046   320    10 -9999 -9999     0
2021 02 28 15   142   110 10072    80    20 -9999 -9999     0
2021 02 28 18   124   108 10083     0 -9999 -9999 -9999     0
2021 02 28 21   108   100 10105     0 -9999 -9999 -9999     0
2021 03 01 00    95    60 10176    60    40 -9999 -9999     1
2021 03 01 03    95    51 10222    50    20 -9999 -9999     1
2021 03 01 06   130    34 10204    20    30 -9999 -9999     0
2021 03 01 09   130    28 10198    50    30 -9999 -9999     0
2021 03 01 12   109    32 10224    40    20 -9999 -9999     0
2021 03 01 15    95    26 10251    60    30 -9999 -9999     0
2021 03 01 18    74     4 10247    60    40 -9999 -9999     0
2021 03 01 21    64     3 10238    60    30 -9999 -9999     0
2021 03 02 00    61     4 10250    90    20 -9999 -9999     0
2021 03 02 03    75    14 10254   160    10 -9999 -9999     0
2021 03 02 06   110    28 10205   170    20 -9999 -9999     0
2021 03 02 09   132    44 10158   120    50 -9999 -9999     0
2021 03 02 12   101    40 10181   100    30 -9999 -9999     0
2021 03 02 15    86    42 10205   130    20 -9999 -9999     0
2021 03 02 18    87    45 10203    90    20 -9999 -9999     0
2021 03 02 21    68    59 10203    50    20 -9999 -9999     1
2021 03 03 00    58    46 10234    90    20 -9999 -9999     2
2021 03 03 03    82    40 10236   110    20 -9999 -9999     1
2021 03 03 06    97    45 10194    80    20 -9999 -9999     0
2021 03 03 09    91    45 10177    60    20 -9999 -9999     0
2021 03 03 12    76    44 10203    50    20 -9999 -9999     0
2021 03 03 15    63    57 10222    50    20 -9999 -9999     1
2021 03 03 18    64    58 10211     0 -9999 -9999 -9999     3
2021 03 03 21    64    60 10190   100    10 -9999 -9999     5
2021 03 04 00    65    62 10197   120    10 -9999 -9999     4
2021 03 04 03    83    72 10194    70    20 -9999 -9999     1
2021 03 04 06   112    89 10136    90    20 -9999 -9999     0
2021 03 04 09   137    99 10099    90    20 -9999 -9999     0
2021 03 04 12   110    91 10121   160    20 -9999 -9999     0
2021 03 04 15   103    86 10139   210    20 -9999 -9999     0
2021 03 04 18    84    75 10132     0 -9999 -9999 -9999     0
2021 03 04 21    83    80 10119    90    10 -9999 -9999     0
2021 03 05 00    79    76 10145    60    10 -9999 -9999     1
2021 03 05 03   116    85 10142    60    10 -9999 -9999     1
2021 03 05 06   199    98 10070    90    40 -9999 -9999     0
2021 03 05 09   156   102 10073    60    40 -9999 -9999     0
2021 03 05 12   133    99 10121    50    20 -9999 -9999     0
2021 03 05 15   117    84 10157    50    20 -9999 -9999     0
2021 03 05 18   109    68 10143    40    10 -9999 -9999     0
2021 03 05 21   104    64 10159   100    10 -9999 -9999     0
2021 03 06 00   100    67 10193    70    10 -9999 -9999     0
2021 03 06 03   131    65 10206   110    20 -9999 -9999     0
2021 03 06 06   158    65 10173    90    40 -9999 -9999     0
2021 03 06 09   164    65 10155    70    30 -9999 -9999     0
2021 03 06 12   136    65 10188   110    20 -9999 -9999     0
2021 03 06 15   110    75 10216   120    10 -9999 -9999    20
2021 03 06 18   100    78 10202    30    10 -9999 -9999    20
2021 03 06 21    92    75 10183   130    20 -9999 -9999     6
2021 03 07 00    89    78 10211   130    20 -9999 -9999     7
2021 03 07 03    94    88 10222   120    20 -9999 -9999     2
2021 03 07 06   103    95 10186    90    20 -9999 -9999     1
2021 03 07 12    98    95 10169   100    30 -9999 -9999     0
2021 03 07 15   103    98 10191    90    20 -9999 -9999     0
2021 03 07 18   101    98 10176   130    10 -9999 -9999     0
2021 03 07 21   103   101 10162    40    20 -9999 -9999     0
2021 03 08 00   112   110 10180    80    10 -9999 -9999     0
2021 03 08 03   135   114 10183   220    10 -9999 -9999     0
2021 03 08 06   185   120 10129   170    30 -9999 -9999     0
2021 03 08 09   183   130 10104    80    50 -9999 -9999     0
2021 03 08 12   148   130 10141   110    20 -9999 -9999     0
2021 03 08 15   138   127 10162   100    30 -9999 -9999     0
2021 03 08 18   125   122 10149    50    10 -9999 -9999     0
2021 03 08 21   116   114 10143    50    30 -9999 -9999     1
2021 03 09 00   110   108 10174    40    10 -9999 -9999     1
2021 03 09 03   110   108 10193    60    20 -9999 -9999     0
2021 03 09 06   111   109 10169    60    10 -9999 -9999     0
2021 03 09 09   105   102 10162    70    20 -9999 -9999     1
2021 03 09 12   103    98 10171    20    10 -9999 -9999   100
2021 03 09 15    97    92 10194    30    10 -9999 -9999   120
2021 03 09 18    94    91 10184    50    10 -9999 -9999    20
2021 03 09 21    94    91 10169   140    10 -9999 -9999    20
2021 03 10 00    94    93 10184   170    10 -9999 -9999    20
2021 03 10 03   100    99 10189    90    10 -9999 -9999     1
2021 03 10 06   123   118 10152    90    10 -9999 -9999     1
2021 03 10 09   128   117 10132    50    30 -9999 -9999     0
2021 03 10 12   111   108 10170    60    20 -9999 -9999     1
2021 03 10 15   104    99 10200    60    10 -9999 -9999     5
2021 03 10 18   101    98 10198    70    10 -9999 -9999     4
2021 03 10 21    95    92 10194   118     9 -9999 -9999     1
2021 03 11 00    93    88 10217    60    20 -9999 -9999     1
2021 03 11 03   106    94 10230     0 -9999 -9999 -9999     3
2021 03 11 06   142   115 10185    90    20 -9999 -9999     3
2021 03 11 09   143   120 10166    90    30 -9999 -9999     0
2021 03 11 12   119   111 10194    60    20 -9999 -9999     0
2021 03 11 15   111   108 10213    40    10 -9999 -9999     8
2021 03 11 18   109   106 10200     0 -9999 -9999 -9999    10
2021 03 11 21   109   107 10190     0 -9999 -9999 -9999    10
2021 03 12 00   109   106 10210    60    10 -9999 -9999     6
2021 03 12 03   116   111 10223     0 -9999 -9999 -9999     1
2021 03 12 06   132   119 10190    50    20 -9999 -9999     0
2021 03 12 09   139   126 10160   100    20 -9999 -9999     0
2021 03 12 12   126   123 10182    60    20 -9999 -9999     1
2021 03 12 15   123   120 10203    40    10 -9999 -9999     7
2021 03 12 18   121   118 10197     0 -9999 -9999 -9999    10
2021 03 12 21   120   118 10194     0 -9999 -9999 -9999     9
2021 03 13 00   121   119 10212     0 -9999 -9999 -9999     1
2021 03 13 03   146   123 10214     0 -9999 -9999 -9999     0
2021 03 13 06   182   143 10168    90    20 -9999 -9999     0
2021 03 13 09   201   140 10128   120    40 -9999 -9999     0
2021 03 13 12   145   135 10155   100    50 -9999 -9999     0
2021 03 13 15   138   135 10164   100    30 -9999 -9999     1
2021 03 13 18   137   134 10142    90    20 -9999 -9999     8
2021 03 13 21   140   137 10115   120    10 -9999 -9999     7
2021 03 14 00   150   129 10139   170    30 -9999 -9999     0
2021 03 14 03   169   126 10138   200    50 -9999 -9999     0
2021 03 14 06   210   129 10079   200    60 -9999 -9999     0
2021 03 14 09   228   141 10036   180    50 -9999 -9999     0
2021 03 14 12   189   150 10054   180    30 -9999 -9999     0
2021 03 14 15   176   141 10072   160    10 -9999 -9999     0
2021 03 14 18   160   135 10069   100    20 -9999 -9999     0
2021 03 14 21   146   130 10053   320    10 -9999 -9999     0
2021 03 15 00   150   127 10078    30    10 -9999 -9999     0
2021 03 15 03   205   130 10076   200    20 -9999 -9999     0
2021 03 15 06   256    81 10032   200    20 -9999 -9999     0
2021 03 15 09   265    89 10013   170    30 -9999 -9999     0
2021 03 15 12   203   149 10057   120    20 -9999 -9999     0
2021 03 15 15   183   150 10074   120    20 -9999 -9999     0
2021 03 15 18   175   148 10059   130    20 -9999 -9999     0
2021 03 15 21   164   142 10053   150    10 -9999 -9999     0
2021 03 16 00   159   137 10084   190    20 -9999 -9999     0
2021 03 16 03   195   134 10086   210    50 -9999 -9999     0
2021 03 16 06   248   114 10033   210    70 -9999 -9999     0
2021 03 16 09   262   115 10005   190    60 -9999 -9999     0
2021 03 16 12   212   163 10044   151    31 -9999 -9999 -9999
2021 03 16 15   194   159 10063   170    20 -9999 -9999     0
2021 03 16 18   175   153 10054   120    20 -9999 -9999     0
2021 03 16 21   150   140 10048   150    10 -9999 -9999     0
2021 03 17 00   143   137 10079     0 -9999 -9999 -9999     0
2021 03 17 03   219   116 10066   250    40 -9999 -9999     0
2021 03 17 06   277    41 10024   220    40 -9999 -9999     0
2021 03 17 09   290    58 10001   210    50 -9999 -9999     0
2021 03 17 12   236   138 10034   190    50 -9999 -9999     0
2021 03 17 15   198   159 10052     0 -9999 -9999 -9999     0
2021 03 17 18   182   153 10035   130    20 -9999 -9999     0
2021 03 17 21   158   140 10034   120    10 -9999 -9999     0
2021 03 18 00   144   130 10068     0 -9999 -9999 -9999     0
2021 03 18 03   231    88 10058   230    50 -9999 -9999     0
2021 03 18 06   286     3 10012   230    60 -9999 -9999     0
2021 03 18 15   204   141 10038    70    10 -9999 -9999     0
2021 03 18 18   181   130 10026     0 -9999 -9999 -9999     0
2021 03 18 21   162   116 10018   150    10 -9999 -9999     0
2021 03 19 00   146   116 10047   160    10 -9999 -9999     0
2021 03 19 03   246    21 10036   240    60 -9999 -9999     0
2021 03 19 06   296    -7  9994   220    50 -9999 -9999     0
2021 03 19 09   302   -35  9976   230    70 -9999 -9999     0
2021 03 19 12   260    27 10011   200    30 -9999 -9999     0
2021 03 19 15   203   149 10032    80    20 -9999 -9999     0
2021 03 19 18   169   138 10038   290    10 -9999 -9999     0
2021 03 19 21   179   140 10041    90    20 -9999 -9999     0
2021 03 20 00   171   136 10077    80    30 -9999 -9999     0
2021 03 20 03   184   135 10100    60    30 -9999 -9999     0
2021 03 20 06   217   146 10060   100    40 -9999 -9999     0
2021 03 20 09   178   125 10054    50    40 -9999 -9999     0
2021 03 20 12   139   109 10104    80    30 -9999 -9999     0
2021 03 20 15   110    98 10154    70    30 -9999 -9999 -9999
2021 03 20 18    95    78 10164    50    20 -9999 -9999     0
2021 03 20 21    82    51 10189    50    40 -9999 -9999     0
2021 03 21 00    80    40 10232    60    30 -9999 -9999     0
2021 03 21 03    86    30 10261    50    40 -9999 -9999     0
2021 03 21 06    86    24 10249    40    30 -9999 -9999     0
2021 03 21 09    86    20 10236    60    30 -9999 -9999     0
2021 03 21 12    73    26 10263    40    30 -9999 -9999     0
2021 03 21 15    64    32 10300    40    20 -9999 -9999     0
2021 03 21 18    56    26 10302    60    30 -9999 -9999     0
2021 03 21 21    57    14 10288    40    20 -9999 -9999     0
2021 03 22 00    55     9 10306    70    30 -9999 -9999     0
2021 03 22 03    63    18 10318    20    20 -9999 -9999     0
2021 03 22 06    81     1 10284    70    20 -9999 -9999     0
2021 03 22 09    82   -16 10260    90    10 -9999 -9999     0
2021 03 22 12    76   -14 10268    60    10 -9999 -9999     0
2021 03 22 15    70    -7 10282    20    20 -9999 -9999     0
2021 03 22 18    68    -4 10267    40    10 -9999 -9999     0
2021 03 22 21    63    -7 10243     0 -9999 -9999 -9999     0
2021 03 23 00    61    -2 10249   210    10 -9999 -9999     0
2021 03 23 03    80    18 10254   260    10 -9999 -9999     0
2021 03 23 06   127    36 10200   170    10 -9999 -9999     0
2021 03 23 09   153    49 10164    90    10 -9999 -9999     0
2021 03 23 12   119    62 10188   210    10 -9999 -9999     0
2021 03 23 15    88    57 10211     0 -9999 -9999 -9999     0
2021 03 23 18    70    52 10191   160    10 -9999 -9999     0
2021 03 23 21    76    54 10164   260    10 -9999 -9999     0
2021 03 24 00    86    61 10177   120    10 -9999 -9999     0
2021 03 24 03   153    85 10163   120    10 -9999 -9999     0
2021 03 24 06   201   108 10106    90    50 -9999 -9999     0
2021 03 24 09   209   101 10075   110    50 -9999 -9999     0
2021 03 24 12   160   105 10113   110    30 -9999 -9999     0
2021 03 24 15   145   105 10125   120    20 -9999 -9999     0
2021 03 24 18   137   107 10110   130    20 -9999 -9999     0
2021 03 24 21   127   109 10104   120    20 -9999 -9999     0
2021 03 25 00   122   109 10137   160    20 -9999 -9999     0
2021 03 25 03   126   112 10147   140    20 -9999 -9999     0
2021 03 25 06   145   117 10103   150    30 -9999 -9999     0
2021 03 25 09   180   129 10059   120    50 -9999 -9999     0
2021 03 25 12   157   130 10079   100    30 -9999 -9999     0
2021 03 25 15   154   132 10096   120    30 -9999 -9999     0
2021 03 25 18   153   128 10084   240    20 -9999 -9999     0
2021 03 25 21   152   127 10062   210    10 -9999 -9999     0
2021 03 26 00   153   128 10090   220    30 -9999 -9999     0
2021 03 26 03   186   128 10094   200    50 -9999 -9999     0
2021 03 26 06   250   123 10038   170    30 -9999 -9999     0
2021 03 26 09   262   119 10003   150    50 -9999 -9999     0
2021 03 26 12   215   154 10045   100    30 -9999 -9999     0
2021 03 26 15   189   152 10077   120    20 -9999 -9999     0
2021 03 26 18   176   154 10065   120    20 -9999 -9999     0
2021 03 26 21   152   114 10061    50    20 -9999 -9999     0
2021 03 27 00   140   106 10097    60    30 -9999 -9999     0
2021 03 27 03   143   109 10118    60    20 -9999 -9999     0
2021 03 27 06   162   112 10085   110    20 -9999 -9999     0
2021 03 27 09   204   121 10049    60    30 -9999 -9999     0
2021 03 27 12   169   116 10089    50    20 -9999 -9999     0
2021 03 27 15   168   121 10118    90    10 -9999 -9999     0
2021 03 27 18   163   125 10104     0 -9999 -9999 -9999     0
2021 03 27 21   158   129 10082     0 -9999 -9999 -9999     0
2021 03 28 00   153   132 10105     0 -9999 -9999 -9999     0
2021 03 28 03   195   134 10092   210    30 -9999 -9999     0
2021 03 28 06   240   132 10036   210    40 -9999 -9999     0
2021 03 28 09   245   131  9998   180    50 -9999 -9999     0
2021 03 28 12   211   159 10020   180    20 -9999 -9999     0
2021 03 28 15   190   162 10032    80    10 -9999 -9999     0
2021 03 28 18   184   151 10010   250    10 -9999 -9999     0
2021 03 28 21   192    30  9990   220    20 -9999 -9999     0
2021 03 29 00   129    69 10030   150    10 -9999 -9999     0
2021 03 29 03   262     0  9998   240    40 -9999 -9999     0
2021 03 29 06   316   -24  9950   240    60 -9999 -9999     0
2021 03 29 09   318   -35  9923   250    70 -9999 -9999     0
2021 03 29 12   281   -39  9966   240    60 -9999 -9999     0
2021 03 29 15   260   -17  9959   236    79 -9999 -9999 -9999
2021 03 29 18   236     0  9946   240    50 -9999 -9999     0
2021 03 29 21   224     9  9943   240    60 -9999 -9999     0
2021 03 30 00   201    10  9973   220    20 -9999 -9999     0
2021 03 30 03   237   -13  9973   240    70 -9999 -9999     0
2021 03 30 06   282    -9  9930   250    70 -9999 -9999     0
2021 03 30 09   301   -36  9901   230    60 -9999 -9999     0
2021 03 30 12   267   -50  9934   232    47 -9999 -9999 -9999
2021 03 30 15   245     1  9961   240    50 -9999 -9999     0
2021 03 30 18   224    20  9951   240    20 -9999 -9999     0
2021 03 30 21   211    24  9943   230    30 -9999 -9999     0
2021 03 31 00   185    47  9971   180    10 -9999 -9999     0
2021 03 31 03   256    47  9962   240    50 -9999 -9999     0
2021 03 31 06   299    59  9926   260    60 -9999 -9999     0
2021 03 31 09   291    52  9918   240    70 -9999 -9999     0
2021 03 31 12   267    27  9951   228    41 -9999 -9999 -9999
2021 03 31 15   228    43  9968   280    10 -9999 -9999     0
2021 03 31 18   234    34  9954   250    50 -9999 -9999     0
2021 03 31 21   221    42  9953   250    50 -9999 -9999     0
2021 04 01 00   224    54  9985   260    50 -9999 -9999     0
2021 04 01 03   271    76  9994   260    30 -9999 -9999     0
2021 04 01 06   301    47  9957   260    60 -9999 -9999     0
2021 04 01 09   301    32  9943   250    40 -9999 -9999     0
2021 04 01 12   259    49  9972   290    10 -9999 -9999     0
2021 04 01 15   203    77 10002     0 -9999 -9999 -9999     0
2021 04 01 18   174    77 10002   300    10 -9999 -9999     0
2021 04 01 21   154    91 10012   200    10 -9999 -9999     0
2021 04 02 00   160    94 10043   310    10 -9999 -9999     0
2021 04 02 03   262    15 10039   260    50 -9999 -9999     0
2021 04 02 06   297   -65 10008   240    80 -9999 -9999     0
2021 04 02 09   306   -20  9989   240    40 -9999 -9999     0
2021 04 02 12   252    78 10020   200    30 -9999 -9999     0
2021 04 02 15   211   145 10042   220    10 -9999 -9999     0
2021 04 02 18   188   139 10049    60    40 -9999 -9999     0
2021 04 02 21   172   127 10061    50    20 -9999 -9999     0
2021 04 03 00   163   117 10105    60    30 -9999 -9999     0
2021 04 03 03   183   123 10127    80    30 -9999 -9999     0
2021 04 03 06   208   137 10089   100    50 -9999 -9999     0
2021 04 03 09   216   140 10065   100    50 -9999 -9999     0
2021 04 03 12   177   142 10104   100    40 -9999 -9999     0
2021 04 03 15   168   135 10128    90    20 -9999 -9999     0
2021 04 03 18   149   136 10126    50    30 -9999 -9999     0
2021 04 03 21   142   136 10121    90    10 -9999 -9999     0
2021 04 04 00   132   124 10152    50    30 -9999 -9999     0
2021 04 04 03   131   123 10176    60    20 -9999 -9999     0
2021 04 04 06   133   125 10151    30    20 -9999 -9999     0
2021 04 04 09   141   131 10139   100    30 -9999 -9999 -9999
2021 04 04 12   139   131 10155    10    10 -9999 -9999 -9999
2021 04 04 15   139   133 10172   170    10 -9999 -9999 -9999
2021 04 04 18   141   135 10163   110    20 -9999 -9999 -9999
2021 04 04 21   137   132 10148    80    10 -9999 -9999     0
2021 04 05 00   142   131 10164   120    20 -9999 -9999     0
2021 04 05 03   159   132 10174   110    10 -9999 -9999     0
2021 04 05 06   153   138 10163   130    20 -9999 -9999 -9999
2021 04 05 09   164   148 10147   130    20 -9999 -9999 -9999
2021 04 05 12   144   139 10163   120    20 -9999 -9999 -9999
2021 04 05 15   140   137 10175   100    20 -9999 -9999 -9999
2021 04 05 18   140   135 10166   160    10 -9999 -9999     6
2021 04 05 21   137   134 10145   130    10 -9999 -9999    10
2021 04 06 00   137   132 10164   100    10 -9999 -9999     9
2021 04 06 03   143   140 10178    10    10 -9999 -9999    10
2021 04 06 06   152   134 10162   290    10 -9999 -9999    50
2021 04 06 09   155   142 10152   160    10 -9999 -9999    60
2021 04 06 12   147   141 10155   110    20 -9999 -9999    50
2021 04 06 15   143   138 10169   100    10 -9999 -9999    30
2021 04 06 18   140   137 10153     0 -9999 -9999 -9999    30
2021 04 06 21   135   127 10142     0 -9999 -9999 -9999    20
2021 04 07 00   136   128 10160     0 -9999 -9999 -9999     0
2021 04 07 03   184   126 10156   350    10 -9999 -9999     0
2021 04 07 06   216   116 10115   160    20 -9999 -9999     0
2021 04 07 09   200   135 10099   100    30 -9999 -9999     0
2021 04 07 12   176   131 10119    90    30 -9999 -9999     0
2021 04 07 15   162   122 10132    50    30 -9999 -9999     0
2021 04 07 18   126   110 10136    70    20 -9999 -9999   100
2021 04 07 21   120   106 10142    90    20 -9999 -9999   130
2021 04 08 00   120   106 10166    60    20 -9999 -9999    30
2021 04 08 03   118   100 10183    60    40 -9999 -9999 -9999
2021 04 08 06   141    91 10165    60    30 -9999 -9999     0
2021 04 08 09   139    99 10152   110    30 -9999 -9999     0
2021 04 08 12   127   102 10168   120    20 -9999 -9999     0
2021 04 08 15   121   102 10187    90    20 -9999 -9999     1
2021 04 08 18   115   104 10177   150    10 -9999 -9999     1
2021 04 08 21   106    98 10170   120    20 -9999 -9999     0
2021 04 09 00   103    97 10185   120    20 -9999 -9999     1
2021 04 09 03   112    99 10191   110    30 -9999 -9999     1
2021 04 09 06   119   103 10166   100    30 -9999 -9999     0
2021 04 09 09   114   103 10149   100    30 -9999 -9999     0
2021 04 09 12   105   100 10164   100    30 -9999 -9999     0
2021 04 09 15    99    96 10188   100    30 -9999 -9999     1
2021 04 09 18    98    95 10182   100    20 -9999 -9999     1
2021 04 09 21    97    94 10176   100    20 -9999 -9999     1
2021 04 10 00    97    94 10194   120    20 -9999 -9999     3
2021 04 10 03   112   104 10201    90    20 -9999 -9999     2
2021 04 10 06   121   115 10169   100    30 -9999 -9999     0
2021 04 10 09   122   117 10143    90    20 -9999 -9999     0
2021 04 10 12   113   110 10157    40    10 -9999 -9999     3
2021 04 10 15   113   111 10172    60    10 -9999 -9999     7
2021 04 10 18   114   112 10165     0 -9999 -9999 -9999    10
2021 04 10 21   115   113 10156     0 -9999 -9999 -9999     9
2021 04 11 00   118   116 10180    70    10 -9999 -9999     7
2021 04 11 03   125   122 10185    90    10 -9999 -9999     6
2021 04 11 06   141   138 10151    20    10 -9999 -9999     2
2021 04 11 09   169   154 10113    30    10 -9999 -9999     0
2021 04 11 12   160   154 10123    90    30 -9999 -9999     0
2021 04 11 15   144   141 10147    60    20 -9999 -9999     0
2021 04 11 18   141   139 10145    60    10 -9999 -9999     0
2021 04 11 21   139   137 10137    50    20 -9999 -9999     0
2021 04 12 00   139   137 10160    50    10 -9999 -9999     1
2021 04 12 03   137   129 10177    70    20 -9999 -9999     3
2021 04 12 06   151   133 10145    60    20 -9999 -9999     2
2021 04 12 09   169   142 10107    60    30 -9999 -9999     0
2021 04 12 12   153   135 10127    60    20 -9999 -9999     0
2021 04 12 15   144   139 10156    20    10 -9999 -9999     2
2021 04 12 18   143   141 10144     0 -9999 -9999 -9999     6
2021 04 12 21   141   138 10137    50    20 -9999 -9999    10
2021 04 13 00   134   131 10159    50    10 -9999 -9999    10
2021 04 13 03   140   129 10164    90    20 -9999 -9999     3
2021 04 13 06   150   135 10130   120    20 -9999 -9999     0
2021 04 13 09   153   140 10098    60    30 -9999 -9999     0
2021 04 13 12   143   140 10111    60    20 -9999 -9999     1
2021 04 13 15   143   140 10136    40    10 -9999 -9999     4
2021 04 13 18   141   139 10130    60    10 -9999 -9999     5
2021 04 13 21   140   138 10126    30    10 -9999 -9999     4
2021 04 14 00   140   137 10150    20    10 -9999 -9999     2
2021 04 14 03   148   137 10157    60    20 -9999 -9999     0
2021 04 14 06   159   134 10125   100    30 -9999 -9999     0
2021 04 14 09   161   136 10093   100    20 -9999 -9999     0
2021 04 14 12   149   136 10106    70    20 -9999 -9999     0
2021 04 14 15   143   140 10130    70    10 -9999 -9999     2
2021 04 14 18   138   135 10125    70    20 -9999 -9999     6
2021 04 14 21   131   126 10120    70    10 -9999 -9999     6
2021 04 15 00   130   125 10127     0 -9999 -9999 -9999     2
2021 04 15 03   146   136 10133   110    10 -9999 -9999     0
2021 04 15 06   158   143 10107    50    30 -9999 -9999     0
2021 04 15 09   152   137 10097    90    30 -9999 -9999     0
2021 04 15 12   140   135 10120    30    10 -9999 -9999     5
2021 04 15 15   141   138 10143    40    10 -9999 -9999    20
2021 04 15 18   137   132 10142    60    20 -9999 -9999    20
2021 04 15 21   128   122 10143     0 -9999 -9999 -9999    10
2021 04 16 00   130   124 10163   180    10 -9999 -9999     2
2021 04 16 03   140   117 10176    70    20 -9999 -9999     0
2021 04 16 06   156   124 10154    50    10 -9999 -9999     0
2021 04 16 09   157   119 10140    60    20 -9999 -9999     0
2021 04 16 12   149   120 10160    60    10 -9999 -9999     0
2021 04 16 15   141   120 10194    60    30 -9999 -9999     0
2021 04 16 18   130   117 10189     0 -9999 -9999 -9999 -9999
2021 04 16 21   126   118 10183   290    10 -9999 -9999     0
2021 04 17 00   127   119 10199    40    10 -9999 -9999     4
2021 04 17 03   132   116 10217    60    10 -9999 -9999     7
2021 04 17 06   136   118 10197    50    10 -9999 -9999     4
2021 04 17 09   141   118 10172    90    10 -9999 -9999     8
2021 04 17 12   129   120 10181   120    20 -9999 -9999     9
2021 04 17 15   123   117 10191   120    20 -9999 -9999     3
2021 04 17 18   123   120 10167   100    20 -9999 -9999     5
2021 04 17 21   122   120 10159   120    10 -9999 -9999     5
2021 04 18 00   125   123 10166   100    20 -9999 -9999     1
2021 04 18 03   133   130 10168   110    20 -9999 -9999    20
2021 04 18 06   155   140 10132   100    30 -9999 -9999    20
2021 04 18 09   157   142 10110    90    20 -9999 -9999     7
2021 04 18 12   140   138 10121   100    30 -9999 -9999     1
2021 04 18 15   133   131 10137    90    10 -9999 -9999     8
2021 04 18 18   131   129 10122   120    10 -9999 -9999    10
2021 04 18 21   130   128 10105   110    10 -9999 -9999     7
2021 04 19 00   132   130 10116   120    10 -9999 -9999     3
2021 04 19 03   165   149 10109    60    10 -9999 -9999     1
2021 04 19 06   214   157 10061   150    20 -9999 -9999     0
2021 04 19 09   234   149 10024   190    30 -9999 -9999     0
2021 04 19 12   186   158 10048   150    30 -9999 -9999     0
2021 04 19 15   183   163 10059   130    10 -9999 -9999     0
2021 04 19 18   183   154 10043   180    30 -9999 -9999     0
2021 04 19 21   174   147 10034   200    20 -9999 -9999     0
2021 04 20 00   176   143 10064   220    40 -9999 -9999     0
2021 04 20 03   216   138 10058   210    50 -9999 -9999     0
2021 04 20 06   249   125 10018   200    50 -9999 -9999     0
2021 04 20 09   267   120  9998   180    40 -9999 -9999     0
2021 04 20 12   230   153 10023   150    30 -9999 -9999     0
2021 04 20 15   204   166 10051   100    20 -9999 -9999     0
2021 04 20 18   178   163 10049     0 -9999 -9999 -9999     0
2021 04 20 21   160   155 10044     0 -9999 -9999 -9999     0
