2021 01 01 00    61   -18 10316     0 -9999 -9999 -9999     0
2021 01 01 03    89   -24 10318   230    10 -9999 -9999     0
2021 01 01 06   131    -5 10268    60    10 -9999 -9999     0
2021 01 01 09   128    -5 10246   280    10 -9999 -9999     0
2021 01 01 12   100    19 10260     0 -9999 -9999 -9999     0
2021 01 01 18    89    35 10262   130    10 -9999 -9999     0
2021 01 01 21    88    38 10251     0 -9999 -9999 -9999     0
2021 01 02 00    85    31 10261   120    10 -9999 -9999     0
2021 01 02 03   107    18 10263     0 -9999 -9999 -9999     0
2021 01 02 06   136     9 10209    80    10 -9999 -9999     0
2021 01 02 09   132    21 10190     0 -9999 -9999 -9999     0
2021 01 02 12    83    19 10206   150    10 -9999 -9999     0
2021 01 02 18    73    43 10252     0 -9999 -9999 -9999     0
2021 01 02 21    77    52 10254     0 -9999 -9999 -9999     0
2021 01 03 00    80    56 10279     0 -9999 -9999 -9999     0
2021 01 03 03   104    45 10295     0 -9999 -9999 -9999     0
2021 01 03 06   141    20 10259     0 -9999 -9999 -9999     0
2021 01 03 09   143    22 10242     0 -9999 -9999 -9999     0
2021 01 03 12   117    30 10257   170    10 -9999 -9999     0
2021 01 03 18   102    28 10267     0 -9999 -9999 -9999     0
2021 01 03 21    94    32 10258   140    10 -9999 -9999     0
2021 01 04 00    88    40 10264     0 -9999 -9999 -9999     0
2021 01 04 03   113    33 10264     0 -9999 -9999 -9999     0
2021 01 04 06   131    26 10216   310    10 -9999 -9999     0
2021 01 04 09   139    28 10202     0 -9999 -9999 -9999     0
2021 01 04 12    90    38 10224     0 -9999 -9999 -9999     0
2021 01 04 18    79    59 10242     0 -9999 -9999 -9999     0
2021 01 04 21    84    59 10244     0 -9999 -9999 -9999     0
2021 01 05 00    88    64 10273     0 -9999 -9999 -9999     0
2021 01 05 03    95    53 10295     0 -9999 -9999 -9999     0
2021 01 05 06    93    60 10270   120    10 -9999 -9999     0
2021 01 05 09    95    47 10259     0 -9999 -9999 -9999     0
2021 01 05 12    88    40 10274     0 -9999 -9999 -9999     0
2021 01 05 18    76    38 10280     0 -9999 -9999 -9999     0
2021 01 05 21    68    31 10271   140    10 -9999 -9999     0
2021 01 06 00    63    16 10277   120    10 -9999 -9999     0
2021 01 06 03    72    19 10275   110    10 -9999 -9999     0
2021 01 06 06    84    22 10232   120    10 -9999 -9999     0
2021 01 06 09    72    29 10225   100    10 -9999 -9999     0
2021 01 06 12    59    36 10249   160    10 -9999 -9999     0
2021 01 06 18    51    38 10276   140    10 -9999 -9999     0
2021 01 06 21    50    33 10277   130    10 -9999 -9999     1
2021 01 07 00    49    14 10300   100    10 -9999 -9999     1
2021 01 07 03    56     0 10315   100    10 -9999 -9999     0
2021 01 07 06    57   -10 10282   110    10 -9999 -9999     0
2021 01 07 09    47   -17 10278    90    10 -9999 -9999     0
2021 01 07 12    35   -16 10313   100    10 -9999 -9999     0
2021 01 07 18    21   -20 10350   130    10 -9999 -9999     0
2021 01 07 21    21   -28 10345     0 -9999 -9999 -9999     0
2021 01 08 00    24   -29 10361   140    10 -9999 -9999     0
2021 01 08 03    45   -40 10367   170    10 -9999 -9999     0
2021 01 08 06    68   -46 10323   120    20 -9999 -9999     0
2021 01 08 09    68   -49 10302   110    10 -9999 -9999     0
2021 01 08 12    53   -45 10314   140    10 -9999 -9999     0
2021 01 08 18    43   -57 10323     0 -9999 -9999 -9999     0
2021 01 08 21    37   -60 10313    70     3 -9999 -9999 -9999
2021 01 09 00    36   -46 10315     0 -9999 -9999 -9999     0
2021 01 09 03    60   -56 10322   160    10 -9999 -9999     0
2021 01 09 06    76   -89 10272   300    10 -9999 -9999     0
2021 01 09 09    76   -73 10251   130    10 -9999 -9999     0
2021 01 09 12    62   -46 10277   150    10 -9999 -9999     0
2021 01 09 18    52   -64 10299     0 -9999 -9999 -9999     0
2021 01 09 21    44   -48 10286   120    10 -9999 -9999     0
2021 01 10 00    40   -40 10294     0 -9999 -9999 -9999     0
2021 01 10 03    75   -59 10305    90    10 -9999 -9999     0
2021 01 10 06    94   -77 10264   140    10 -9999 -9999     0
2021 01 10 09    86   -80 10251     0 -9999 -9999 -9999     0
2021 01 10 12    73   -91 10287    90    10 -9999 -9999     0
2021 01 10 18    65   -79 10335    70    10 -9999 -9999     0
2021 01 10 21    64   -99 10345    60    20 -9999 -9999     0
2021 01 11 00    59   -95 10374     0 -9999 -9999 -9999     0
2021 01 11 03    98   -49 10386    90    10 -9999 -9999     0
2021 01 11 06    95   -34 10357   340    20 -9999 -9999     0
2021 01 11 09    92   -24 10338    30    10 -9999 -9999     0
2021 01 11 12    69   -31 10353   310    10 -9999 -9999     0
2021 01 11 18    43    -3 10360     0 -9999 -9999 -9999     0
2021 01 11 21    32    -8 10344     0 -9999 -9999 -9999     0
2021 01 12 00    21     2 10346     0 -9999 -9999 -9999     0
2021 01 12 03    80   -18 10342   300    10 -9999 -9999     0
2021 01 12 06   124   -51 10283   330    10 -9999 -9999     0
2021 01 12 09   151   -53 10244     0 -9999 -9999 -9999     0
2021 01 12 12    72   -28 10241     0 -9999 -9999 -9999     0
2021 01 12 18    36    -4 10241     0 -9999 -9999 -9999     0
2021 01 12 21    44     5 10224     0 -9999 -9999 -9999     0
2021 01 13 00    46     9 10230     0 -9999 -9999 -9999     0
2021 01 13 03    85     7 10240     0 -9999 -9999 -9999     0
2021 01 13 06   144   -12 10188   330    10 -9999 -9999     0
2021 01 13 09   175   -34 10160   325     5 -9999 -9999 -9999
2021 01 13 12    95     4 10181     0 -9999 -9999 -9999     0
2021 01 13 18    38    10 10214    60    10 -9999 -9999     0
2021 01 13 21    23    10 10207     0 -9999 -9999 -9999     0
2021 01 14 00    15     8 10233    90    10 -9999 -9999     0
2021 01 14 03    82     9 10237   310    10 -9999 -9999     0
2021 01 14 06   168    -4 10178   330    10 -9999 -9999     0
2021 01 14 09   198    13 10158     0 -9999 -9999 -9999     0
2021 01 14 12   110    28 10174   300    10 -9999 -9999     0
2021 01 14 18    48    31 10188     0 -9999 -9999 -9999     0
2021 01 14 21    34    27 10185    90    10 -9999 -9999     0
2021 01 15 00    28    25 10204    90    10 -9999 -9999     0
2021 01 15 03    97    41 10208    10    10 -9999 -9999     0
2021 01 15 06   180    27 10152   340    10 -9999 -9999     0
2021 01 15 09   207    48 10132   360     1 -9999 -9999 -9999
2021 01 15 12   129    60 10157     0 -9999 -9999 -9999     0
2021 01 15 18   100    78 10174     0 -9999 -9999 -9999     0
2021 01 15 21    99    78 10172     0 -9999 -9999 -9999     0
2021 01 16 00   103    81 10197     0 -9999 -9999 -9999     0
2021 01 16 03   114    86 10214     0 -9999 -9999 -9999     0
2021 01 16 06   133    84 10181     0 -9999 -9999 -9999     0
2021 01 16 09   136    95 10183     0 -9999 -9999 -9999     0
2021 01 16 12   133    55 10221    90    10 -9999 -9999     0
2021 01 16 18    99    27 10306    90    10 -9999 -9999     0
2021 01 16 21    87     7 10337    60    10 -9999 -9999     0
2021 01 17 00    76   -11 10365    70    20 -9999 -9999     0
2021 01 17 03    96   -27 10379    40    20 -9999 -9999     0
2021 01 17 06   114   -21 10342     0 -9999 -9999 -9999     0
2021 01 17 09   105   -15 10334    40    10 -9999 -9999     0
2021 01 17 12    90   -23 10347   300    10 -9999 -9999     0
2021 01 17 18    75     0 10329     0 -9999 -9999 -9999     0
2021 01 17 21    57     9 10316    70    10 -9999 -9999     0
2021 01 18 00    29    10 10319    80    10 -9999 -9999     0
2021 01 18 03    96     8 10313   250    10 -9999 -9999     0
2021 01 18 06   146   -28 10253   290    10 -9999 -9999     0
2021 01 18 09   179   -19 10222     0 -9999 -9999 -9999     0
2021 01 18 12    95     4 10235     0 -9999 -9999 -9999     0
2021 01 18 18    34    14 10225    90    10 -9999 -9999     0
2021 01 18 21    22    10 10213    90    10 -9999 -9999     0
2021 01 19 00    16    12 10228     0 -9999 -9999 -9999     0
2021 01 19 03    92    23 10224   310    10 -9999 -9999     0
2021 01 19 06   189    10 10158   350    10 -9999 -9999     0
2021 01 19 09   200    37 10124    80    10 -9999 -9999     0
2021 01 19 12   140    38 10145   160    10 -9999 -9999     0
2021 01 19 18    79    48 10162     0 -9999 -9999 -9999     0
2021 01 19 21    65    48 10159     0 -9999 -9999 -9999     0
2021 01 20 00    55    45 10183     0 -9999 -9999 -9999     0
2021 01 20 03   133    64 10190     0 -9999 -9999 -9999     0
2021 01 20 06   181    63 10148   290    10 -9999 -9999     0
2021 01 20 09   199    76 10126     0 -9999 -9999 -9999     0
2021 01 20 12   160    85 10152     0 -9999 -9999 -9999     0
2021 01 20 18   134    93 10163     0 -9999 -9999 -9999     0
2021 01 20 21   130    98 10158     0 -9999 -9999 -9999     0
2021 01 21 00   131    99 10183   290    10 -9999 -9999     0
2021 01 21 03   127    72 10209   250    10 -9999 -9999     0
2021 01 21 06   125    74 10191   250    20 -9999 -9999     0
2021 01 21 09   131    80 10181     0 -9999 -9999 -9999     0
2021 01 21 12   123    74 10207    80    10 -9999 -9999     0
2021 01 21 18   111    83 10214     0 -9999 -9999 -9999     0
2021 01 21 21   108    82 10205     0 -9999 -9999 -9999     0
2021 01 22 00   104    83 10215     0 -9999 -9999 -9999     0
2021 01 22 03   138    59 10223   290    10 -9999 -9999     0
2021 01 22 06   173    53 10178    90    10 -9999 -9999     0
2021 01 22 09   185    54 10155   130    10 -9999 -9999     0
2021 01 22 12   121    62 10173   120    10 -9999 -9999     0
2021 01 22 18    67    60 10195     0 -9999 -9999 -9999     0
2021 01 22 21    64    61 10186   110    10 -9999 -9999     0
2021 01 23 00    66    63 10201   110    10 -9999 -9999     0
2021 01 23 03    96    80 10213   110    10 -9999 -9999     0
2021 01 23 06   174    77 10154    80    10 -9999 -9999     0
2021 01 23 09   190    89 10121    70    10 -9999 -9999     0
2021 01 23 12   139    91 10136   150    10 -9999 -9999     0
2021 01 23 18   135   107 10135     0 -9999 -9999 -9999     0
2021 01 23 21   133   108 10120     0 -9999 -9999 -9999     0
2021 01 24 00   133   110 10128     0 -9999 -9999 -9999     0
2021 01 24 03   176   121 10127    60    10 -9999 -9999     0
2021 01 24 06   212   129 10081     0 -9999 -9999 -9999     0
2021 01 24 09   218   115 10067   140    30 -9999 -9999     0
2021 01 24 12   193   118 10090     0 -9999 -9999 -9999     0
2021 01 24 18   143   125 10119     0 -9999 -9999 -9999     0
2021 01 24 21   141   125 10134     0 -9999 -9999 -9999     0
2021 01 25 00   153   107 10173   250    20 -9999 -9999 -9999
2021 01 25 03   148    76 10222     0 -9999 -9999 -9999 -9999
2021 01 25 06   166    86 10201   110    10 -9999 -9999     0
2021 01 25 09   163    85 10192     0 -9999 -9999 -9999     0
2021 01 25 12   145    91 10205   120    10 -9999 -9999     0
2021 01 25 18   131    73 10218     0 -9999 -9999 -9999     0
2021 01 25 21   124    81 10212     0 -9999 -9999 -9999     0
2021 01 26 00   119    82 10225     0 -9999 -9999 -9999     0
2021 01 26 03   133    75 10234    90    10 -9999 -9999     0
2021 01 26 06   137    72 10202   120    10 -9999 -9999     0
2021 01 26 09   133    75 10175   100    10 -9999 -9999     0
2021 01 26 12   125    78 10182   100    10 -9999 -9999     0
2021 01 26 18   103    98 10191     0 -9999 -9999 -9999     1
2021 01 26 21    99    94 10186     0 -9999 -9999 -9999     4
2021 01 27 00    94    91 10206   200    10 -9999 -9999     6
2021 01 27 03   101    90 10226   140    10 -9999 -9999     3
2021 01 27 06   105    84 10202   130    10 -9999 -9999     0
2021 01 27 09   106    78 10201     0 -9999 -9999 -9999     0
2021 01 27 12    97    83 10242   130    10 -9999 -9999 -9999
2021 01 27 18    88    79 10290     0 -9999 -9999 -9999     2
2021 01 27 21    87    81 10288     0 -9999 -9999 -9999     0
2021 01 28 00    88    82 10301     0 -9999 -9999 -9999     0
2021 01 28 03   128    83 10312   310    10 -9999 -9999     0
2021 01 28 06   164    44 10272   300    20 -9999 -9999     0
2021 01 28 09   165    45 10245   260    20 -9999 -9999     0
2021 01 28 12   133    55 10255     0 -9999 -9999 -9999     0
2021 01 28 18   113    72 10258     0 -9999 -9999 -9999     0
2021 01 28 21   105    74 10244     0 -9999 -9999 -9999     0
2021 01 29 00   104    62 10252    90    10 -9999 -9999     0
2021 01 29 03   133    34 10259    90    10 -9999 -9999     0
2021 01 29 06   159    46 10215    70    10 -9999 -9999     0
2021 01 29 09   154    50 10187   110    10 -9999 -9999     0
2021 01 29 12   135    57 10193   120    10 -9999 -9999     0
2021 01 29 18   120    59 10213   130    10 -9999 -9999     0
2021 01 29 21   119    60 10213     0 -9999 -9999 -9999     0
2021 01 30 00   114    69 10240     0 -9999 -9999 -9999     0
2021 01 30 03   113    83 10259     0 -9999 -9999 -9999     0
2021 01 30 06   121    76 10232     0 -9999 -9999 -9999     0
2021 01 30 09   119    84 10216     0 -9999 -9999 -9999     0
2021 01 30 12   112    86 10220     0 -9999 -9999 -9999     0
2021 01 30 18   102   100 10226     0 -9999 -9999 -9999    10
2021 01 30 21   102   102 10219     0 -9999 -9999 -9999    20
2021 01 31 00   105   105 10228     0 -9999 -9999 -9999    20
2021 01 31 03   111   111 10239     0 -9999 -9999 -9999    20
2021 01 31 06   118   115 10206     0 -9999 -9999 -9999    10
2021 01 31 09   124   116 10187     0 -9999 -9999 -9999     4
2021 01 31 12   122   117 10198     0 -9999 -9999 -9999     0
2021 01 31 18   122   119 10210     0 -9999 -9999 -9999     0
2021 01 31 21   122   119 10208     0 -9999 -9999 -9999     2
2021 02 01 00   114   101 10228   260    20 -9999 -9999    20
2021 02 01 03   126    92 10244   280    20 -9999 -9999    10
2021 02 01 06   149    99 10208    40    10 -9999 -9999     1
2021 02 01 09   155   107 10188     0 -9999 -9999 -9999     0
2021 02 01 12   141   113 10199   190    10 -9999 -9999     0
2021 02 01 18   133   120 10214     0 -9999 -9999 -9999 -9999
2021 02 01 21   132   119 10209     0 -9999 -9999 -9999     0
2021 02 02 00   129   123 10231     0 -9999 -9999 -9999     0
2021 02 02 03   143   129 10242     0 -9999 -9999 -9999     0
2021 02 02 06   154   116 10213     0 -9999 -9999 -9999     0
2021 02 02 09   153   117 10196   100    10 -9999 -9999     0
2021 02 02 12   145   115 10211     0 -9999 -9999 -9999     0
2021 02 02 18   127   122 10222   230    10 -9999 -9999    30
2021 02 02 21   126   124 10218     0 -9999 -9999 -9999    40
2021 02 03 00   126   124 10232     0 -9999 -9999 -9999    10
2021 02 03 03   136   133 10244     0 -9999 -9999 -9999     0
2021 02 03 06   159   125 10210   110    10 -9999 -9999     0
2021 02 03 09   173   132 10187     0 -9999 -9999 -9999     0
2021 02 03 12   142   131 10201     0 -9999 -9999 -9999     0
2021 02 03 18   138   132 10209     0 -9999 -9999 -9999     0
2021 02 03 21   138   133 10201     0 -9999 -9999 -9999     0
2021 02 04 00   135   133 10219     0 -9999 -9999 -9999     0
2021 02 04 03   161   146 10223     0 -9999 -9999 -9999     0
2021 02 04 06   201   145 10175     0 -9999 -9999 -9999     0
2021 02 04 09   218   142 10146   100    10 -9999 -9999     0
2021 02 04 12   181   140 10159   350    10 -9999 -9999     0
2021 02 04 18   142   132 10177     0 -9999 -9999 -9999     0
2021 02 04 21   137   132 10177     0 -9999 -9999 -9999     0
2021 02 05 00   139   114 10219   260    30 -9999 -9999 -9999
2021 02 05 03   150    96 10247   310    10 -9999 -9999     0
2021 02 05 06   161    98 10222   230    10 -9999 -9999     0
2021 02 05 09   167   101 10202     0 -9999 -9999 -9999     0
2021 02 05 12   151   107 10209     0 -9999 -9999 -9999     0
2021 02 05 18   138   117 10206     0 -9999 -9999 -9999     0
2021 02 05 21   135   121 10191     0 -9999 -9999 -9999     0
2021 02 06 00   134   118 10209     0 -9999 -9999 -9999     0
2021 02 06 03   161   111 10211   320    10 -9999 -9999     0
2021 02 06 06   219   122 10150    90    10 -9999 -9999     0
2021 02 06 09   245   131 10113     0 -9999 -9999 -9999     0
2021 02 06 12   193   128 10130     0 -9999 -9999 -9999     0
2021 02 06 18   135   122 10148   110    10 -9999 -9999     0
2021 02 06 21   131   122 10155     0 -9999 -9999 -9999     0
2021 02 07 00   128   122 10176     0 -9999 -9999 -9999 -9999
2021 02 07 03   164   131 10197     0 -9999 -9999 -9999     0
2021 02 07 06   211   114 10171   290    10 -9999 -9999     0
2021 02 07 09   215   121 10167   260    10 -9999 -9999     0
2021 02 07 12   190   116 10191   280    30 -9999 -9999     0
2021 02 07 18   143   138 10211     0 -9999 -9999 -9999    90
2021 02 07 21   138   132 10211   260    30 -9999 -9999    70
2021 02 08 00   123   112 10237   270    30 -9999 -9999    80
2021 02 08 03   121   108 10267   270    20 -9999 -9999    90
2021 02 08 06   126   120 10249   300    10 -9999 -9999    80
2021 02 08 09   125   120 10241     0 -9999 -9999 -9999    50
2021 02 08 12   122   119 10248     0 -9999 -9999 -9999    30
2021 02 08 18   120   120 10246     0 -9999 -9999 -9999    20
2021 02 08 21   111   111 10233   140    10 -9999 -9999    50
2021 02 09 00   102   102 10241     0 -9999 -9999 -9999    70
2021 02 09 03   109   107 10255     0 -9999 -9999 -9999    70
2021 02 09 06   116   113 10223    80    10 -9999 -9999    60
2021 02 09 12   109   104 10214     0 -9999 -9999 -9999    30
2021 02 09 18   103   101 10209     0 -9999 -9999 -9999     9
2021 02 09 21   103   100 10199     0 -9999 -9999 -9999     5
2021 02 10 00   104   101 10211     0 -9999 -9999 -9999     0
2021 02 10 03   126   100 10220     0 -9999 -9999 -9999     0
2021 02 10 06   158   114 10190    70    10 -9999 -9999     0
2021 02 10 09   159   100 10176     0 -9999 -9999 -9999     0
2021 02 11 00    93    92 10216     0 -9999 -9999 -9999     0
2021 02 13 12   170   116 10183   112     4 -9999 -9999 -9999
2021 02 13 18   147   131 10197     0 -9999 -9999 -9999     0
2021 02 13 21   139   128 10191     0 -9999 -9999 -9999     0
2021 02 14 00   129   123 10205     0 -9999 -9999 -9999     0
2021 02 14 03   187   100 10206   360    10 -9999 -9999     0
2021 02 14 06   232   110 10160   350    10 -9999 -9999     0
2021 02 14 09   238   118 10133   110    10 -9999 -9999     0
2021 02 14 12   183   121 10140   140    10 -9999 -9999     0
2021 02 14 18   143   129 10139   100    10 -9999 -9999     0
2021 02 14 21   147   134 10129     0 -9999 -9999 -9999     0
2021 02 15 00   149   136 10153     0 -9999 -9999 -9999     0
2021 02 15 03   187   136 10162   310    10 -9999 -9999     0
2021 02 15 06   240   138 10118    70    10 -9999 -9999     0
2021 02 15 09   243   141 10097   120    10 -9999 -9999     0
2021 02 15 12   199   138 10122   120    10 -9999 -9999     0
2021 02 15 18   145   140 10159   280    10 -9999 -9999   100
2021 02 15 21   138   118 10161   270    10 -9999 -9999   100
2021 02 16 00   135   124 10188    90    10 -9999 -9999    30
2021 02 16 03   147   113 10224   300    10 -9999 -9999     0
2021 02 16 06   167   108 10209     0 -9999 -9999 -9999     0
2021 02 16 09   167    92 10199   240    10 -9999 -9999     0
2021 02 16 12   149   107 10223   140    10 -9999 -9999     0
2021 02 16 18   122   104 10251     0 -9999 -9999 -9999     0
2021 02 16 21   114   101 10243   250    10 -9999 -9999     0
2021 02 17 00   112   106 10261     0 -9999 -9999 -9999 -9999
2021 02 17 03   148   118 10276   100    10 -9999 -9999     0
2021 02 17 06   210    50 10242   160    20 -9999 -9999     0
2021 02 17 09   212    56 10217   170    10 -9999 -9999     0
2021 02 17 12   153    76 10238   110    10 -9999 -9999     0
2021 02 17 18   129   106 10255     0 -9999 -9999 -9999     0
2021 02 17 21   128   105 10254     0 -9999 -9999 -9999     0
2021 02 18 00   124    85 10283    70    10 -9999 -9999     0
2021 02 18 03   149    54 10304     0 -9999 -9999 -9999     0
2021 02 18 06   173    46 10277     0 -9999 -9999 -9999     0
2021 02 18 09   169    49 10262   120    10 -9999 -9999     0
2021 02 18 12   146    62 10268   150    10 -9999 -9999     0
2021 02 18 18   127    90 10267     0 -9999 -9999 -9999     0
2021 02 18 21   122    90 10261     0 -9999 -9999 -9999     0
2021 02 19 00   122    94 10275     0 -9999 -9999 -9999     0
2021 02 19 03   133    97 10293     0 -9999 -9999 -9999     0
2021 02 19 06   167    65 10260   350    10 -9999 -9999     0
2021 02 19 09   172    73 10235   310    10 -9999 -9999     0
2021 02 20 18   161   130 10160   360     0 -9999 -9999 -9999
2021 02 20 21   146   126 10147   157     5 -9999 -9999 -9999
2021 02 21 00   145   132 10166   360     1 -9999 -9999 -9999
2021 02 21 06   222   136 10144   360     0 -9999 -9999 -9999
2021 02 21 09   226   137 10123   110     8 -9999 -9999 -9999
2021 02 21 18   160   157 10158   112     6 -9999 -9999   126
2021 02 21 21   153   151 10158     0 -9999 -9999 -9999    60
2021 02 22 00   151   151 10180   360     2 -9999 -9999 -9999
2021 02 22 03   180   153 10191     0 -9999 -9999 -9999     0
2021 02 22 06   209   152 10158   190    10 -9999 -9999     0
2021 02 22 09   241   148 10126     0 -9999 -9999 -9999     0
2021 02 22 12   189   152 10146     0 -9999 -9999 -9999     0
2021 02 22 18   155   150 10171     0 -9999 -9999 -9999     0
2021 02 22 21   150   148 10162     0 -9999 -9999 -9999     0
2021 02 23 00   149   149 10179   110    10 -9999 -9999     0
2021 02 23 03   206   158 10178   290    10 -9999 -9999     0
2021 02 23 06   258   152 10133     0 -9999 -9999 -9999     0
2021 02 23 09   274   134 10094   120    10 -9999 -9999     0
2021 02 23 12   207   134 10106   160    10 -9999 -9999     0
2021 02 23 18   168   150 10112   100    10 -9999 -9999     0
2021 02 23 21   163   152 10095   100    10 -9999 -9999     0
2021 02 24 00   159   153 10106     0 -9999 -9999 -9999     0
2021 02 24 03   221   162 10099     0 -9999 -9999 -9999     0
2021 02 24 06   253   147 10053   110    10 -9999 -9999     0
2021 02 24 09   239   151 10033    90    20 -9999 -9999     0
2021 02 24 12   216   152 10046    90    10 -9999 -9999     0
2021 02 24 18   195   160 10057   130    10 -9999 -9999     0
2021 02 24 21   170   153 10053   110    10 -9999 -9999     0
2021 02 25 00   171   158 10069     0 -9999 -9999 -9999     0
2021 02 25 03   198   164 10087     0 -9999 -9999 -9999     0
2021 02 25 06   237   172 10054    70    10 -9999 -9999     0
2021 02 25 09   229   165 10037    80    10 -9999 -9999     0
2021 02 25 12   203   163 10056     0 -9999 -9999 -9999     0
2021 02 25 18   190   166 10071     0 -9999 -9999 -9999     0
2021 02 25 21   140   106 10104   110    10 -9999 -9999     5
2021 02 26 00   118    99 10144   110    10 -9999 -9999    20
2021 02 26 03   107    91 10176   100    10 -9999 -9999    40
2021 02 26 06   122    89 10159   130    10 -9999 -9999    30
2021 02 26 09   147    77 10138   100    10 -9999 -9999     7
2021 02 26 12   116    71 10157   110    10 -9999 -9999     0
2021 02 26 18   110    62 10186   110    10 -9999 -9999     0
2021 02 26 21   103    55 10177   110    10 -9999 -9999     0
2021 02 27 00   100    56 10193   110    10 -9999 -9999     0
2021 02 27 03   106    58 10202   100    10 -9999 -9999     0
2021 02 27 06   110    62 10175   120    10 -9999 -9999     0
2021 02 27 09   118    67 10155   100    10 -9999 -9999     0
2021 02 27 12   106    77 10156   140    10 -9999 -9999     0
2021 02 27 18    99    94 10155     0 -9999 -9999 -9999     1
2021 02 27 21   101    98 10138     0 -9999 -9999 -9999     2
2021 02 28 00   106   101 10147     0 -9999 -9999 -9999     1
2021 02 28 03   123   102 10150     0 -9999 -9999 -9999     0
2021 02 28 06   161   123 10103   270    10 -9999 -9999     0
2021 02 28 09   214   136 10058     0 -9999 -9999 -9999     0
2021 02 28 12   181   144 10076   260    10 -9999 -9999     0
2021 02 28 18   158   147 10108   290    10 -9999 -9999     0
2021 02 28 21   164    93 10142   280    20 -9999 -9999     0
2021 03 01 00   151    72 10202    90    10 -9999 -9999     0
2021 03 01 03   173    56 10232    50    10 -9999 -9999     0
2021 03 01 06   199    63 10218    60    10 -9999 -9999     0
2021 03 01 09   185    47 10217    80    10 -9999 -9999     0
2021 03 01 12   156    34 10241    20    10 -9999 -9999     0
2021 03 01 18   129    38 10269    80    10 -9999 -9999     0
2021 03 01 21   119    46 10262   160    10 -9999 -9999     0
2021 03 02 00   116    50 10272     0 -9999 -9999 -9999     0
2021 03 02 03   146    40 10270   110    10 -9999 -9999     0
2021 03 02 06   163    53 10231   110    10 -9999 -9999     0
2021 03 02 09   163    53 10195    70    10 -9999 -9999     0
2021 03 02 12   144    57 10196   150    10 -9999 -9999     0
2021 03 02 18   112    75 10237    50    10 -9999 -9999 -9999
2021 03 02 21    94    88 10243     0 -9999 -9999 -9999     5
2021 03 03 00    97    89 10255     0 -9999 -9999 -9999     6
2021 03 03 03   120    87 10259   100    10 -9999 -9999     1
2021 03 03 06   133    82 10223    60    10 -9999 -9999     0
2021 03 03 09   133    82 10201     0 -9999 -9999 -9999     0
2021 03 03 12   123    90 10215     0 -9999 -9999 -9999     0
2021 03 03 18   107    98 10230     0 -9999 -9999 -9999     0
2021 03 03 21   107   101 10213     0 -9999 -9999 -9999     1
2021 03 04 00   108    97 10215     0 -9999 -9999 -9999     1
2021 03 04 03   125    97 10214     0 -9999 -9999 -9999     0
2021 03 04 06   136   100 10168     0 -9999 -9999 -9999     0
2021 03 04 09   139   103 10140    90    10 -9999 -9999     0
2021 03 04 12   121   115 10145     0 -9999 -9999 -9999     2
2021 03 04 18   121   119 10154     0 -9999 -9999 -9999    10
2021 03 04 21   120   120 10148     0 -9999 -9999 -9999     4
2021 03 05 00   123   121 10162     0 -9999 -9999 -9999     2
2021 03 05 03   142   134 10174     0 -9999 -9999 -9999     1
2021 03 05 06   173   130 10129     0 -9999 -9999 -9999     0
2021 03 05 09   188   128 10107     0 -9999 -9999 -9999     0
2021 03 05 12   169   138 10128     0 -9999 -9999 -9999     0
2021 03 05 18   148   145 10175     0 -9999 -9999 -9999     4
2021 03 05 21   143   140 10176     0 -9999 -9999 -9999     1
2021 03 06 00   142   140 10203   310    10 -9999 -9999     0
2021 03 06 03   192   115 10214     0 -9999 -9999 -9999     0
2021 03 06 06   220   105 10184   150    10 -9999 -9999     0
2021 03 06 09   234   101 10169    40    10 -9999 -9999     0
2021 03 06 12   191    90 10196    90    20 -9999 -9999     0
2021 03 06 18   139   114 10226     0 -9999 -9999 -9999     4
2021 03 06 21   138   108 10223     0 -9999 -9999 -9999     4
2021 03 07 00   136   100 10236     0 -9999 -9999 -9999     0
2021 03 07 03   156    95 10242   130    10 -9999 -9999     0
2021 03 07 06   170    89 10209   130    10 -9999 -9999     0
2021 03 07 09   167    99 10177     0 -9999 -9999 -9999     0
2021 03 07 12   154   108 10187   120    10 -9999 -9999     0
2021 03 07 18   147   117 10191     0 -9999 -9999 -9999     0
2021 03 07 21   145   118 10179     0 -9999 -9999 -9999     0
2021 03 08 00   145   122 10198     0 -9999 -9999 -9999     0
2021 03 08 03   163   125 10206     0 -9999 -9999 -9999     0
2021 03 08 06   167   127 10179    90    10 -9999 -9999     0
2021 03 08 09   162   126 10157     0 -9999 -9999 -9999     0
2021 03 08 12   151   115 10178     0 -9999 -9999 -9999     0
2021 03 08 18   135   124 10197   150    10 -9999 -9999     7
2021 03 08 21   130   121 10195     0 -9999 -9999 -9999     3
2021 03 09 00   127   111 10218     0 -9999 -9999 -9999     0
2021 03 09 03   135   118 10231   360     2 -9999 -9999     4
2021 03 09 06   144   112 10208     0 -9999 -9999 -9999     4
2021 03 09 09   137   110 10195   120    10 -9999 -9999     0
2021 03 09 12   122   113 10206     0 -9999 -9999 -9999     8
2021 03 09 18   116   113 10213     0 -9999 -9999 -9999   160
2021 03 09 21   113   111 10198    60    10 -9999 -9999    90
2021 03 10 00   115   115 10214     0 -9999 -9999 -9999    30
2021 03 10 03   126   115 10220   160    10 -9999 -9999     0
2021 03 10 06   138   118 10187     0 -9999 -9999 -9999     0
2021 03 10 09   135   126 10173   170    10 -9999 -9999     0
2021 03 10 12   129   120 10193   170    10 -9999 -9999     0
2021 03 10 18   122   117 10224     0 -9999 -9999 -9999     0
2021 03 10 21   120   117 10219   360     1 -9999 -9999 -9999
2021 03 11 00   121   118 10235     0 -9999 -9999 -9999     1
2021 03 11 03   140   112 10250    70    10 -9999 -9999     1
2021 03 11 06   158   112 10221     0 -9999 -9999 -9999     0
2021 03 11 09   166   120 10195   110    10 -9999 -9999     0
2021 03 11 12   149   119 10215   120    10 -9999 -9999     0
2021 03 11 18   134   128 10228     0 -9999 -9999 -9999     5
2021 03 11 21   131   129 10216     0 -9999 -9999 -9999     7
2021 03 12 00   132   130 10232     0 -9999 -9999 -9999     2
2021 03 12 03   150   134 10245     0 -9999 -9999 -9999     0
2021 03 12 06   163   138 10215    80    10 -9999 -9999     0
2021 03 12 09   168   133 10188     0 -9999 -9999 -9999     0
2021 03 12 12   157   139 10204     0 -9999 -9999 -9999     0
2021 03 12 18   148   140 10219     0 -9999 -9999 -9999     0
2021 03 12 21   146   143 10210     0 -9999 -9999 -9999     1
2021 03 13 00   145   143 10228     0 -9999 -9999 -9999     1
2021 03 13 03   171   149 10230     0 -9999 -9999 -9999     0
2021 03 13 06   197   147 10196   320    10 -9999 -9999     0
2021 03 13 09   199   151 10172     0 -9999 -9999 -9999     0
2021 03 13 12   184   153 10173     0 -9999 -9999 -9999     0
2021 03 13 18   168   157 10173     0 -9999 -9999 -9999     0
2021 03 13 21   165   157 10156     0 -9999 -9999 -9999     0
2021 03 14 00   163   161 10167     0 -9999 -9999 -9999     9
2021 03 14 03   195   162 10161   310    10 -9999 -9999     9
2021 03 14 06   253   183 10106    80    10 -9999 -9999     0
2021 03 14 09   266   174 10065   110    20 -9999 -9999     0
2021 03 14 12   216   170 10081     0 -9999 -9999 -9999     0
2021 03 14 18   209   163 10089   150    10 -9999 -9999     0
2021 03 14 21   196   164 10079     0 -9999 -9999 -9999     0
2021 03 15 00   179   164 10098     0 -9999 -9999 -9999     0
2021 03 15 03   239   174 10105     0 -9999 -9999 -9999     0
2021 03 15 06   288   180 10065    70    10 -9999 -9999     0
2021 03 15 09   281   179 10050    80    20 -9999 -9999     0
2021 03 15 12   236   166 10083   100    10 -9999 -9999     0
2021 03 15 18   214   172 10094     0 -9999 -9999 -9999     0
2021 03 15 21   204   176 10091   150    10 -9999 -9999     0
2021 03 16 00   196   181 10110     0 -9999 -9999 -9999     0
2021 03 16 03   241   178 10110     0 -9999 -9999 -9999     0
2021 03 16 06   265   186 10072    50    10 -9999 -9999     0
2021 03 16 09   262   186 10053    80    10 -9999 -9999     0
2021 03 16 12   236   183 10073     0 -9999 -9999 -9999     0
2021 03 16 18   215   185 10088     0 -9999 -9999 -9999     0
2021 03 16 21   207   185 10080   100    10 -9999 -9999     0
2021 03 17 00   201   188 10096     0 -9999 -9999 -9999     0
2021 03 17 03   244   188 10096   340    10 -9999 -9999     0
2021 03 17 06   306   193 10054    70    10 -9999 -9999     0
2021 03 17 09   306   187 10026    90    20 -9999 -9999     0
2021 03 17 12   251   183 10054    90    10 -9999 -9999     0
2021 03 17 18   193   181 10071     0 -9999 -9999 -9999     0
2021 03 17 21   179   174 10069     0 -9999 -9999 -9999     0
2021 03 18 00   173   171 10098     0 -9999 -9999 -9999     0
2021 03 18 03   253   192 10093   360    10 -9999 -9999     0
2021 03 18 06   320   189 10041    60    10 -9999 -9999     0
2021 03 18 09   330   184 10010   120    10 -9999 -9999     0
2021 03 18 12   266   187 10038    94     9 -9999 -9999 -9999
2021 03 18 18   201   184 10061   110    10 -9999 -9999     0
2021 03 18 21   183   177 10054   130    10 -9999 -9999     0
2021 03 19 00   179   177 10081     0 -9999 -9999 -9999     0
2021 03 19 03   261   190 10075   360    10 -9999 -9999     0
2021 03 19 06   320   186 10025    70    10 -9999 -9999     0
2021 03 19 09   320   189 10000   110    10 -9999 -9999     0
2021 03 19 12   265   189 10032     0 -9999 -9999 -9999     0
2021 03 19 18   237   194 10065     0 -9999 -9999 -9999     0
2021 03 19 21   224   194 10072     0 -9999 -9999 -9999     0
2021 03 20 00   193   152 10119   100    10 -9999 -9999 -9999
2021 03 20 03   175   122 10153   110    10 -9999 -9999     0
2021 03 20 06   170   113 10136   100    10 -9999 -9999     0
2021 03 20 09   152    96 10129   100    10 -9999 -9999     0
2021 03 20 12   136    82 10161   100    10 -9999 -9999     0
2021 03 20 18   115    91 10225   150    10 -9999 -9999 -9999
2021 03 20 21   125    47 10233    80    10 -9999 -9999     0
2021 03 21 00   125    42 10267    70    10 -9999 -9999     0
2021 03 21 03   140    38 10288    70    10 -9999 -9999     0
2021 03 21 06   147    44 10271    60    20 -9999 -9999     0
2021 03 21 09   145    48 10253    90    10 -9999 -9999     0
2021 03 21 12   138    30 10269    60    10 -9999 -9999     0
2021 03 21 18   126    13 10307    60    10 -9999 -9999     0
2021 03 21 21   118     9 10300    80    10 -9999 -9999     0
2021 03 22 00   116    26 10312     0 -9999 -9999 -9999     0
2021 03 22 03   139    12 10315     0 -9999 -9999 -9999     1
2021 03 22 06   157     3 10287   160    10 -9999 -9999     1
2021 03 22 09   151     5 10263     0 -9999 -9999 -9999     0
2021 03 22 12   132    36 10265   360     2 -9999 -9999 -9999
2021 03 22 18   116    59 10266     0 -9999 -9999 -9999     0
2021 03 22 21   112    59 10248     0 -9999 -9999 -9999     0
2021 03 23 00   114    69 10253     0 -9999 -9999 -9999     0
2021 03 23 03   146    46 10255   200    10 -9999 -9999     0
2021 03 23 06   204    36 10203    30    10 -9999 -9999     0
2021 03 23 09   218    53 10168    60    10 -9999 -9999     0
2021 03 23 12   161    68 10183     0 -9999 -9999 -9999     0
2021 03 23 18    98    82 10200     0 -9999 -9999 -9999     0
2021 03 23 21    87    81 10188     0 -9999 -9999 -9999     0
2021 03 24 00    89    86 10206     0 -9999 -9999 -9999     0
2021 03 24 03   168    90 10197    80    10 -9999 -9999     0
2021 03 24 06   219   101 10148    10    10 -9999 -9999     0
2021 03 24 09   241   108 10110    60    10 -9999 -9999     0
2021 03 24 12   193   106 10132    60    10 -9999 -9999     0
2021 03 24 18   166   129 10147     0 -9999 -9999 -9999     0
2021 03 24 21   169   128 10143    90    10 -9999 -9999     0
2021 03 25 00   167   134 10166     0 -9999 -9999 -9999     0
2021 03 25 03   185   136 10175    70    10 -9999 -9999     0
2021 03 25 06   189   144 10138     0 -9999 -9999 -9999     0
2021 03 25 09   186   147 10107     0 -9999 -9999 -9999     0
2021 03 25 12   178   152 10108     0 -9999 -9999 -9999     0
2021 03 25 18   176   161 10105     0 -9999 -9999 -9999     0
2021 03 25 21   178   163 10093     0 -9999 -9999 -9999     0
2021 03 26 00   180   165 10112     0 -9999 -9999 -9999     0
2021 03 26 03   210   170 10116   290    10 -9999 -9999     0
2021 03 26 06   283   178 10068    60    10 -9999 -9999     0
2021 03 26 09   291   173 10042   120    10 -9999 -9999     0
2021 03 26 12   242   174 10072    90    10 -9999 -9999     0
2021 03 26 18   218   165 10093   280    30 -9999 -9999     0
2021 03 26 21   188   137 10100     0 -9999 -9999 -9999     0
2021 03 27 00   185   123 10125     0 -9999 -9999 -9999     0
2021 03 27 03   204   134 10138   130    10 -9999 -9999     0
2021 03 27 06   218   137 10106   210    10 -9999 -9999     0
2021 03 27 09   227   138 10082     0 -9999 -9999 -9999     0
2021 03 27 12   207   148 10101     0 -9999 -9999 -9999     0
2021 03 27 18   191   161 10113     0 -9999 -9999 -9999     0
2021 03 27 21   187   163 10102     0 -9999 -9999 -9999     0
2021 03 28 00   185   167 10115     0 -9999 -9999 -9999     0
2021 03 28 03   221   168 10117     0 -9999 -9999 -9999     0
2021 03 28 06   281   182 10065    70    10 -9999 -9999     0
2021 03 28 09   289   192 10024   120    10 -9999 -9999     0
2021 03 28 12   246   188 10030   150    10 -9999 -9999     0
2021 03 28 18   207   194 10032     0 -9999 -9999 -9999     0
2021 03 28 21   188   185 10019     0 -9999 -9999 -9999     0
2021 03 29 00   186   186 10040     0 -9999 -9999 -9999     0
2021 03 29 03   280   195 10030    70    10 -9999 -9999     0
2021 03 29 06   338   166  9974    60    10 -9999 -9999     0
2021 03 29 09   345   173  9939    90    10 -9999 -9999     0
2021 03 29 12   280   184  9960   170    10 -9999 -9999     0
2021 03 29 18   221   196  9979    80    10 -9999 -9999     0
2021 03 29 21   212   198  9979     0 -9999 -9999 -9999     0
2021 03 30 00   207   200 10004     0 -9999 -9999 -9999     0
2021 03 30 03   251   199 10010   310    10 -9999 -9999     0
2021 03 30 06   317   187  9970    70    10 -9999 -9999     0
2021 03 30 09   327   173  9937   110    10 -9999 -9999     0
2021 03 30 12   255   177  9959   130    10 -9999 -9999     0
2021 03 30 18   205   182  9984   127     7 -9999 -9999 -9999
2021 03 30 21   186   179  9979    90    10 -9999 -9999     0
2021 03 31 00   182   180 10006     0 -9999 -9999 -9999     0
2021 03 31 03   270   188 10003    70    10 -9999 -9999     0
2021 03 31 06   348   100  9956   280    20 -9999 -9999     0
2021 03 31 09   350    94  9933   180    30 -9999 -9999     0
2021 03 31 12   278   130  9958     0 -9999 -9999 -9999     0
2021 03 31 18   205   153  9981    90    10 -9999 -9999     0
2021 03 31 21   185   157  9984     0 -9999 -9999 -9999     0
2021 04 01 00   180   160 10023     0 -9999 -9999 -9999 -9999
2021 04 01 03   271   179 10028   350    10 -9999 -9999     0
2021 04 01 06   348   175  9983    70    10 -9999 -9999     0
2021 04 01 09   347   179  9960    90    10 -9999 -9999     0
2021 04 01 12   286   190  9990   140    10 -9999 -9999     0
2021 04 01 18   238   207 10022     0 -9999 -9999 -9999     0
2021 04 01 21   221   207 10031     0 -9999 -9999 -9999     0
2021 04 02 00   214   207 10064     0 -9999 -9999 -9999     0
2021 04 02 03   290   205 10064    90    10 -9999 -9999     0
2021 04 02 06   335   196 10024    90    10 -9999 -9999     0
2021 04 02 09   332   197 10003    90    10 -9999 -9999     0
2021 04 02 12   278   199 10033   100    10 -9999 -9999     0
2021 04 02 18   205   165 10098   260    30 -9999 -9999     0
2021 04 02 21   196   146 10114     0 -9999 -9999 -9999     0
2021 04 03 00   186   135 10152     0 -9999 -9999 -9999     0
2021 04 03 03   207   127 10166   120    10 -9999 -9999     0
2021 04 03 06   218   142 10149    90    10 -9999 -9999     0
2021 04 03 09   215   134 10125   100    10 -9999 -9999     0
2021 04 03 12   196   126 10145    60    10 -9999 -9999     0
2021 04 03 18   172   124 10171   105     6 -9999 -9999 -9999
2021 04 03 21   162   114 10172     0 -9999 -9999 -9999     0
2021 04 04 00   157   109 10195   110    10 -9999 -9999     0
2021 04 04 03   166   111 10210   100    10 -9999 -9999     0
2021 04 04 06   173   111 10190   120    10 -9999 -9999     0
2021 04 04 09   163   110 10180   100    10 -9999 -9999     0
2021 04 04 12   149   120 10197   140    10 -9999 -9999     1
2021 04 04 18   141   128 10209   160    10 -9999 -9999     7
2021 04 04 21   136   133 10192     0 -9999 -9999 -9999    20
2021 04 05 00   140   134 10211     0 -9999 -9999 -9999    10
2021 04 05 03   155   126 10226     0 -9999 -9999 -9999     0
2021 04 05 06   164   126 10206     0 -9999 -9999 -9999     0
2021 04 05 09   163   136 10192     0 -9999 -9999 -9999 -9999
2021 04 05 12   154   138 10198     0 -9999 -9999 -9999     1
2021 04 05 18   146   141 10199     0 -9999 -9999 -9999     6
2021 04 05 21   145   140 10184     0 -9999 -9999 -9999     1
2021 04 06 00   149   144 10201     0 -9999 -9999 -9999     1
2021 04 06 03   171   136 10207     0 -9999 -9999 -9999     1
2021 04 06 06   171   146 10191     0 -9999 -9999 -9999     0
2021 04 06 09   172   152 10175   160    10 -9999 -9999     0
2021 04 06 12   165   157 10181     0 -9999 -9999 -9999     0
2021 04 06 18   161   159 10171     0 -9999 -9999 -9999    90
2021 04 06 21   162   162 10161   290    20 -9999 -9999   180
2021 04 07 00   167   167 10175     0 -9999 -9999 -9999   130
2021 04 07 03   210   168 10178     0 -9999 -9999 -9999    30
2021 04 07 06   248   160 10141   300    10 -9999 -9999     0
2021 04 07 09   269   156 10112   360    10 -9999 -9999     0
2021 04 07 12   224   153 10137    90    10 -9999 -9999     0
2021 04 07 18   173   148 10161   250    10 -9999 -9999    10
2021 04 07 21   161   156 10156     0 -9999 -9999 -9999    20
2021 04 08 00   158   156 10185     0 -9999 -9999 -9999    30
2021 04 08 03   168   163 10196     0 -9999 -9999 -9999    30
2021 04 08 06   166   150 10186   100    10 -9999 -9999    10
2021 04 08 09   176   135 10176   100    10 -9999 -9999    10
2021 04 08 12   155   121 10192     0 -9999 -9999 -9999     1
2021 04 08 18   147   107 10202     0 -9999 -9999 -9999 -9999
2021 04 08 21   136   123 10198     0 -9999 -9999 -9999     1
2021 04 09 00   140   120 10215     0 -9999 -9999 -9999     1
2021 04 09 03   163   106 10217    70    10 -9999 -9999     0
2021 04 09 06   171   109 10195     0 -9999 -9999 -9999     0
2021 04 09 09   164   109 10174     0 -9999 -9999 -9999     0
2021 04 09 12   154   112 10188     0 -9999 -9999 -9999     0
2021 04 09 18   134   129 10204   140    10 -9999 -9999     4
2021 04 09 21   132   126 10197     0 -9999 -9999 -9999     5
2021 04 10 00   134   126 10215     0 -9999 -9999 -9999     1
2021 04 10 03   148   123 10222     0 -9999 -9999 -9999     0
2021 04 10 06   164   128 10194   120    10 -9999 -9999     0
2021 04 10 09   158   131 10171   160    10 -9999 -9999     0
2021 04 10 12   147   141 10175     0 -9999 -9999 -9999     0
2021 04 10 18   148   145 10182     0 -9999 -9999 -9999     5
2021 04 10 21   147   145 10176     0 -9999 -9999 -9999    10
2021 04 11 00   148   148 10194     0 -9999 -9999 -9999     7
2021 04 11 03   161   151 10200     0 -9999 -9999 -9999     2
2021 04 11 06   174   152 10169     0 -9999 -9999 -9999     0
2021 04 11 09   171   163 10139     0 -9999 -9999 -9999     0
2021 04 11 12   170   164 10148     0 -9999 -9999 -9999     0
2021 04 11 18   172   167 10157     0 -9999 -9999 -9999     0
2021 04 11 21   171   168 10156     0 -9999 -9999 -9999 -9999
2021 04 12 00   173   140 10180   260    20 -9999 -9999     0
2021 04 12 03   188   141 10192    90    10 -9999 -9999     0
2021 04 12 06   217   151 10158   190    10 -9999 -9999     0
2021 04 12 09   220   163 10128     0 -9999 -9999 -9999     0
2021 04 12 12   200   164 10138     0 -9999 -9999 -9999     0
2021 04 12 18   185   156 10155     0 -9999 -9999 -9999 -9999
2021 04 12 21   171   156 10155     0 -9999 -9999 -9999 -9999
2021 04 13 00   170   155 10171   170    10 -9999 -9999     0
2021 04 13 03   188   160 10175    80    10 -9999 -9999     0
2021 04 13 06   203   157 10147    90    10 -9999 -9999     0
2021 04 13 09   203   161 10119     0 -9999 -9999 -9999     0
2021 04 13 12   188   157 10123     0 -9999 -9999 -9999     0
2021 04 13 18   172   167 10138     0 -9999 -9999 -9999     1
2021 04 13 21   173   167 10138     0 -9999 -9999 -9999     1
2021 04 14 00   172   170 10163     0 -9999 -9999 -9999     0
2021 04 14 03   192   151 10173     0 -9999 -9999 -9999     0
2021 04 14 06   213   147 10144   140    10 -9999 -9999     0
2021 04 14 09   214   150 10112     0 -9999 -9999 -9999     0
2021 04 14 12   193   150 10121     0 -9999 -9999 -9999     0
2021 04 14 18   166   153 10147   160    10 -9999 -9999 -9999
2021 04 14 21   162   154 10136     0 -9999 -9999 -9999     2
2021 04 15 00   164   156 10144     0 -9999 -9999 -9999     2
2021 04 15 03   185   155 10157    98     5 -9999 -9999 -9999
2021 04 15 06   211   154 10131   100    10 -9999 -9999     0
2021 04 15 09   206   160 10115     0 -9999 -9999 -9999     0
2021 04 15 12   189   161 10131     0 -9999 -9999 -9999     0
2021 04 15 18   176   158 10148   260    10 -9999 -9999     1
2021 04 15 21   164   162 10149     0 -9999 -9999 -9999    40
2021 04 16 00   166   166 10168     0 -9999 -9999 -9999    40
2021 04 16 03   197   165 10177   320    10 -9999 -9999     0
2021 04 16 06   223   163 10157     0 -9999 -9999 -9999     0
2021 04 16 09   230   163 10137     0 -9999 -9999 -9999     0
2021 04 16 12   205   161 10164    90    10 -9999 -9999     0
2021 04 16 18   186   151 10186     0 -9999 -9999 -9999     0
2021 04 16 21   177   151 10186   200    10 -9999 -9999 -9999
2021 04 17 00   172   152 10205    60    10 -9999 -9999     0
2021 04 17 03   181   161 10224     0 -9999 -9999 -9999 -9999
2021 04 17 06   193   152 10207     0 -9999 -9999 -9999     1
2021 04 17 09   183   156 10189     0 -9999 -9999 -9999     2
2021 04 17 12   162   152 10194   170    10 -9999 -9999     7
2021 04 17 18   154   152 10189     0 -9999 -9999 -9999    10
2021 04 17 21   152   152 10179     0 -9999 -9999 -9999    20
2021 04 18 00   154   154 10187     0 -9999 -9999 -9999    20
2021 04 18 03   168   162 10188     0 -9999 -9999 -9999    20
2021 04 18 06   186   164 10155     0 -9999 -9999 -9999     9
2021 04 18 09   186   164 10136     0 -9999 -9999 -9999     6
2021 04 18 12   174   169 10142     0 -9999 -9999 -9999     5
2021 04 18 18   169   169 10141     0 -9999 -9999 -9999    10
2021 04 18 21   166   166 10125     0 -9999 -9999 -9999    10
2021 04 19 00   169   169 10131     0 -9999 -9999 -9999     5
2021 04 19 03   196   166 10133     0 -9999 -9999 -9999     0
2021 04 19 06   222   171 10098    60    10 -9999 -9999     0
2021 04 19 09   211   179 10074    90    10 -9999 -9999     0
2021 04 19 12   203   181 10079     0 -9999 -9999 -9999     0
2021 04 19 18   193   176 10088     0 -9999 -9999 -9999     0
2021 04 19 21   186   178 10078   100    10 -9999 -9999     0
2021 04 20 00   193   185 10093     0 -9999 -9999 -9999     0
2021 04 20 03   259   205 10087    90    10 -9999 -9999     0
2021 04 20 06   301   206 10045    60    10 -9999 -9999     0
2021 04 20 09   297   206 10027    70    10 -9999 -9999     0
2021 04 20 12   256   206 10046     0 -9999 -9999 -9999     0
2021 04 20 18   222   205 10071   110    10 -9999 -9999     0
2021 04 20 21   212   204 10068     0 -9999 -9999 -9999     0
