2021 01 01 00   -87   -99 10311   360     2 -9999 -9999 -9999
2021 01 01 03    -7   -86 10303   240    30 -9999 -9999     0
2021 01 01 06    17   -92 10278   240    44 -9999 -9999 -9999
2021 01 01 09     6   -79 10271   200    20 -9999 -9999     0
2021 01 01 12   -35   -63 10285     0 -9999 -9999 -9999     0
2021 01 01 15   -43   -61 10294   210    10 -9999 -9999     0
2021 01 01 18   -60   -74 10299   242    10 -9999 -9999 -9999
2021 01 01 21   -72   -83 10297   235    12 -9999 -9999 -9999
2021 01 02 00   -55   -67 10308   254    12 -9999 -9999 -9999
2021 01 02 03    34   -43 10317   310    10 -9999 -9999     0
2021 01 02 06    52   -44 10302    23    13 -9999 -9999 -9999
2021 01 02 09    22   -37 10307    60    20 -9999 -9999     0
2021 01 02 12   -12   -26 10316     0 -9999 -9999 -9999     0
2021 01 02 15    -7   -16 10327   360     0 -9999 -9999 -9999
2021 01 02 18    -6   -14 10328    80    10 -9999 -9999     0
2021 01 02 21   -14   -21 10326    84     5 -9999 -9999 -9999
2021 01 03 00    -2    -8 10339     9     4 -9999 -9999 -9999
2021 01 03 03    68    15 10337    60    20 -9999 -9999     0
2021 01 03 06    73     1 10312   100    40 -9999 -9999     0
2021 01 03 09    45    11 10309    77    22 -9999 -9999 -9999
2021 01 03 12    22    11 10325    74    16 -9999 -9999 -9999
2021 01 03 15     4    -2 10326    70    10 -9999 -9999     0
2021 01 03 18     0    -7 10310    89    16 -9999 -9999 -9999
2021 01 03 21    -7   -11 10284    70    20 -9999 -9999     0
2021 01 04 00    -2    -6 10312   360     2 -9999 -9999 -9999
2021 01 04 03    66    52 10301    78    24 -9999 -9999 -9999
2021 01 04 06    85    28 10276   105    18 -9999 -9999 -9999
2021 01 04 09    70    39 10287    94    26 -9999 -9999 -9999
2021 01 04 12    58    40 10305    30    30 -9999 -9999     0
2021 01 04 15    54    27 10317    10    50 -9999 -9999     0
2021 01 04 18    34     3 10313    10    30 -9999 -9999     0
2021 01 04 21    44     0 10319    20    40 -9999 -9999     0
2021 01 05 00    32   -36 10340    30    50 -9999 -9999     0
2021 01 05 03    30   -55 10340    33    64 -9999 -9999 -9999
2021 01 05 06    26   -65 10333    22    61 -9999 -9999 -9999
2021 01 05 09    15   -70 10336    30    30 -9999 -9999     0
2021 01 05 12     0   -71 10343   341    29 -9999 -9999 -9999
2021 01 05 15   -11   -72 10346   320    30 -9999 -9999     0
2021 01 05 18   -30   -73 10329     0 -9999 -9999 -9999     0
2021 01 05 21   -29   -78 10318   340    20 -9999 -9999     0
2021 01 06 00   -37   -73 10319     0 -9999 -9999 -9999     0
2021 01 06 03    15   -83 10300   244    26 -9999 -9999 -9999
2021 01 06 06    22   -57 10274   274    53 -9999 -9999 -9999
2021 01 06 09    12   -73 10292   290    40 -9999 -9999     0
2021 01 06 12   -22  -102 10324   347    65 -9999 -9999 -9999
2021 01 06 15   -50  -151 10351   360    80 -9999 -9999     0
2021 01 06 18   -75  -188 10371   330    60 -9999 -9999     0
2021 01 06 21   -95  -212 10373   333    70 -9999 -9999 -9999
2021 01 07 00  -110  -228 10384   310    60 -9999 -9999     0
2021 01 07 03   -99  -242 10382   303    67 -9999 -9999 -9999
2021 01 07 06   -90  -231 10361   312    75 -9999 -9999 -9999
2021 01 07 09   -97  -241 10361   309    57 -9999 -9999 -9999
2021 01 07 12   -99  -239 10373   280    37 -9999 -9999 -9999
2021 01 07 15   -94  -217 10364   280    50 -9999 -9999     0
2021 01 07 18  -100  -197 10357   286    46 -9999 -9999 -9999
2021 01 07 21  -107  -203 10348   280    40 -9999 -9999     0
2021 01 08 00  -105  -174 10345   250    30 -9999 -9999     0
2021 01 08 03   -44  -219 10336   273    46 -9999 -9999 -9999
2021 01 08 06   -16  -200 10301   280    60 -9999 -9999     0
2021 01 08 09   -30  -203 10304   300    40 -9999 -9999     0
2021 01 08 12   -59  -165 10316   260    20 -9999 -9999     0
2021 01 08 15   -75  -145 10312   230    20 -9999 -9999     0
2021 01 08 18   -94  -146 10313   270    20 -9999 -9999     0
2021 01 08 21   -93  -148 10311   260    20 -9999 -9999     0
2021 01 09 00   -79  -143 10318   240    20 -9999 -9999     0
2021 01 09 03     4  -178 10313   290    40 -9999 -9999     0
2021 01 09 06    33  -188 10290   290    40 -9999 -9999     0
2021 01 09 09    -5  -134 10294    30    30 -9999 -9999     0
2021 01 09 12   -36  -116 10309   340    10 -9999 -9999     0
2021 01 09 15   -70  -112 10314   256    13 -9999 -9999 -9999
2021 01 09 18   -80  -104 10319   270    20 -9999 -9999     0
2021 01 09 21   -67  -107 10306   237    13 -9999 -9999 -9999
2021 01 10 00   -63   -97 10316   270    20 -9999 -9999     0
2021 01 10 03    16  -129 10326   263    45 -9999 -9999 -9999
2021 01 10 06    38  -144 10301   350    20 -9999 -9999     0
2021 01 10 09    10   -81 10304    52    25 -9999 -9999 -9999
2021 01 10 12    -2   -96 10321   337    14 -9999 -9999 -9999
2021 01 10 15   -14   -73 10334   256    16 -9999 -9999 -9999
2021 01 10 18   -17   -76 10320   228     8 -9999 -9999 -9999
2021 01 10 21   -30   -75 10310   265    11 -9999 -9999 -9999
2021 01 11 00   -32   -61 10309   267     9 -9999 -9999 -9999
2021 01 11 03    24  -105 10291   230    30 -9999 -9999     0
2021 01 11 06    47  -137 10261   270    50 -9999 -9999     0
2021 01 11 09    27  -136 10262   290    30 -9999 -9999     0
2021 01 11 12    -5  -102 10277   269    35 -9999 -9999 -9999
2021 01 11 15   -26  -106 10269   250    20 -9999 -9999     0
2021 01 11 18   -54  -115 10256   260    20 -9999 -9999     0
2021 01 11 21   -67  -112 10233   264    11 -9999 -9999 -9999
2021 01 12 00   -57   -96 10224   230    10 -9999 -9999     0
2021 01 12 03    45  -116 10207   237    52 -9999 -9999 -9999
2021 01 12 06    80  -104 10167   226    60 -9999 -9999 -9999
2021 01 12 09    62   -84 10163   229    29 -9999 -9999 -9999
2021 01 12 12    22   -79 10169   236    14 -9999 -9999 -9999
2021 01 12 15    12   -71 10163   208    15 -9999 -9999 -9999
2021 01 12 18   -12   -71 10159   280    10 -9999 -9999     0
2021 01 12 21    -6   -66 10150   250    10 -9999 -9999     0
2021 01 13 00    10   -61 10155   222    20 -9999 -9999 -9999
2021 01 13 03    93   -54 10156   230    50 -9999 -9999     0
2021 01 13 06   126   -50 10146   268    59 -9999 -9999 -9999
2021 01 13 09   100   -44 10163   300    20 -9999 -9999     0
2021 01 13 12    21   -34 10179    91    18 -9999 -9999 -9999
2021 01 13 15     0   -17 10191    56    18 -9999 -9999 -9999
2021 01 13 18     0    -8 10199    78    23 -9999 -9999 -9999
2021 01 13 21   -11   -17 10189    60    20 -9999 -9999     0
2021 01 14 00    -5   -11 10192    71    16 -9999 -9999 -9999
2021 01 14 03   106     3 10188   150    10 -9999 -9999     0
2021 01 14 06   152   -27 10158   170    30 -9999 -9999     0
2021 01 14 09    81    10 10154    90    20 -9999 -9999     0
2021 01 14 12    34   -30 10148   110    10 -9999 -9999     0
2021 01 14 15    12   -39 10155   110    10 -9999 -9999     0
2021 01 14 18    37   -24 10150   135    10 -9999 -9999 -9999
2021 01 14 21    15   -30 10147   251    11 -9999 -9999 -9999
2021 01 15 00    26   -25 10152   237    13 -9999 -9999 -9999
2021 01 15 03    87     7 10183   350    80 -9999 -9999     0
2021 01 15 06    75    -5 10191   354    52 -9999 -9999 -9999
2021 01 15 09    48    15 10226   360    50 -9999 -9999     0
2021 01 15 12    37    -1 10255   350    40 -9999 -9999     0
2021 01 15 15    20   -33 10287   349    54 -9999 -9999 -9999
2021 01 15 18     7   -43 10289     2    42 -9999 -9999 -9999
2021 01 15 21     1   -59 10309    30    33 -9999 -9999 -9999
2021 01 16 00     5   -64 10318    10    30 -9999 -9999     0
2021 01 16 03    29   -57 10339   360    50 -9999 -9999     0
2021 01 16 06    22   -61 10324    40    50 -9999 -9999     0
2021 01 16 09     3   -77 10340   360    40 -9999 -9999     0
2021 01 16 12    -3   -71 10351   350    30 -9999 -9999     0
2021 01 16 15   -18   -65 10372   270    20 -9999 -9999     0
2021 01 16 18   -20   -85 10366   292    23 -9999 -9999 -9999
2021 01 16 21   -31   -85 10364   290    30 -9999 -9999     0
2021 01 17 00   -43   -66 10362   240    10 -9999 -9999     0
2021 01 17 03    21   -83 10345   250    40 -9999 -9999     0
2021 01 17 06    50   -92 10302   251    49 -9999 -9999 -9999
2021 01 17 09    33  -107 10286   250    50 -9999 -9999     0
2021 01 17 12     2   -78 10276   220    20 -9999 -9999     0
2021 01 17 15   -14   -62 10270   240    20 -9999 -9999     0
2021 01 17 18   -15   -67 10256   228    23 -9999 -9999 -9999
2021 01 17 21   -14   -69 10242   230    20 -9999 -9999     0
2021 01 18 00   -28   -54 10248   250    20 -9999 -9999     0
2021 01 18 03    50   -57 10254   268    52 -9999 -9999 -9999
2021 01 18 06    91   -80 10243   290    30 -9999 -9999     0
2021 01 18 09    45   -64 10260    70    30 -9999 -9999     0
2021 01 18 12    -2   -50 10277    73    31 -9999 -9999 -9999
2021 01 18 15   -17   -36 10288    80    30 -9999 -9999     0
2021 01 18 18   -15   -25 10290    93    15 -9999 -9999 -9999
2021 01 18 21   -21   -29 10288    70    20 -9999 -9999     0
2021 01 19 00    12     3 10300    90    30 -9999 -9999     0
2021 01 19 03    70    -1 10302   107    80 -9999 -9999 -9999
2021 01 19 06    70     2 10282   120    80 -9999 -9999     0
2021 01 19 09    53     1 10286   120    60 -9999 -9999     0
2021 01 19 12    42     7 10289   120    60 -9999 -9999     0
2021 01 19 15    37     9 10278   120    50 -9999 -9999     0
2021 01 19 18    31    11 10271   112    40 -9999 -9999 -9999
2021 01 19 21    31    15 10256   116    41 -9999 -9999 -9999
2021 01 20 00    44    26 10256   120    50 -9999 -9999     0
2021 01 20 03    87    43 10258   120    60 -9999 -9999     0
2021 01 20 06   105    61 10221   100    60 -9999 -9999     0
2021 01 20 09    85    65 10220   128    37 -9999 -9999 -9999
2021 01 20 12    47    41 10226    80    20 -9999 -9999     0
2021 01 20 15    52    49 10226    62    16 -9999 -9999 -9999
2021 01 20 18    59    55 10216    70    20 -9999 -9999     0
2021 01 20 21    63    59 10209    80    10 -9999 -9999     0
2021 01 21 00    65    61 10208   100    20 -9999 -9999     0
2021 01 21 03    90    82 10211   320    10 -9999 -9999     0
2021 01 21 06   106    87 10185   340    10 -9999 -9999     0
2021 01 21 09   102    90 10195   324     3 -9999 -9999 -9999
2021 01 21 12    66    60 10207     0 -9999 -9999 -9999     0
2021 01 21 15    68    64 10207     0 -9999 -9999 -9999     0
2021 01 21 18    55    51 10206     0 -9999 -9999 -9999     0
2021 01 21 21    55    51 10207    10    20 -9999 -9999 -9999
2021 01 22 00    60    56 10217    35    28 -9999 -9999    11
2021 01 22 03    64    58 10224    30    40 -9999 -9999    10
2021 01 22 06    56    49 10205    50    40 -9999 -9999    20
2021 01 22 09    49    42 10211    10    30 -9999 -9999    50
2021 01 22 12    50    35 10214    44    35 -9999 -9999    41
2021 01 22 15    47    26 10213    40    20 -9999 -9999     6
2021 01 22 18    46    29 10210   360    25 -9999 -9999 -9999
2021 01 22 21    42    22 10202   350    30 -9999 -9999 -9999
2021 01 23 00    42    26 10216   330    20 -9999 -9999     0
2021 01 23 03    41    26 10221   339    34 -9999 -9999 -9999
2021 01 23 06    42    24 10210   341    45 -9999 -9999     1
2021 01 23 09    37    17 10214   360    30 -9999 -9999     1
2021 01 23 12    32    17 10248   310    30 -9999 -9999     0
2021 01 23 15    18     0 10246    20    10 -9999 -9999     0
2021 01 23 18    -4   -11 10253   300    10 -9999 -9999     0
2021 01 23 21     7     2 10253   358    22 -9999 -9999 -9999
2021 01 24 00    10     3 10250     0 -9999 -9999 -9999     0
2021 01 24 03    71    39 10259    78    61 -9999 -9999 -9999
2021 01 24 06    76    47 10245   100    30 -9999 -9999     0
2021 01 24 09    72    46 10253    29    22 -9999 -9999 -9999
2021 01 24 12    59    44 10263    70    30 -9999 -9999     0
2021 01 24 15    60    48 10265    80    40 -9999 -9999     0
2021 01 24 18    66    54 10270    60    40 -9999 -9999     0
2021 01 24 21    58    49 10252    60    40 -9999 -9999     0
2021 01 25 00    66    59 10260    80    30 -9999 -9999     0
2021 01 25 03   101    82 10248    94    53 -9999 -9999 -9999
2021 01 25 06    98    84 10222    80    30 -9999 -9999     0
2021 01 25 09    85    74 10217    80    20 -9999 -9999     0
2021 01 25 12    75    68 10215    70    20 -9999 -9999     0
2021 01 25 15    71    65 10213    30    10 -9999 -9999 -9999
2021 01 25 18    72    68 10213   360    10 -9999 -9999    10
2021 01 25 21    77    73 10212    25    13 -9999 -9999    30
2021 01 26 00    67    63 10229   350    40 -9999 -9999    20
2021 01 26 03    67    60 10247    10    50 -9999 -9999     4
2021 01 26 06    60    45 10235   350    50 -9999 -9999     2
2021 01 26 09    50    20 10248    20    30 -9999 -9999     0
2021 01 26 12    14     5 10267   260    10 -9999 -9999     0
2021 01 26 15    27    14 10271   350    30 -9999 -9999     0
2021 01 26 18    12     2 10272   349     8 -9999 -9999 -9999
2021 01 26 21    -2    -8 10264   298     8 -9999 -9999 -9999
2021 01 27 00    -5   -11 10273   271     5 -9999 -9999 -9999
2021 01 27 03    76     6 10262    80    40 -9999 -9999     0
2021 01 27 06    85   -13 10244   120    30 -9999 -9999     0
2021 01 27 09    62     1 10232    90    36 -9999 -9999 -9999
2021 01 27 12    27    17 10237    64    16 -9999 -9999 -9999
2021 01 27 15    25    17 10236   264    14 -9999 -9999 -9999
2021 01 27 18    14     5 10228   240    20 -9999 -9999     0
2021 01 27 21    18    12 10219   250    30 -9999 -9999     0
2021 01 28 00    36    16 10245   319    55 -9999 -9999 -9999
2021 01 28 03    47   -98 10280   340    90 -9999 -9999     0
2021 01 28 06    46   -99 10285   330    60 -9999 -9999     0
2021 01 28 09    37   -93 10293   343    42 -9999 -9999 -9999
2021 01 28 12     7   -75 10315    20    20 -9999 -9999     0
2021 01 28 15    -3   -97 10322    20    20 -9999 -9999     0
2021 01 28 18   -20   -77 10317   170     8 -9999 -9999 -9999
2021 01 28 21   -47   -62 10302   240    10 -9999 -9999     0
2021 01 29 00   -31   -51 10307   220    10 -9999 -9999     0
2021 01 29 03    38   -82 10299   180    40 -9999 -9999     0
2021 01 29 06    68   -76 10273   210    50 -9999 -9999     0
2021 01 29 09    62   -46 10254   200    30 -9999 -9999     0
2021 01 29 12    41   -39 10251   180    30 -9999 -9999     0
2021 01 29 15    27   -53 10255   186    23 -9999 -9999 -9999
2021 01 29 18    11   -49 10260   190    20 -9999 -9999     0
2021 01 29 21    10   -59 10247   170    20 -9999 -9999     0
2021 01 30 00     3   -47 10259     0 -9999 -9999 -9999     0
2021 01 30 03    85    -4 10266   187    21 -9999 -9999 -9999
2021 01 30 06   135    -6 10240   194    28 -9999 -9999 -9999
2021 01 30 09   120     0 10240   145    15 -9999 -9999 -9999
2021 01 30 12    39    21 10248    90    20 -9999 -9999     0
2021 01 30 15    32    23 10248    80    20 -9999 -9999     0
2021 01 30 18    37    30 10247    41     4 -9999 -9999 -9999
2021 01 30 21    38    32 10239    90    10 -9999 -9999     0
2021 01 31 00    44    38 10239    80    10 -9999 -9999     0
2021 01 31 03   102    47 10229   162    25 -9999 -9999 -9999
2021 01 31 06   119    49 10203   200    30 -9999 -9999     0
2021 01 31 09   117    36 10199   209    14 -9999 -9999 -9999
2021 01 31 12   105    23 10201   196    19 -9999 -9999 -9999
2021 01 31 15   102    33 10206   210    30 -9999 -9999     0
2021 01 31 18    76    33 10202   230    20 -9999 -9999     0
2021 01 31 21    54    32 10191   250    20 -9999 -9999     0
2021 02 01 00    64    36 10198   250    20 -9999 -9999     0
2021 02 01 03   108    43 10195   270    50 -9999 -9999     0
2021 02 01 06   130    14 10184   350    60 -9999 -9999     0
2021 02 01 09    85   -57 10209    10    50 -9999 -9999     0
2021 02 01 12    61   -28 10238    13    52 -9999 -9999 -9999
2021 02 01 15    49    14 10270    50    50 -9999 -9999     0
2021 02 01 18    27   -36 10292    40    60 -9999 -9999     0
2021 02 01 21    19   -55 10294    50    50 -9999 -9999     0
2021 02 02 00    10   -40 10311    50    10 -9999 -9999     0
2021 02 02 03    57   -62 10318    70    30 -9999 -9999     0
2021 02 02 06    64   -56 10296   110    20 -9999 -9999     0
2021 02 02 09    37   -44 10287   101    43 -9999 -9999 -9999
2021 02 02 12    15   -45 10292   128    19 -9999 -9999 -9999
2021 02 02 15   -14   -34 10290    70    20 -9999 -9999     0
2021 02 02 18   -14   -28 10283    80    20 -9999 -9999     0
2021 02 02 21    -5   -14 10267   130    14 -9999 -9999 -9999
2021 02 03 00    26    -5 10270   160    30 -9999 -9999     0
2021 02 03 03    84    26 10249   170    50 -9999 -9999     0
2021 02 03 06   127    26 10207   197    49 -9999 -9999 -9999
2021 02 03 09   125    26 10214   249    22 -9999 -9999 -9999
2021 02 03 12    82    18 10243   360    40 -9999 -9999     0
2021 02 03 15    56    13 10274   356    26 -9999 -9999 -9999
2021 02 03 18    44    -4 10294   360    30 -9999 -9999     0
2021 02 03 21    35   -50 10295    43    41 -9999 -9999 -9999
2021 02 04 00    22   -23 10314    90    10 -9999 -9999 -9999
2021 02 04 03    77   -50 10324   100    30 -9999 -9999     0
2021 02 04 06    89   -33 10290   110    20 -9999 -9999     0
2021 02 04 09    60   -12 10277    85    40 -9999 -9999 -9999
2021 02 04 12    21   -10 10274   108    19 -9999 -9999 -9999
2021 02 04 15    14     1 10263    80    10 -9999 -9999     0
2021 02 04 18    34     1 10252   160    10 -9999 -9999     0
2021 02 04 21    43     8 10229   130    20 -9999 -9999     0
2021 02 05 00    47    26 10229   150    10 -9999 -9999     0
2021 02 05 03    85    33 10224   189    21 -9999 -9999 -9999
2021 02 05 06   131    43 10189   220    40 -9999 -9999     0
2021 02 05 09   120    38 10177   209    21 -9999 -9999 -9999
2021 02 05 12    68    29 10185   210    20 -9999 -9999     0
2021 02 05 15    51    38 10191   236    18 -9999 -9999 -9999
2021 02 05 18    40    33 10188   240    20 -9999 -9999     0
2021 02 05 21    39    35 10175   230    30 -9999 -9999     0
2021 02 06 00    58    54 10184   230    40 -9999 -9999     0
2021 02 06 03   102    56 10186   248    59 -9999 -9999 -9999
2021 02 06 06   152    57 10164   250    50 -9999 -9999     0
2021 02 06 09   149    46 10160   230    30 -9999 -9999     0
2021 02 06 12    86    32 10180     0 -9999 -9999 -9999     0
2021 02 06 15    50    35 10188   301     4 -9999 -9999 -9999
2021 02 06 18    35    26 10195   300    10 -9999 -9999     0
2021 02 06 21    27    22 10200   262     9 -9999 -9999 -9999
2021 02 07 00    35    31 10211     0 -9999 -9999 -9999     0
2021 02 07 03   136    72 10225    60    40 -9999 -9999     0
2021 02 07 06    81    50 10231    40    60 -9999 -9999     0
2021 02 07 09    61    27 10258    31    66 -9999 -9999 -9999
2021 02 07 12    46     0 10292    40    60 -9999 -9999     0
2021 02 07 15    45    -6 10303    53    64 -9999 -9999 -9999
2021 02 07 18    31   -26 10315    40    60 -9999 -9999     0
2021 02 07 21    22   -59 10319    40    50 -9999 -9999     0
2021 02 08 00    26   -46 10340    46    47 -9999 -9999 -9999
2021 02 08 03    51   -58 10355    67    48 -9999 -9999 -9999
2021 02 08 06    52   -61 10342    60    40 -9999 -9999     0
2021 02 08 09    30   -67 10337    60    42 -9999 -9999 -9999
2021 02 08 12    -3   -53 10346     0 -9999 -9999 -9999     0
2021 02 08 15   -18   -38 10340     0 -9999 -9999 -9999     0
2021 02 08 18   -30   -41 10325   360     2 -9999 -9999 -9999
2021 02 08 21   -32   -40 10312   360     0 -9999 -9999 -9999
2021 02 09 00   -10   -18 10318   360     0 -9999 -9999 -9999
2021 02 09 03    62   -18 10310   150    35 -9999 -9999 -9999
2021 02 09 06    95   -15 10275   166    32 -9999 -9999 -9999
2021 02 09 12    45    14 10274   130    30 -9999 -9999     0
2021 02 09 15    14     5 10269   100    20 -9999 -9999     0
2021 02 09 18    35    14 10253   150    15 -9999 -9999 -9999
2021 02 09 21    11     2 10250   140    10 -9999 -9999     0
2021 02 10 00    10     3 10254    82    11 -9999 -9999 -9999
2021 02 10 03    92    43 10248   136    27 -9999 -9999 -9999
2021 02 10 06   128    48 10239   350    10 -9999 -9999     0
2021 02 10 09    85    53 10237    82    34 -9999 -9999 -9999
2021 02 11 00    35    31 10244    70    10 -9999 -9999     0
2021 02 13 12    70    55 10210    85    25 -9999 -9999 -9999
2021 02 13 15    76    69 10205    87    21 -9999 -9999 -9999
2021 02 13 18    75    66 10187    40    10 -9999 -9999     0
2021 02 13 21    91    64 10161   100    10 -9999 -9999     0
2021 02 14 00    92    78 10159    80    12 -9999 -9999 -9999
2021 02 14 03   141    91 10149   200    33 -9999 -9999 -9999
2021 02 14 06   138   118 10126   260    30 -9999 -9999     2
2021 02 14 09   121   107 10130   308    28 -9999 -9999     5
2021 02 14 12   111   103 10146   276    23 -9999 -9999     3
2021 02 14 15   104    93 10159   320    30 -9999 -9999     0
2021 02 14 18   100    84 10175   336    46 -9999 -9999 -9999
2021 02 14 21    47    27 10187   350    70 -9999 -9999     0
2021 02 15 00    39     2 10224   350    70 -9999 -9999     0
2021 02 15 03    55   -20 10243     9    53 -9999 -9999 -9999
2021 02 15 06    49   -55 10231   350    40 -9999 -9999     0
2021 02 15 09    30   -54 10226    21    21 -9999 -9999 -9999
2021 02 15 12     3   -40 10232   100    20 -9999 -9999     0
2021 02 15 15     8   -37 10226   170    10 -9999 -9999     0
2021 02 15 18   -15   -32 10205   360     0 -9999 -9999 -9999
2021 02 15 21   -21   -35 10200   180    10 -9999 -9999     0
2021 02 16 00     1   -16 10204   200    10 -9999 -9999     0
2021 02 16 03    82    11 10203   270    40 -9999 -9999     0
2021 02 16 06   103    -8 10195   340    40 -9999 -9999     0
2021 02 16 09    55   -23 10220   360    50 -9999 -9999     0
2021 02 16 12    35   -50 10247    32    45 -9999 -9999 -9999
2021 02 16 15    22   -57 10266    20    40 -9999 -9999     0
2021 02 16 18     5  -101 10281   353    56 -9999 -9999 -9999
2021 02 16 21    -5  -124 10284   340    40 -9999 -9999     0
2021 02 17 00    -2  -128 10296   339    40 -9999 -9999 -9999
2021 02 17 03    25  -137 10304   360    70 -9999 -9999     0
2021 02 17 06    37  -123 10293   330    40 -9999 -9999 -9999
2021 02 17 09    30  -129 10293   340    50 -9999 -9999     0
2021 02 17 12     3  -105 10304   360    30 -9999 -9999     0
2021 02 17 15    -7   -98 10314   351    15 -9999 -9999 -9999
2021 02 17 18   -10   -97 10315   356    24 -9999 -9999 -9999
2021 02 17 21   -16  -137 10315   320    30 -9999 -9999     0
2021 02 18 00    -2  -135 10328   300    30 -9999 -9999     0
2021 02 18 03    42  -162 10327   310    50 -9999 -9999     0
2021 02 18 06    79  -164 10295   340    40 -9999 -9999     0
2021 02 18 09    82  -146 10288   253    28 -9999 -9999 -9999
2021 02 18 12     5   -59 10282   110    10 -9999 -9999     0
2021 02 18 15   -16   -56 10272     0 -9999 -9999 -9999     0
2021 02 18 18   -10   -71 10253   220    10 -9999 -9999     0
2021 02 18 21   -12   -78 10228   180    10 -9999 -9999     0
2021 02 19 00    26   -44 10219   193    23 -9999 -9999 -9999
2021 02 19 03   135   -10 10198   218    62 -9999 -9999 -9999
2021 02 19 06   180     2 10158   232    68 -9999 -9999 -9999
2021 02 19 09   177    13 10144   223    39 -9999 -9999 -9999
2021 02 20 15   127    34 10122   231    11 -9999 -9999 -9999
2021 02 20 18   140    37 10116   226    41 -9999 -9999 -9999
2021 02 20 21   120    38 10107   234    33 -9999 -9999 -9999
2021 02 21 00   132    36 10116   229    43 -9999 -9999 -9999
2021 02 21 03   217    30 10112   233    57 -9999 -9999 -9999
2021 02 21 09   235    12 10084   206    33 -9999 -9999 -9999
2021 02 21 12   157    11 10098   206     6 -9999 -9999 -9999
2021 02 21 15   127    28 10103   254    14 -9999 -9999 -9999
2021 02 21 18    97    31 10110   249     8 -9999 -9999 -9999
2021 02 21 21    95    37 10115   250    20 -9999 -9999     0
2021 02 22 00   135    57 10147   305    29 -9999 -9999 -9999
2021 02 22 03   100    24 10201    20    90 -9999 -9999     0
2021 02 22 06    94     6 10213    20    90 -9999 -9999     0
2021 02 22 09    73   -11 10244    30    80 -9999 -9999     0
2021 02 22 12    58   -16 10263    60    60 -9999 -9999     0
2021 02 22 15    51   -22 10287    61    57 -9999 -9999 -9999
2021 02 22 18    46   -16 10282    60    70 -9999 -9999     0
2021 02 22 21    45   -26 10275    64    65 -9999 -9999 -9999
2021 02 23 00    61    -4 10289    70    50 -9999 -9999     0
2021 02 23 03    75    -5 10293    81    86 -9999 -9999 -9999
2021 02 23 06    65    -9 10269    65    82 -9999 -9999 -9999
2021 02 23 09    53   -14 10266    70    80 -9999 -9999     0
2021 02 23 12    42   -10 10270    77    62 -9999 -9999 -9999
2021 02 23 15    43    -5 10264    80    60 -9999 -9999     0
2021 02 23 18    45    -1 10257    80    60 -9999 -9999     0
2021 02 23 21    55    11 10251    75    59 -9999 -9999 -9999
2021 02 24 00    62    13 10254    69    69 -9999 -9999 -9999
2021 02 24 03    82    21 10249    80    84 -9999 -9999 -9999
2021 02 24 06    82    23 10228    85    88 -9999 -9999 -9999
2021 02 24 09    71    24 10211    90    70 -9999 -9999     0
2021 02 24 12    61    39 10219    90    50 -9999 -9999     0
2021 02 24 15    63    46 10202    90    60 -9999 -9999     0
2021 02 24 18    75    48 10184    80    70 -9999 -9999     0
2021 02 24 21    76    56 10165    60    90 -9999 -9999 -9999
2021 02 25 00    65    58 10199    30    80 -9999 -9999   150
2021 02 25 03    64    55 10177    60   110 -9999 -9999   220
2021 02 25 06    63    57 10177    40    80 -9999 -9999    90
2021 02 25 09    62    55 10187    53    91 -9999 -9999    34
2021 02 25 12    64    58 10205    30    70 -9999 -9999    30
2021 02 25 15    60    53 10216    30    70 -9999 -9999    20
2021 02 25 18    54    32 10209    40    60 -9999 -9999    10
2021 02 25 21    53    30 10210    30    50 -9999 -9999    10
2021 02 26 00    57    34 10220    30    50 -9999 -9999     9
2021 02 26 03    65    33 10237    19    44 -9999 -9999     7
2021 02 26 06    73    35 10230    10    60 -9999 -9999     6
2021 02 26 09    66    36 10229    17    52 -9999 -9999     6
2021 02 26 12    67    38 10236    35    59 -9999 -9999 -9999
2021 02 26 15    70    43 10245    47    53 -9999 -9999 -9999
2021 02 26 18    71    42 10242    50    60 -9999 -9999     0
2021 02 26 21    68    32 10241    50    40 -9999 -9999     0
2021 02 27 00    78    51 10253    60    40 -9999 -9999     0
2021 02 27 03   117    62 10252    90    70 -9999 -9999     0
2021 02 27 06   113    64 10244    90    80 -9999 -9999     0
2021 02 27 09    96    67 10241   100    50 -9999 -9999     0
2021 02 27 12    90    75 10248    95    32 -9999 -9999 -9999
2021 02 27 15    87    82 10248   100    55 -9999 -9999     1
2021 02 27 18    87    81 10246    90    30 -9999 -9999     1
2021 02 27 21    85    79 10234    80    30 -9999 -9999     0
2021 02 28 00    92    84 10230   110    50 -9999 -9999     0
2021 02 28 03   105    93 10229   100    55 -9999 -9999 -9999
2021 02 28 06   106    98 10202    98    45 -9999 -9999 -9999
2021 02 28 09    94    89 10193    80    50 -9999 -9999    20
2021 02 28 12    92    87 10172    83    71 -9999 -9999    27
2021 02 28 15    95    90 10160   138    14 -9999 -9999     7
2021 02 28 18    97    93 10157   279     5 -9999 -9999    33
2021 02 28 21    97    93 10155   290    14 -9999 -9999    41
2021 03 01 00    78    74 10171   340    60 -9999 -9999    20
2021 03 01 03    57    47 10204     2    58 -9999 -9999    15
2021 03 01 06    45    29 10205   349    69 -9999 -9999     4
2021 03 01 09    29    17 10228   340    70 -9999 -9999    30
2021 03 01 12    22     7 10258   331    71 -9999 -9999    39
2021 03 01 15    18   -13 10275   330    50 -9999 -9999     6
2021 03 01 18     3   -36 10285   320    30 -9999 -9999     0
2021 03 01 21    -4   -36 10291   314    32 -9999 -9999 -9999
2021 03 02 00     6   -30 10308   310    20 -9999 -9999     0
2021 03 02 03    54    -6 10321    10    30 -9999 -9999     0
2021 03 02 06    84   -31 10303    30    20 -9999 -9999     0
2021 03 02 09    61   -23 10304    55    34 -9999 -9999 -9999
2021 03 02 12    11    -5 10306    78    23 -9999 -9999 -9999
2021 03 02 15     6    -4 10310    98    11 -9999 -9999 -9999
2021 03 02 18     0    -6 10305     0 -9999 -9999 -9999     0
2021 03 02 21    -6   -12 10291     0 -9999 -9999 -9999     0
2021 03 03 00    16    12 10294    80    10 -9999 -9999     0
2021 03 03 03    89    -4 10282   140    40 -9999 -9999     0
2021 03 03 06    90    19 10248   120    60 -9999 -9999     0
2021 03 03 09    81    26 10237   130    50 -9999 -9999     0
2021 03 03 12    71    35 10238   120    30 -9999 -9999     0
2021 03 03 15    69    46 10236   130    20 -9999 -9999     0
2021 03 03 18    72    46 10226   157    16 -9999 -9999 -9999
2021 03 03 21    69    52 10208   150    20 -9999 -9999     0
2021 03 04 00    67    61 10226   141     3 -9999 -9999 -9999
2021 03 04 03   121    43 10220   181     9 -9999 -9999 -9999
2021 03 04 06   137    57 10199   103    14 -9999 -9999 -9999
2021 03 04 09   111    60 10203   102    33 -9999 -9999 -9999
2021 03 04 12    59    50 10212    90    20 -9999 -9999     0
2021 03 04 15    47    41 10218   110    10 -9999 -9999     0
2021 03 04 18    29    25 10228     0 -9999 -9999 -9999     0
2021 03 04 21    42    38 10218   109    20 -9999 -9999 -9999
2021 03 05 00    55    50 10217   142    31 -9999 -9999 -9999
2021 03 05 03   105    77 10209   120    50 -9999 -9999     0
2021 03 05 06   127    62 10198   130    43 -9999 -9999 -9999
2021 03 05 09   116    77 10196   119    34 -9999 -9999 -9999
2021 03 05 12    81    75 10221    90    40 -9999 -9999     0
2021 03 05 15    81    75 10245    70    40 -9999 -9999     0
2021 03 05 18    80    68 10253    53    71 -9999 -9999 -9999
2021 03 05 21    60    42 10269    44    80 -9999 -9999 -9999
2021 03 06 00    52    35 10294    40    70 -9999 -9999     0
2021 03 06 03    47    14 10312    40    70 -9999 -9999     0
2021 03 06 06    47    -5 10296    20    70 -9999 -9999     0
2021 03 06 09    41   -15 10298    10    70 -9999 -9999     0
2021 03 06 12    45   -13 10314    40    40 -9999 -9999     0
2021 03 06 15    47   -17 10316    30    40 -9999 -9999     0
2021 03 06 18    36   -12 10306    30    30 -9999 -9999     0
2021 03 06 21    38   -12 10304    40    30 -9999 -9999     0
2021 03 07 00    45     0 10316    42    39 -9999 -9999 -9999
2021 03 07 03    62     5 10313    38    31 -9999 -9999 -9999
2021 03 07 06    62     9 10292    23    33 -9999 -9999 -9999
2021 03 07 09    57     5 10289    30    30 -9999 -9999     0
2021 03 07 12    30     8 10302    41     8 -9999 -9999 -9999
2021 03 07 15    15     8 10305     0 -9999 -9999 -9999     0
2021 03 07 18    14     8 10295   350    10 -9999 -9999     0
2021 03 07 21     3    -1 10290     0 -9999 -9999 -9999     0
2021 03 08 00    52    48 10294    80    20 -9999 -9999     0
2021 03 08 03    90    36 10299    55    18 -9999 -9999 -9999
2021 03 08 06   100    45 10269    90    49 -9999 -9999 -9999
2021 03 08 09    77    44 10263   106    31 -9999 -9999 -9999
2021 03 08 12    63    48 10266    90    30 -9999 -9999     0
2021 03 08 15    68    53 10269    60    20 -9999 -9999     0
2021 03 08 18    61    51 10264   350    10 -9999 -9999     0
2021 03 08 21    62    53 10262    31     6 -9999 -9999 -9999
2021 03 09 00    75    67 10274    83    21 -9999 -9999     1
2021 03 09 03   106    52 10277   100    20 -9999 -9999     1
2021 03 09 06   134    53 10265    60    10 -9999 -9999     0
2021 03 09 09   110    40 10273    98    36 -9999 -9999 -9999
2021 03 09 12    65    56 10290   119    12 -9999 -9999 -9999
2021 03 09 15    42    39 10295   360     0 -9999 -9999 -9999
2021 03 09 18    27    23 10287     0 -9999 -9999 -9999     0
2021 03 09 21    18    14 10293     0 -9999 -9999 -9999     0
2021 03 10 00    61    57 10305    94     6 -9999 -9999 -9999
2021 03 10 03   134    32 10299    80    30 -9999 -9999     0
2021 03 10 06   147    13 10275   109    35 -9999 -9999 -9999
2021 03 10 09   103    -8 10266    90    40 -9999 -9999     0
2021 03 10 12    62    28 10279    90    20 -9999 -9999     0
2021 03 10 15    70    48 10278   120    25 -9999 -9999 -9999
2021 03 10 18    75    64 10255    80    30 -9999 -9999     0
2021 03 10 21    81    72 10242    89    29 -9999 -9999 -9999
2021 03 11 00    86    82 10249    87    36 -9999 -9999 -9999
2021 03 11 03   105    86 10238   110    40 -9999 -9999     0
2021 03 11 06   100    92 10218    76    27 -9999 -9999     8
2021 03 11 09    94    89 10211    80    30 -9999 -9999    70
2021 03 11 12    83    77 10221     0 -9999 -9999 -9999    80
2021 03 11 15    85    81 10226   340    30 -9999 -9999    20
2021 03 11 18    77    74 10231   351    49 -9999 -9999     2
2021 03 11 21    75    71 10236   360    30 -9999 -9999     3
2021 03 12 00    85    71 10258    28    37 -9999 -9999     4
2021 03 12 03   111    70 10271   340    30 -9999 -9999     3
2021 03 12 06   129    27 10253    20    40 -9999 -9999     0
2021 03 12 09   113    33 10251    60    30 -9999 -9999     0
2021 03 12 12    66    44 10266    53    12 -9999 -9999 -9999
2021 03 12 15    50    44 10265    60    10 -9999 -9999     0
2021 03 12 18    39    35 10258   260    10 -9999 -9999     0
2021 03 12 21    35    31 10253   260    20 -9999 -9999     0
2021 03 13 00    59    55 10258     0 -9999 -9999 -9999     0
2021 03 13 03   141    20 10259   153     8 -9999 -9999 -9999
2021 03 13 06   136    45 10233   110    20 -9999 -9999     0
2021 03 13 09   127    42 10223    70    20 -9999 -9999     0
2021 03 13 12    70    51 10232    88     9 -9999 -9999 -9999
2021 03 13 15    54    47 10230     0 -9999 -9999 -9999     0
2021 03 13 18    42    36 10218   360     0 -9999 -9999 -9999
2021 03 13 21    30    26 10213     0 -9999 -9999 -9999     0
2021 03 14 00    68    64 10226     0 -9999 -9999 -9999     0
2021 03 14 03   145    57 10220   134    29 -9999 -9999 -9999
2021 03 14 06   168    60 10182   160    30 -9999 -9999     0
2021 03 14 09   132    65 10173   110    40 -9999 -9999     0
2021 03 14 12    95    51 10170   120    30 -9999 -9999     0
2021 03 14 15    95    62 10165   140    30 -9999 -9999     0
2021 03 14 18    93    66 10144   140    30 -9999 -9999     0
2021 03 14 21    86    72 10135   120    20 -9999 -9999     0
2021 03 15 00   110    94 10129   140    30 -9999 -9999     0
2021 03 15 03   141   111 10131   240    20 -9999 -9999     0
2021 03 15 06   137   126 10115   360    10 -9999 -9999    10
2021 03 15 09   129   123 10123   340    30 -9999 -9999    10
2021 03 15 12   117   112 10141   326    31 -9999 -9999 -9999
2021 03 15 15    95    89 10159   351    32 -9999 -9999 -9999
2021 03 15 18   107    99 10170    13    43 -9999 -9999 -9999
2021 03 15 21    97    57 10179    10    50 -9999 -9999     0
2021 03 16 00    91    69 10203    30    50 -9999 -9999     0
2021 03 16 03   107    26 10221    49    70 -9999 -9999 -9999
2021 03 16 06   105    -6 10215    40    70 -9999 -9999     0
2021 03 16 09    85    -9 10213    60    53 -9999 -9999 -9999
2021 03 16 12    33    -5 10219    70    20 -9999 -9999     0
2021 03 16 15    27     5 10223    98     8 -9999 -9999 -9999
2021 03 16 18    20     8 10216   360     0 -9999 -9999 -9999
2021 03 16 21    16     6 10211    66    28 -9999 -9999 -9999
2021 03 17 00    72    39 10220    68    44 -9999 -9999 -9999
2021 03 17 03    95     7 10217    76    58 -9999 -9999 -9999
2021 03 17 06   113    28 10205    90    50 -9999 -9999     0
2021 03 17 09    94    34 10209    50    50 -9999 -9999     0
2021 03 17 12    64    46 10220    60    30 -9999 -9999     0
2021 03 17 15    43    36 10217    70    20 -9999 -9999     0
2021 03 17 18    60    50 10212    60    30 -9999 -9999     0
2021 03 17 21    62    53 10205    60    26 -9999 -9999 -9999
2021 03 18 00    85    61 10208    60    40 -9999 -9999     0
2021 03 18 03   102    62 10204    60    46 -9999 -9999 -9999
2021 03 18 06   106    56 10193    52    47 -9999 -9999 -9999
2021 03 18 09    87    52 10193    46    43 -9999 -9999 -9999
2021 03 18 12    82    55 10198    63    40 -9999 -9999 -9999
2021 03 18 15    85    70 10202    60    40 -9999 -9999     0
2021 03 18 18    87    75 10196    38    38 -9999 -9999 -9999
2021 03 18 21    82    58 10190    56    45 -9999 -9999 -9999
2021 03 19 00    82    66 10201    35    47 -9999 -9999 -9999
2021 03 19 03    86    74 10199    40    40 -9999 -9999     4
2021 03 19 06   100    72 10173    60    40 -9999 -9999     4
2021 03 19 09    85    70 10162    50    30 -9999 -9999 -9999
2021 03 19 12    82    74 10170    42    28 -9999 -9999 -9999
2021 03 19 15    85    73 10165   350    20 -9999 -9999     0
2021 03 19 18    75    71 10160   335    44 -9999 -9999    17
2021 03 19 21    66    56 10162   320    40 -9999 -9999    50
2021 03 20 00    74    62 10179   300    30 -9999 -9999    40
2021 03 20 03    97    40 10184   328    32 -9999 -9999 -9999
2021 03 20 06   101    38 10173   350    40 -9999 -9999     0
2021 03 20 09    88    34 10183    10    30 -9999 -9999     0
2021 03 20 12    77    37 10208   360    19 -9999 -9999 -9999
2021 03 20 15    71    41 10222   301    16 -9999 -9999 -9999
2021 03 20 18    77    43 10217   275    23 -9999 -9999 -9999
2021 03 20 21    67    53 10217   283    28 -9999 -9999 -9999
2021 03 21 00    94   -16 10251   340    40 -9999 -9999     0
2021 03 21 03   107   -85 10260   340    70 -9999 -9999     0
2021 03 21 06   115   -65 10249   330    35 -9999 -9999 -9999
2021 03 21 09    95   -45 10252    24    34 -9999 -9999 -9999
2021 03 21 12    67   -50 10274    20    20 -9999 -9999     0
2021 03 21 15    26     0 10286   245    16 -9999 -9999 -9999
2021 03 21 18    35    -2 10285   257     8 -9999 -9999 -9999
2021 03 21 21    10    -2 10280   270    20 -9999 -9999     0
2021 03 22 00    51    -9 10290   253    24 -9999 -9999 -9999
2021 03 22 03   121   -68 10284   253    41 -9999 -9999 -9999
2021 03 22 06   146   -37 10266   270    50 -9999 -9999     0
2021 03 22 09   143   -35 10247   250    40 -9999 -9999     0
2021 03 22 12    85     5 10253   223    13 -9999 -9999 -9999
2021 03 22 15    62     1 10252   260    20 -9999 -9999     0
2021 03 22 18    45     2 10241   261     7 -9999 -9999 -9999
2021 03 22 21    25     9 10234   360     0 -9999 -9999 -9999
2021 03 23 00    94    18 10239   200    20 -9999 -9999     0
2021 03 23 03   157    -8 10225   223    52 -9999 -9999 -9999
2021 03 23 06   181    -7 10188   220    40 -9999 -9999     0
2021 03 23 09   175   -13 10170   202    35 -9999 -9999 -9999
2021 03 23 12   132    -4 10178   187    23 -9999 -9999 -9999
2021 03 23 15    93    26 10176     0 -9999 -9999 -9999     0
2021 03 23 18    69    22 10165     0 -9999 -9999 -9999     0
2021 03 23 21    79    28 10171   180    10 -9999 -9999     0
2021 03 24 00   115    60 10180     0 -9999 -9999 -9999     0
2021 03 24 03   191    45 10185   328     8 -9999 -9999 -9999
2021 03 24 06   211    38 10166   213    20 -9999 -9999 -9999
2021 03 24 09   205    33 10173   240    20 -9999 -9999     0
2021 03 24 12   123    66 10193   110    10 -9999 -9999     0
2021 03 24 15    97    43 10200     0 -9999 -9999 -9999     0
2021 03 24 18    81    54 10200     0 -9999 -9999 -9999     0
2021 03 24 21    71    51 10206   280    10 -9999 -9999     0
2021 03 25 00   133    84 10231     0 -9999 -9999 -9999     0
2021 03 25 03   210    73 10231   338    13 -9999 -9999 -9999
2021 03 25 06   225    59 10207   150    25 -9999 -9999 -9999
2021 03 25 09   180   103 10204    89    32 -9999 -9999 -9999
2021 03 25 12   128    91 10209    70    20 -9999 -9999     0
2021 03 25 15    95    80 10211    79    17 -9999 -9999 -9999
2021 03 25 18   110    61 10193   157    19 -9999 -9999 -9999
2021 03 25 21    94    34 10182   150    10 -9999 -9999     0
2021 03 26 00   130    70 10197   119    12 -9999 -9999 -9999
2021 03 26 03   186    58 10175   120    50 -9999 -9999     0
2021 03 26 06   182   101 10135   120    70 -9999 -9999     0
2021 03 26 09   162   125 10119   119    59 -9999 -9999 -9999
2021 03 26 12   127   117 10120    83    22 -9999 -9999 -9999
2021 03 26 15   155   130 10119   160    30 -9999 -9999     0
2021 03 26 18   150   139 10103   187    16 -9999 -9999    54
2021 03 26 21   146   141 10075    62     6 -9999 -9999    72
2021 03 27 00   158   152 10071   200    20 -9999 -9999    20
2021 03 27 03   129   118 10082   300    40 -9999 -9999    20
2021 03 27 06   140   112 10072   330    40 -9999 -9999    10
2021 03 27 09   140   113 10079   280    20 -9999 -9999     0
2021 03 27 12   130   117 10085   220    20 -9999 -9999     0
2021 03 27 15   123   114 10086   240    20 -9999 -9999     0
2021 03 27 18   102    97 10080   249    14 -9999 -9999 -9999
2021 03 27 21   113   111 10073   250    30 -9999 -9999     0
2021 03 28 00   116   114 10080   227    38 -9999 -9999 -9999
2021 03 28 03   187   144 10080   240    50 -9999 -9999     0
2021 03 28 06   227   133 10057   242    62 -9999 -9999 -9999
2021 03 28 09   222   156 10050   219    41 -9999 -9999 -9999
2021 03 28 12   166   141 10072   260    10 -9999 -9999     0
2021 03 28 15   145    42 10098    50    40 -9999 -9999     0
2021 03 28 18   123    50 10105    70    50 -9999 -9999     0
2021 03 28 21   102    55 10105    86    25 -9999 -9999 -9999
2021 03 29 00   127    44 10114    80    40 -9999 -9999     0
2021 03 29 03   162    47 10113    92    53 -9999 -9999 -9999
2021 03 29 06   168    31 10099    90    50 -9999 -9999     0
2021 03 29 09   140    20 10083    80    60 -9999 -9999     0
2021 03 29 12   112    51 10091    80    40 -9999 -9999     0
2021 03 29 15   107    68 10101    84    44 -9999 -9999 -9999
2021 03 29 18   109    41 10115    60    50 -9999 -9999     0
2021 03 29 21    99    51 10111    60    40 -9999 -9999     0
2021 03 30 00   131    37 10130    80    40 -9999 -9999 -9999
2021 03 30 03   161    -2 10139    77    64 -9999 -9999 -9999
2021 03 30 06   159    -3 10133   120    50 -9999 -9999     0
2021 03 30 09   130    48 10126    84    46 -9999 -9999 -9999
2021 03 30 12    97    76 10136    90    30 -9999 -9999     0
2021 03 30 15    91    80 10139    70    20 -9999 -9999     0
2021 03 30 18    93    82 10123    80    40 -9999 -9999     0
2021 03 30 21    98    71 10113    80    50 -9999 -9999     0
2021 03 31 00   109    70 10122    80    70 -9999 -9999     3
2021 03 31 03   111    81 10132    80    40 -9999 -9999    10
2021 03 31 06   107    86 10114    60    40 -9999 -9999    30
2021 03 31 09   100    91 10107    65    30 -9999 -9999    37
2021 03 31 12   107    95 10118    63    47 -9999 -9999    28
2021 03 31 15   115    95 10118    63    59 -9999 -9999    15
2021 03 31 18   109   101 10120    70    70 -9999 -9999     1
2021 03 31 21   115   100 10119    62    72 -9999 -9999     1
2021 04 01 00   106   100 10138    70    80 -9999 -9999    10
2021 04 01 03   113    90 10135    50    80 -9999 -9999    10
2021 04 01 06   108   103 10124    70    80 -9999 -9999    10
2021 04 01 09   108   103 10120    70    60 -9999 -9999    30
2021 04 01 12   112   109 10128    70    40 -9999 -9999    30
2021 04 01 15   118   115 10143    70    40 -9999 -9999    30
2021 04 01 18   114   111 10133    70    50 -9999 -9999    20
2021 04 01 21   112   109 10132    80    40 -9999 -9999     7
2021 04 02 00   119   117 10146    70    40 -9999 -9999     2
2021 04 02 03   129   126 10143    80    50 -9999 -9999     2
2021 04 02 06   127   122 10128    70    60 -9999 -9999     1
2021 04 02 09   119   116 10127    80    40 -9999 -9999     0
2021 04 02 12   115   113 10136    40    10 -9999 -9999     0
2021 04 02 15   115   113 10137   350    20 -9999 -9999     1
2021 04 02 18   110   108 10132   300    30 -9999 -9999     3
2021 04 02 21   105    99 10133   291    38 -9999 -9999     2
2021 04 03 00   101    98 10152   320    40 -9999 -9999     0
2021 04 03 03    97    89 10158    10    50 -9999 -9999     3
2021 04 03 06    94    86 10168   360    60 -9999 -9999     4
2021 04 03 09    98    82 10184   350    30 -9999 -9999     2
2021 04 03 12    94    70 10209   330    50 -9999 -9999     1
2021 04 03 15    91    47 10217   340    50 -9999 -9999 -9999
2021 04 03 18    77    27 10219   319    34 -9999 -9999 -9999
2021 04 03 21    73     9 10223   330    30 -9999 -9999     0
2021 04 04 00    91    13 10244   340    40 -9999 -9999     0
2021 04 04 03   134   -21 10253   360    60 -9999 -9999     0
2021 04 04 06   142   -72 10238   360    70 -9999 -9999     0
2021 04 04 09   140   -38 10241   341    47 -9999 -9999 -9999
2021 04 04 12   105   -19 10247   340    20 -9999 -9999     0
2021 04 04 15    78   -14 10258   290    30 -9999 -9999     0
2021 04 04 18    82     4 10253   350    20 -9999 -9999     0
2021 04 04 21    40    19 10250   219     3 -9999 -9999 -9999
2021 04 05 00   114     5 10262    30    20 -9999 -9999     0
2021 04 05 03   152   -10 10257    87    52 -9999 -9999 -9999
2021 04 05 06   155   -29 10237   110    30 -9999 -9999     0
2021 04 05 09   130    28 10223    90    30 -9999 -9999     0
2021 04 05 12   102    63 10232    65    10 -9999 -9999 -9999
2021 04 05 15    97    67 10230    72    16 -9999 -9999 -9999
2021 04 05 18   100    68 10222    33    14 -9999 -9999 -9999
2021 04 05 21    71    64 10221    50    10 -9999 -9999     0
2021 04 06 00   123    80 10244    40    30 -9999 -9999     0
2021 04 06 03   162    22 10242   130    20 -9999 -9999     0
2021 04 06 06   171    11 10225    97    28 -9999 -9999 -9999
2021 04 06 09   147    35 10224   100    50 -9999 -9999     0
2021 04 06 12    90    59 10240    90    20 -9999 -9999     0
2021 04 06 15    79    68 10240    70    10 -9999 -9999     0
2021 04 06 18    81    66 10229   110     4 -9999 -9999 -9999
2021 04 06 21    73    66 10224     0 -9999 -9999 -9999     0
2021 04 07 00   120    60 10236   136     3 -9999 -9999 -9999
2021 04 07 03   168    20 10235   150    20 -9999 -9999     0
2021 04 07 06   152    52 10215    73    47 -9999 -9999 -9999
2021 04 07 09   126    48 10215    76    24 -9999 -9999 -9999
2021 04 07 12   106    69 10222    90    30 -9999 -9999     0
2021 04 07 15   103    74 10226     0 -9999 -9999 -9999     0
2021 04 07 18    85    63 10219   268    10 -9999 -9999 -9999
2021 04 07 21    87    59 10227   355    20 -9999 -9999 -9999
2021 04 08 00   125    54 10239   290    20 -9999 -9999     0
2021 04 08 03   170    26 10238    11    34 -9999 -9999 -9999
2021 04 08 06   163    23 10232    40    50 -9999 -9999     0
2021 04 08 09   137    14 10227    62    36 -9999 -9999 -9999
2021 04 08 12    74    27 10237    70    20 -9999 -9999     0
2021 04 08 15    52    27 10239    80    10 -9999 -9999 -9999
2021 04 08 18    49    40 10234   240    10 -9999 -9999     0
2021 04 08 21    45    39 10243   360    10 -9999 -9999     0
2021 04 09 00   112    44 10263   120    10 -9999 -9999     0
2021 04 09 03   181    16 10264    80    11 -9999 -9999 -9999
2021 04 09 06   185    11 10251    94    42 -9999 -9999 -9999
2021 04 09 09   150    28 10246    86    36 -9999 -9999 -9999
2021 04 09 12    95    53 10266   100    30 -9999 -9999     0
2021 04 09 15    81    41 10274    70    10 -9999 -9999     0
2021 04 09 18    62    50 10269    79    21 -9999 -9999 -9999
2021 04 09 21    69    57 10267   100    20 -9999 -9999     0
2021 04 10 00   134    87 10289   110    30 -9999 -9999     0
2021 04 10 03   170   101 10292   107    39 -9999 -9999 -9999
2021 04 10 06   174    93 10268   120    70 -9999 -9999     0
2021 04 10 09   155    85 10269   126    55 -9999 -9999 -9999
2021 04 10 12   123    97 10275   120    40 -9999 -9999     0
2021 04 10 15   117   103 10278   103    34 -9999 -9999 -9999
2021 04 10 18   117   103 10268   110    40 -9999 -9999     0
2021 04 10 21   119   100 10258   110    50 -9999 -9999     0
2021 04 11 00   142   106 10265   120    60 -9999 -9999     0
2021 04 11 03   160    99 10257   116    73 -9999 -9999 -9999
2021 04 11 06   138   108 10240   120    50 -9999 -9999     1
2021 04 11 09   127   122 10218    90    50 -9999 -9999    30
2021 04 11 12   127   123 10203    94    51 -9999 -9999    83
2021 04 11 15   133   130 10185   110    20 -9999 -9999    90
2021 04 11 18   137   134 10169   230    20 -9999 -9999    40
2021 04 11 21   135   132 10149   260    20 -9999 -9999    20
2021 04 12 00   136   130 10154   260    30 -9999 -9999    20
2021 04 12 03   146   125 10149   280    50 -9999 -9999     4
2021 04 12 06   154   122 10140   280    40 -9999 -9999     0
2021 04 12 09   169   122 10133   280    30 -9999 -9999     0
2021 04 12 12   130   121 10154   261    10 -9999 -9999 -9999
2021 04 12 15   128   122 10169   270    10 -9999 -9999     0
2021 04 12 18   126   117 10172   280    10 -9999 -9999     0
2021 04 12 21   133   101 10185    20    40 -9999 -9999     0
2021 04 13 00   111    88 10220    20    40 -9999 -9999     0
2021 04 13 03   118    71 10232    20    50 -9999 -9999     0
2021 04 13 06   117    57 10219    51    54 -9999 -9999 -9999
2021 04 13 09   101    29 10217    59    33 -9999 -9999 -9999
2021 04 13 12    75    41 10225   110    20 -9999 -9999 -9999
2021 04 13 15    66    43 10231    70    10 -9999 -9999     0
2021 04 13 18    66    44 10226     0 -9999 -9999 -9999     0
2021 04 13 21    71    62 10229     0 -9999 -9999 -9999     0
2021 04 14 00   113    41 10240    90    20 -9999 -9999     0
2021 04 14 03   139    22 10241   140    20 -9999 -9999     0
2021 04 14 06   149    34 10217   110    40 -9999 -9999     0
2021 04 14 09   132    -1 10204   130    40 -9999 -9999     0
2021 04 14 12    70    25 10213    90    10 -9999 -9999     0
2021 04 14 15    56    15 10213   120    10 -9999 -9999     0
2021 04 14 18    69    14 10195   150    10 -9999 -9999     0
2021 04 14 21    56    26 10179   150    10 -9999 -9999     0
2021 04 15 00   105    31 10184   150    30 -9999 -9999     0
2021 04 15 03   157     8 10171   143    52 -9999 -9999 -9999
2021 04 15 06   180    39 10145   162    45 -9999 -9999 -9999
2021 04 15 09   156   102 10131   130    40 -9999 -9999     0
2021 04 15 12   127    99 10139   155    23 -9999 -9999 -9999
2021 04 15 15   130    94 10138   175    36 -9999 -9999 -9999
2021 04 15 18   131   101 10137   217    13 -9999 -9999 -9999
2021 04 15 21   137   104 10147   291    27 -9999 -9999 -9999
2021 04 16 00   159   111 10165   360    30 -9999 -9999     0
2021 04 16 03   170    65 10180    48    52 -9999 -9999 -9999
2021 04 16 06   169    61 10172    70    40 -9999 -9999     0
2021 04 16 09   142    18 10165   113    40 -9999 -9999 -9999
2021 04 16 12   107    59 10177   107    15 -9999 -9999 -9999
2021 04 16 15    84    65 10181    70    20 -9999 -9999     0
2021 04 16 18    85    77 10177   260    10 -9999 -9999     0
2021 04 16 21   107    40 10206    18    67 -9999 -9999 -9999
2021 04 17 00   130    39 10223    30    20 -9999 -9999     0
2021 04 17 03   161    10 10235   344    51 -9999 -9999 -9999
2021 04 17 06   182   -58 10219   307    59 -9999 -9999 -9999
2021 04 17 09   173   -14 10209   290    50 -9999 -9999     0
2021 04 17 12   104    45 10224   100    10 -9999 -9999     0
2021 04 17 15    81    38 10235    50    20 -9999 -9999     0
2021 04 17 18    65    37 10226    78    13 -9999 -9999 -9999
2021 04 17 21    47    40 10229     0 -9999 -9999 -9999     0
2021 04 18 00   122    34 10235   170    10 -9999 -9999     0
2021 04 18 03   176   -11 10231   140    30 -9999 -9999     0
2021 04 18 06   189    -5 10205   170    30 -9999 -9999     0
2021 04 18 09   167    50 10190   100    30 -9999 -9999     0
2021 04 18 12   112    28 10199    48    11 -9999 -9999 -9999
2021 04 18 15    91    43 10198   180    10 -9999 -9999     0
2021 04 18 18    61    38 10190     0 -9999 -9999 -9999     0
2021 04 18 21    55    40 10181    70    10 -9999 -9999     0
2021 04 19 00   133    39 10193   180    20 -9999 -9999     0
2021 04 19 03   194    51 10186   180    30 -9999 -9999     0
2021 04 19 06   217    57 10166   163    26 -9999 -9999 -9999
2021 04 19 09   205    78 10156   130    40 -9999 -9999     0
2021 04 19 12   121    97 10169    85    24 -9999 -9999 -9999
2021 04 19 15    91    80 10173    70    10 -9999 -9999     0
2021 04 19 18    89    85 10171    80    10 -9999 -9999     0
2021 04 19 21    87    72 10176   190    10 -9999 -9999     0
2021 04 20 00   157    53 10185   150    30 -9999 -9999     0
2021 04 20 03   176    92 10189   110    40 -9999 -9999     0
2021 04 20 06   187   122 10173   110    60 -9999 -9999     0
2021 04 20 09   149   111 10173   100    50 -9999 -9999     0
2021 04 20 12   140   104 10185   100    60 -9999 -9999     0
2021 04 20 15   138   117 10183   100    60 -9999 -9999     0
2021 04 20 18   137   112 10175   110    50 -9999 -9999     0
2021 04 20 21   140   108 10172   103    56 -9999 -9999 -9999
