2021 01 01 00   -54  -104 10306   211    11 -9999 -9999 -9999
2021 01 01 03     9   -79 10295   200    40 -9999 -9999     0
2021 01 01 06    47   -61 10265   205    45 -9999 -9999 -9999
2021 01 01 09    38   -49 10270   230    10 -9999 -9999     0
2021 01 01 12    -9   -51 10285   230    10 -9999 -9999     0
2021 01 01 15   -29   -51 10292     0 -9999 -9999 -9999     0
2021 01 01 18   -37   -58 10288   107     8 -9999 -9999 -9999
2021 01 01 21   -47   -62 10290    82    10 -9999 -9999 -9999
2021 01 02 00   -40   -58 10297   360     2 -9999 -9999 -9999
2021 01 02 03    52   -17 10309   120    10 -9999 -9999     0
2021 01 02 06    71   -21 10275    87    34 -9999 -9999 -9999
2021 01 02 09    46   -21 10283    70    30 -9999 -9999     0
2021 01 02 12     5   -22 10295    90    20 -9999 -9999     0
2021 01 02 15     5   -39 10302    65    32 -9999 -9999 -9999
2021 01 02 18   -10   -42 10295    80    40 -9999 -9999     0
2021 01 02 21    -5   -30 10305    46    23 -9999 -9999 -9999
2021 01 03 00    11   -11 10313    58    44 -9999 -9999 -9999
2021 01 03 03    49    14 10305    90    60 -9999 -9999     0
2021 01 03 06    83    19 10281    80    50 -9999 -9999     0
2021 01 03 09    62    20 10291    59    33 -9999 -9999 -9999
2021 01 03 12    22     4 10304    75    22 -9999 -9999 -9999
2021 01 03 15    19     4 10307    70    30 -9999 -9999     0
2021 01 03 18     5    -3 10294    77    35 -9999 -9999 -9999
2021 01 03 21    12     3 10281    20    10 -9999 -9999     0
2021 01 04 00    11     2 10297    76     8 -9999 -9999 -9999
2021 01 04 03    75    31 10290    36    21 -9999 -9999 -9999
2021 01 04 06    92    41 10264    21    27 -9999 -9999 -9999
2021 01 04 09    72    42 10273    26    24 -9999 -9999 -9999
2021 01 04 12    61    34 10295    30    20 -9999 -9999     0
2021 01 04 15    44    27 10298    70    30 -9999 -9999     0
2021 01 04 18    36    23 10292   100    10 -9999 -9999     0
2021 01 04 21    37    16 10315    30    40 -9999 -9999     0
2021 01 05 00    18    -3 10330    60    30 -9999 -9999     0
2021 01 05 03    17   -16 10339    45    43 -9999 -9999 -9999
2021 01 05 06    16   -31 10325    43    62 -9999 -9999 -9999
2021 01 05 09     7   -20 10332    70    40 -9999 -9999     0
2021 01 05 12     7   -23 10346    63    18 -9999 -9999 -9999
2021 01 05 15     5   -29 10340    30    20 -9999 -9999     0
2021 01 05 18    -6   -36 10323    20    10 -9999 -9999     0
2021 01 05 21   -22   -45 10311     0 -9999 -9999 -9999     0
2021 01 06 00   -27   -41 10307    60    10 -9999 -9999     0
2021 01 06 03    17   -25 10309   291    27 -9999 -9999 -9999
2021 01 06 06    27   -26 10285   296    33 -9999 -9999 -9999
2021 01 06 09    20   -50 10300   350    30 -9999 -9999     0
2021 01 06 12    10   -89 10323    14    39 -9999 -9999 -9999
2021 01 06 15   -15  -137 10349    10    50 -9999 -9999     0
2021 01 06 18   -44  -166 10376    10    60 -9999 -9999     0
2021 01 06 21   -67  -223 10384    21    45 -9999 -9999 -9999
2021 01 07 00   -85  -191 10412   350    40 -9999 -9999     0
2021 01 07 03   -74  -237 10410   343    47 -9999 -9999 -9999
2021 01 07 06   -57  -218 10377   337    47 -9999 -9999 -9999
2021 01 07 09   -69  -220 10376   313    37 -9999 -9999 -9999
2021 01 07 12   -70  -203 10388   310    27 -9999 -9999 -9999
2021 01 07 15   -71  -187 10386   270    10 -9999 -9999     0
2021 01 07 18   -85  -160 10377   232    16 -9999 -9999 -9999
2021 01 07 21  -102  -150 10357   220    10 -9999 -9999     0
2021 01 08 00   -90  -131 10354   200    20 -9999 -9999     0
2021 01 08 03   -22  -171 10351   272    59 -9999 -9999 -9999
2021 01 08 06     1  -176 10318   290    50 -9999 -9999     0
2021 01 08 09    -5  -181 10315   310    40 -9999 -9999     0
2021 01 08 12   -50  -141 10323   220    10 -9999 -9999     0
2021 01 08 15   -97  -136 10323   180    10 -9999 -9999     0
2021 01 08 18   -89  -125 10323   260    10 -9999 -9999     0
2021 01 08 21   -84  -122 10312   180    10 -9999 -9999     0
2021 01 09 00   -70  -107 10320   210    10 -9999 -9999     0
2021 01 09 03    12  -137 10323   290    40 -9999 -9999     0
2021 01 09 06    35  -147 10294   300    40 -9999 -9999     0
2021 01 09 09    22  -128 10293   270    20 -9999 -9999     0
2021 01 09 12   -36  -111 10308   240    10 -9999 -9999     0
2021 01 09 15   -54   -98 10315   317    10 -9999 -9999 -9999
2021 01 09 18   -62   -97 10315    80    10 -9999 -9999     0
2021 01 09 21   -57   -89 10309   360     2 -9999 -9999 -9999
2021 01 10 00   -58   -90 10318    60    10 -9999 -9999     0
2021 01 10 03    26  -133 10327   256    17 -9999 -9999 -9999
2021 01 10 06    47  -137 10305    30    20 -9999 -9999     0
2021 01 10 09    30  -113 10302   112     5 -9999 -9999 -9999
2021 01 10 12     0   -82 10324   263     6 -9999 -9999 -9999
2021 01 10 15    -2   -75 10333   259    12 -9999 -9999 -9999
2021 01 10 18    -5   -85 10323   281    15 -9999 -9999 -9999
2021 01 10 21   -15   -78 10320   253    19 -9999 -9999 -9999
2021 01 11 00   -25   -82 10311   238    12 -9999 -9999 -9999
2021 01 11 03    31  -109 10308   290    60 -9999 -9999     0
2021 01 11 06    53  -132 10283   290    60 -9999 -9999     0
2021 01 11 09    33  -126 10286   290    40 -9999 -9999     0
2021 01 11 12   -10  -112 10291   289    12 -9999 -9999 -9999
2021 01 11 15   -37  -103 10283   250    10 -9999 -9999     0
2021 01 11 18   -35   -97 10257   190    20 -9999 -9999     0
2021 01 11 21   -34   -92 10230   202    25 -9999 -9999 -9999
2021 01 12 00   -14   -95 10218   210    40 -9999 -9999     0
2021 01 12 03    71   -73 10204   216    49 -9999 -9999 -9999
2021 01 12 06   112   -71 10170   245    76 -9999 -9999 -9999
2021 01 12 09   101   -67 10159   222    39 -9999 -9999 -9999
2021 01 12 12    32   -70 10155   194    17 -9999 -9999 -9999
2021 01 12 15    37   -65 10152   206    38 -9999 -9999 -9999
2021 01 12 18    20   -54 10152   230    30 -9999 -9999     0
2021 01 12 21    20   -50 10139   220    40 -9999 -9999     0
2021 01 13 00    27   -41 10146   223    30 -9999 -9999 -9999
2021 01 13 03   103   -20 10162   230    40 -9999 -9999     0
2021 01 13 06   157   -22 10145   255    58 -9999 -9999 -9999
2021 01 13 09   143   -13 10152   270    10 -9999 -9999     0
2021 01 13 12    50   -18 10164    56     9 -9999 -9999 -9999
2021 01 13 15    32   -23 10178    64    16 -9999 -9999 -9999
2021 01 13 18    12   -30 10181   360     2 -9999 -9999 -9999
2021 01 13 21   -11   -39 10170     0 -9999 -9999 -9999     0
2021 01 14 00     5   -28 10176    50     3 -9999 -9999 -9999
2021 01 14 03   142    11 10163   120    10 -9999 -9999     0
2021 01 14 06   178    -5 10133   190    40 -9999 -9999     0
2021 01 14 09   152     6 10127   150    20 -9999 -9999     0
2021 01 14 12    91    -5 10123   130    30 -9999 -9999     0
2021 01 14 15    80    -7 10142   220    20 -9999 -9999     0
2021 01 14 18    72   -16 10144   234    19 -9999 -9999 -9999
2021 01 14 21    57   -21 10150   278    14 -9999 -9999 -9999
2021 01 15 00    46    -8 10168   263    17 -9999 -9999 -9999
2021 01 15 03    86   -12 10199   360    40 -9999 -9999     0
2021 01 15 06   131   -32 10188    40    38 -9999 -9999 -9999
2021 01 15 09   105   -51 10216    40    30 -9999 -9999     0
2021 01 15 12    60   -36 10243    50    40 -9999 -9999     0
2021 01 15 15    30   -36 10259    72    43 -9999 -9999 -9999
2021 01 15 18    11   -21 10293    64    36 -9999 -9999 -9999
2021 01 15 21    -9   -29 10296    69    29 -9999 -9999 -9999
2021 01 16 00   -21   -54 10324    50    40 -9999 -9999     0
2021 01 16 03    16   -45 10339    80    50 -9999 -9999     0
2021 01 16 06    28   -53 10314    70    40 -9999 -9999     0
2021 01 16 09    23   -51 10329    70    30 -9999 -9999     0
2021 01 16 12    10   -48 10355    40    10 -9999 -9999     0
2021 01 16 15    -2   -48 10372    70    20 -9999 -9999     0
2021 01 16 18   -20   -51 10375   201     5 -9999 -9999 -9999
2021 01 16 21   -42   -59 10368     0 -9999 -9999 -9999     0
2021 01 17 00   -44   -54 10367     0 -9999 -9999 -9999     0
2021 01 17 03    35   -40 10352   250    40 -9999 -9999     0
2021 01 17 06    64   -56 10308   240    50 -9999 -9999     0
2021 01 17 09    52   -87 10288   240    40 -9999 -9999     0
2021 01 17 12     1   -96 10276   210    30 -9999 -9999     0
2021 01 17 15    -6   -88 10267   200    40 -9999 -9999     0
2021 01 17 18    -9   -84 10255   205    38 -9999 -9999 -9999
2021 01 17 21   -14   -75 10242   200    30 -9999 -9999     0
2021 01 18 00    -9   -79 10253   200    30 -9999 -9999     0
2021 01 18 03    72   -45 10257   238    30 -9999 -9999 -9999
2021 01 18 06   114   -39 10234   230    20 -9999 -9999     0
2021 01 18 09   107   -38 10234   190    20 -9999 -9999     0
2021 01 18 12    40   -48 10244   100    11 -9999 -9999 -9999
2021 01 18 15    15   -48 10249    70    10 -9999 -9999     0
2021 01 18 18     1   -45 10250    76    33 -9999 -9999 -9999
2021 01 18 21     1   -45 10249    70    40 -9999 -9999     0
2021 01 19 00     6   -35 10253    90    50 -9999 -9999     0
2021 01 19 03   102   -27 10253   103    57 -9999 -9999 -9999
2021 01 19 06   139   -34 10227   100    60 -9999 -9999     0
2021 01 19 09   115   -42 10224   100    50 -9999 -9999     0
2021 01 19 12    59   -43 10230   100    40 -9999 -9999     0
2021 01 19 15    34   -36 10228    80    40 -9999 -9999     0
2021 01 19 18    22   -21 10221    71    38 -9999 -9999 -9999
2021 01 19 21    15    -1 10213    71    37 -9999 -9999 -9999
2021 01 20 00     9     0 10219    50    20 -9999 -9999     0
2021 01 20 03    90    28 10223    70    20 -9999 -9999     0
2021 01 20 06   131    29 10199   180    10 -9999 -9999     0
2021 01 20 09   117    32 10201   342    16 -9999 -9999 -9999
2021 01 20 12    91    29 10209    20    20 -9999 -9999 -9999
2021 01 20 15    81    34 10206    78     9 -9999 -9999 -9999
2021 01 20 18    80    35 10203    10    10 -9999 -9999 -9999
2021 01 20 21    71    44 10195   320    10 -9999 -9999     1
2021 01 21 00    67    49 10206   170    10 -9999 -9999     1
2021 01 21 03    93    51 10213     0 -9999 -9999 -9999     0
2021 01 21 06   119    58 10186   260    20 -9999 -9999     0
2021 01 21 09   115    61 10191   270    13 -9999 -9999 -9999
2021 01 21 12    98    56 10205   350    10 -9999 -9999 -9999
2021 01 21 15    77    65 10205   220    10 -9999 -9999     1
2021 01 21 18    76    65 10204   290    10 -9999 -9999     6
2021 01 21 21    70    66 10199   330    10 -9999 -9999    20
2021 01 22 00    70    63 10213    74     7 -9999 -9999    19
2021 01 22 03    75    69 10216    20    10 -9999 -9999    20
2021 01 22 06    76    69 10193    60    30 -9999 -9999    40
2021 01 22 09    73    69 10193    60    30 -9999 -9999    50
2021 01 22 12    67    64 10202    67    36 -9999 -9999    23
2021 01 22 15    56    53 10206    50    40 -9999 -9999    10
2021 01 22 18    47    44 10204    62    30 -9999 -9999    15
2021 01 22 21    43    39 10200    50    20 -9999 -9999    40
2021 01 23 00    40    36 10216    40    20 -9999 -9999    60
2021 01 23 03    45    38 10220    71    25 -9999 -9999    26
2021 01 23 06    65    36 10211   120     9 -9999 -9999     1
2021 01 23 09    61    36 10226   100    10 -9999 -9999     0
2021 01 23 12    43    31 10232    60    10 -9999 -9999     0
2021 01 23 15    29    23 10242    30    10 -9999 -9999     0
2021 01 23 18     8     5 10242    60    20 -9999 -9999 -9999
2021 01 23 21     0    -3 10236    91    16 -9999 -9999 -9999
2021 01 24 00     3     2 10238   130    10 -9999 -9999     0
2021 01 24 03    37    37 10262   112    17 -9999 -9999 -9999
2021 01 24 06    83    39 10224    80    40 -9999 -9999     0
2021 01 24 09    60    33 10222    62    47 -9999 -9999 -9999
2021 01 24 12    60    42 10223    70    30 -9999 -9999     0
2021 01 24 15    66    51 10227    70    50 -9999 -9999     0
2021 01 24 18    68    59 10227    60    40 -9999 -9999     0
2021 01 24 21    68    67 10223    60    40 -9999 -9999 -9999
2021 01 25 00    66    65 10232    60    30 -9999 -9999     4
2021 01 25 03    77    76 10227    75    30 -9999 -9999     7
2021 01 25 06    80    79 10206     0 -9999 -9999 -9999     4
2021 01 25 09    71    70 10208   300    30 -9999 -9999    10
2021 01 25 12    53    52 10218   290    40 -9999 -9999    40
2021 01 25 15    42    39 10227   290    40 -9999 -9999    40
2021 01 25 18    39    35 10233   300    40 -9999 -9999    20
2021 01 25 21    37    34 10225   294    31 -9999 -9999     4
2021 01 26 00    39    32 10247   300    40 -9999 -9999 -9999
2021 01 26 03    46    36 10258   300    20 -9999 -9999     0
2021 01 26 06    55    46 10240   320    10 -9999 -9999 -9999
2021 01 26 09    64    52 10245   170    10 -9999 -9999     0
2021 01 26 12    60    53 10255   150    10 -9999 -9999     0
2021 01 26 15    40    36 10266    20    10 -9999 -9999     0
2021 01 26 18    15    12 10259   100    16 -9999 -9999 -9999
2021 01 26 21    25    23 10253    78    24 -9999 -9999 -9999
2021 01 27 00    10     9 10255    82    35 -9999 -9999 -9999
2021 01 27 03    67    33 10256   110    30 -9999 -9999     0
2021 01 27 06   103    38 10222    80    10 -9999 -9999     0
2021 01 27 09    97    21 10216    54    19 -9999 -9999 -9999
2021 01 27 12    66    38 10233    79    10 -9999 -9999 -9999
2021 01 27 15    45    27 10241   144    12 -9999 -9999 -9999
2021 01 27 18    52    45 10242   240    20 -9999 -9999     0
2021 01 27 21    50    47 10241   250    40 -9999 -9999     0
2021 01 28 00    45    32 10275   301    33 -9999 -9999 -9999
2021 01 28 03    72   -39 10299   350    50 -9999 -9999     0
2021 01 28 06    86   -53 10295   310    40 -9999 -9999     0
2021 01 28 09    66   -74 10302   317    24 -9999 -9999 -9999
2021 01 28 12    28   -58 10311    20    20 -9999 -9999     0
2021 01 28 15   -11   -48 10311    90    20 -9999 -9999     0
2021 01 28 18   -15   -55 10307    97    13 -9999 -9999 -9999
2021 01 28 21   -20   -69 10283   130    10 -9999 -9999     0
2021 01 29 00    -2   -62 10285   140    20 -9999 -9999     0
2021 01 29 03    70   -30 10284   180    50 -9999 -9999     0
2021 01 29 06   110   -21 10253   200    40 -9999 -9999     0
2021 01 29 09    97   -20 10240   180    40 -9999 -9999     0
2021 01 29 12    37   -38 10236   180    10 -9999 -9999     0
2021 01 29 15    45   -34 10242   196    25 -9999 -9999 -9999
2021 01 29 18    47   -26 10239   180    20 -9999 -9999     0
2021 01 29 21     4   -30 10237     0 -9999 -9999 -9999     0
2021 01 30 00     9   -20 10246     0 -9999 -9999 -9999     0
2021 01 30 03   111    11 10252   262    23 -9999 -9999 -9999
2021 01 30 06   147    19 10229   227    25 -9999 -9999 -9999
2021 01 30 09   132    28 10226   195    17 -9999 -9999 -9999
2021 01 30 12    85    29 10230   120    10 -9999 -9999     0
2021 01 30 15    68    29 10235     0 -9999 -9999 -9999     0
2021 01 30 18    62    31 10231    81     9 -9999 -9999 -9999
2021 01 30 21    64    34 10224   110    10 -9999 -9999     0
2021 01 31 00    57    30 10226    40    10 -9999 -9999     0
2021 01 31 03   135    36 10228   200    38 -9999 -9999 -9999
2021 01 31 06   145    30 10198   230    30 -9999 -9999     0
2021 01 31 09   131    35 10195   239    17 -9999 -9999 -9999
2021 01 31 12   102    42 10211   215    38 -9999 -9999 -9999
2021 01 31 15    89    53 10208   220    40 -9999 -9999     0
2021 01 31 18    80    56 10204   230    30 -9999 -9999     0
2021 01 31 21    72    57 10195   220    20 -9999 -9999     0
2021 02 01 00    70    58 10205   230    20 -9999 -9999     0
2021 02 01 03   105    44 10204   260    40 -9999 -9999     0
2021 02 01 06   141    55 10185   240    40 -9999 -9999     0
2021 02 01 09   138    44 10194   300    20 -9999 -9999     0
2021 02 01 12    70    40 10220   354     8 -9999 -9999 -9999
2021 02 01 15    66    19 10248    60    50 -9999 -9999     0
2021 02 01 18    44   -25 10271    80    60 -9999 -9999     0
2021 02 01 21    20   -25 10277    60    50 -9999 -9999     0
2021 02 02 00    21    -5 10297    70    50 -9999 -9999     0
2021 02 02 03    70     2 10302   100    50 -9999 -9999     0
2021 02 02 06   104    25 10271   150    20 -9999 -9999     0
2021 02 02 09    95    41 10261   227    20 -9999 -9999 -9999
2021 02 02 12    60    32 10267   101    11 -9999 -9999 -9999
2021 02 02 15    32    19 10262   130    10 -9999 -9999     0
2021 02 02 18    16     7 10254    80    10 -9999 -9999     0
2021 02 02 21     6     0 10237    93    24 -9999 -9999 -9999
2021 02 03 00    18    15 10239    50    20 -9999 -9999     0
2021 02 03 03   114    57 10234   200    40 -9999 -9999     0
2021 02 03 06   150    62 10209   229    30 -9999 -9999 -9999
2021 02 03 09   140    54 10215   300    26 -9999 -9999 -9999
2021 02 03 12   109    52 10245   340    40 -9999 -9999     0
2021 02 03 15    80    15 10273    25    30 -9999 -9999 -9999
2021 02 03 18    52     8 10279    60    50 -9999 -9999     0
2021 02 03 21    20    -3 10285   101    19 -9999 -9999 -9999
2021 02 04 00    12     5 10310    93    17 -9999 -9999 -9999
2021 02 04 03    95    -7 10301   110    50 -9999 -9999     0
2021 02 04 06   132   -40 10267    90    40 -9999 -9999     0
2021 02 04 09   122   -24 10249    86    43 -9999 -9999 -9999
2021 02 04 12    87   -14 10244    69    26 -9999 -9999 -9999
2021 02 04 15    79    -8 10247    90    20 -9999 -9999     0
2021 02 04 18    84    -6 10230   170    30 -9999 -9999     0
2021 02 04 21    70    40 10210   290    20 -9999 -9999 -9999
2021 02 05 00    71    44 10224   269    14 -9999 -9999 -9999
2021 02 05 03    86    48 10220   220    14 -9999 -9999 -9999
2021 02 05 06   102    56 10192   220    20 -9999 -9999     0
2021 02 05 09   111    60 10175   203    44 -9999 -9999 -9999
2021 02 05 12    67    50 10185   190    30 -9999 -9999     0
2021 02 05 15    65    55 10189   202    40 -9999 -9999 -9999
2021 02 05 18    54    53 10188   210    40 -9999 -9999     0
2021 02 05 21    51    50 10181   210    40 -9999 -9999     0
2021 02 06 00    46    45 10193   220    30 -9999 -9999     0
2021 02 06 03   115    59 10197   225    48 -9999 -9999 -9999
2021 02 06 06   170    68 10168   240    40 -9999 -9999     0
2021 02 06 09   172    67 10162   240    20 -9999 -9999     0
2021 02 06 12    97    57 10177     0 -9999 -9999 -9999     0
2021 02 06 15    90    58 10185   194    19 -9999 -9999 -9999
2021 02 06 18    81    67 10188   210    10 -9999 -9999     0
2021 02 06 21    52    43 10189    82    11 -9999 -9999 -9999
2021 02 07 00    53    49 10204   240    10 -9999 -9999     0
2021 02 07 03   147    86 10213   290    20 -9999 -9999     0
2021 02 07 06   196    41 10198   260    20 -9999 -9999     0
2021 02 07 09   167    80 10216    17    47 -9999 -9999 -9999
2021 02 07 12    77    30 10266    60    80 -9999 -9999     0
2021 02 07 15    66    -2 10279    62    80 -9999 -9999 -9999
2021 02 07 18    57     3 10293    70    70 -9999 -9999     0
2021 02 07 21    43     4 10306    70    60 -9999 -9999     0
2021 02 08 00    32     5 10332    55    36 -9999 -9999 -9999
2021 02 08 03    62   -34 10339    72    59 -9999 -9999 -9999
2021 02 08 06    87   -55 10320    60    60 -9999 -9999     0
2021 02 08 09    75   -57 10312    65    50 -9999 -9999 -9999
2021 02 08 12    40   -35 10323    70    30 -9999 -9999     0
2021 02 08 15    18   -31 10317    80    30 -9999 -9999     0
2021 02 08 18     2   -39 10307    82    29 -9999 -9999 -9999
2021 02 08 21   -10   -38 10286    83    33 -9999 -9999 -9999
2021 02 09 00     2   -19 10293    87    30 -9999 -9999 -9999
2021 02 09 03    85     0 10281   100    29 -9999 -9999 -9999
2021 02 09 06   125    -7 10248    92    23 -9999 -9999 -9999
2021 02 09 12    63    -9 10239   100    10 -9999 -9999     0
2021 02 09 15    53    -7 10240    50    20 -9999 -9999     0
2021 02 09 18    31     0 10225    86    12 -9999 -9999 -9999
2021 02 09 21    38     7 10222    40    20 -9999 -9999     0
2021 02 10 00    32    14 10242    57     9 -9999 -9999 -9999
2021 02 10 03   110    33 10239    66    14 -9999 -9999 -9999
2021 02 10 06   149    28 10217    40    30 -9999 -9999     0
2021 02 10 09   130    38 10211    57    36 -9999 -9999 -9999
2021 02 11 00    64    52 10225    70    20 -9999 -9999     0
2021 02 13 12   122    89 10179    15     4 -9999 -9999 -9999
2021 02 13 15    90    70 10176    90    21 -9999 -9999 -9999
2021 02 13 18   108    94 10159   120    10 -9999 -9999     0
2021 02 13 21   110    98 10149   340    10 -9999 -9999 -9999
2021 02 14 00   105    99 10146    50    10 -9999 -9999    -1
2021 02 14 03   132   109 10151   255    41 -9999 -9999 -9999
2021 02 14 06   145   109 10133   280    50 -9999 -9999     0
2021 02 14 09   152   105 10135   268    23 -9999 -9999 -9999
2021 02 14 12   105    89 10152   360     2 -9999 -9999 -9999
2021 02 14 15    73    66 10161   110    10 -9999 -9999     0
2021 02 14 18    50    46 10179   107     8 -9999 -9999 -9999
2021 02 14 21    52    51 10179   270    10 -9999 -9999     0
2021 02 15 00    85    77 10219   355    45 -9999 -9999 -9999
2021 02 15 03    81    34 10243    53    46 -9999 -9999 -9999
2021 02 15 06   102    23 10218    50    40 -9999 -9999     0
2021 02 15 09    90     2 10213    67    27 -9999 -9999 -9999
2021 02 15 12    64    13 10219   100    10 -9999 -9999     0
2021 02 15 15    46     7 10206    80    20 -9999 -9999     0
2021 02 15 18    30     6 10196    50     7 -9999 -9999 -9999
2021 02 15 21     7    -5 10188     0 -9999 -9999 -9999     0
2021 02 16 00    17    11 10199   230    10 -9999 -9999     0
2021 02 16 03   115    45 10201   280    30 -9999 -9999     0
2021 02 16 06   135    24 10191   280    40 -9999 -9999     0
2021 02 16 09   129    33 10202   350    40 -9999 -9999     0
2021 02 16 12    75    10 10224    43    10 -9999 -9999 -9999
2021 02 16 15    39    -1 10243   100    10 -9999 -9999     0
2021 02 16 18    36   -12 10269    67    66 -9999 -9999 -9999
2021 02 16 21     7   -29 10278    90    40 -9999 -9999     0
2021 02 17 00    15   -39 10296    88    50 -9999 -9999 -9999
2021 02 17 03    53   -69 10302    90    40 -9999 -9999     0
2021 02 17 06    85   -50 10286   294    12 -9999 -9999 -9999
2021 02 17 09    89   -43 10286   340    20 -9999 -9999     0
2021 02 17 12    25   -38 10296   140    10 -9999 -9999     0
2021 02 17 15     6   -41 10314    99    12 -9999 -9999 -9999
2021 02 17 18    -4   -36 10312   340     6 -9999 -9999 -9999
2021 02 17 21   -20   -34 10312    70    10 -9999 -9999     0
2021 02 18 00     2   -28 10324    90    20 -9999 -9999     0
2021 02 18 03    85   -43 10319   120    30 -9999 -9999     0
2021 02 18 06   129   -43 10293   210    30 -9999 -9999     0
2021 02 18 09   122   -31 10273   180    28 -9999 -9999 -9999
2021 02 18 12    64   -30 10265   140    20 -9999 -9999     0
2021 02 18 15    60   -29 10257   189    28 -9999 -9999 -9999
2021 02 18 18    68    -9 10236   200    30 -9999 -9999     0
2021 02 18 21    57    -2 10215   210    30 -9999 -9999     0
2021 02 19 00    81    13 10213   204    41 -9999 -9999 -9999
2021 02 19 03   156    31 10202   217    70 -9999 -9999 -9999
2021 02 19 06   205    57 10166   239    60 -9999 -9999 -9999
2021 02 19 09   202    59 10149   242    47 -9999 -9999 -9999
2021 02 20 15   122    34 10118   204    16 -9999 -9999 -9999
2021 02 20 18   120    34 10118   208    40 -9999 -9999 -9999
2021 02 20 21   105    45 10106   213    24 -9999 -9999 -9999
2021 02 21 00   140    53 10110   204    41 -9999 -9999 -9999
2021 02 21 03   220    73 10105   216    65 -9999 -9999 -9999
2021 02 21 09   257    74 10077   245    31 -9999 -9999 -9999
2021 02 21 12   161    65 10094   168    10 -9999 -9999 -9999
2021 02 21 15   152    75 10107   228    23 -9999 -9999 -9999
2021 02 21 18   121    62 10112   251    15 -9999 -9999 -9999
2021 02 21 21   112    60 10119   259    14 -9999 -9999 -9999
2021 02 22 00   120    78 10143   298    13 -9999 -9999 -9999
2021 02 22 03   213    86 10161   350    40 -9999 -9999     0
2021 02 22 06   198    55 10169    60    90 -9999 -9999     0
2021 02 22 09   156    37 10199    70   100 -9999 -9999     0
2021 02 22 12   110    31 10232    70    90 -9999 -9999     0
2021 02 22 15    81   -34 10252    83    81 -9999 -9999 -9999
2021 02 22 18    64   -27 10251    90    70 -9999 -9999     0
2021 02 22 21    50   -15 10247    80    56 -9999 -9999 -9999
2021 02 23 00    49    -9 10257    80    80 -9999 -9999     0
2021 02 23 03   101     4 10246    87    82 -9999 -9999 -9999
2021 02 23 06   137    18 10210    72    81 -9999 -9999 -9999
2021 02 23 09   122    29 10202    70    70 -9999 -9999     0
2021 02 23 12    85    22 10213    78    81 -9999 -9999 -9999
2021 02 23 15    63    20 10222    80    70 -9999 -9999     0
2021 02 23 18    49    14 10220    70    70 -9999 -9999     0
2021 02 23 21    55    22 10217    68    64 -9999 -9999 -9999
2021 02 24 00    60    26 10232    77    56 -9999 -9999 -9999
2021 02 24 03    85    37 10212    98    70 -9999 -9999 -9999
2021 02 24 06   101    45 10177    63    75 -9999 -9999 -9999
2021 02 24 09   117    49 10165    50    50 -9999 -9999     0
2021 02 24 12    94    46 10166    60    50 -9999 -9999     0
2021 02 24 15    80    58 10157    70    80 -9999 -9999     3
2021 02 24 18    73    62 10145    60    50 -9999 -9999     7
2021 02 24 21    59    53 10162    10    50 -9999 -9999    80
2021 02 25 00    65    58 10169    33    38 -9999 -9999   102
2021 02 25 03    62    50 10189    30    50 -9999 -9999    30
2021 02 25 06    57    47 10183    30    50 -9999 -9999     4
2021 02 25 09    55    48 10185    36    56 -9999 -9999     2
2021 02 25 12    56    50 10207    40    40 -9999 -9999     5
2021 02 25 15    54    48 10214    40    60 -9999 -9999     9
2021 02 25 18    50    37 10208    40    60 -9999 -9999     8
2021 02 25 21    43    31 10215    20    30 -9999 -9999    20
2021 02 26 00    43    28 10227    20    40 -9999 -9999    40
2021 02 26 03    47    26 10241    17    46 -9999 -9999    23
2021 02 26 06    60    38 10220    60    40 -9999 -9999     1
2021 02 26 09    67    37 10224    44    28 -9999 -9999     1
2021 02 26 12    64    27 10233    40    40 -9999 -9999     0
2021 02 26 15    57    32 10237    52    32 -9999 -9999 -9999
2021 02 26 18    53    25 10235    50    20 -9999 -9999     0
2021 02 26 21    52    29 10229    70    40 -9999 -9999 -9999
2021 02 27 00    54    45 10238    70    40 -9999 -9999     5
2021 02 27 03    99    63 10240    80    40 -9999 -9999     7
2021 02 27 06   137    77 10214    90    40 -9999 -9999     2
2021 02 27 09   122    73 10206    70    60 -9999 -9999     0
2021 02 27 12   105    76 10220    76    48 -9999 -9999 -9999
2021 02 27 15   100    80 10225    87    40 -9999 -9999 -9999
2021 02 27 18    92    78 10219    80    20 -9999 -9999     0
2021 02 27 21    71    67 10199    90    30 -9999 -9999     0
2021 02 28 00    85    82 10200    80    40 -9999 -9999     0
2021 02 28 03   117   100 10201    93    43 -9999 -9999 -9999
2021 02 28 06   122   103 10164    85    46 -9999 -9999 -9999
2021 02 28 09   116   108 10155    70    30 -9999 -9999     8
2021 02 28 12   110   109 10157    59    13 -9999 -9999    34
2021 02 28 15   107   106 10155   360     1 -9999 -9999    63
2021 02 28 18   107   106 10164   274    20 -9999 -9999    44
2021 02 28 21   102   101 10164   303    43 -9999 -9999    20
2021 03 01 00    96    90 10188   330    40 -9999 -9999    10
2021 03 01 03    80    76 10222   320    43 -9999 -9999     9
2021 03 01 06    58    51 10233   330    50 -9999 -9999    30
2021 03 01 09    53    44 10250   360    30 -9999 -9999    30
2021 03 01 12    45    32 10278   335    29 -9999 -9999    11
2021 03 01 15    38    25 10294   330    30 -9999 -9999     2
2021 03 01 18    17     5 10300   320    20 -9999 -9999     0
2021 03 01 21     0    -6 10299   360     1 -9999 -9999 -9999
2021 03 02 00    11     2 10316   120    20 -9999 -9999     0
2021 03 02 03    31    13 10320   180    20 -9999 -9999     0
2021 03 02 06    83    19 10298   190    20 -9999 -9999     0
2021 03 02 09    95    41 10285   227    22 -9999 -9999 -9999
2021 03 02 12    55    35 10287    38     9 -9999 -9999 -9999
2021 03 02 15    47    27 10292    77    24 -9999 -9999 -9999
2021 03 02 18    40    15 10276    70    30 -9999 -9999     0
2021 03 02 21    32     8 10259    70    20 -9999 -9999     0
2021 03 03 00    61    22 10250    80    30 -9999 -9999     0
2021 03 03 03   115     0 10247   130    40 -9999 -9999     0
2021 03 03 06   126    13 10210   170    30 -9999 -9999     0
2021 03 03 09   108    26 10207   160    40 -9999 -9999     0
2021 03 03 12    90    36 10215   160    30 -9999 -9999     0
2021 03 03 15    76    36 10215   150    20 -9999 -9999     0
2021 03 03 18    52    32 10207    85     8 -9999 -9999 -9999
2021 03 03 21    33    23 10198    40    10 -9999 -9999     0
2021 03 04 00    55    50 10210   123     5 -9999 -9999 -9999
2021 03 04 03   130    72 10209   275    20 -9999 -9999 -9999
2021 03 04 06   162    78 10189   207    31 -9999 -9999 -9999
2021 03 04 09   170    61 10186   228    22 -9999 -9999 -9999
2021 03 04 12   104    58 10189   120    20 -9999 -9999     0
2021 03 04 15    86    57 10204     0 -9999 -9999 -9999     0
2021 03 04 18    66    46 10197    70    10 -9999 -9999     0
2021 03 04 21    66    52 10186    80    21 -9999 -9999 -9999
2021 03 05 00    87    68 10186    93    17 -9999 -9999 -9999
2021 03 05 03   153    61 10185   100    60 -9999 -9999     0
2021 03 05 06   167    65 10161    99    53 -9999 -9999 -9999
2021 03 05 09   150    66 10170    93    39 -9999 -9999 -9999
2021 03 05 12   127    65 10188    60    30 -9999 -9999     0
2021 03 05 15   109    80 10208    70    40 -9999 -9999     0
2021 03 05 18   105    79 10218    64    45 -9999 -9999 -9999
2021 03 05 21    91    67 10237    62    94 -9999 -9999 -9999
2021 03 06 00    85    61 10269    50    70 -9999 -9999    -1
2021 03 06 03    70    48 10295    50    60 -9999 -9999     0
2021 03 06 06    63    46 10284    50    50 -9999 -9999    -1
2021 03 06 09    58    26 10295    40    40 -9999 -9999     0
2021 03 06 12    54    13 10310    60    30 -9999 -9999     0
2021 03 06 15    54    10 10314    40    20 -9999 -9999     0
2021 03 06 18    49   -20 10302    50    20 -9999 -9999     0
2021 03 06 21    42   -12 10300    50    20 -9999 -9999     0
2021 03 07 00    36   -12 10315    56    31 -9999 -9999 -9999
2021 03 07 03    76     6 10310    66    36 -9999 -9999 -9999
2021 03 07 06   101    -1 10284   103    20 -9999 -9999 -9999
2021 03 07 09   102    18 10273    80    30 -9999 -9999     0
2021 03 07 12    66    19 10288    67    24 -9999 -9999 -9999
2021 03 07 15    40    -6 10291    80    10 -9999 -9999     0
2021 03 07 18    31    -4 10282    70    10 -9999 -9999     0
2021 03 07 21    27     6 10268    80    30 -9999 -9999     0
2021 03 08 00    47    32 10278    90    10 -9999 -9999     0
2021 03 08 03    91    58 10272    94    40 -9999 -9999 -9999
2021 03 08 06   105    70 10248    89    30 -9999 -9999 -9999
2021 03 08 09    97    85 10238    75    20 -9999 -9999     3
2021 03 08 12    86    83 10246    70    40 -9999 -9999    60
2021 03 08 15    85    82 10247    80    40 -9999 -9999    80
2021 03 08 18    82    81 10245    80    40 -9999 -9999    40
2021 03 08 21    80    79 10242    54    25 -9999 -9999    39
2021 03 09 00    81    80 10262    61    29 -9999 -9999    38
2021 03 09 03   102    94 10270    80    30 -9999 -9999    10
2021 03 09 06   111    85 10258   110    20 -9999 -9999    -1
2021 03 09 09   107    82 10263   249    12 -9999 -9999 -9999
2021 03 09 12   100    84 10278    28     9 -9999 -9999 -9999
2021 03 09 15    90    80 10281   135     9 -9999 -9999 -9999
2021 03 09 18    76    72 10277    19     7 -9999 -9999 -9999
2021 03 09 21    77    73 10273    60    10 -9999 -9999     0
2021 03 10 00    67    67 10288    76    18 -9999 -9999 -9999
2021 03 10 03   131    76 10282   100    50 -9999 -9999     0
2021 03 10 06   146    72 10243    99    60 -9999 -9999 -9999
2021 03 10 09   142    68 10233   100    40 -9999 -9999     0
2021 03 10 12   125    76 10239   100    20 -9999 -9999     0
2021 03 10 15   111    70 10236    68    21 -9999 -9999 -9999
2021 03 10 18   100    69 10224    70    30 -9999 -9999 -9999
2021 03 10 21    92    78 10211    68    36 -9999 -9999    11
2021 03 11 00    91    80 10223    59    20 -9999 -9999    17
2021 03 11 03   100    87 10224    56    17 -9999 -9999    15
2021 03 11 06   105    80 10209   336    29 -9999 -9999    20
2021 03 11 09    98    76 10216   360    20 -9999 -9999    10
2021 03 11 12    90    70 10234   325    15 -9999 -9999 -9999
2021 03 11 15    87    70 10248   315    20 -9999 -9999 -9999
2021 03 11 18    77    62 10244   322    12 -9999 -9999 -9999
2021 03 11 21    46    42 10249     0 -9999 -9999 -9999     0
2021 03 12 00    42    41 10271   162     7 -9999 -9999 -9999
2021 03 12 03   121    66 10272   120    20 -9999 -9999     0
2021 03 12 06   135    64 10250    80    30 -9999 -9999     0
2021 03 12 09   122    71 10242   150    20 -9999 -9999     0
2021 03 12 12   112    72 10248    64    22 -9999 -9999 -9999
2021 03 12 15   104    75 10253    60    20 -9999 -9999     0
2021 03 12 18    74    62 10247   130    10 -9999 -9999     0
2021 03 12 21    53    47 10237    70    10 -9999 -9999     0
2021 03 13 00    70    69 10251    40    10 -9999 -9999     0
2021 03 13 03   120    80 10240    86    26 -9999 -9999 -9999
2021 03 13 06   142    75 10220    40    20 -9999 -9999     0
2021 03 13 09   134    76 10213    60    30 -9999 -9999     0
2021 03 13 12    96    70 10215    69    25 -9999 -9999 -9999
2021 03 13 15    79    65 10215    70    10 -9999 -9999     0
2021 03 13 18    62    56 10197    64    15 -9999 -9999 -9999
2021 03 13 21    49    42 10188    90    10 -9999 -9999     0
2021 03 14 00    78    67 10203    80    20 -9999 -9999     0
2021 03 14 03   162    78 10193   161    33 -9999 -9999 -9999
2021 03 14 06   199    86 10151   180    30 -9999 -9999     0
2021 03 14 09   190    86 10134   150    50 -9999 -9999     0
2021 03 14 12   134    98 10129    90    20 -9999 -9999     0
2021 03 14 15   123    97 10120    90    20 -9999 -9999     0
2021 03 14 18   147    97 10107   140    40 -9999 -9999     0
2021 03 14 21   147   109 10088   130    20 -9999 -9999     0
2021 03 15 00   136   123 10108   310    10 -9999 -9999    20
2021 03 15 03   135   130 10112   140    20 -9999 -9999   160
2021 03 15 06   169   154 10098   190    20 -9999 -9999   160
2021 03 15 09   187   158 10109    60    20 -9999 -9999    30
2021 03 15 12   160   146 10134    44    12 -9999 -9999 -9999
2021 03 15 15   155   135 10153    46    29 -9999 -9999 -9999
2021 03 15 18   126   110 10162    52    34 -9999 -9999 -9999
2021 03 15 21   123   107 10174    70    40 -9999 -9999     0
2021 03 16 00   115    52 10196    70    50 -9999 -9999     0
2021 03 16 03   137    61 10204    45    51 -9999 -9999 -9999
2021 03 16 06   163    37 10184    70    70 -9999 -9999     0
2021 03 16 09   142    67 10180    53    50 -9999 -9999 -9999
2021 03 16 12   113    41 10195    60    50 -9999 -9999     0
2021 03 16 15    97    22 10197    65    48 -9999 -9999 -9999
2021 03 16 18    80    30 10191    62    33 -9999 -9999 -9999
2021 03 16 21    71    12 10188    62    55 -9999 -9999 -9999
2021 03 17 00    72    34 10191    80    70 -9999 -9999 -9999
2021 03 17 03   101    32 10197    81    55 -9999 -9999 -9999
2021 03 17 06   121    23 10186    80    40 -9999 -9999     0
2021 03 17 09   124    26 10178    70    50 -9999 -9999     0
2021 03 17 12    99    45 10192    70    20 -9999 -9999     0
2021 03 17 15   101    61 10193   140    10 -9999 -9999     0
2021 03 17 18   102    62 10181    60    40 -9999 -9999     0
2021 03 17 21    95    64 10171    67    63 -9999 -9999 -9999
2021 03 18 00    93    62 10187    60    50 -9999 -9999 -9999
2021 03 18 03   107    62 10185    43    32 -9999 -9999 -9999
2021 03 18 06   116    65 10173    41    39 -9999 -9999 -9999
2021 03 18 09   112    44 10172    48    47 -9999 -9999 -9999
2021 03 18 12   111    52 10177    49    36 -9999 -9999 -9999
2021 03 18 15    91    58 10196    10    20 -9999 -9999    10
2021 03 18 18    62    35 10192    35    28 -9999 -9999    71
2021 03 18 21    55    40 10184    22    25 -9999 -9999    91
2021 03 19 00    57    47 10195    20    19 -9999 -9999    64
2021 03 19 03    73    64 10187    30    20 -9999 -9999    40
2021 03 19 06    86    77 10161    50    30 -9999 -9999     4
2021 03 19 09    84    77 10146    40    30 -9999 -9999 -9999
2021 03 19 12    92    70 10162     5    23 -9999 -9999 -9999
2021 03 19 15    78    72 10171    10    20 -9999 -9999    70
2021 03 19 18    72    61 10171   355    28 -9999 -9999   105
2021 03 19 21    65    58 10180    80    10 -9999 -9999    30
2021 03 20 00    78    59 10190   320    30 -9999 -9999     2
2021 03 20 03   102    55 10194   298    25 -9999 -9999 -9999
2021 03 20 06   109    59 10184   300    40 -9999 -9999     0
2021 03 20 09   105    59 10192   300    30 -9999 -9999     0
2021 03 20 12   100    60 10211   296    11 -9999 -9999 -9999
2021 03 20 15   101    53 10238   329    24 -9999 -9999 -9999
2021 03 20 18    90    62 10229   261    11 -9999 -9999 -9999
2021 03 20 21    92    51 10242   317    22 -9999 -9999 -9999
2021 03 21 00   101    27 10268   350    30 -9999 -9999     0
2021 03 21 03   130   -21 10277   360    40 -9999 -9999     0
2021 03 21 06   142   -36 10270   314    45 -9999 -9999 -9999
2021 03 21 09   122   -43 10266   302    43 -9999 -9999 -9999
2021 03 21 12    94   -39 10287   320    20 -9999 -9999     0
2021 03 21 15    65   -29 10297     9     9 -9999 -9999 -9999
2021 03 21 18    27    10 10295   211    10 -9999 -9999 -9999
2021 03 21 21    19    10 10292   240    10 -9999 -9999     0
2021 03 22 00    60    23 10299   191    11 -9999 -9999 -9999
2021 03 22 03   137     7 10295   230    50 -9999 -9999     0
2021 03 22 06   164   -17 10271   260    50 -9999 -9999     0
2021 03 22 09   157   -37 10253   270    40 -9999 -9999     0
2021 03 22 12   100     5 10253   221    10 -9999 -9999 -9999
2021 03 22 15    67     6 10252   200    10 -9999 -9999     0
2021 03 22 18    50     4 10233   122     9 -9999 -9999 -9999
2021 03 22 21    55     3 10217   180    30 -9999 -9999     0
2021 03 23 00   102    26 10218   150    10 -9999 -9999     0
2021 03 23 03   166    15 10212   180    36 -9999 -9999 -9999
2021 03 23 06   183    30 10172   190    50 -9999 -9999     0
2021 03 23 09   167    28 10157   226    29 -9999 -9999 -9999
2021 03 23 12   132    42 10158   147    12 -9999 -9999 -9999
2021 03 23 15   113    38 10161     0 -9999 -9999 -9999     0
2021 03 23 18   101    47 10154   170    20 -9999 -9999     0
2021 03 23 21    82    44 10154   150    10 -9999 -9999     0
2021 03 24 00   124    53 10170   160    20 -9999 -9999     0
2021 03 24 03   187    46 10181   286    29 -9999 -9999 -9999
2021 03 24 06   202    51 10161   232    37 -9999 -9999 -9999
2021 03 24 09   212    51 10164   250    20 -9999 -9999     0
2021 03 24 12   146    83 10181   140    10 -9999 -9999     0
2021 03 24 15   134    65 10194    70    10 -9999 -9999     0
2021 03 24 18   104    66 10191    50    10 -9999 -9999     0
2021 03 24 21    93    64 10198    60    10 -9999 -9999     0
2021 03 25 00   131    95 10220    70    20 -9999 -9999     0
2021 03 25 03   212    68 10223   133    26 -9999 -9999 -9999
2021 03 25 06   227    53 10191   149    39 -9999 -9999 -9999
2021 03 25 09   221    71 10174   140    30 -9999 -9999     0
2021 03 25 12   154    84 10176    80    20 -9999 -9999     0
2021 03 25 15   135    74 10174    74    26 -9999 -9999 -9999
2021 03 25 18   141    65 10154   115    27 -9999 -9999 -9999
2021 03 25 21   116    63 10144    70    40 -9999 -9999     0
2021 03 26 00   152    77 10148    80    35 -9999 -9999 -9999
2021 03 26 03   222    97 10138   200    30 -9999 -9999     0
2021 03 26 06   240   110 10104   240    40 -9999 -9999     0
2021 03 26 09   196   129 10092   320    49 -9999 -9999 -9999
2021 03 26 12   140   120 10115    34    15 -9999 -9999    32
2021 03 26 15   132   123 10114    40    20 -9999 -9999   100
2021 03 26 18   132   124 10099   332    25 -9999 -9999    64
2021 03 26 21   127   122 10087   312    15 -9999 -9999     8
2021 03 27 00   131   125 10097   270    30 -9999 -9999    10
2021 03 27 03   140   126 10104   280    30 -9999 -9999     3
2021 03 27 06   169   120 10088   270    40 -9999 -9999    -1
2021 03 27 09   165   127 10083   270    30 -9999 -9999     0
2021 03 27 12   137   121 10092   200    10 -9999 -9999     0
2021 03 27 15   124   118 10091   210    10 -9999 -9999     0
2021 03 27 18   111   108 10083   206    13 -9999 -9999 -9999
2021 03 27 21   118   110 10069   200    40 -9999 -9999     0
2021 03 28 00   147   129 10080   198    40 -9999 -9999 -9999
2021 03 28 03   209   134 10082   210    50 -9999 -9999     0
2021 03 28 06   247   107 10060   227    56 -9999 -9999 -9999
2021 03 28 09   247   114 10051   237    35 -9999 -9999 -9999
2021 03 28 12   180   133 10061   140    10 -9999 -9999     0
2021 03 28 15   155   117 10074    50    10 -9999 -9999     0
2021 03 28 18   137   119 10071    30    10 -9999 -9999     0
2021 03 28 21   115   104 10064   110    14 -9999 -9999 -9999
2021 03 29 00   147   115 10083    80    50 -9999 -9999     0
2021 03 29 03   210   124 10070    91    59 -9999 -9999 -9999
2021 03 29 06   229   113 10050    60    70 -9999 -9999     0
2021 03 29 09   197    93 10043    50    60 -9999 -9999     0
2021 03 29 12   178    87 10061    50    50 -9999 -9999     0
2021 03 29 15   152    40 10072    61    49 -9999 -9999 -9999
2021 03 29 18   127    39 10080    50    40 -9999 -9999     0
2021 03 29 21   106    49 10082    60    30 -9999 -9999     0
2021 03 30 00   132    79 10103    78    66 -9999 -9999 -9999
2021 03 30 03   190    62 10111    75    61 -9999 -9999 -9999
2021 03 30 06   203    63 10094    80    70 -9999 -9999     0
2021 03 30 09   190    64 10080    75    59 -9999 -9999 -9999
2021 03 30 12   165    52 10089    70    60 -9999 -9999     0
2021 03 30 15   147    58 10089    70    60 -9999 -9999 -9999
2021 03 30 18   135    41 10060    80    60 -9999 -9999     0
2021 03 30 21   125    63 10066    70    40 -9999 -9999     0
2021 03 31 00   114    86 10086    50    40 -9999 -9999     8
2021 03 31 03   122    85 10085    70   100 -9999 -9999    10
2021 03 31 06   135    90 10072    70    90 -9999 -9999     2
2021 03 31 09   127    75 10076 -9999 -9999 -9999 -9999 -9999
2021 03 31 12   119    80 10083    60    60 -9999 -9999 -9999
2021 03 31 15   120    87 10101    53    35 -9999 -9999 -9999
2021 03 31 18   111   103 10096    50    50 -9999 -9999 -9999
2021 03 31 21   110   104 10095    50    43 -9999 -9999     1
2021 04 01 00   115   109 10112    50    40 -9999 -9999     3
2021 04 01 03   124   113 10121    70    70 -9999 -9999     2
2021 04 01 06   130   116 10109    70    60 -9999 -9999     0
2021 04 01 09   123   109 10107    60    40 -9999 -9999 -9999
2021 04 01 12   118   107 10121    50    30 -9999 -9999 -9999
2021 04 01 15   114   109 10135    50    30 -9999 -9999 -9999
2021 04 01 18   111   105 10128    30    20 -9999 -9999    20
2021 04 01 21   109   101 10129    10    20 -9999 -9999    20
2021 04 02 00   111   105 10141    10    30 -9999 -9999     1
2021 04 02 03   122   108 10148    20    20 -9999 -9999     1
2021 04 02 06   129   111 10137   330    20 -9999 -9999 -9999
2021 04 02 09   126   115 10134   320    20 -9999 -9999 -9999
2021 04 02 12   121   112 10144   350    20 -9999 -9999 -9999
2021 04 02 15   120   111 10160   310    20 -9999 -9999 -9999
2021 04 02 18   116   110 10155   330    30 -9999 -9999 -9999
2021 04 02 21   112   107 10158   322    20 -9999 -9999    17
2021 04 03 00   111   105 10172   330    30 -9999 -9999    20
2021 04 03 03   113   105 10184   300    30 -9999 -9999     1
2021 04 03 06   123   112 10183   330    30 -9999 -9999 -9999
2021 04 03 09   112    90 10197    30    30 -9999 -9999     4
2021 04 03 12   105    77 10216    30    30 -9999 -9999     4
2021 04 03 15    99    64 10236    20    30 -9999 -9999     0
2021 04 03 18    82     4 10241    10    28 -9999 -9999 -9999
2021 04 03 21    81   -17 10247    20    30 -9999 -9999     0
2021 04 04 00    94   -13 10268   350    40 -9999 -9999     0
2021 04 04 03   140   -20 10267    30    60 -9999 -9999     0
2021 04 04 06   161    -6 10245    40    50 -9999 -9999     0
2021 04 04 09   157     0 10244    46    36 -9999 -9999 -9999
2021 04 04 12   102    18 10255    70    10 -9999 -9999     0
2021 04 04 15    70    33 10260    50    10 -9999 -9999     0
2021 04 04 18    49    34 10251    70    10 -9999 -9999     0
2021 04 04 21    37    30 10247   101     8 -9999 -9999 -9999
2021 04 05 00   103    49 10255    90    20 -9999 -9999     0
2021 04 05 03   166   -20 10245    90    43 -9999 -9999 -9999
2021 04 05 06   157    -1 10215    90    40 -9999 -9999     0
2021 04 05 09   142    18 10213    40    30 -9999 -9999     0
2021 04 05 12   127    36 10215    38    11 -9999 -9999 -9999
2021 04 05 15   110    45 10213    67    21 -9999 -9999 -9999
2021 04 05 18    72    43 10209    78     4 -9999 -9999 -9999
2021 04 05 21    52    42 10210     0 -9999 -9999 -9999     0
2021 04 06 00   116    65 10232    20    10 -9999 -9999     0
2021 04 06 03   186    16 10231    70    20 -9999 -9999     0
2021 04 06 06   202    17 10212    88    25 -9999 -9999 -9999
2021 04 06 09   194    40 10205    60    20 -9999 -9999     0
2021 04 06 12   151    67 10221    60    20 -9999 -9999     0
2021 04 06 15   125    57 10228    60    20 -9999 -9999     0
2021 04 06 18   115    60 10215    69    15 -9999 -9999 -9999
2021 04 06 21   118    67 10207    60    20 -9999 -9999     0
2021 04 07 00   135    81 10214    62    29 -9999 -9999 -9999
2021 04 07 03   170    87 10213    80    30 -9999 -9999     0
2021 04 07 06   175    80 10200    84    23 -9999 -9999 -9999
2021 04 07 09   152   114 10194   258    20 -9999 -9999 -9999
2021 04 07 12   127    82 10212   140    10 -9999 -9999 -9999
2021 04 07 15   118    90 10214   190    10 -9999 -9999     3
2021 04 07 18   102    80 10215     9     7 -9999 -9999     3
2021 04 07 21   100    75 10220    71    11 -9999 -9999 -9999
2021 04 08 00   123    74 10239   100    20 -9999 -9999     0
2021 04 08 03   172    53 10239    92    28 -9999 -9999 -9999
2021 04 08 06   196    49 10220   120    40 -9999 -9999     0
2021 04 08 09   190    43 10211    56    32 -9999 -9999 -9999
2021 04 08 12   131    53 10223   120    10 -9999 -9999     0
2021 04 08 15   102    49 10230    64    11 -9999 -9999 -9999
2021 04 08 18    96    58 10227    40    20 -9999 -9999     0
2021 04 08 21    77    58 10236    80    10 -9999 -9999     0
2021 04 09 00   131    48 10251   100    20 -9999 -9999     0
2021 04 09 03   202   -10 10254    97    39 -9999 -9999 -9999
2021 04 09 06   215   -11 10233   105    52 -9999 -9999 -9999
2021 04 09 09   202    21 10219   103    38 -9999 -9999 -9999
2021 04 09 12   151    42 10240    50    30 -9999 -9999     0
2021 04 09 15   110    51 10250    90    20 -9999 -9999     0
2021 04 09 18   100    55 10243    79    26 -9999 -9999 -9999
2021 04 09 21    87    25 10243    70    30 -9999 -9999     0
2021 04 10 00   129    22 10265   100    30 -9999 -9999     0
2021 04 10 03   190   -15 10259    96    70 -9999 -9999 -9999
2021 04 10 06   211   -21 10234   100    70 -9999 -9999     0
2021 04 10 09   196    45 10224    98    49 -9999 -9999 -9999
2021 04 10 12   153    81 10227    80    30 -9999 -9999     0
2021 04 10 15   141    81 10235    77    33 -9999 -9999 -9999
2021 04 10 18   130    83 10230    60    30 -9999 -9999     0
2021 04 10 21   125    93 10222    80    30 -9999 -9999     0
2021 04 11 00   138   110 10230    80    40 -9999 -9999     0
2021 04 11 03   162   121 10224    80    22 -9999 -9999 -9999
2021 04 11 06   179   108 10206   190    20 -9999 -9999     0
2021 04 11 09   174   119 10189   190    20 -9999 -9999 -9999
2021 04 11 12   155   124 10187   116     5 -9999 -9999 -9999
2021 04 11 15   145   131 10185   230    10 -9999 -9999 -9999
2021 04 11 18   143   129 10171   300    10 -9999 -9999     1
2021 04 11 21   137   126 10158   280    20 -9999 -9999     1
2021 04 12 00   144   131 10168   260    30 -9999 -9999     0
2021 04 12 03   164   135 10166   260    20 -9999 -9999     0
2021 04 12 06   194   124 10145   270    30 -9999 -9999     0
2021 04 12 09   202   114 10136   250    30 -9999 -9999     0
2021 04 12 12   152   117 10159   360     2 -9999 -9999 -9999
2021 04 12 15   131   112 10173    70    10 -9999 -9999     0
2021 04 12 18   115   106 10175     0 -9999 -9999 -9999     0
2021 04 12 21   102    98 10175     0 -9999 -9999 -9999     0
2021 04 13 00   148   137 10193   240    10 -9999 -9999     0
2021 04 13 03   179   124 10206    50    60 -9999 -9999     0
2021 04 13 06   166   111 10198    61    63 -9999 -9999 -9999
2021 04 13 09   151   101 10186    58    57 -9999 -9999 -9999
2021 04 13 12   137    98 10204    53    34 -9999 -9999 -9999
2021 04 13 15   130    96 10212    70    30 -9999 -9999     0
2021 04 13 18   124    96 10212    40    20 -9999 -9999     0
2021 04 13 21   113    94 10213    40    20 -9999 -9999 -9999
2021 04 14 00   118    95 10226    80    30 -9999 -9999     0
2021 04 14 03   131    62 10231    80    30 -9999 -9999     0
2021 04 14 06   160    56 10203   100    40 -9999 -9999     0
2021 04 14 09   175    64 10176    90    40 -9999 -9999     0
2021 04 14 12   128    55 10186   120    20 -9999 -9999     0
2021 04 14 15   100    56 10183   100    20 -9999 -9999     0
2021 04 14 18   102    60 10165    60    30 -9999 -9999     0
2021 04 14 21    98    67 10149    90    10 -9999 -9999     0
2021 04 15 00   121    76 10156   110    20 -9999 -9999 -9999
2021 04 15 03   157    88 10148   208    34 -9999 -9999 -9999
2021 04 15 06   187   118 10130   212    32 -9999 -9999 -9999
2021 04 15 09   207   127 10119   200    40 -9999 -9999     0
2021 04 15 12   165   129 10130   184     8 -9999 -9999 -9999
2021 04 15 15   155   129 10138   205    28 -9999 -9999 -9999
2021 04 15 18   156   131 10133   213    28 -9999 -9999 -9999
2021 04 15 21   156   136 10141   284    25 -9999 -9999 -9999
2021 04 16 00   179    98 10162    40    40 -9999 -9999     0
2021 04 16 03   206    33 10178    44    41 -9999 -9999 -9999
2021 04 16 06   221    33 10164    70    10 -9999 -9999     0
2021 04 16 09   225    49 10149   230    14 -9999 -9999 -9999
2021 04 16 12   166    98 10163   240    10 -9999 -9999     0
2021 04 16 15   128    87 10169   190    10 -9999 -9999     0
2021 04 16 18   142    98 10178   300    20 -9999 -9999     0
2021 04 16 21   135    63 10202    41    48 -9999 -9999 -9999
2021 04 17 00   137    43 10237    80    40 -9999 -9999     0
2021 04 17 03   195   -48 10244   326    45 -9999 -9999 -9999
2021 04 17 06   205   -26 10230   295    54 -9999 -9999 -9999
2021 04 17 09   193   -18 10215   280    50 -9999 -9999     0
2021 04 17 12   156   -10 10229   340    20 -9999 -9999     0
2021 04 17 15    92    30 10235    60    10 -9999 -9999     0
2021 04 17 18    57    35 10225   144     5 -9999 -9999 -9999
2021 04 17 21    40    28 10223   150    10 -9999 -9999     0
2021 04 18 00   133    31 10227    70    20 -9999 -9999     0
2021 04 18 03   189   -21 10221   110    20 -9999 -9999     0
2021 04 18 06   188    22 10201   280    20 -9999 -9999     0
2021 04 18 09   194    36 10182   270    20 -9999 -9999     0
2021 04 18 12   131    65 10185   354     6 -9999 -9999 -9999
2021 04 18 15    93    66 10184    90    10 -9999 -9999     0
2021 04 18 18    75    56 10174   100    10 -9999 -9999     0
2021 04 18 21    67    52 10163    60    10 -9999 -9999     0
2021 04 19 00   153    66 10173   100    10 -9999 -9999     0
2021 04 19 03   219    45 10169   110    20 -9999 -9999     0
2021 04 19 06   247    45 10145    91    36 -9999 -9999 -9999
2021 04 19 09   248    40 10129    90    30 -9999 -9999     0
2021 04 19 12   185    64 10138    82    17 -9999 -9999 -9999
2021 04 19 15   167    79 10146    70    30 -9999 -9999     0
2021 04 19 18   164    81 10135    60    30 -9999 -9999 -9999
2021 04 19 21   166    95 10130    80    40 -9999 -9999 -9999
2021 04 20 00   169   107 10145    80    30 -9999 -9999 -9999
2021 04 20 03   176   121 10149    60    30 -9999 -9999     0
2021 04 20 06   199   129 10134    70    40 -9999 -9999     1
2021 04 20 09   178   125 10128    50    40 -9999 -9999     1
2021 04 20 12   166   124 10138    50    40 -9999 -9999     1
2021 04 20 15   164   128 10136    80    30 -9999 -9999     1
2021 04 20 18   169   120 10129    60    30 -9999 -9999 -9999
2021 04 20 21   147   127 10131    54    36 -9999 -9999    20
