2021 01 01 00   -35   -69 10327    71    10 -9999 -9999 -9999
2021 01 01 03    25   -66 10317   114    13 -9999 -9999 -9999
2021 01 01 06    52  -101 10288   159    36 -9999 -9999 -9999
2021 01 01 09    45  -104 10283   187    22 -9999 -9999 -9999
2021 01 01 12    16   -90 10300   346     4 -9999 -9999 -9999
2021 01 01 15     0   -76 10307    43    17 -9999 -9999 -9999
2021 01 01 21   -27   -60 10297    24    16 -9999 -9999 -9999
2021 01 02 00   -32   -55 10309    48    25 -9999 -9999 -9999
2021 01 02 03    61   -46 10305   161    15 -9999 -9999 -9999
2021 01 02 06    96   -71 10268   164    16 -9999 -9999 -9999
2021 01 02 09    71   -59 10270    20    31 -9999 -9999 -9999
2021 01 02 12    41   -27 10281    42    44 -9999 -9999 -9999
2021 01 02 15    17   -33 10295   266    20 -9999 -9999 -9999
2021 01 02 18     6   -39 10282   210     9 -9999 -9999 -9999
2021 01 02 21     2   -34 10281   204    17 -9999 -9999 -9999
2021 01 03 00     6   -31 10299    22    20 -9999 -9999 -9999
2021 01 03 03    25   -32 10303    68    33 -9999 -9999 -9999
2021 01 03 06    45   -27 10279   120     9 -9999 -9999 -9999
2021 01 03 09    40   -19 10289    52    15 -9999 -9999 -9999
2021 01 03 12    26   -17 10303   228     5 -9999 -9999 -9999
2021 01 03 15    -2   -17 10308   268    13 -9999 -9999 -9999
2021 01 03 18    -5   -21 10294   260    24 -9999 -9999 -9999
2021 01 03 21    -9   -20 10285   182    12 -9999 -9999 -9999
2021 01 04 00   -12   -22 10291   108     6 -9999 -9999 -9999
2021 01 04 03    76     1 10294    97    12 -9999 -9999 -9999
2021 01 04 06   106   -62 10259    50    34 -9999 -9999 -9999
2021 01 04 09    90   -24 10262    53    13 -9999 -9999 -9999
2021 01 04 12    75     9 10286    34    47 -9999 -9999 -9999
2021 01 04 15    66    19 10287    17    40 -9999 -9999 -9999
2021 01 04 18    62    34 10283    21    49 -9999 -9999 -9999
2021 01 04 21    55    38 10289    20    49 -9999 -9999 -9999
2021 01 05 00    56    42 10308    19    59 -9999 -9999 -9999
2021 01 05 03    55    38 10315    53    29 -9999 -9999 -9999
2021 01 05 06    62    32 10293    33    45 -9999 -9999 -9999
2021 01 05 09    45    27 10309    25    79 -9999 -9999 -9999
2021 01 05 12    35    16 10324    53    41 -9999 -9999 -9999
2021 01 05 15    26    10 10328    19    59 -9999 -9999 -9999
2021 01 05 18    20    -1 10316    31    41 -9999 -9999 -9999
2021 01 05 21    17    -6 10300    18    42 -9999 -9999 -9999
2021 01 06 00    20    -4 10307    52    41 -9999 -9999 -9999
2021 01 06 03    30    -3 10299    35    39 -9999 -9999 -9999
2021 01 06 06    37     0 10281    22    38 -9999 -9999 -9999
2021 01 06 09    30   -15 10295    40    51 -9999 -9999 -9999
2021 01 06 12    26   -35 10318    46    35 -9999 -9999 -9999
2021 01 06 15    20   -45 10333    16    31 -9999 -9999 -9999
2021 01 06 18    15   -42 10345   360    40 -9999 -9999 -9999
2021 01 06 21     0   -84 10349    23    74 -9999 -9999 -9999
2021 01 07 00   -22  -135 10382   358    78 -9999 -9999 -9999
2021 01 07 03   -25  -116 10391    13    49 -9999 -9999 -9999
2021 01 07 06   -22  -178 10362    39    68 -9999 -9999 -9999
2021 01 07 09   -39  -178 10362    49    55 -9999 -9999 -9999
2021 01 07 12   -52  -176 10381    53    38 -9999 -9999 -9999
2021 01 07 15   -60  -171 10391    21    35 -9999 -9999 -9999
2021 01 07 18   -62  -176 10387    40    31 -9999 -9999 -9999
2021 01 07 21   -67  -184 10375   325     8 -9999 -9999 -9999
2021 01 08 00   -82  -148 10385   293    16 -9999 -9999 -9999
2021 01 08 03   -15  -176 10381   126    16 -9999 -9999 -9999
2021 01 08 06     6  -172 10338   160    40 -9999 -9999     0
2021 01 08 09     1  -171 10329   180    30 -9999 -9999     0
2021 01 08 12   -19  -160 10341    40    10 -9999 -9999     0
2021 01 08 15   -48  -127 10340    10    10 -9999 -9999     0
2021 01 08 18   -62  -113 10342   300    10 -9999 -9999     0
2021 01 08 21   -55   -94 10334    96    11 -9999 -9999 -9999
2021 01 09 00   -49   -90 10342   249     5 -9999 -9999 -9999
2021 01 09 03    15  -103 10338   181    14 -9999 -9999 -9999
2021 01 09 06    37  -130 10317   143    35 -9999 -9999 -9999
2021 01 09 09    31  -146 10298   149    21 -9999 -9999 -9999
2021 01 09 12    10  -121 10316    75    11 -9999 -9999 -9999
2021 01 09 15   -10  -106 10323   267    15 -9999 -9999 -9999
2021 01 09 18   -15   -94 10322    55     9 -9999 -9999 -9999
2021 01 09 21   -32   -94 10314   271     8 -9999 -9999 -9999
2021 01 10 00   -39   -93 10316   166     7 -9999 -9999 -9999
2021 01 10 03    46  -148 10325    30    45 -9999 -9999 -9999
2021 01 10 06    57  -154 10299    58    30 -9999 -9999 -9999
2021 01 10 09    47  -137 10296    28    27 -9999 -9999 -9999
2021 01 10 12    32  -111 10320    45    36 -9999 -9999 -9999
2021 01 10 15    20   -99 10339    35    33 -9999 -9999 -9999
2021 01 10 18     1  -107 10336   326    17 -9999 -9999 -9999
2021 01 10 21     2  -117 10332    39    18 -9999 -9999 -9999
2021 01 11 00   -15   -82 10334    90    13 -9999 -9999 -9999
2021 01 11 03    50  -100 10334   166    20 -9999 -9999 -9999
2021 01 11 06    81  -135 10305   208    22 -9999 -9999 -9999
2021 01 11 09    56  -110 10302   115    26 -9999 -9999 -9999
2021 01 11 12    25  -105 10313    49    17 -9999 -9999 -9999
2021 01 11 15    -9   -83 10314    60    13 -9999 -9999 -9999
2021 01 11 18    -5   -83 10294    89    19 -9999 -9999 -9999
2021 01 11 21   -10   -68 10273   100    26 -9999 -9999 -9999
2021 01 12 00    -4   -70 10271    75    21 -9999 -9999 -9999
2021 01 12 03    61   -86 10263   163    42 -9999 -9999 -9999
2021 01 12 06    96   -80 10223   205    58 -9999 -9999 -9999
2021 01 12 09    97   -84 10211   210    66 -9999 -9999 -9999
2021 01 12 12    77   -75 10209   187    54 -9999 -9999 -9999
2021 01 12 15    66   -78 10209   195    32 -9999 -9999 -9999
2021 01 12 18    70   -83 10201   174    35 -9999 -9999 -9999
2021 01 12 21    65   -87 10192   194    45 -9999 -9999 -9999
2021 01 13 00    65   -87 10197   181    51 -9999 -9999 -9999
2021 01 13 03    95   -68 10206   183    56 -9999 -9999 -9999
2021 01 13 06   140   -62 10177   189    63 -9999 -9999 -9999
2021 01 13 09   136   -60 10179   184    36 -9999 -9999 -9999
2021 01 13 12   100   -63 10191   137    10 -9999 -9999 -9999
2021 01 13 15    82   -53 10193   101    12 -9999 -9999 -9999
2021 01 13 18    80   -49 10196    23    15 -9999 -9999 -9999
2021 01 13 21    57   -31 10192    77    12 -9999 -9999 -9999
2021 01 14 00    51   -25 10191    54     7 -9999 -9999 -9999
2021 01 14 03   142   -40 10187   145    20 -9999 -9999 -9999
2021 01 14 06   172   -46 10154   143    35 -9999 -9999 -9999
2021 01 14 09   172   -52 10145   182    14 -9999 -9999 -9999
2021 01 14 12   130   -22 10152   218    19 -9999 -9999 -9999
2021 01 14 15   102   -37 10161    53    11 -9999 -9999 -9999
2021 01 14 18   101   -50 10160    73    25 -9999 -9999 -9999
2021 01 14 21    62   -36 10163    77    11 -9999 -9999 -9999
2021 01 15 00    65    -6 10174   359     5 -9999 -9999 -9999
2021 01 15 03   155    -8 10186   109    20 -9999 -9999 -9999
2021 01 15 06   176   -44 10170    56    38 -9999 -9999 -9999
2021 01 15 09   130    -7 10193    20    90 -9999 -9999 -9999
2021 01 15 12   105   -19 10220    14    97 -9999 -9999 -9999
2021 01 15 15    80   -26 10244    32    60 -9999 -9999 -9999
2021 01 15 18    57   -18 10249    18    64 -9999 -9999 -9999
2021 01 15 21    40   -18 10270    43    39 -9999 -9999 -9999
2021 01 16 00    25    -2 10288    24    47 -9999 -9999 -9999
2021 01 16 03    37    -1 10310    23    66 -9999 -9999 -9999
2021 01 16 06    50   -12 10289    14    75 -9999 -9999 -9999
2021 01 16 09    40   -31 10304    21    67 -9999 -9999 -9999
2021 01 16 12    30   -30 10337    29    36 -9999 -9999 -9999
2021 01 16 15    27   -36 10362    15    62 -9999 -9999 -9999
2021 01 16 18    20   -38 10365    34    31 -9999 -9999 -9999
2021 01 16 21     5   -31 10370    31    41 -9999 -9999 -9999
2021 01 17 00     5   -30 10379   245    11 -9999 -9999 -9999
2021 01 17 03    55   -46 10365   159    16 -9999 -9999 -9999
2021 01 17 06    82  -107 10324   149    11 -9999 -9999 -9999
2021 01 17 09    70   -70 10312   187    32 -9999 -9999 -9999
2021 01 17 12    40   -60 10305   121    14 -9999 -9999 -9999
2021 01 17 15    16   -49 10295    71    18 -9999 -9999 -9999
2021 01 17 18     5   -62 10285    79    21 -9999 -9999 -9999
2021 01 17 21    -5   -47 10278    51    20 -9999 -9999 -9999
2021 01 18 00    12   -37 10279    71    22 -9999 -9999 -9999
2021 01 18 03    77   -44 10283   130    35 -9999 -9999 -9999
2021 01 18 06   112   -57 10249   183    38 -9999 -9999 -9999
2021 01 18 09   107   -40 10245   187    30 -9999 -9999 -9999
2021 01 18 12    72   -34 10256    37    10 -9999 -9999 -9999
2021 01 18 15    36   -26 10254   250     4 -9999 -9999 -9999
2021 01 18 18    15   -24 10256   154     8 -9999 -9999 -9999
2021 01 18 21    -2   -27 10244   360     2 -9999 -9999 -9999
2021 01 19 00     5   -18 10255   360     0 -9999 -9999 -9999
2021 01 19 03   107     2 10253   165    10 -9999 -9999 -9999
2021 01 19 06   155   -62 10224   123    16 -9999 -9999 -9999
2021 01 19 09   132   -27 10222    73    26 -9999 -9999 -9999
2021 01 19 12    85   -24 10228   302    13 -9999 -9999 -9999
2021 01 19 15    52   -15 10221   171     9 -9999 -9999 -9999
2021 01 19 18    30   -21 10221   229    10 -9999 -9999 -9999
2021 01 19 21    16   -22 10217   272    13 -9999 -9999 -9999
2021 01 20 00    25    -8 10225    65    15 -9999 -9999 -9999
2021 01 20 03   115   -10 10225   181    12 -9999 -9999 -9999
2021 01 20 06   146    -3 10201   253    18 -9999 -9999 -9999
2021 01 20 09   137    11 10198    70    24 -9999 -9999 -9999
2021 01 20 12   116     4 10208   270     4 -9999 -9999 -9999
2021 01 20 15   107    15 10208    49    44 -9999 -9999 -9999
2021 01 20 18   102    22 10200   128    15 -9999 -9999 -9999
2021 01 20 21    83    52 10197    10    10 -9999 -9999     3
2021 01 21 00    78    69 10207   120    20 -9999 -9999    20
2021 01 21 03    95    73 10213   210    10 -9999 -9999    20
2021 01 21 06    91    62 10190    70    10 -9999 -9999 -9999
2021 01 21 09    89    60 10195    20    30 -9999 -9999     4
2021 01 21 12    91    69 10204    30    30 -9999 -9999     4
2021 01 21 15    83    68 10207    40    30 -9999 -9999     0
2021 01 21 18    90    59 10197    20    40 -9999 -9999     0
2021 01 21 21    80    63 10192   350    30 -9999 -9999 -9999
2021 01 22 00    71    67 10204    47    39 -9999 -9999    10
2021 01 22 03    77    74 10211    18    46 -9999 -9999    13
2021 01 22 06    77    74 10181    44    46 -9999 -9999     3
2021 01 22 09    75    75 10185    37    39 -9999 -9999 -9999
2021 01 22 12    75    75 10192    35    34 -9999 -9999     4
2021 01 22 15    75    75 10192     8    28 -9999 -9999    31
2021 01 22 18    75    74 10185    34    16 -9999 -9999    34
2021 01 22 21    72    71 10185   146    11 -9999 -9999    30
2021 01 23 00    66    65 10205    59    25 -9999 -9999    28
2021 01 23 03    65    60 10214    24    32 -9999 -9999     5
2021 01 23 06    72    61 10207    47    37 -9999 -9999 -9999
2021 01 23 09    70    58 10220    63    20 -9999 -9999 -9999
2021 01 23 12    70    55 10237    83    13 -9999 -9999 -9999
2021 01 23 15    70    48 10237   121    12 -9999 -9999 -9999
2021 01 23 18    60    53 10235    14    25 -9999 -9999 -9999
2021 01 23 21    57    54 10226    49    28 -9999 -9999 -9999
2021 01 24 00    65    51 10237   261    12 -9999 -9999 -9999
2021 01 24 03    80    49 10236    35    21 -9999 -9999 -9999
2021 01 24 06    97    51 10213   351    25 -9999 -9999 -9999
2021 01 24 09    87    57 10198    36    44 -9999 -9999 -9999
2021 01 24 12    77    60 10210     7    30 -9999 -9999 -9999
2021 01 24 15    72    58 10206   290    10 -9999 -9999     0
2021 01 24 18    68    56 10211    60    20 -9999 -9999     0
2021 01 24 21    66    62 10212    40    40 -9999 -9999 -9999
2021 01 25 00    70    68 10222    42    13 -9999 -9999    21
2021 01 25 03    72    72 10228    31    43 -9999 -9999    21
2021 01 25 06    75    69 10208    47    23 -9999 -9999     3
2021 01 25 09    72    72 10216    31    30 -9999 -9999     7
2021 01 25 12    66    63 10223    41    18 -9999 -9999    19
2021 01 25 15    60    56 10233    60    21 -9999 -9999    27
2021 01 25 18    57    51 10240    48    12 -9999 -9999    12
2021 01 25 21    52    51 10242    46    13 -9999 -9999 -9999
2021 01 26 00    50    37 10257   345     5 -9999 -9999 -9999
2021 01 26 03    61    36 10266    61    17 -9999 -9999 -9999
2021 01 26 06    72    42 10247   136    17 -9999 -9999 -9999
2021 01 26 09    72    31 10248    67    17 -9999 -9999 -9999
2021 01 26 12    66    44 10259   360     2 -9999 -9999 -9999
2021 01 26 15    61    41 10262    23    12 -9999 -9999 -9999
2021 01 26 18    57    44 10257    32    46 -9999 -9999 -9999
2021 01 26 21    55    49 10241    31    33 -9999 -9999 -9999
2021 01 27 00    56    53 10242    33    41 -9999 -9999 -9999
2021 01 27 03    67    56 10246    23    26 -9999 -9999 -9999
2021 01 27 06    70    63 10216    45    13 -9999 -9999     3
2021 01 27 09    70    67 10216    62     9 -9999 -9999    16
2021 01 27 12    70    67 10235    63    13 -9999 -9999    19
2021 01 27 15    67    67 10251   249    11 -9999 -9999    12
2021 01 27 18    66    66 10266   230    14 -9999 -9999     6
2021 01 27 21    56    56 10261    36    12 -9999 -9999 -9999
2021 01 28 00    47 -9999 10286    13     7 -9999 -9999 -9999
2021 01 28 03    70    70 10310   176    17 -9999 -9999 -9999
2021 01 28 06   121   -59 10292   343    48 -9999 -9999 -9999
2021 01 28 09    95   -57 10297    35    55 -9999 -9999 -9999
2021 01 28 12    66   -64 10311    28    29 -9999 -9999 -9999
2021 01 28 15    55   -74 10314    13     8 -9999 -9999 -9999
2021 01 28 18    27   -50 10314   189     7 -9999 -9999 -9999
2021 01 28 21     0   -24 10298   256    16 -9999 -9999 -9999
2021 01 29 00    -2   -31 10301   274    25 -9999 -9999 -9999
2021 01 29 03    85   -61 10297   219    13 -9999 -9999 -9999
2021 01 29 06   120   -59 10264   110    17 -9999 -9999 -9999
2021 01 29 09   122   -89 10250   145    11 -9999 -9999 -9999
2021 01 29 12    70   -48 10256   252    14 -9999 -9999 -9999
2021 01 29 15    56   -15 10259   310     5 -9999 -9999 -9999
2021 01 29 18    52    -7 10254    94     9 -9999 -9999 -9999
2021 01 29 21    50     0 10243    35    11 -9999 -9999 -9999
2021 01 30 00    55     4 10255   104     3 -9999 -9999 -9999
2021 01 30 03   107    -1 10261   141    10 -9999 -9999 -9999
2021 01 30 06   130   -13 10239   137    11 -9999 -9999 -9999
2021 01 30 09   122    -7 10237    74    12 -9999 -9999 -9999
2021 01 30 12   110    10 10243   307    13 -9999 -9999 -9999
2021 01 30 15    92    26 10244   220    10 -9999 -9999 -9999
2021 01 30 18    82    36 10242   360     2 -9999 -9999 -9999
2021 01 30 21    80    42 10235    79    15 -9999 -9999 -9999
2021 01 31 00    87    30 10239    73    14 -9999 -9999 -9999
2021 01 31 03   102    29 10249   360     2 -9999 -9999 -9999
2021 01 31 06   112    36 10216   114    10 -9999 -9999 -9999
2021 01 31 09    95    69 10217    47    14 -9999 -9999     2
2021 01 31 12    85    71 10232   318    14 -9999 -9999     2
2021 01 31 15    77    75 10227    23    13 -9999 -9999     8
2021 01 31 18    77    75 10220    91    12 -9999 -9999    16
2021 01 31 21    76    76 10211   176    13 -9999 -9999    35
2021 02 01 00    77    77 10219    19     9 -9999 -9999    27
2021 02 01 03    85    85 10220   133    10 -9999 -9999 -9999
2021 02 01 06    92    92 10210   141    17 -9999 -9999    31
2021 02 01 09    92    84 10216   114    12 -9999 -9999    31
2021 02 01 12    82    78 10235   306    16 -9999 -9999 -9999
2021 02 01 15    55    55 10254    49    19 -9999 -9999 -9999
2021 02 01 18    60    59 10266    23     6 -9999 -9999 -9999
2021 02 01 21    57 -9999 10267    23     8 -9999 -9999 -9999
2021 02 02 00    47 -9999 10285    37    21 -9999 -9999 -9999
2021 02 02 03    62 -9999 10295   133    11 -9999 -9999 -9999
2021 02 02 06    90    68 10273    30    31 -9999 -9999 -9999
2021 02 02 09   100    68 10265    46    24 -9999 -9999 -9999
2021 02 02 12    76    65 10267   274    19 -9999 -9999 -9999
2021 02 02 15    67    62 10263   209    15 -9999 -9999 -9999
2021 02 02 18    60    60 10251   105    13 -9999 -9999 -9999
2021 02 02 21    37 -9999 10244   313    16 -9999 -9999 -9999
2021 02 03 00    35    35 10251   245     6 -9999 -9999 -9999
2021 02 03 03    80    80 10252   148    17 -9999 -9999 -9999
2021 02 03 06   155    59 10221   153    33 -9999 -9999 -9999
2021 02 03 09   155    59 10218   160    29 -9999 -9999 -9999
2021 02 03 12   120    60 10241   265     7 -9999 -9999 -9999
2021 02 03 15   110    67 10261     9    29 -9999 -9999 -9999
2021 02 03 18   106    52 10264    26    82 -9999 -9999 -9999
2021 02 03 21    75    46 10278    48    25 -9999 -9999 -9999
2021 02 04 00    70    42 10293     7    23 -9999 -9999 -9999
2021 02 04 03    97    39 10288    23    40 -9999 -9999 -9999
2021 02 04 06   135    44 10251    20    45 -9999 -9999 -9999
2021 02 04 09   120    56 10238    25    50 -9999 -9999 -9999
2021 02 04 12   102    46 10236    13    43 -9999 -9999 -9999
2021 02 04 15    72    55 10249   315    21 -9999 -9999    12
2021 02 04 18    62    56 10237    14    34 -9999 -9999    39
2021 02 04 21    60    51 10222    27    31 -9999 -9999    27
2021 02 05 00    62 -9999 10217   142    13 -9999 -9999    14
2021 02 05 03    72    72 10225   238    14 -9999 -9999    21
2021 02 05 06    77    77 10206   143    15 -9999 -9999    57
2021 02 05 09    80    79 10211   111    13 -9999 -9999    50
2021 02 05 12    82    82 10208   144    13 -9999 -9999 -9999
2021 02 05 15    85    85 10213   145    10 -9999 -9999 -9999
2021 02 05 18    75    74 10215   140    27 -9999 -9999 -9999
2021 02 05 21    66    66 10212   112    23 -9999 -9999 -9999
2021 02 06 00    65    65 10222   158    28 -9999 -9999 -9999
2021 02 06 03    85    63 10231   171    29 -9999 -9999 -9999
2021 02 06 06   126    75 10198   119    35 -9999 -9999 -9999
2021 02 06 09   135    80 10189   177    24 -9999 -9999 -9999
2021 02 06 12   105    82 10198    42    12 -9999 -9999 -9999
2021 02 06 15    77    72 10206    62    26 -9999 -9999 -9999
2021 02 06 18    85    76 10204    47    15 -9999 -9999 -9999
2021 02 06 21    80    77 10198    56    12 -9999 -9999 -9999
2021 02 07 00    76    76 10211    37    10 -9999 -9999 -9999
2021 02 07 03   120    84 10216   131     9 -9999 -9999 -9999
2021 02 07 06   136    96 10205    66    10 -9999 -9999 -9999
2021 02 07 09   130    92 10214   189    16 -9999 -9999 -9999
2021 02 07 12   141    49 10236   355    27 -9999 -9999 -9999
2021 02 07 15   115    92 10254   320    20 -9999 -9999 -9999
2021 02 07 18    92    88 10267    20    63 -9999 -9999    12
2021 02 07 21    81    80 10269    21    57 -9999 -9999    16
2021 02 08 00    75    65 10290    19    71 -9999 -9999     4
2021 02 08 03    72    49 10314    35    57 -9999 -9999 -9999
2021 02 08 06    72    31 10299    29    65 -9999 -9999 -9999
2021 02 08 09    72    14 10295    39    46 -9999 -9999 -9999
2021 02 08 12    71     1 10312    42    40 -9999 -9999 -9999
2021 02 08 15    60    10 10307    14    36 -9999 -9999 -9999
2021 02 08 18    47    12 10292    17    43 -9999 -9999 -9999
2021 02 08 21    37     6 10274    32    57 -9999 -9999 -9999
2021 02 09 00    27    10 10286   234     9 -9999 -9999 -9999
2021 02 09 03    85    22 10275    40    29 -9999 -9999 -9999
2021 02 09 06   131    32 10239    98    15 -9999 -9999 -9999
2021 02 09 12   105    43 10242   295     5 -9999 -9999 -9999
2021 02 09 15    87    53 10238   221     9 -9999 -9999 -9999
2021 02 09 18    77    56 10232   344     8 -9999 -9999 -9999
2021 02 09 21    70    56 10217   136     6 -9999 -9999 -9999
2021 02 10 00    70    62 10239   252     4 -9999 -9999 -9999
2021 02 10 03   110    64 10239   294     5 -9999 -9999 -9999
2021 02 10 06   122    51 10215    42    31 -9999 -9999 -9999
2021 02 10 09   116    55 10211    23    19 -9999 -9999 -9999
2021 02 11 00    85    83 10213    46    30 -9999 -9999    14
2021 02 13 12   161   102 10186   183     7 -9999 -9999 -9999
2021 02 13 15   142   101 10180   328    13 -9999 -9999 -9999
2021 02 13 18   112    99 10169   269    12 -9999 -9999 -9999
2021 02 13 21   109   101 10159   210    10 -9999 -9999     0
2021 02 14 00   115   112 10164    83    15 -9999 -9999 -9999
2021 02 14 03   182   116 10166   139    30 -9999 -9999 -9999
2021 02 14 06   217    82 10138   236    56 -9999 -9999 -9999
2021 02 14 09   197    93 10138   181    42 -9999 -9999 -9999
2021 02 14 12   151   107 10157    90    16 -9999 -9999 -9999
2021 02 14 15   117    95 10164   251    12 -9999 -9999 -9999
2021 02 14 18   107    92 10175   212    11 -9999 -9999 -9999
2021 02 14 21   100    91 10178   154     7 -9999 -9999 -9999
2021 02 15 00   105   103 10197   106    17 -9999 -9999 -9999
2021 02 15 03   150   102 10209    31    63 -9999 -9999 -9999
2021 02 15 06   145    88 10202     6    53 -9999 -9999 -9999
2021 02 15 09   120    91 10195    15    68 -9999 -9999 -9999
2021 02 15 12    95    80 10211    35    55 -9999 -9999 -9999
2021 02 15 15    90    71 10198    22    29 -9999 -9999 -9999
2021 02 15 18    87    66 10196    10    23 -9999 -9999 -9999
2021 02 15 21    86    66 10192    53     6 -9999 -9999 -9999
2021 02 16 00    82    67 10202   278     6 -9999 -9999 -9999
2021 02 16 03   135    65 10207   125    13 -9999 -9999 -9999
2021 02 16 06   160    20 10189    60    42 -9999 -9999 -9999
2021 02 16 09   161   -19 10197    46    37 -9999 -9999 -9999
2021 02 16 12   135   -14 10221    62    14 -9999 -9999 -9999
2021 02 16 15    96    17 10240   276    10 -9999 -9999 -9999
2021 02 16 18    92    12 10247   269    14 -9999 -9999 -9999
2021 02 16 21    77    29 10254    89    20 -9999 -9999 -9999
2021 02 17 00    61    46 10277    33    36 -9999 -9999 -9999
2021 02 17 03   105    39 10287    48    35 -9999 -9999 -9999
2021 02 17 06   140    22 10270    24    45 -9999 -9999 -9999
2021 02 17 09   130    -3 10271    38    34 -9999 -9999 -9999
2021 02 17 12    95     7 10292    47    20 -9999 -9999 -9999
2021 02 17 15    67    13 10311    10    19 -9999 -9999 -9999
2021 02 17 18    47    13 10306   183    11 -9999 -9999 -9999
2021 02 17 21    35    19 10308   205    10 -9999 -9999 -9999
2021 02 18 00    35    28 10327   271    14 -9999 -9999 -9999
2021 02 18 03   115    -6 10323   171    19 -9999 -9999 -9999
2021 02 18 06   141   -41 10297   165    21 -9999 -9999 -9999
2021 02 18 09   140   -33 10280   101    27 -9999 -9999 -9999
2021 02 18 12   107   -27 10279   267    14 -9999 -9999 -9999
2021 02 18 15    77   -21 10275   285     7 -9999 -9999 -9999
2021 02 18 18    47     6 10261    62     8 -9999 -9999 -9999
2021 02 18 21    52     6 10247    51    10 -9999 -9999 -9999
2021 02 19 00    65    37 10250    66    14 -9999 -9999 -9999
2021 02 19 03   140    34 10242   149    33 -9999 -9999 -9999
2021 02 19 06   192    21 10205   202    39 -9999 -9999 -9999
2021 02 19 09   185    28 10194   208    55 -9999 -9999 -9999
2021 02 20 15   145    27 10159    66    28 -9999 -9999 -9999
2021 02 20 18   145    27 10151    39    14 -9999 -9999 -9999
2021 02 20 21   140    25 10140    48    14 -9999 -9999 -9999
2021 02 21 00   157    19 10146   119    31 -9999 -9999 -9999
2021 02 21 12   216    38 10125   204    46 -9999 -9999 -9999
2021 02 21 15   181    53 10137     7    15 -9999 -9999 -9999
2021 02 21 18   172    75 10133    80    19 -9999 -9999 -9999
2021 02 21 21   165    84 10133    78    21 -9999 -9999 -9999
2021 02 22 00   166    93 10159    39     8 -9999 -9999 -9999
2021 02 22 03   212   111 10164    92    12 -9999 -9999 -9999
2021 02 22 06   246   101 10145   111    23 -9999 -9999 -9999
2021 02 22 09   252    65 10151    70    25 -9999 -9999 -9999
2021 02 22 12   175    86 10188    21    71 -9999 -9999 -9999
2021 02 22 15   145    32 10216    30    78 -9999 -9999 -9999
2021 02 22 18   102    40 10214    24    55 -9999 -9999 -9999
2021 02 22 21    81    36 10209    23    75 -9999 -9999 -9999
2021 02 23 00    80    42 10224    22    61 -9999 -9999 -9999
2021 02 23 03   117    42 10220    29    59 -9999 -9999 -9999
2021 02 23 06   160    62 10189    23    40 -9999 -9999 -9999
2021 02 23 09   160    61 10178     8    38 -9999 -9999 -9999
2021 02 23 12   131    50 10179    30    56 -9999 -9999 -9999
2021 02 23 15   107    51 10191    12    45 -9999 -9999 -9999
2021 02 23 18    97    44 10186   348    23 -9999 -9999 -9999
2021 02 23 21    86    55 10180    18    30 -9999 -9999 -9999
2021 02 24 00    80    53 10196    11    46 -9999 -9999 -9999
2021 02 24 03   107    55 10195    29    67 -9999 -9999 -9999
2021 02 24 06   140    64 10157    24    53 -9999 -9999 -9999
2021 02 24 09   142    70 10136    16    36 -9999 -9999 -9999
2021 02 24 12   135    74 10141    11    75 -9999 -9999 -9999
2021 02 24 15   107    97 10137   347    14 -9999 -9999    67
2021 02 24 18   110    92 10120    20    16 -9999 -9999    67
2021 02 24 21   106   100 10129   331    26 -9999 -9999     7
2021 02 25 00    87    83 10145    52    68 -9999 -9999    38
2021 02 25 03    82    73 10164    31    74 -9999 -9999    31
2021 02 25 06    75    70 10156    47    39 -9999 -9999    11
2021 02 25 09    72    66 10158    21    61 -9999 -9999    14
2021 02 25 12    70    60 10175    16   101 -9999 -9999    13
2021 02 25 15    71    56 10186    18    65 -9999 -9999    10
2021 02 25 18    66    63 10183    13    46 -9999 -9999    11
2021 02 25 21    70    66 10180    18    66 -9999 -9999    53
2021 02 26 00    66    59 10198    19    76 -9999 -9999    46
2021 02 26 03    62    58 10211    12    74 -9999 -9999    26
2021 02 26 06    61    57 10202    16    64 -9999 -9999    34
2021 02 26 09    60    55 10210    13    66 -9999 -9999    24
2021 02 26 12    61    60 10217    28    57 -9999 -9999    20
2021 02 26 15    62    61 10223    33    42 -9999 -9999    11
2021 02 26 18    62 -9999 10219    20    59 -9999 -9999    14
2021 02 26 21    62    62 10220    13    40 -9999 -9999    11
2021 02 27 00    66    65 10232     6    34 -9999 -9999 -9999
2021 02 27 03    80    78 10231    15    30 -9999 -9999 -9999
2021 02 27 06    80    79 10216   347    31 -9999 -9999 -9999
2021 02 27 09    87    87 10206   316    19 -9999 -9999 -9999
2021 02 27 12    90    85 10219   321    15 -9999 -9999 -9999
2021 02 27 15    90    85 10224   265     8 -9999 -9999 -9999
2021 02 27 18    86    85 10209    52     5 -9999 -9999 -9999
2021 02 27 21    86    86 10199   338    12 -9999 -9999 -9999
2021 02 28 00    87    87 10203   164     8 -9999 -9999 -9999
2021 02 28 03   107    96 10202   224     9 -9999 -9999 -9999
2021 02 28 06   122   104 10165    69    12 -9999 -9999     4
2021 02 28 09   122   102 10157   214     4 -9999 -9999     4
2021 02 28 12   110   110 10160   310    10 -9999 -9999    15
2021 02 28 15   105   105 10163   146     9 -9999 -9999    18
2021 02 28 18   105   105 10171   223    21 -9999 -9999    31
2021 02 28 21   105   105 10170    55    12 -9999 -9999    38
2021 03 01 00   105   105 10190    48    35 -9999 -9999    58
2021 03 01 03   105   105 10210    33    35 -9999 -9999    92
2021 03 01 06    97    85 10215    18    43 -9999 -9999    77
2021 03 01 09    75    68 10236    22    48 -9999 -9999    40
2021 03 01 12    55    45 10270    25    61 -9999 -9999    19
2021 03 01 15    50    37 10291    38    30 -9999 -9999    12
2021 03 01 18    50    34 10294    21    34 -9999 -9999 -9999
2021 03 01 21    47    32 10298    50    30 -9999 -9999 -9999
2021 03 02 00    50    32 10310    38    36 -9999 -9999 -9999
2021 03 02 03    71    22 10313    24    44 -9999 -9999 -9999
2021 03 02 06    96    25 10292    29    40 -9999 -9999 -9999
2021 03 02 09   102    29 10278    12    40 -9999 -9999 -9999
2021 03 02 12    87    33 10280    38    41 -9999 -9999 -9999
2021 03 02 15    82    18 10281    35    33 -9999 -9999 -9999
2021 03 02 18    75    13 10269   351    19 -9999 -9999 -9999
2021 03 02 21    66    19 10257   181     9 -9999 -9999 -9999
2021 03 03 00    62    33 10250   233     8 -9999 -9999 -9999
2021 03 03 03    85    33 10248   121    10 -9999 -9999 -9999
2021 03 03 06    92    28 10224   142    15 -9999 -9999 -9999
2021 03 03 09    85    43 10218   125    24 -9999 -9999 -9999
2021 03 03 12    85    50 10226    70    10 -9999 -9999 -9999
2021 03 03 15    80    57 10232   248    13 -9999 -9999 -9999
2021 03 03 18    77    65 10224   172    16 -9999 -9999 -9999
2021 03 03 21    76    69 10215   146    16 -9999 -9999 -9999
2021 03 04 00    82    64 10224   194    25 -9999 -9999 -9999
2021 03 04 03   112    71 10227   159    29 -9999 -9999 -9999
2021 03 04 06   145    77 10206   139    43 -9999 -9999 -9999
2021 03 04 09   150    75 10195   134    23 -9999 -9999 -9999
2021 03 04 12   110    77 10203    60    14 -9999 -9999 -9999
2021 03 04 15    91    75 10211    51    22 -9999 -9999 -9999
2021 03 04 18    91    72 10196   323    16 -9999 -9999 -9999
2021 03 04 21    82    75 10186   242     8 -9999 -9999 -9999
2021 03 05 00    92    91 10183   346    17 -9999 -9999     5
2021 03 05 03   110   101 10182    50     7 -9999 -9999     5
2021 03 05 06   120   110 10158   202     7 -9999 -9999    18
2021 03 05 09   111   105 10158    10    15 -9999 -9999    24
2021 03 05 12   107   107 10173    22    42 -9999 -9999    14
2021 03 05 15   110   109 10179   342    23 -9999 -9999     9
2021 03 05 18    96    93 10185    26    71 -9999 -9999    10
2021 03 05 21    92    92 10198    18    63 -9999 -9999    13
2021 03 06 00    97    92 10231    12    62 -9999 -9999    24
2021 03 06 03    92    89 10250    15    79 -9999 -9999    40
2021 03 06 06    90    81 10247    12    72 -9999 -9999    33
2021 03 06 09    82    71 10255    19    63 -9999 -9999    15
2021 03 06 12    70    64 10282    16    80 -9999 -9999    25
2021 03 06 15    62    57 10295    27    69 -9999 -9999    23
2021 03 06 18    60    47 10286    25    42 -9999 -9999 -9999
2021 03 06 21    52    41 10279    41    57 -9999 -9999 -9999
2021 03 07 00    51    31 10297    40    61 -9999 -9999 -9999
2021 03 07 03    57    30 10303    44    50 -9999 -9999 -9999
2021 03 07 06    70    35 10281    27    49 -9999 -9999 -9999
2021 03 07 09    70    37 10278    39    44 -9999 -9999 -9999
2021 03 07 12    65    37 10288    47    38 -9999 -9999 -9999
2021 03 07 15    62    41 10289    27    39 -9999 -9999 -9999
2021 03 07 18    60    44 10273    32    32 -9999 -9999 -9999
2021 03 07 21    60    48 10262    30    33 -9999 -9999 -9999
2021 03 08 00    67    53 10268    14    14 -9999 -9999 -9999
2021 03 08 03    80    59 10265    36    34 -9999 -9999 -9999
2021 03 08 06    77    70 10245   358     9 -9999 -9999    18
2021 03 08 09    81    77 10238   324     5 -9999 -9999    32
2021 03 08 12    77 -9999 10245   302    16 -9999 -9999    17
2021 03 08 15    80    79 10248   296    10 -9999 -9999     3
2021 03 08 18    77    77 10249    53     8 -9999 -9999 -9999
2021 03 08 21    72    72 10245   136    10 -9999 -9999 -9999
2021 03 09 00    80    79 10266   187     8 -9999 -9999 -9999
2021 03 09 03   110    75 10277   112    14 -9999 -9999 -9999
2021 03 09 06   126    69 10257    40    25 -9999 -9999 -9999
2021 03 09 09   121    70 10259    66    21 -9999 -9999 -9999
2021 03 09 12   101    77 10277    44    19 -9999 -9999 -9999
2021 03 09 15    95    80 10279    36    30 -9999 -9999 -9999
2021 03 09 18   100    78 10271    20    40 -9999 -9999     0
2021 03 09 21    92    77 10261    31    42 -9999 -9999 -9999
2021 03 10 00    87    77 10273    21    57 -9999 -9999 -9999
2021 03 10 03   125    86 10268    32    33 -9999 -9999 -9999
2021 03 10 06   142    87 10238    17    33 -9999 -9999 -9999
2021 03 10 09   137    88 10225    24    33 -9999 -9999 -9999
2021 03 10 12   116   103 10230   327    14 -9999 -9999     9
2021 03 10 15   115    99 10230    10    21 -9999 -9999    11
2021 03 10 18   108   106 10215   110    10 -9999 -9999     2
2021 03 10 21   105   104 10208   270     7 -9999 -9999     6
2021 03 11 00   105   105 10220   252    10 -9999 -9999    10
2021 03 11 03   112 -9999 10224   240    12 -9999 -9999    11
2021 03 11 06   117 -9999 10209    62    13 -9999 -9999    12
2021 03 11 09   115   115 10214    65    18 -9999 -9999     5
2021 03 11 12   112   111 10233    72    13 -9999 -9999     2
2021 03 11 15   110   107 10243    75     9 -9999 -9999     2
2021 03 11 18   107   101 10243    11    16 -9999 -9999 -9999
2021 03 11 21   100    91 10246    55    23 -9999 -9999 -9999
2021 03 12 00   100    84 10266    41    28 -9999 -9999 -9999
2021 03 12 03   127    73 10274    42    45 -9999 -9999 -9999
2021 03 12 06   157    68 10246     7    30 -9999 -9999 -9999
2021 03 12 09   151    81 10236    57    27 -9999 -9999 -9999
2021 03 12 12   122    81 10245    77     6 -9999 -9999 -9999
2021 03 12 15   100    86 10241   196     5 -9999 -9999 -9999
2021 03 12 18    82    81 10238   251    16 -9999 -9999 -9999
2021 03 12 21    92    86 10232    69    10 -9999 -9999 -9999
2021 03 13 00   101    87 10242   294     8 -9999 -9999 -9999
2021 03 13 03   140    85 10240   103    13 -9999 -9999 -9999
2021 03 13 06   152    89 10207   104    28 -9999 -9999 -9999
2021 03 13 09   162    84 10200    32    49 -9999 -9999 -9999
2021 03 13 12   136    96 10210    39    45 -9999 -9999 -9999
2021 03 13 15   127    91 10217    48    15 -9999 -9999 -9999
2021 03 13 18   102    89 10204   344    13 -9999 -9999 -9999
2021 03 13 21    92    89 10190   277    11 -9999 -9999 -9999
2021 03 14 00    97 -9999 10204   360     1 -9999 -9999 -9999
2021 03 14 03   176   100 10199   152    21 -9999 -9999 -9999
2021 03 14 06   202   109 10162   174    37 -9999 -9999 -9999
2021 03 14 09   212   113 10140   253    37 -9999 -9999 -9999
2021 03 14 12   172   117 10139    73     9 -9999 -9999 -9999
2021 03 14 15   145   120 10137    81     6 -9999 -9999 -9999
2021 03 14 18   142   122 10130    81     7 -9999 -9999 -9999
2021 03 14 21   135   126 10112   210    17 -9999 -9999 -9999
2021 03 15 00   150   139 10126   291    43 -9999 -9999     3
2021 03 15 03   191   156 10122   112    10 -9999 -9999    35
2021 03 15 06   200   168 10104   309    33 -9999 -9999    32
2021 03 15 09   175   175 10110   313    11 -9999 -9999    32
2021 03 15 12   171   171 10127    70    10 -9999 -9999   141
2021 03 15 15   171   171 10137    30    39 -9999 -9999   148
2021 03 15 18   166   166 10138    35    40 -9999 -9999    62
2021 03 15 21   150   150 10142    27    58 -9999 -9999    57
2021 03 16 00   137 -9999 10165    28    58 -9999 -9999    53
2021 03 16 03   126   126 10180    12    64 -9999 -9999    19
2021 03 16 06   131   123 10165    33    48 -9999 -9999 -9999
2021 03 16 09   130   126 10164    35    49 -9999 -9999     3
2021 03 16 12   126   126 10175    30    44 -9999 -9999    35
2021 03 16 15   126   123 10177    36    39 -9999 -9999    33
2021 03 16 18   120   115 10167     7    37 -9999 -9999     1
2021 03 16 21   102   101 10157    35    42 -9999 -9999     9
2021 03 17 00    90    86 10174    36    56 -9999 -9999    64
2021 03 17 03    91    90 10180    14    50 -9999 -9999    55
2021 03 17 06    95    91 10166    17    57 -9999 -9999 -9999
2021 03 17 09    92    89 10165    35    49 -9999 -9999 -9999
2021 03 17 12    90    88 10174    34    42 -9999 -9999 -9999
2021 03 17 15    96    84 10184    30    39 -9999 -9999 -9999
2021 03 17 18    91    85 10168    24    33 -9999 -9999     5
2021 03 17 21    91    83 10159     5    33 -9999 -9999     9
2021 03 18 00    95    84 10173   347    20 -9999 -9999     4
2021 03 18 03   112    89 10167   355    20 -9999 -9999 -9999
2021 03 18 06   116    93 10151    26    44 -9999 -9999 -9999
2021 03 18 09   107   101 10147    27    67 -9999 -9999    12
2021 03 18 12   101    96 10159    30    70 -9999 -9999    20
2021 03 18 15    97    92 10168   357    61 -9999 -9999    70
2021 03 18 18    97    88 10159    27    68 -9999 -9999   119
2021 03 18 21    96    93 10160    26    60 -9999 -9999    54
2021 03 19 00    92 -9999 10174    24    68 -9999 -9999 -9999
2021 03 19 03    92    84 10176    24    53 -9999 -9999 -9999
2021 03 19 06   107    92 10148    33    49 -9999 -9999 -9999
2021 03 19 09   102    95 10133    33    49 -9999 -9999 -9999
2021 03 19 12    92    92 10145    18    19 -9999 -9999    41
2021 03 19 15    91    86 10164    17    40 -9999 -9999   164
2021 03 19 18    82    81 10169    32    33 -9999 -9999   201
2021 03 19 21    81    77 10179    52    17 -9999 -9999    82
2021 03 20 00    81    73 10198    44    16 -9999 -9999     4
2021 03 20 03    97    64 10200    29    34 -9999 -9999 -9999
2021 03 20 06   107    69 10189    25    27 -9999 -9999 -9999
2021 03 20 09   107    66 10187    37    51 -9999 -9999 -9999
2021 03 20 12   102    64 10217    20    42 -9999 -9999 -9999
2021 03 20 15   105    68 10240    18    30 -9999 -9999 -9999
2021 03 20 18   100    65 10236    45    35 -9999 -9999 -9999
2021 03 20 21    92    67 10243   348    32 -9999 -9999 -9999
2021 03 21 00   102    72 10266   349    25 -9999 -9999 -9999
2021 03 21 03   122    57 10279    31    45 -9999 -9999 -9999
2021 03 21 06   150    38 10264    37    33 -9999 -9999 -9999
2021 03 21 09   145     0 10259    22    43 -9999 -9999 -9999
2021 03 21 12   121    -1 10281    17    56 -9999 -9999 -9999
2021 03 21 15    96    13 10301    14    42 -9999 -9999 -9999
2021 03 21 18    91    -2 10306     2    31 -9999 -9999 -9999
2021 03 21 21    70    13 10300    50    12 -9999 -9999 -9999
2021 03 22 00    80    27 10311   176     6 -9999 -9999 -9999
2021 03 22 03   137   -31 10313   213    17 -9999 -9999 -9999
2021 03 22 06   160   -57 10285   123    35 -9999 -9999 -9999
2021 03 22 09   155   -45 10267   103    27 -9999 -9999 -9999
2021 03 22 12   112   -22 10271   262    17 -9999 -9999 -9999
2021 03 22 15    77     2 10267   268    18 -9999 -9999 -9999
2021 03 22 18    57    14 10257   228     9 -9999 -9999 -9999
2021 03 22 21    50     0 10242    51    19 -9999 -9999 -9999
2021 03 23 00    80    34 10241   153     7 -9999 -9999 -9999
2021 03 23 03   157     0 10227   187    34 -9999 -9999 -9999
2021 03 23 06   170    -8 10190   200    51 -9999 -9999 -9999
2021 03 23 09   167    -5 10176   221    42 -9999 -9999 -9999
2021 03 23 12   152    13 10180   209    36 -9999 -9999 -9999
2021 03 23 15   136    22 10184   243     8 -9999 -9999 -9999
2021 03 23 18   125    44 10173    71    17 -9999 -9999 -9999
2021 03 23 21   117    48 10171   138    25 -9999 -9999 -9999
2021 03 24 00   130    61 10183   129    19 -9999 -9999 -9999
2021 03 24 03   165    49 10192   180    37 -9999 -9999 -9999
2021 03 24 06   192    46 10172   139    37 -9999 -9999 -9999
2021 03 24 09   197    46 10169   130    10 -9999 -9999 -9999
2021 03 24 12   152    63 10182   219     6 -9999 -9999 -9999
2021 03 24 15   117    74 10193   119    16 -9999 -9999 -9999
2021 03 24 18   111    50 10193    27    13 -9999 -9999 -9999
2021 03 24 21    95    61 10200    64     7 -9999 -9999 -9999
2021 03 25 00   127    72 10222    70    10 -9999 -9999 -9999
2021 03 25 03   205    68 10223   113    14 -9999 -9999 -9999
2021 03 25 06   230    66 10186   250    17 -9999 -9999 -9999
2021 03 25 09   225    79 10168    33    44 -9999 -9999 -9999
2021 03 25 12   185    82 10172    66    17 -9999 -9999 -9999
2021 03 25 15   142    90 10168   269    26 -9999 -9999 -9999
2021 03 25 18   135    85 10158   277     9 -9999 -9999 -9999
2021 03 25 21   116    85 10145   307     9 -9999 -9999 -9999
2021 03 26 00   140   105 10157   161     7 -9999 -9999 -9999
2021 03 26 03   226    94 10148   180    18 -9999 -9999 -9999
2021 03 26 06   252   110 10109   216    40 -9999 -9999 -9999
2021 03 26 09   241   108 10090   256    40 -9999 -9999 -9999
2021 03 26 12   190   132 10105   306    52 -9999 -9999 -9999
2021 03 26 15   165   150 10110    70    20 -9999 -9999    19
2021 03 26 18   157   150 10096    76    34 -9999 -9999    40
2021 03 26 21   160   154 10081   205    17 -9999 -9999    36
2021 03 27 00   157   150 10101    71    20 -9999 -9999    15
2021 03 27 03   152   140 10109    75    24 -9999 -9999 -9999
2021 03 27 06   160   137 10095    75    16 -9999 -9999 -9999
2021 03 27 09   160   142 10094   129    16 -9999 -9999 -9999
2021 03 27 12   155   142 10108   152     7 -9999 -9999     3
2021 03 27 15   151   143 10110   184     5 -9999 -9999    10
2021 03 27 18   150   141 10102   176     7 -9999 -9999     7
2021 03 27 21   150   143 10097   207    10 -9999 -9999 -9999
2021 03 28 00   150   134 10108   180    26 -9999 -9999 -9999
2021 03 28 03   180   135 10112   146    41 -9999 -9999 -9999
2021 03 28 06   212   141 10087   181    39 -9999 -9999 -9999
2021 03 28 09   222   127 10075   188    33 -9999 -9999 -9999
2021 03 28 12   186   139 10082    64    14 -9999 -9999 -9999
2021 03 28 15   162   137 10087     1     4 -9999 -9999 -9999
2021 03 28 18   151   126 10077    64    16 -9999 -9999 -9999
2021 03 28 21   126   115 10069    84     6 -9999 -9999 -9999
2021 03 29 00   142   131 10083   244    10 -9999 -9999 -9999
2021 03 29 03   232   128 10059   151    18 -9999 -9999 -9999
2021 03 29 06   250   115 10031   129    28 -9999 -9999 -9999
2021 03 29 09   247   140 10023   357    10 -9999 -9999 -9999
2021 03 29 12   226   131 10034    37    18 -9999 -9999 -9999
2021 03 29 15   212   141 10045   281    11 -9999 -9999 -9999
2021 03 29 18   175   145 10055   185    21 -9999 -9999    31
2021 03 29 21   152   121 10056    33    28 -9999 -9999    38
2021 03 30 00   145   117 10081    60    36 -9999 -9999     7
2021 03 30 03   182   138 10088    19    51 -9999 -9999     6
2021 03 30 06   165   145 10076    33    48 -9999 -9999     6
2021 03 30 09   165   149 10061    28    52 -9999 -9999 -9999
2021 03 30 12   167   154 10048    49    60 -9999 -9999    21
2021 03 30 15   157   147 10052    46    23 -9999 -9999   129
2021 03 30 18   155   144 10043   124    20 -9999 -9999   195
2021 03 30 21   141   131 10052   325    38 -9999 -9999    87
2021 03 31 00   142   130 10053    70    24 -9999 -9999 -9999
2021 03 31 03   165   144 10057    48    25 -9999 -9999 -9999
2021 03 31 06   157   136 10045    44    53 -9999 -9999 -9999
2021 03 31 09   145   136 10047    43    58 -9999 -9999 -9999
2021 03 31 12   140   131 10057    31    62 -9999 -9999     8
2021 03 31 15   132   124 10074    36    59 -9999 -9999   133
2021 03 31 18   126   115 10066    31    54 -9999 -9999   182
2021 03 31 21   127   120 10067    54    68 -9999 -9999    73
2021 04 01 00   130   119 10094     9    43 -9999 -9999    27
2021 04 01 03   137   119 10107    70    46 -9999 -9999    11
2021 04 01 06   147   127 10093    57    40 -9999 -9999 -9999
2021 04 01 09   137   126 10092    47    52 -9999 -9999 -9999
2021 04 01 12   136   125 10106    47    47 -9999 -9999 -9999
2021 04 01 15   137   125 10119    54    38 -9999 -9999 -9999
2021 04 01 18   135   123 10115    59    48 -9999 -9999 -9999
2021 04 01 21   132   119 10119    62    45 -9999 -9999 -9999
2021 04 02 00   136   111 10142    47    18 -9999 -9999 -9999
2021 04 02 03   152   120 10138    38    45 -9999 -9999 -9999
2021 04 02 06   156   122 10129    54    48 -9999 -9999 -9999
2021 04 02 09   140   129 10125    58    35 -9999 -9999    21
2021 04 02 12   135   121 10140    55    36 -9999 -9999    22
2021 04 02 15   131   118 10153    65    24 -9999 -9999     2
2021 04 02 18   131   118 10155    58    28 -9999 -9999     1
2021 04 02 21   127   114 10162    48    12 -9999 -9999 -9999
2021 04 03 00   132   109 10178    46    27 -9999 -9999     1
2021 04 03 03   137   106 10179    44    44 -9999 -9999     1
2021 04 03 06   131   106 10168    75    42 -9999 -9999     1
2021 04 03 09   127   101 10185    52    35 -9999 -9999     3
2021 04 03 12   121    97 10206    50    34 -9999 -9999     2
2021 04 03 15   120    96 10222   358    21 -9999 -9999 -9999
2021 04 03 18   115    92 10221    23    47 -9999 -9999 -9999
2021 04 03 21   105    88 10230    32    62 -9999 -9999     6
2021 04 04 00   106    67 10253    51    41 -9999 -9999     6
2021 04 04 03   135    65 10254    37    61 -9999 -9999 -9999
2021 04 04 06   155    -4 10228    54    73 -9999 -9999 -9999
2021 04 04 09   156     2 10227    40    63 -9999 -9999 -9999
2021 04 04 12   132    12 10245    26    35 -9999 -9999 -9999
2021 04 04 15   127    42 10252    41    40 -9999 -9999 -9999
2021 04 04 18   120    49 10245    33    37 -9999 -9999 -9999
2021 04 04 21   112    13 10240    26    14 -9999 -9999 -9999
2021 04 05 00   117    24 10247    17    35 -9999 -9999 -9999
2021 04 05 03   152   -27 10239    46    42 -9999 -9999 -9999
2021 04 05 06   156   -10 10218    33    35 -9999 -9999 -9999
2021 04 05 09   125    77 10209   315    23 -9999 -9999     2
2021 04 05 12   122    33 10218   347     8 -9999 -9999     2
2021 04 05 15   117    63 10219   219     9 -9999 -9999 -9999
2021 04 05 18   115    58 10212   305    20 -9999 -9999 -9999
2021 04 05 21    97    54 10213   102     8 -9999 -9999 -9999
2021 04 06 00   140    68 10225   128     9 -9999 -9999 -9999
2021 04 06 03   177    17 10231    53    40 -9999 -9999 -9999
2021 04 06 06   186    51 10213    38    35 -9999 -9999 -9999
2021 04 06 09   180    64 10203    26    32 -9999 -9999 -9999
2021 04 06 12   166    83 10213    59    19 -9999 -9999 -9999
2021 04 06 15   160    82 10218    45    34 -9999 -9999 -9999
2021 04 06 18   152    76 10202    20    36 -9999 -9999 -9999
2021 04 06 21   142    86 10201    47    27 -9999 -9999 -9999
2021 04 07 00   132   100 10196    27    50 -9999 -9999     2
2021 04 07 03   132   117 10211    30    33 -9999 -9999    22
2021 04 07 06   131   117 10183    45    43 -9999 -9999    66
2021 04 07 09   115   102 10178    55    47 -9999 -9999    87
2021 04 07 12   106    92 10199    25    38 -9999 -9999    54
2021 04 07 15    96    84 10202    53    49 -9999 -9999    34
2021 04 07 18    95    81 10194     8    37 -9999 -9999    21
2021 04 07 21   100    78 10196    29    65 -9999 -9999 -9999
2021 04 08 00   102    79 10223    44    56 -9999 -9999 -9999
2021 04 08 03   125    84 10231    31    41 -9999 -9999 -9999
2021 04 08 06   150    75 10213    36    51 -9999 -9999 -9999
2021 04 08 09   150    78 10208    40    24 -9999 -9999 -9999
2021 04 08 12   135    80 10221    57    15 -9999 -9999 -9999
2021 04 08 15   102    82 10223   263    10 -9999 -9999 -9999
2021 04 08 18    95    76 10218   272    12 -9999 -9999 -9999
2021 04 08 21   116    75 10226    51    27 -9999 -9999 -9999
2021 04 09 00   145    84 10243    12    16 -9999 -9999 -9999
2021 04 09 03   186    58 10239    27    49 -9999 -9999 -9999
2021 04 09 06   206     4 10217    29    60 -9999 -9999 -9999
2021 04 09 09   200     9 10202    44    53 -9999 -9999 -9999
2021 04 09 12   166    33 10221    59    25 -9999 -9999 -9999
2021 04 09 15   140    43 10233    20    33 -9999 -9999 -9999
2021 04 09 18   122    34 10222   350    14 -9999 -9999 -9999
2021 04 09 21   112    38 10224   356    10 -9999 -9999 -9999
2021 04 10 00   135    51 10244   330    24 -9999 -9999 -9999
2021 04 10 03   170    53 10242    84    21 -9999 -9999 -9999
2021 04 10 06   205    61 10223     6    26 -9999 -9999 -9999
2021 04 10 09   192    64 10212    38    30 -9999 -9999 -9999
2021 04 10 12   177    63 10219   223     5 -9999 -9999 -9999
2021 04 10 15   170    81 10221   282    10 -9999 -9999 -9999
2021 04 10 18   152    98 10213   226    13 -9999 -9999 -9999
2021 04 10 21   132   117 10214    15    24 -9999 -9999     3
2021 04 11 00   141   120 10220   256     9 -9999 -9999     5
2021 04 11 03   160   122 10220   289    16 -9999 -9999     2
2021 04 11 06   160   131 10199    63    17 -9999 -9999 -9999
2021 04 11 09   150   123 10188    25    19 -9999 -9999     3
2021 04 11 12   142   132 10189    62    11 -9999 -9999     8
2021 04 11 15   140   133 10191   281     7 -9999 -9999    10
2021 04 11 18   135   128 10176   283    16 -9999 -9999    22
2021 04 11 21   132   127 10165    84    11 -9999 -9999    18
2021 04 12 00   141   127 10176   154     7 -9999 -9999     1
2021 04 12 03   157   130 10180   167     8 -9999 -9999 -9999
2021 04 12 06   161   130 10167   219    21 -9999 -9999 -9999
2021 04 12 09   167   132 10155   193    20 -9999 -9999 -9999
2021 04 12 12   152   135 10171   152    13 -9999 -9999 -9999
2021 04 12 15   135   126 10184    82    13 -9999 -9999 -9999
2021 04 12 18   130   124 10179   281    10 -9999 -9999 -9999
2021 04 12 21   117   113 10178    65     7 -9999 -9999 -9999
2021 04 13 00   131   128 10198   254    10 -9999 -9999 -9999
2021 04 13 03   202   137 10194    31    43 -9999 -9999 -9999
2021 04 13 06   217   129 10173    31    31 -9999 -9999 -9999
2021 04 13 09   211   128 10156    38    26 -9999 -9999 -9999
2021 04 13 12   192   135 10166    56    24 -9999 -9999 -9999
2021 04 13 15   167   144 10185    23    40 -9999 -9999     1
2021 04 13 18   147   123 10187    38    44 -9999 -9999     3
2021 04 13 21   137   115 10186    12    45 -9999 -9999     2
2021 04 14 00   140   114 10202    47    50 -9999 -9999 -9999
2021 04 14 03   137   112 10212    33    42 -9999 -9999 -9999
2021 04 14 06   137   107 10192    21    37 -9999 -9999 -9999
2021 04 14 09   142   108 10169    38    54 -9999 -9999 -9999
2021 04 14 12   137   103 10175    61    22 -9999 -9999 -9999
2021 04 14 15   132    93 10177    20    27 -9999 -9999 -9999
2021 04 14 18   125    95 10164   103    11 -9999 -9999 -9999
2021 04 14 21   115    94 10152    12    16 -9999 -9999 -9999
2021 04 15 00   127   102 10161   208     5 -9999 -9999 -9999
2021 04 15 03   181   117 10158   209    12 -9999 -9999 -9999
2021 04 15 06   201   128 10134   150    39 -9999 -9999 -9999
2021 04 15 09   207   127 10131   155    26 -9999 -9999 -9999
2021 04 15 12   175   126 10147    56    15 -9999 -9999 -9999
2021 04 15 15   157   127 10161    50    16 -9999 -9999 -9999
2021 04 15 18   145   134 10153    85    19 -9999 -9999 -9999
2021 04 15 21   141   131 10154    93    14 -9999 -9999 -9999
2021 04 16 00   160   147 10169    54     8 -9999 -9999 -9999
2021 04 16 03   215   144 10173   162    16 -9999 -9999 -9999
2021 04 16 06   240   132 10161    76    13 -9999 -9999 -9999
2021 04 16 09   232   125 10151    25    10 -9999 -9999 -9999
2021 04 16 12   201   140 10171    37    39 -9999 -9999 -9999
2021 04 16 15   177   133 10184   122     8 -9999 -9999 -9999
2021 04 16 18   152   127 10179   188     4 -9999 -9999 -9999
2021 04 16 21   141   131 10185    70    14 -9999 -9999 -9999
2021 04 17 00   180   109 10220    38    65 -9999 -9999 -9999
2021 04 17 03   210    62 10232    44    75 -9999 -9999 -9999
2021 04 17 06   212    51 10225    73    71 -9999 -9999 -9999
2021 04 17 09   207    25 10211    67    39 -9999 -9999 -9999
2021 04 17 12   177    43 10221    60    14 -9999 -9999 -9999
2021 04 17 15   167    34 10227    41    38 -9999 -9999 -9999
2021 04 17 18   145    60 10220    39    43 -9999 -9999 -9999
2021 04 17 21   125    58 10220   285     8 -9999 -9999 -9999
2021 04 18 00   150    52 10227    95    10 -9999 -9999 -9999
2021 04 18 03   170    67 10214    19    34 -9999 -9999 -9999
2021 04 18 06   186    24 10194    33    36 -9999 -9999 -9999
2021 04 18 09   171    44 10186    50    21 -9999 -9999 -9999
2021 04 18 12   162    43 10185   359    14 -9999 -9999 -9999
2021 04 18 15   141    67 10184   299    21 -9999 -9999 -9999
2021 04 18 18   137    78 10173   252    15 -9999 -9999 -9999
2021 04 18 21   125    71 10166   321    10 -9999 -9999 -9999
2021 04 19 00   146   102 10172   301     9 -9999 -9999 -9999
2021 04 19 03   197    82 10167   251    14 -9999 -9999 -9999
2021 04 19 06   225    59 10148   266    27 -9999 -9999 -9999
2021 04 19 09   207    91 10135   335    16 -9999 -9999 -9999
2021 04 19 12   186    83 10144   328     6 -9999 -9999 -9999
2021 04 19 15   177    92 10141   286     9 -9999 -9999 -9999
2021 04 19 18   172    97 10133   360     2 -9999 -9999 -9999
2021 04 19 21   167   110 10131   153     8 -9999 -9999 -9999
2021 04 20 00   182   131 10143   210     6 -9999 -9999 -9999
2021 04 20 03   225   113 10146   172    13 -9999 -9999 -9999
2021 04 20 06   267   125 10119   162    18 -9999 -9999 -9999
2021 04 20 09   247   134 10112   106    27 -9999 -9999 -9999
2021 04 20 12   222   123 10123   147    11 -9999 -9999 -9999
2021 04 20 15   205   135 10130   287    12 -9999 -9999 -9999
2021 04 20 18   195   142 10119   232     8 -9999 -9999 -9999
2021 04 20 21   185   158 10117   310    20 -9999 -9999 -9999
