2021 01 01 00   -13  -117 10335   270    10 -9999 -9999     0
2021 01 01 03    46  -103 10323    70    30 -9999 -9999     0
2021 01 01 06    55   -77 10285    70    50 -9999 -9999     0
2021 01 01 09    25   -82 10286    60    30 -9999 -9999     0
2021 01 01 12    11   -77 10293    50    20 -9999 -9999     0
2021 01 01 15    11   -62 10294   250    30 -9999 -9999     0
2021 01 01 18     9   -41 10298   240    20 -9999 -9999     0
2021 01 01 21     1   -53 10294   260    20 -9999 -9999     0
2021 01 02 00    17   -59 10304   320    20 -9999 -9999     0
2021 01 02 03    79   -55 10300    70    40 -9999 -9999     0
2021 01 02 06    99   -37 10282    60    70 -9999 -9999     0
2021 01 02 09    60   -28 10289    50    70 -9999 -9999     0
2021 01 02 12    47   -23 10290    51    74 -9999 -9999 -9999
2021 01 02 15    44   -18 10305   240    40 -9999 -9999     0
2021 01 02 18    50    -9 10303   229    30 -9999 -9999 -9999
2021 01 02 21    51     1 10298   338    24 -9999 -9999 -9999
2021 01 03 00    68    17 10294   360    30 -9999 -9999     0
2021 01 03 03   115    33 10287    50    60 -9999 -9999     0
2021 01 03 06   109    46 10269    20    70 -9999 -9999     0
2021 01 03 09    99    49 10281    20    60 -9999 -9999     0
2021 01 03 12    97    76 10287    50    50 -9999 -9999     0
2021 01 03 15    99    80 10285    60    40 -9999 -9999     0
2021 01 03 18   101    75 10280    10    60 -9999 -9999     0
2021 01 03 21    95    74 10267    10    70 -9999 -9999     0
2021 01 04 00   103    81 10279    20    50 -9999 -9999     0
2021 01 04 03   140    87 10261    55    43 -9999 -9999 -9999
2021 01 04 06   130    81 10244    60    50 -9999 -9999     0
2021 01 04 09   113    80 10253    40    50 -9999 -9999     0
2021 01 04 12   106    89 10258    30    50 -9999 -9999     2
2021 01 04 15   102    85 10261    21    50 -9999 -9999     6
2021 01 04 18   101    75 10255    20    50 -9999 -9999     4
2021 01 04 21   100    66 10245    15    64 -9999 -9999 -9999
2021 01 05 00   101    64 10263    20    70 -9999 -9999     0
2021 01 05 03   101    64 10267    15    77 -9999 -9999 -9999
2021 01 05 06    93    49 10254   360    70 -9999 -9999     0
2021 01 05 09    77    52 10268   357    69 -9999 -9999 -9999
2021 01 05 12    78    42 10283    10    70 -9999 -9999     0
2021 01 05 15    71    30 10290    14    62 -9999 -9999 -9999
2021 01 05 18    62    23 10286   350    60 -9999 -9999     0
2021 01 05 21    49    16 10278   360    40 -9999 -9999     0
2021 01 06 00    50    17 10287   350    50 -9999 -9999     0
2021 01 06 03    80    18 10271    23    45 -9999 -9999 -9999
2021 01 06 06    71    10 10247   360    40 -9999 -9999     0
2021 01 06 09    54     4 10254    20    40 -9999 -9999     0
2021 01 06 12    35     9 10276   348    49 -9999 -9999     1
2021 01 06 15    30     7 10283   330    30 -9999 -9999     5
2021 01 06 18    32   -21 10288   356    60 -9999 -9999     4
2021 01 06 21    27   -38 10294    13    75 -9999 -9999 -9999
2021 01 07 00    14   -64 10309    10    80 -9999 -9999     0
2021 01 07 03    -2   -66 10320   358    68 -9999 -9999 -9999
2021 01 07 06   -17  -129 10302   356    86 -9999 -9999 -9999
2021 01 07 09   -24  -165 10312   340    60 -9999 -9999     0
2021 01 07 12   -35  -161 10329   340    44 -9999 -9999 -9999
2021 01 07 15   -42  -164 10333   350    60 -9999 -9999     0
2021 01 07 18   -49  -167 10329   340    60 -9999 -9999     0
2021 01 07 21   -55  -173 10326   330    60 -9999 -9999     0
2021 01 08 00   -61  -172 10334   340    50 -9999 -9999     0
2021 01 08 03   -23  -179 10327   350    50 -9999 -9999     0
2021 01 08 06    -7  -188 10300    10    60 -9999 -9999     0
2021 01 08 09   -21  -210 10309   340    30 -9999 -9999     0
2021 01 08 12   -34  -185 10315   360    60 -9999 -9999     0
2021 01 08 15   -35  -178 10318   340    50 -9999 -9999     0
2021 01 08 18   -30  -170 10314   330    50 -9999 -9999     0
2021 01 08 21   -30  -171 10312   321    62 -9999 -9999 -9999
2021 01 09 00   -22  -171 10316   330    50 -9999 -9999     0
2021 01 09 03    21  -191 10318   340    50 -9999 -9999     0
2021 01 09 06    31  -150 10282    20    60 -9999 -9999     0
2021 01 09 09    15  -146 10291    20    70 -9999 -9999     0
2021 01 09 12    -4  -133 10305   331    34 -9999 -9999 -9999
2021 01 09 15     1  -154 10311   280    30 -9999 -9999     0
2021 01 09 18     3  -170 10318   300    30 -9999 -9999     0
2021 01 09 21    -2  -161 10305   313    14 -9999 -9999 -9999
2021 01 10 00     0  -136 10318   300    20 -9999 -9999     0
2021 01 10 03    67  -115 10317    70    40 -9999 -9999     0
2021 01 10 06    72   -96 10287    55    66 -9999 -9999 -9999
2021 01 10 09    37   -89 10285    57    71 -9999 -9999 -9999
2021 01 10 12    22  -106 10306    20    50 -9999 -9999     0
2021 01 10 15    24   -92 10314    10    30 -9999 -9999     0
2021 01 10 18    22   -79 10314   350    40 -9999 -9999     0
2021 01 10 21    20   -66 10298   350    40 -9999 -9999     0
2021 01 11 00    21   -62 10308   350    30 -9999 -9999     0
2021 01 11 03    66   -78 10296    50    30 -9999 -9999     0
2021 01 11 06    70  -108 10265    49    58 -9999 -9999 -9999
2021 01 11 09    48  -131 10270    10    60 -9999 -9999     0
2021 01 11 12    33  -126 10280   350    50 -9999 -9999     0
2021 01 11 15    26  -132 10284   360    20 -9999 -9999     0
2021 01 11 18    18  -135 10277   320    50 -9999 -9999     0
2021 01 11 21    17  -149 10263   300    40 -9999 -9999     0
2021 01 12 03    62  -145 10252   300    30 -9999 -9999     0
2021 01 12 06    64  -103 10226   140    60 -9999 -9999     0
2021 01 12 09    45   -64 10225   140    40 -9999 -9999     0
2021 01 12 12    35   -47 10230   230    40 -9999 -9999     0
2021 01 12 15    38   -35 10222   240    70 -9999 -9999     0
2021 01 12 18    33   -37 10215   240    80 -9999 -9999     0
2021 01 12 21    24   -31 10210   240    80 -9999 -9999     0
2021 01 13 00    28   -40 10209   240    50 -9999 -9999     0
2021 01 13 03    98   -83 10201   230    20 -9999 -9999     0
2021 01 13 06   123   -62 10182   230    40 -9999 -9999     0
2021 01 13 09   102   -31 10188   240    50 -9999 -9999     0
2021 01 13 12    80    -5 10201   230    70 -9999 -9999     0
2021 01 13 15    73     9 10210   240    70 -9999 -9999     0
2021 01 13 18    67    -1 10203   240    80 -9999 -9999     0
2021 01 13 21    49     8 10201   250    70 -9999 -9999     0
2021 01 14 00    42    19 10207   247    54 -9999 -9999 -9999
2021 01 14 03   135    24 10207   237    31 -9999 -9999 -9999
2021 01 14 06   165    58 10183   230    40 -9999 -9999     0
2021 01 14 09   135    66 10187   190    30 -9999 -9999     0
2021 01 14 12   127    70 10195   190    40 -9999 -9999     0
2021 01 14 15   105    68 10192   230    50 -9999 -9999     0
2021 01 14 18   108    67 10187   240    50 -9999 -9999     0
2021 01 14 21   100    62 10180   237    45 -9999 -9999 -9999
2021 01 15 00    88    57 10179   240    60 -9999 -9999     0
2021 01 15 03   161    68 10172   237    52 -9999 -9999 -9999
2021 01 15 06   195    79 10152   240    40 -9999 -9999     0
2021 01 15 09   145    63 10170    30    50 -9999 -9999     0
2021 01 15 12   130    25 10179    32    27 -9999 -9999 -9999
2021 01 15 15   109    14 10207   360    70 -9999 -9999     0
2021 01 15 18    80    44 10224    16    88 -9999 -9999 -9999
2021 01 15 21    72    33 10232    14    76 -9999 -9999 -9999
2021 01 16 00    62    22 10260    19    84 -9999 -9999 -9999
2021 01 16 03    70    -2 10277    20    60 -9999 -9999     0
2021 01 16 06    63   -16 10260    10   100 -9999 -9999     0
2021 01 16 09    52   -18 10281    59    77 -9999 -9999 -9999
2021 01 16 12    44   -18 10306    20    80 -9999 -9999     0
2021 01 16 15    39   -21 10316   360    70 -9999 -9999     0
2021 01 16 18    34   -23 10322    10    80 -9999 -9999     0
2021 01 16 21    23   -34 10330    10    80 -9999 -9999     0
2021 01 17 00    25   -34 10345   350    50 -9999 -9999     0
2021 01 17 03    55   -46 10339    30    30 -9999 -9999     0
2021 01 17 06    73   -48 10305    60    60 -9999 -9999     0
2021 01 17 09    40   -50 10308    70    60 -9999 -9999     0
2021 01 17 12    22   -57 10309    20    40 -9999 -9999     0
2021 01 17 15    13   -56 10302    50    20 -9999 -9999     0
2021 01 17 18    11   -41 10291   240    40 -9999 -9999     0
2021 01 17 21     3   -33 10279   250    30 -9999 -9999     0
2021 01 18 00    12   -25 10283   239    50 -9999 -9999 -9999
2021 01 18 03    72   -39 10278   240    40 -9999 -9999     0
2021 01 18 06    82   -32 10253   104    29 -9999 -9999 -9999
2021 01 18 09    65   -30 10264   131    33 -9999 -9999 -9999
2021 01 18 12    47   -29 10282   100    20 -9999 -9999     0
2021 01 18 15    53   -35 10280   260    20 -9999 -9999     0
2021 01 18 18    46   -42 10276    20    20 -9999 -9999     0
2021 01 18 21    32   -25 10271   360    20 -9999 -9999     0
2021 01 19 00    32   -14 10288   340    30 -9999 -9999     0
2021 01 19 03   119     0 10292    60    40 -9999 -9999     0
2021 01 19 06   136    28 10272    50    50 -9999 -9999     0
2021 01 19 09    90    30 10280    40    30 -9999 -9999     0
2021 01 19 12    70    29 10280    40    50 -9999 -9999     0
2021 01 19 15    73    41 10270    50    50 -9999 -9999     0
2021 01 19 18    81    64 10257    40    54 -9999 -9999 -9999
2021 01 19 21    91    71 10255    50    40 -9999 -9999     0
2021 01 20 00    99    82 10257    50    40 -9999 -9999     0
2021 01 20 03   126    91 10252    60    40 -9999 -9999     0
2021 01 20 06   135    97 10227    50    50 -9999 -9999     0
2021 01 20 09   119   105 10223    30    40 -9999 -9999     1
2021 01 20 12   126   117 10227    50    30 -9999 -9999     5
2021 01 20 15   132   124 10228   120    20 -9999 -9999    20
2021 01 20 18   135   129 10213   130    20 -9999 -9999    20
2021 01 20 21   146   141 10204   170    20 -9999 -9999     0
2021 01 21 00   147   141 10207   120    20 -9999 -9999     0
2021 01 21 03   168   148 10205    90    10 -9999 -9999     0
2021 01 21 06   155   147 10183    20    30 -9999 -9999     8
2021 01 21 09   151   145 10181    50    30 -9999 -9999    30
2021 01 21 12   148   143 10185    60    40 -9999 -9999    30
2021 01 21 15   147   142 10180    40    20 -9999 -9999     4
2021 01 21 18   146   143 10170    20    30 -9999 -9999     0
2021 01 21 21   139   136 10165    50    30 -9999 -9999     0
2021 01 22 00   131   128 10171    62    41 -9999 -9999 -9999
2021 01 22 03   133   130 10174    20    50 -9999 -9999     0
2021 01 22 06   135   130 10147    30    40 -9999 -9999     0
2021 01 22 09   126   113 10145    21    42 -9999 -9999 -9999
2021 01 22 12   110   101 10157   355    57 -9999 -9999 -9999
2021 01 22 15   106   100 10155   360    40 -9999 -9999     0
2021 01 22 18    99    91 10152   350    50 -9999 -9999     0
2021 01 22 21    95    83 10149   359    59 -9999 -9999 -9999
2021 01 23 00    91    77 10170   360    50 -9999 -9999     0
2021 01 23 03   108    79 10169   350    40 -9999 -9999     0
2021 01 23 06    94    68 10158    10    60 -9999 -9999     0
2021 01 23 09    84    67 10180    10    60 -9999 -9999     0
2021 01 23 12    85    60 10204   350    60 -9999 -9999     0
2021 01 23 15    80    49 10219   360    60 -9999 -9999     0
2021 01 23 18    76    42 10220   350    50 -9999 -9999     0
2021 01 23 21    69    39 10222   360    50 -9999 -9999     0
2021 01 24 00    75    35 10238   340    20 -9999 -9999     0
2021 01 24 03    91    53 10239   360    30 -9999 -9999     0
2021 01 24 06    95    66 10219   360    30 -9999 -9999     0
2021 01 24 09    88    68 10223    10    70 -9999 -9999     0
2021 01 24 12    93    76 10233    10    50 -9999 -9999     0
2021 01 24 15    97    80 10229    30    60 -9999 -9999     0
2021 01 24 18    98    82 10223    30    50 -9999 -9999     0
2021 01 24 21   101    80 10223    20    70 -9999 -9999     0
2021 01 25 00   110    80 10229    40    30 -9999 -9999     0
2021 01 25 03   155    85 10223    50    30 -9999 -9999     0
2021 01 25 06   162    89 10196    60    30 -9999 -9999     0
2021 01 25 09   116    85 10199    60    30 -9999 -9999     0
2021 01 25 12   111    85 10199    60    30 -9999 -9999     0
2021 01 25 15   109    85 10191    40    10 -9999 -9999     0
2021 01 25 18   106    87 10183   245    35 -9999 -9999 -9999
2021 01 25 21   115    87 10186   360    20 -9999 -9999     0
2021 01 26 00   102    93 10207    16    33 -9999 -9999     8
2021 01 26 03   106    73 10215   340    30 -9999 -9999     8
2021 01 26 06   120    70 10197    59    26 -9999 -9999 -9999
2021 01 26 09    95    66 10216    60    50 -9999 -9999     0
2021 01 26 12    85    56 10227   360    40 -9999 -9999     0
2021 01 26 15    80    55 10234   350    50 -9999 -9999     0
2021 01 26 18    76    56 10241   350    60 -9999 -9999     0
2021 01 26 21    75    56 10235    10    40 -9999 -9999     0
2021 01 27 00    81    45 10245    20    40 -9999 -9999     0
2021 01 27 03   111    46 10238    20    50 -9999 -9999     0
2021 01 27 06   115    45 10212    60    60 -9999 -9999     0
2021 01 27 09    85    41 10213    60    50 -9999 -9999     0
2021 01 27 12    81    41 10223    30    40 -9999 -9999     0
2021 01 27 15    70    48 10221   360    50 -9999 -9999 -9999
2021 01 27 18    70    36 10221   310    20 -9999 -9999 -9999
2021 01 27 21    70    36 10220   300    10 -9999 -9999     0
2021 01 28 00    77    39 10239   320    30 -9999 -9999     0
2021 01 28 03   124    26 10241   340    70 -9999 -9999     0
2021 01 28 06   123    19 10241   330    70 -9999 -9999     0
2021 01 28 09   106   -15 10255   348    83 -9999 -9999 -9999
2021 01 28 12    63    28 10281    50    70 -9999 -9999     0
2021 01 28 15    45    -1 10293    20    70 -9999 -9999     0
2021 01 28 18    30   -12 10300   340    30 -9999 -9999     0
2021 01 28 21    22   -33 10302   350    40 -9999 -9999     0
2021 01 29 00    28   -25 10311   340    30 -9999 -9999     0
2021 01 29 03    81   -68 10309    59    57 -9999 -9999 -9999
2021 01 29 06    98   -49 10288    50    60 -9999 -9999     0
2021 01 29 09    57   -42 10289    80    60 -9999 -9999     0
2021 01 29 12    36   -17 10295    80    40 -9999 -9999     0
2021 01 29 15    36   -10 10289   250    30 -9999 -9999     0
2021 01 29 18    28     2 10284   240    50 -9999 -9999     0
2021 01 29 21    27    -1 10277   230    30 -9999 -9999     0
2021 01 30 00    44    16 10289   240    20 -9999 -9999     0
2021 01 30 03   101    -1 10283   200    10 -9999 -9999     0
2021 01 30 06   120    32 10261   145    32 -9999 -9999 -9999
2021 01 30 09    86    40 10269   143    32 -9999 -9999 -9999
2021 01 30 12    88    55 10273   150    10 -9999 -9999     0
2021 01 30 15   106    58 10268   230    20 -9999 -9999     0
2021 01 30 18   102    67 10260   250    40 -9999 -9999     0
2021 01 30 21   106    64 10254   250    50 -9999 -9999     0
2021 01 31 00   117    67 10258   246    50 -9999 -9999 -9999
2021 01 31 03   151    83 10253   240    50 -9999 -9999     0
2021 01 31 06   179   108 10216   230    40 -9999 -9999     0
2021 01 31 09   157   113 10223   190    30 -9999 -9999     0
2021 01 31 12   166   124 10223   200    40 -9999 -9999     0
2021 01 31 15   153   124 10221   230    50 -9999 -9999     0
2021 01 31 18   150   129 10208   230    60 -9999 -9999 -9999
2021 01 31 21   151   136 10195   220    50 -9999 -9999     0
2021 02 01 00   157   135 10204   240    60 -9999 -9999 -9999
2021 02 01 03   186   141 10194   240    60 -9999 -9999     1
2021 02 01 06   133   105 10171    60    60 -9999 -9999     1
2021 02 01 09   100    88 10184    53    66 -9999 -9999     4
2021 02 01 12    97    89 10203    30    70 -9999 -9999    30
2021 02 01 15    97    83 10222    10    80 -9999 -9999    20
2021 02 01 18   100    71 10232   360    50 -9999 -9999     0
2021 02 01 21    89    51 10247   360    50 -9999 -9999     0
2021 02 02 00    81    49 10272    60    80 -9999 -9999     0
2021 02 02 03   100    48 10282    70    60 -9999 -9999     0
2021 02 02 06   124    44 10268    50    70 -9999 -9999     0
2021 02 02 09    85    37 10276    53    75 -9999 -9999 -9999
2021 02 02 12    65    29 10292    50    60 -9999 -9999     0
2021 02 02 15    59    24 10290    70    40 -9999 -9999     0
2021 02 02 18    57    32 10285   250    20 -9999 -9999     0
2021 02 02 21    58    31 10279   260    30 -9999 -9999     0
2021 02 03 00    62    42 10291   230    20 -9999 -9999     0
2021 02 03 03   128    50 10280    70    20 -9999 -9999     0
2021 02 03 06   145    52 10244   198    26 -9999 -9999 -9999
2021 02 03 09   120    52 10243   200    50 -9999 -9999     0
2021 02 03 12   100    62 10249   230    40 -9999 -9999     0
2021 02 03 15    99    68 10255   230    30 -9999 -9999     0
2021 02 03 18    93    67 10251   240    70 -9999 -9999     0
2021 02 03 21    82    70 10261   280    20 -9999 -9999     0
2021 02 04 00   110    49 10280   359    62 -9999 -9999 -9999
2021 02 04 03   130    57 10291    70    50 -9999 -9999     0
2021 02 04 06   131    58 10266    50    90 -9999 -9999     0
2021 02 04 09    95    59 10262    60    70 -9999 -9999     0
2021 02 04 12    86    55 10272    50    70 -9999 -9999     0
2021 02 04 15    82    57 10263    50    40 -9999 -9999     0
2021 02 04 18    86    55 10247   334    11 -9999 -9999 -9999
2021 02 04 21    83    61 10230   250    30 -9999 -9999     0
2021 02 05 00    92    63 10225   150    10 -9999 -9999 -9999
2021 02 05 03   116    77 10219   240    20 -9999 -9999     0
2021 02 05 06   146   108 10180   240    50 -9999 -9999     1
2021 02 05 09   143   107 10175   240    30 -9999 -9999     1
2021 02 05 12   111    90 10189    40    40 -9999 -9999     0
2021 02 05 15   119    91 10191    20    10 -9999 -9999     0
2021 02 05 18   115    96 10184   240    10 -9999 -9999     0
2021 02 05 21   101    87 10191    50    50 -9999 -9999     0
2021 02 06 00   106    87 10209    40    30 -9999 -9999     0
2021 02 06 03   135    90 10208    80    60 -9999 -9999     0
2021 02 06 06   140    84 10187    80    60 -9999 -9999     0
2021 02 06 09    97    76 10196    70    40 -9999 -9999     0
2021 02 06 12    80    72 10209    71    18 -9999 -9999 -9999
2021 02 06 15    86    74 10210   250    30 -9999 -9999     0
2021 02 06 18    86    77 10209   243    47 -9999 -9999 -9999
2021 02 06 21   104    73 10207   250    40 -9999 -9999     0
2021 02 07 00   114    84 10221     0 -9999 -9999 -9999     0
2021 02 07 03   130    87 10222    90    10 -9999 -9999     0
2021 02 07 06   139    81 10199   140    20 -9999 -9999     0
2021 02 07 09   121    86 10206    60    40 -9999 -9999     0
2021 02 07 12   113    78 10229    30    40 -9999 -9999     0
2021 02 07 15   117    76 10235    20    30 -9999 -9999     0
2021 02 07 18   121    64 10233    14    28 -9999 -9999 -9999
2021 02 07 21   102    68 10247    25    74 -9999 -9999 -9999
2021 02 08 00    92    72 10279    70    80 -9999 -9999 -9999
2021 02 08 03    88    50 10294    70    70 -9999 -9999     0
2021 02 08 06    74    38 10288    50    60 -9999 -9999 -9999
2021 02 08 09    71    16 10292    30    60 -9999 -9999     0
2021 02 08 12    65    13 10310    14    60 -9999 -9999 -9999
2021 02 08 15    60    10 10310    20    50 -9999 -9999     0
2021 02 08 18    58    11 10295    10    50 -9999 -9999     0
2021 02 08 21    61    16 10292    60    50 -9999 -9999     0
2021 02 09 00    69    22 10298    60    60 -9999 -9999     0
2021 02 09 03   102    30 10297    60    60 -9999 -9999     0
2021 02 09 06   100    28 10279    60    30 -9999 -9999     0
2021 02 09 12    72    34 10275    50    44 -9999 -9999 -9999
2021 02 09 15    72    38 10264    10    40 -9999 -9999     0
2021 02 09 18    73    44 10258   360    40 -9999 -9999     0
2021 02 09 21    76    49 10237    41    35 -9999 -9999 -9999
2021 02 10 00    85    60 10239    60    50 -9999 -9999     0
2021 02 10 03   102    65 10247    60    40 -9999 -9999 -9999
2021 02 10 06    91    82 10226    20    60 -9999 -9999    10
2021 02 10 09    92    86 10221    60    60 -9999 -9999    50
2021 02 11 00    98    95 10204    50   110 -9999 -9999   130
2021 02 13 12   120   107 10206    30    30 -9999 -9999     0
2021 02 13 15   120   106 10197    20    30 -9999 -9999     0
2021 02 13 18   120   107 10181    30    20 -9999 -9999     0
2021 02 13 21   119   110 10163   280    20 -9999 -9999     0
2021 02 14 00   126   118 10165   310    10 -9999 -9999     0
2021 02 14 03   166   128 10158   230    30 -9999 -9999     0
2021 02 14 06   161   123 10124   110    20 -9999 -9999     0
2021 02 14 09   153   115 10124    50    20 -9999 -9999     0
2021 02 14 12   143   123 10139   240    20 -9999 -9999 -9999
2021 02 14 15   138   129 10147   240    30 -9999 -9999     2
2021 02 14 18   125   120 10151   247    49 -9999 -9999     2
2021 02 14 21   127    88 10161   340    60 -9999 -9999     0
2021 02 15 00   127    93 10184    30    10 -9999 -9999     0
2021 02 15 03   161    93 10188    60    70 -9999 -9999     0
2021 02 15 06   145    89 10186    60   110 -9999 -9999     0
2021 02 15 09   102    70 10188    65    86 -9999 -9999 -9999
2021 02 15 12    82    59 10209    51    91 -9999 -9999 -9999
2021 02 15 15    75    45 10215    60    40 -9999 -9999     0
2021 02 15 18    74    42 10212    50    50 -9999 -9999     0
2021 02 15 21    72    33 10204    70    26 -9999 -9999 -9999
2021 02 16 00    81    38 10208    70    32 -9999 -9999 -9999
2021 02 16 03    89    63 10209    60    10 -9999 -9999     5
2021 02 16 06    81    73 10186   250    30 -9999 -9999    10
2021 02 16 09    90    80 10187     4     9 -9999 -9999     7
2021 02 16 12    85    77 10206    22    43 -9999 -9999     2
2021 02 16 15    90    62 10222    14    58 -9999 -9999 -9999
2021 02 16 18    82    50 10232    60    70 -9999 -9999     0
2021 02 16 21    72    40 10242    10    60 -9999 -9999     0
2021 02 17 00    66     9 10270    30    60 -9999 -9999     0
2021 02 17 03    95     7 10271    60    50 -9999 -9999     0
2021 02 17 06   102     2 10261    50   100 -9999 -9999     0
2021 02 17 09    71     3 10269    60   100 -9999 -9999     0
2021 02 17 12    48   -19 10287    20    50 -9999 -9999     0
2021 02 17 15    37   -27 10295   350    40 -9999 -9999     0
2021 02 17 18    29   -15 10294   360    30 -9999 -9999     0
2021 02 17 21    27   -44 10296   348    15 -9999 -9999 -9999
2021 02 18 00    55   -34 10312    41    18 -9999 -9999 -9999
2021 02 18 03    94   -53 10308    20    20 -9999 -9999     0
2021 02 18 06   122   -49 10281    50    30 -9999 -9999     0
2021 02 18 09    98   -42 10282   360    50 -9999 -9999     0
2021 02 18 12    63   -21 10292    20    40 -9999 -9999     0
2021 02 18 15    47   -43 10292    10    20 -9999 -9999     0
2021 02 18 18    54   -56 10276   320    20 -9999 -9999     0
2021 02 18 21    40   -24 10264   240    40 -9999 -9999     0
2021 02 19 00    53     5 10268   240    30 -9999 -9999     0
2021 02 19 03   113    21 10259   240    40 -9999 -9999     0
2021 02 19 06   140    26 10223   239    48 -9999 -9999 -9999
2021 02 19 09   123    40 10214   240    40 -9999 -9999     0
2021 02 20 15   132    42 10181   241    86 -9999 -9999 -9999
2021 02 20 18   125    50 10169   241    63 -9999 -9999 -9999
2021 02 20 21   116    53 10165   248    59 -9999 -9999 -9999
2021 02 21 00   110    69 10174   241    57 -9999 -9999 -9999
2021 02 21 03   177    21 10174   230    72 -9999 -9999 -9999
2021 02 21 06   211    24 10145   231    50 -9999 -9999 -9999
2021 02 21 09   181    12 10137   225    63 -9999 -9999 -9999
2021 02 21 15   155    19 10151   244    73 -9999 -9999 -9999
2021 02 21 18   137    49 10145   246    72 -9999 -9999 -9999
2021 02 21 21   119    80 10142   240    70 -9999 -9999     0
2021 02 22 00   137    54 10155   240    50 -9999 -9999 -9999
2021 02 22 03   176    71 10163   240    40 -9999 -9999     0
2021 02 22 06   221    71 10148   100    10 -9999 -9999     0
2021 02 22 09   190    55 10164   130    30 -9999 -9999     0
2021 02 22 12   154    72 10197    60   120 -9999 -9999     0
2021 02 22 15   118    77 10222    40    90 -9999 -9999     0
2021 02 22 18   108    58 10222    20    70 -9999 -9999     0
2021 02 22 21   101    47 10223    20    80 -9999 -9999     0
2021 02 23 00    95    47 10242    60    60 -9999 -9999     0
2021 02 23 03   100    48 10243    24    71 -9999 -9999 -9999
2021 02 23 06    97    49 10224    60    50 -9999 -9999 -9999
2021 02 23 09    99    49 10213    50    70 -9999 -9999     0
2021 02 23 12    93    55 10227    50    90 -9999 -9999     0
2021 02 23 15    89    49 10231    40    50 -9999 -9999     0
2021 02 23 18    86    52 10215    50    40 -9999 -9999     0
2021 02 23 21    87    56 10210    10    30 -9999 -9999     0
2021 02 24 00   103    72 10225    10    30 -9999 -9999     0
2021 02 24 03   135    88 10216    60    60 -9999 -9999     0
2021 02 24 06   144    96 10193    50    70 -9999 -9999     0
2021 02 24 09   125    91 10184    53    68 -9999 -9999 -9999
2021 02 24 12   120   105 10188    45    24 -9999 -9999 -9999
2021 02 24 15   125   111 10187    40    20 -9999 -9999     0
2021 02 24 18   134   118 10168    80    10 -9999 -9999     0
2021 02 24 21   124   111 10157   240    10 -9999 -9999     0
2021 02 25 00   141   135 10149   116    30 -9999 -9999 -9999
2021 02 25 03   164   148 10143   120    10 -9999 -9999     0
2021 02 25 06   189   158 10115   180    10 -9999 -9999     0
2021 02 25 09   167   156 10106    60    15 -9999 -9999 -9999
2021 02 25 12   142   138 10109    40    50 -9999 -9999 -9999
2021 02 25 15   130   122 10111    12    77 -9999 -9999   109
2021 02 25 18   116   108 10116   358    46 -9999 -9999   135
2021 02 25 21   112    96 10118   326    46 -9999 -9999    26
2021 02 26 00   102    84 10137   356    71 -9999 -9999 -9999
2021 02 26 03   108    87 10149   340    70 -9999 -9999     0
2021 02 26 06   110   100 10134   360    82 -9999 -9999    47
2021 02 26 09   100    91 10152   357    75 -9999 -9999    60
2021 02 26 12   100    94 10172    11    89 -9999 -9999    30
2021 02 26 15   106    95 10171    20   100 -9999 -9999    20
2021 02 26 18   100    91 10170    20    80 -9999 -9999    20
2021 02 26 21    97    89 10170    16    65 -9999 -9999    51
2021 02 27 00   101    87 10189   360    70 -9999 -9999    40
2021 02 27 03   109   100 10195   350    70 -9999 -9999    20
2021 02 27 06   131   103 10179   349    50 -9999 -9999    21
2021 02 27 09   114   101 10188   360    60 -9999 -9999     6
2021 02 27 12   107   102 10195     9    67 -9999 -9999 -9999
2021 02 27 15   111   106 10200    20    60 -9999 -9999     7
2021 02 27 18   112   109 10194   354    66 -9999 -9999    26
2021 02 27 21   113   107 10186   360    80 -9999 -9999    20
2021 02 28 00   122   111 10195   360    60 -9999 -9999     0
2021 02 28 03   151   121 10191   340    40 -9999 -9999     0
2021 02 28 06   172   133 10169    50    10 -9999 -9999     0
2021 02 28 09   149   122 10162    40    30 -9999 -9999     0
2021 02 28 12   124   116 10167    40    40 -9999 -9999     0
2021 02 28 15   133   125 10175   340    10 -9999 -9999     0
2021 02 28 18   130   125 10164   240    40 -9999 -9999     0
2021 02 28 21   131   126 10159   250    60 -9999 -9999     0
2021 03 01 00   132   125 10164   234    20 -9999 -9999 -9999
2021 03 01 03   154   132 10157   240    50 -9999 -9999     0
2021 03 01 06   159   132 10142    60    50 -9999 -9999    -1
2021 03 01 09   140   124 10152    30    50 -9999 -9999 -9999
2021 03 01 12   126    96 10184   360    60 -9999 -9999    -1
2021 03 01 15    83    61 10214    20    80 -9999 -9999     2
2021 03 01 18    66    52 10228   354    60 -9999 -9999    13
2021 03 01 21    58    40 10241   360    80 -9999 -9999    20
2021 03 02 00    55    35 10271   350    70 -9999 -9999     6
2021 03 02 03    62    25 10281   360    70 -9999 -9999     0
2021 03 02 06    83    21 10272    60    60 -9999 -9999     0
2021 03 02 09    76     1 10282    17    61 -9999 -9999 -9999
2021 03 02 12    57    14 10290    26    53 -9999 -9999 -9999
2021 03 02 15    60    21 10294    30    40 -9999 -9999     0
2021 03 02 18    53    16 10285   360    40 -9999 -9999     0
2021 03 02 21    55    18 10277   360    50 -9999 -9999     0
2021 03 03 00    71    24 10282    49    41 -9999 -9999 -9999
2021 03 03 03   107    50 10271    70    40 -9999 -9999     0
2021 03 03 06   144    57 10246    60    40 -9999 -9999     0
2021 03 03 09    91    62 10238    40    30 -9999 -9999 -9999
2021 03 03 12    83    74 10241    10    40 -9999 -9999    10
2021 03 03 15    91    85 10229   360    40 -9999 -9999    40
2021 03 03 18    95    89 10204   295    11 -9999 -9999    44
2021 03 03 21    93    90 10183   240    40 -9999 -9999    40
2021 03 04 00   107   104 10199   310    30 -9999 -9999    40
2021 03 04 03   165   114 10194    70    30 -9999 -9999    20
2021 03 04 06   162    94 10175   340    30 -9999 -9999     0
2021 03 04 09   151    76 10193   310    20 -9999 -9999     0
2021 03 04 12   109    80 10212   350    10 -9999 -9999     0
2021 03 04 15    95    83 10213    90    20 -9999 -9999     0
2021 03 04 18    93    77 10211    40    20 -9999 -9999     0
2021 03 04 21    92    86 10211    60    40 -9999 -9999     0
2021 03 05 00    98    84 10226    50    50 -9999 -9999     0
2021 03 05 03   125    68 10225    60    20 -9999 -9999     0
2021 03 05 06   130    80 10195   125    15 -9999 -9999 -9999
2021 03 05 09   110    84 10207   340    20 -9999 -9999     0
2021 03 05 12   103    92 10205   200    10 -9999 -9999    10
2021 03 05 15    98    89 10212   230    30 -9999 -9999    20
2021 03 05 18    97    81 10201   180    10 -9999 -9999    50
2021 03 05 21    97    86 10204    50    40 -9999 -9999    40
2021 03 06 00   106   101 10218    50    90 -9999 -9999    30
2021 03 06 03   106    97 10227    60    70 -9999 -9999    40
2021 03 06 06   107    83 10218    28    65 -9999 -9999     4
2021 03 06 09    99    75 10234    60    70 -9999 -9999     0
2021 03 06 12    95    66 10246    10    60 -9999 -9999     0
2021 03 06 15    88    71 10253   360    50 -9999 -9999     0
2021 03 06 18    85    75 10246   350    45 -9999 -9999     1
2021 03 06 21    86    67 10240   350    60 -9999 -9999     1
2021 03 07 00    94    72 10256   350    80 -9999 -9999     0
2021 03 07 03   107    79 10259     5    62 -9999 -9999 -9999
2021 03 07 06   121    82 10238    15    73 -9999 -9999 -9999
2021 03 07 09   102    76 10245    10    70 -9999 -9999     0
2021 03 07 12    97    75 10263    10    68 -9999 -9999 -9999
2021 03 07 15    98    74 10269   360    70 -9999 -9999     0
2021 03 07 18    96    72 10261    10    50 -9999 -9999     0
2021 03 07 21    91    71 10254    20    50 -9999 -9999     0
2021 03 08 00    97    75 10275    13    49 -9999 -9999 -9999
2021 03 08 03   141    85 10270    60    80 -9999 -9999     0
2021 03 08 06   149    82 10245    50    80 -9999 -9999     0
2021 03 08 09   107    74 10241    50    50 -9999 -9999     0
2021 03 08 12    87    51 10250    50    80 -9999 -9999     8
2021 03 08 15    85    41 10251    30    20 -9999 -9999    10
2021 03 08 18    86    40 10239   330    20 -9999 -9999     4
2021 03 08 21    88    55 10233   360    30 -9999 -9999     0
2021 03 09 00    97    63 10252    18    24 -9999 -9999 -9999
2021 03 09 03   139    91 10253    50    40 -9999 -9999     0
2021 03 09 06   155    90 10236    54    71 -9999 -9999 -9999
2021 03 09 09   116    81 10246    60    90 -9999 -9999     0
2021 03 09 12   106    80 10267    60    90 -9999 -9999     0
2021 03 09 15    98    84 10274    10    60 -9999 -9999     0
2021 03 09 18    93    74 10271    10    50 -9999 -9999     0
2021 03 09 21    91    72 10269    20    40 -9999 -9999     0
2021 03 10 00   117    73 10290    58    38 -9999 -9999 -9999
2021 03 10 03   153    73 10282    60    60 -9999 -9999     0
2021 03 10 06   168    48 10260    60    60 -9999 -9999     0
2021 03 10 09   129    63 10259    50    70 -9999 -9999     0
2021 03 10 12    96    77 10264    50    60 -9999 -9999     0
2021 03 10 15    97    80 10259    51    51 -9999 -9999 -9999
2021 03 10 18    99    82 10246    20    30 -9999 -9999     0
2021 03 10 21   100    86 10239   237     6 -9999 -9999 -9999
2021 03 11 00   105    95 10239   232    19 -9999 -9999     3
2021 03 11 03   102    98 10233   239    46 -9999 -9999    52
2021 03 11 06   133   127 10198   240    30 -9999 -9999    60
2021 03 11 09   131   122 10191   232    24 -9999 -9999    12
2021 03 11 12   126   120 10207   250    30 -9999 -9999     3
2021 03 11 15   127   121 10209   350    50 -9999 -9999     0
2021 03 11 18   126   117 10206   360    60 -9999 -9999     0
2021 03 11 21   120    93 10206    42    17 -9999 -9999 -9999
2021 03 12 00   140    85 10223   331    68 -9999 -9999 -9999
2021 03 12 03   152    84 10237   340    60 -9999 -9999     0
2021 03 12 06   167    74 10220   350    70 -9999 -9999     0
2021 03 12 09   135    60 10224    17    69 -9999 -9999 -9999
2021 03 12 12   118    57 10246    20    50 -9999 -9999     0
2021 03 12 15   104    82 10252    60    50 -9999 -9999     0
2021 03 12 18    90    76 10247    27    21 -9999 -9999 -9999
2021 03 12 21    85    67 10235    21    41 -9999 -9999 -9999
2021 03 13 00   112    53 10249    16    35 -9999 -9999 -9999
2021 03 13 03   163    64 10245    70    50 -9999 -9999     0
2021 03 13 06   161    81 10218    79    60 -9999 -9999 -9999
2021 03 13 09   116    79 10211    70    60 -9999 -9999     0
2021 03 13 12   102    80 10218    59    52 -9999 -9999 -9999
2021 03 13 15    97    80 10226    30    20 -9999 -9999     0
2021 03 13 18    90    76 10217   350    30 -9999 -9999     0
2021 03 13 21    85    74 10212    57    11 -9999 -9999 -9999
2021 03 14 00   114    97 10224    50    10 -9999 -9999     0
2021 03 14 03   167    99 10222    70    40 -9999 -9999     0
2021 03 14 06   174   101 10198    70    60 -9999 -9999     0
2021 03 14 09   135    92 10191    80    40 -9999 -9999     0
2021 03 14 12   117    88 10194   168    22 -9999 -9999 -9999
2021 03 14 15   117    86 10193   230    40 -9999 -9999     0
2021 03 14 18   119    96 10179   220    50 -9999 -9999     0
2021 03 14 21   114    98 10162   230    40 -9999 -9999     0
2021 03 15 00   136   110 10171   230    80 -9999 -9999     0
2021 03 15 03   190   108 10164   230    80 -9999 -9999     0
2021 03 15 06   220   136 10130   225    71 -9999 -9999 -9999
2021 03 15 09   204   143 10127   210    60 -9999 -9999     0
2021 03 15 12   190   147 10139   230    80 -9999 -9999     0
2021 03 15 15   172   148 10138   240    70 -9999 -9999     0
2021 03 15 18   166   150 10128   240    49 -9999 -9999 -9999
2021 03 15 21   167   152 10126   250    40 -9999 -9999     0
2021 03 16 00   180   156 10147     8    13 -9999 -9999 -9999
2021 03 16 03   194   151 10155    60    60 -9999 -9999     0
2021 03 16 06   157   125 10147    30    70 -9999 -9999     0
2021 03 16 09   132   111 10158   360    60 -9999 -9999     0
2021 03 16 12   117   109 10175    14    76 -9999 -9999    11
2021 03 16 15   113   104 10181    70    60 -9999 -9999    10
2021 03 16 18    98    87 10175    70    60 -9999 -9999     0
2021 03 16 21    94    68 10174    40    50 -9999 -9999     0
2021 03 17 00    89    80 10189    60    80 -9999 -9999    20
2021 03 17 03    98    81 10192    20    40 -9999 -9999    20
2021 03 17 06    96    87 10175    61    45 -9999 -9999    39
2021 03 17 09    88    77 10177    40    50 -9999 -9999    60
2021 03 17 12    91    75 10189    50    50 -9999 -9999    20
2021 03 17 15    93    72 10195   360    30 -9999 -9999     0
2021 03 17 18    94    63 10182   360    20 -9999 -9999     0
2021 03 17 21    97    76 10178    23    23 -9999 -9999 -9999
2021 03 18 00   107    81 10185    59    25 -9999 -9999 -9999
2021 03 18 03   129    90 10180    60    30 -9999 -9999     0
2021 03 18 06   143    89 10156    70    20 -9999 -9999     0
2021 03 18 09   126    96 10157    80    20 -9999 -9999     0
2021 03 18 12   117    99 10167    53    50 -9999 -9999 -9999
2021 03 18 15   113    87 10171    10    40 -9999 -9999     0
2021 03 18 18   118    86 10161    40    40 -9999 -9999     0
2021 03 18 21   121   107 10147    50    30 -9999 -9999     0
2021 03 19 00   125   119 10159   356    22 -9999 -9999 -9999
2021 03 19 03   127   122 10151    20    40 -9999 -9999     7
2021 03 19 06   130   125 10130    45    27 -9999 -9999    68
2021 03 19 09   132   119 10118    50    60 -9999 -9999    60
2021 03 19 12   127   121 10134    50    30 -9999 -9999     0
2021 03 19 15   129   124 10133   260    10 -9999 -9999     0
2021 03 19 18   132   129 10110     0 -9999 -9999 -9999     0
2021 03 19 21   132   129 10119   186    16 -9999 -9999   238
2021 03 20 00   127   124 10129    10    60 -9999 -9999   390
2021 03 20 03   137   114 10141   330    30 -9999 -9999   150
2021 03 20 06   155    98 10126   345    56 -9999 -9999 -9999
2021 03 20 09   127    86 10144    10    60 -9999 -9999     0
2021 03 20 12   110    80 10171    20    70 -9999 -9999     0
2021 03 20 15   100    71 10182    30    50 -9999 -9999 -9999
2021 03 20 18    78    69 10195   340    40 -9999 -9999    30
2021 03 20 21    83    68 10203   360    60 -9999 -9999    40
2021 03 21 00    91    57 10225   338    65 -9999 -9999    21
2021 03 21 03   112    47 10237   359    67 -9999 -9999     7
2021 03 21 06   125     9 10229    14    51 -9999 -9999 -9999
2021 03 21 09   114    32 10237   360    20 -9999 -9999     0
2021 03 21 12   101    64 10259    52    72 -9999 -9999 -9999
2021 03 21 15    89    37 10270    60    60 -9999 -9999     0
2021 03 21 18    77    28 10273   350    40 -9999 -9999     0
2021 03 21 21    72    25 10281   350    26 -9999 -9999 -9999
2021 03 22 00    86    24 10293   347    33 -9999 -9999 -9999
2021 03 22 03   136    22 10290    60    70 -9999 -9999     0
2021 03 22 06   148    30 10275    60    70 -9999 -9999     0
2021 03 22 09   127     1 10269    57    69 -9999 -9999 -9999
2021 03 22 12    94    34 10285    80    50 -9999 -9999     0
2021 03 22 15    85    45 10283   260    10 -9999 -9999     0
2021 03 22 18    75    30 10271   250    20 -9999 -9999     0
2021 03 22 21    67    52 10268   250    30 -9999 -9999     0
2021 03 23 00    91    60 10279   242    31 -9999 -9999 -9999
2021 03 23 03   143    25 10266   140    60 -9999 -9999     0
2021 03 23 06   136    25 10231   140    80 -9999 -9999     0
2021 03 23 09   121    33 10222   168    50 -9999 -9999 -9999
2021 03 23 12   110    42 10217   189     5 -9999 -9999 -9999
2021 03 23 15   117    66 10206   220    30 -9999 -9999     0
2021 03 23 18   111    83 10185   240    30 -9999 -9999     1
2021 03 23 21   104    98 10178    20    40 -9999 -9999    60
2021 03 24 00   103    98 10176   360    80 -9999 -9999   100
2021 03 24 03   108   103 10177   360    80 -9999 -9999   170
2021 03 24 06   110    98 10163   360    80 -9999 -9999   140
2021 03 24 09   128    98 10165   360    50 -9999 -9999    20
2021 03 24 12   126    81 10190   357    55 -9999 -9999     5
2021 03 24 15   122    72 10188    19    85 -9999 -9999 -9999
2021 03 24 18   117    84 10185   360    60 -9999 -9999     0
2021 03 24 21   117    90 10195     1    48 -9999 -9999 -9999
2021 03 25 00   146    96 10224   352    40 -9999 -9999 -9999
2021 03 25 03   190   108 10233    60    60 -9999 -9999     0
2021 03 25 06   204   102 10218    60    50 -9999 -9999     0
2021 03 25 09   172    84 10214    50    60 -9999 -9999     0
2021 03 25 12   114    79 10219    50    50 -9999 -9999     0
2021 03 25 15   109    66 10224    50    40 -9999 -9999     0
2021 03 25 18   111    81 10205    20    40 -9999 -9999     0
2021 03 25 21   118    88 10200   300    10 -9999 -9999     0
2021 03 26 00   119    91 10209   250    30 -9999 -9999     0
2021 03 26 03   166   122 10203    60    20 -9999 -9999     0
2021 03 26 06   161   139 10174    80    20 -9999 -9999 -9999
2021 03 26 09   160   142 10158    80    20 -9999 -9999     0
2021 03 26 12   162   157 10155   144    73 -9999 -9999     5
2021 03 26 15   174   168 10148   200    50 -9999 -9999    10
2021 03 26 18   162   157 10128   231    53 -9999 -9999     6
2021 03 26 21   158   155 10108   220    40 -9999 -9999     0
2021 03 27 00   157   154 10115   240    20 -9999 -9999     0
2021 03 27 03   181   175 10100   230    40 -9999 -9999     5
2021 03 27 06   185   156 10073   250    40 -9999 -9999     5
2021 03 27 09   176   147 10068   210    30 -9999 -9999     0
2021 03 27 12   156   143 10089   355    29 -9999 -9999 -9999
2021 03 27 15   150   139 10096    30    50 -9999 -9999     0
2021 03 27 18   144   139 10091    50    30 -9999 -9999    20
2021 03 27 21   137   132 10086    60    60 -9999 -9999   150
2021 03 28 00   136   133 10108    54    14 -9999 -9999   136
2021 03 28 03   156   151 10111    10    30 -9999 -9999    10
2021 03 28 06   188   137 10095    80    20 -9999 -9999    -1
2021 03 28 09   160   122 10087   130    36 -9999 -9999 -9999
2021 03 28 12   145   122 10109   140    30 -9999 -9999     0
2021 03 28 15   136   120 10114   250    30 -9999 -9999     0
2021 03 28 18   137   131 10104   240    30 -9999 -9999     0
2021 03 28 21   140   132 10100   229    41 -9999 -9999 -9999
2021 03 29 00   157   146 10113   240    30 -9999 -9999     0
2021 03 29 03   195   152 10103    70    10 -9999 -9999     0
2021 03 29 06   171   146 10071   137    67 -9999 -9999 -9999
2021 03 29 09   162   142 10064   170    40 -9999 -9999 -9999
2021 03 29 12   165   159 10067   166    65 -9999 -9999    71
2021 03 29 15   169   166 10074   170    20 -9999 -9999    70
2021 03 29 18   167   164 10056    28    11 -9999 -9999     4
2021 03 29 21   164   161 10046    30    20 -9999 -9999     8
2021 03 30 00   159   156 10078    20    30 -9999 -9999     5
2021 03 30 03   143   140 10089    60    90 -9999 -9999     8
2021 03 30 06   132   129 10091    70    80 -9999 -9999    10
2021 03 30 09   139   107 10098    40    50 -9999 -9999     3
2021 03 30 12   145   113 10113    12    46 -9999 -9999 -9999
2021 03 30 15   138   124 10121   250    10 -9999 -9999     5
2021 03 30 18   132   124 10094    42    28 -9999 -9999     8
2021 03 30 21   135   129 10090    30    50 -9999 -9999     3
2021 03 31 00   140   136 10110     8    63 -9999 -9999     8
2021 03 31 03   154   151 10095    60    40 -9999 -9999    90
2021 03 31 06   165   162 10060   230    30 -9999 -9999    90
2021 03 31 09   165   162 10071   230    50 -9999 -9999     2
2021 03 31 12   166   161 10083   228    40 -9999 -9999     9
2021 03 31 15   163   160 10076   210    20 -9999 -9999    30
2021 03 31 18   162   159 10072   250    50 -9999 -9999    20
2021 03 31 21   152   149 10080    50    30 -9999 -9999     7
2021 04 01 00   161   158 10081   240    30 -9999 -9999    10
2021 04 01 03   197   195 10079   256    37 -9999 -9999    41
2021 04 01 06   190   164 10073    60    70 -9999 -9999    40
2021 04 01 09   165   154 10077    70    30 -9999 -9999     0
2021 04 01 12   160   154 10082   180    10 -9999 -9999     0
2021 04 01 15   151   146 10104    30    30 -9999 -9999     0
2021 04 01 18   156   153 10096    30    30 -9999 -9999     0
2021 04 01 21   156   153 10105    60    10 -9999 -9999     0
2021 04 02 00   166   163 10122   220    10 -9999 -9999    50
2021 04 02 03   173   156 10120    60    30 -9999 -9999    50
2021 04 02 06   190   164 10108    76    44 -9999 -9999 -9999
2021 04 02 09   160   149 10113    84    29 -9999 -9999 -9999
2021 04 02 12   160   148 10124   358     6 -9999 -9999 -9999
2021 04 02 15   163   152 10126   330    10 -9999 -9999     0
2021 04 02 18   155   147 10125   143     9 -9999 -9999 -9999
2021 04 02 21   156   148 10131   250    10 -9999 -9999     0
2021 04 03 00   157   150 10148    33    21 -9999 -9999 -9999
2021 04 03 03   161   155 10151    30    20 -9999 -9999     0
2021 04 03 06   187   155 10128    57    32 -9999 -9999 -9999
2021 04 03 09   170   145 10140    10    60 -9999 -9999     0
2021 04 03 12   161   132 10158    18    45 -9999 -9999 -9999
2021 04 03 15   150   120 10170   360    40 -9999 -9999     0
2021 04 03 18   132   107 10177   340    50 -9999 -9999     0
2021 04 03 21   126    91 10182    15    44 -9999 -9999 -9999
2021 04 04 00   123    88 10205    10    60 -9999 -9999     0
2021 04 04 03   148    94 10211    10    40 -9999 -9999     0
2021 04 04 06   179    98 10190    40    50 -9999 -9999     0
2021 04 04 09   151    42 10192    18    79 -9999 -9999 -9999
2021 04 04 12   125    59 10219    50    50 -9999 -9999     0
2021 04 04 15   112    25 10228    10    50 -9999 -9999     0
2021 04 04 18    97    17 10219     2    52 -9999 -9999 -9999
2021 04 04 21    92     0 10220   353    64 -9999 -9999 -9999
2021 04 05 00   127    29 10236     7    43 -9999 -9999 -9999
2021 04 05 03   169    43 10230    60    50 -9999 -9999     0
2021 04 05 06   173    65 10205    60    90 -9999 -9999     0
2021 04 05 09   145    30 10205    60    50 -9999 -9999     0
2021 04 05 12   127    76 10215    50    50 -9999 -9999     0
2021 04 05 15   119    87 10215    60    50 -9999 -9999     0
2021 04 05 18   117    91 10199    60    50 -9999 -9999     0
2021 04 05 21   116    88 10206    30    10 -9999 -9999     0
2021 04 06 00   127    93 10224    54    34 -9999 -9999 -9999
2021 04 06 03   182   108 10222    70    40 -9999 -9999     0
2021 04 06 06   192   102 10210    68    56 -9999 -9999 -9999
2021 04 06 09   152    96 10211    72    79 -9999 -9999 -9999
2021 04 06 12   124   101 10233    60    50 -9999 -9999     0
2021 04 06 15   119    98 10232    60    40 -9999 -9999     0
2021 04 06 18   107    61 10223    42    37 -9999 -9999 -9999
2021 04 06 21   105    55 10213    50    30 -9999 -9999     0
2021 04 07 00   148    78 10226    60    50 -9999 -9999     0
2021 04 07 03   164    79 10215    60    40 -9999 -9999     0
2021 04 07 06   165    68 10198    57    48 -9999 -9999 -9999
2021 04 07 09   135    96 10198    60    50 -9999 -9999     0
2021 04 07 12   127   105 10201    54    36 -9999 -9999 -9999
2021 04 07 15   129   103 10201    50    50 -9999 -9999     0
2021 04 07 18   127    92 10182    59    74 -9999 -9999 -9999
2021 04 07 21   125    58 10188    58    94 -9999 -9999 -9999
2021 04 08 00   118    69 10219    60    60 -9999 -9999     2
2021 04 08 03   128    68 10220    60    70 -9999 -9999     4
2021 04 08 06   137    56 10207    20    60 -9999 -9999     2
2021 04 08 09   136    50 10205   360    30 -9999 -9999     0
2021 04 08 12   127    74 10214    51    37 -9999 -9999 -9999
2021 04 08 15   121    53 10217   360    40 -9999 -9999     0
2021 04 08 18   119    26 10205    10    40 -9999 -9999     0
2021 04 08 21   119    46 10211    10    40 -9999 -9999     0
2021 04 09 00   141    72 10236    30    50 -9999 -9999     0
2021 04 09 03   171    48 10243    60    50 -9999 -9999     0
2021 04 09 06   180    45 10231    58    70 -9999 -9999 -9999
2021 04 09 09   155     5 10230    60    70 -9999 -9999     0
2021 04 09 12   124     8 10244    60    80 -9999 -9999     0
2021 04 09 15   108    45 10249    40    40 -9999 -9999     0
2021 04 09 18    96    54 10244    20    50 -9999 -9999     0
2021 04 09 21    90    53 10251     9    51 -9999 -9999 -9999
2021 04 10 00   140    88 10256    40    45 -9999 -9999 -9999
2021 04 10 03   183   125 10264    20    50 -9999 -9999     0
2021 04 10 06   189   131 10248    50    80 -9999 -9999     0
2021 04 10 09   153   122 10244    60    70 -9999 -9999     0
2021 04 10 12   144   124 10249    60    60 -9999 -9999     0
2021 04 10 15   141   133 10247    20    40 -9999 -9999     1
2021 04 10 18   151   145 10232    50    60 -9999 -9999     4
2021 04 10 21   151   146 10230    50    60 -9999 -9999    10
2021 04 11 00   156   153 10242    50    40 -9999 -9999    17
2021 04 11 03   164   161 10240   160    30 -9999 -9999    30
2021 04 11 06   166   163 10215    69    33 -9999 -9999    23
2021 04 11 09   162   159 10203   140    60 -9999 -9999    10
2021 04 11 12   164   159 10202   140    90 -9999 -9999    50
2021 04 11 15   175   167 10200   170    70 -9999 -9999   170
2021 04 11 18   177   169 10177   180   120 -9999 -9999   240
2021 04 11 21   183   177 10162   190    30 -9999 -9999   180
2021 04 12 00   182   177 10162   240    50 -9999 -9999   120
2021 04 12 03   195   190 10153   220    90 -9999 -9999   100
2021 04 12 06   192   187 10136   240    60 -9999 -9999    40
2021 04 12 09   166   161 10132    49    67 -9999 -9999    73
2021 04 12 12   154   151 10161    60    50 -9999 -9999    80
2021 04 12 15   151   148 10170    50    40 -9999 -9999    20
2021 04 12 18   156   146 10163    30    40 -9999 -9999     1
2021 04 12 21   150   139 10168    10    50 -9999 -9999     6
2021 04 13 00   150   137 10183    10    40 -9999 -9999     9
2021 04 13 03   162   144 10191    60    40 -9999 -9999    10
2021 04 13 06   162   135 10182    50    40 -9999 -9999    10
2021 04 13 09   134   121 10186    50    70 -9999 -9999     1
2021 04 13 12   122   106 10200    50    80 -9999 -9999     0
2021 04 13 15   121   105 10204    56    70 -9999 -9999 -9999
2021 04 13 18   119   103 10194    50    40 -9999 -9999 -9999
2021 04 13 21   110   102 10202    26    43 -9999 -9999    15
2021 04 14 00   107    96 10213    60   100 -9999 -9999    40
2021 04 14 03   112    89 10221    56    53 -9999 -9999    34
2021 04 14 06   117    62 10210    30    50 -9999 -9999     5
2021 04 14 09   121    62 10199    60    50 -9999 -9999     0
2021 04 14 12   107    72 10202    70    60 -9999 -9999     2
2021 04 14 15   102    73 10206    60    30 -9999 -9999     8
2021 04 14 18   100    74 10191   360    40 -9999 -9999     7
2021 04 14 21   102    78 10178    20    30 -9999 -9999     1
2021 04 15 00   120    94 10185    44    12 -9999 -9999 -9999
2021 04 15 03   135    97 10183    70    13 -9999 -9999 -9999
2021 04 15 06   137    94 10165    74    14 -9999 -9999 -9999
2021 04 15 09   134   102 10164    70    20 -9999 -9999     0
2021 04 15 12   122   106 10176    30    10 -9999 -9999     0
2021 04 15 15   121   110 10176   250    10 -9999 -9999     0
2021 04 15 18   115   109 10163   220    20 -9999 -9999     0
2021 04 15 21   112   108 10165   251    23 -9999 -9999 -9999
2021 04 16 00   135   122 10173   250    10 -9999 -9999     0
2021 04 16 03   201   142 10163    60    30 -9999 -9999     0
2021 04 16 06   208   142 10156    70    30 -9999 -9999     0
2021 04 16 09   163   128 10159    50    50 -9999 -9999     0
2021 04 16 12   148   127 10170    30    20 -9999 -9999 -9999
2021 04 16 15   148   130 10177    60    20 -9999 -9999     0
2021 04 16 18   149   126 10168    90    10 -9999 -9999 -9999
2021 04 16 21   141   125 10176    20    30 -9999 -9999     0
2021 04 17 00   166   141 10193   230    20 -9999 -9999     0
2021 04 17 03   232   148 10194    60    50 -9999 -9999     0
2021 04 17 06   214   138 10190    60    70 -9999 -9999     0
2021 04 17 09   154   102 10194    60   110 -9999 -9999     0
2021 04 17 12   132    68 10224    60    90 -9999 -9999     0
2021 04 17 15   124    34 10231    50    70 -9999 -9999     0
2021 04 17 18   117    49 10229    60    40 -9999 -9999     0
2021 04 17 21   109    68 10235   240    20 -9999 -9999     0
2021 04 18 00   139    58 10241   210    10 -9999 -9999     0
2021 04 18 03   194    68 10234    70    30 -9999 -9999     0
2021 04 18 06   182    73 10209    70    50 -9999 -9999     0
2021 04 18 09   146    64 10202    80    40 -9999 -9999     0
2021 04 18 12   128    37 10218   110    30 -9999 -9999     0
2021 04 18 15   128    55 10216   100    30 -9999 -9999     0
2021 04 18 18   128    52 10195   210    30 -9999 -9999     0
2021 04 18 21   121    66 10194   220    20 -9999 -9999     0
2021 04 19 00   163    78 10204   120    20 -9999 -9999     0
2021 04 19 03   172    75 10196   140    50 -9999 -9999     0
2021 04 19 06   165    76 10184   133    57 -9999 -9999 -9999
2021 04 19 09   147    77 10182   140    60 -9999 -9999     0
2021 04 19 12   132    79 10186   150    30 -9999 -9999     0
2021 04 19 15   124   100 10189   230    20 -9999 -9999     0
2021 04 19 18   127    95 10181   170    10 -9999 -9999     0
2021 04 19 21   121    97 10177    90    10 -9999 -9999     0
2021 04 20 00   161   117 10194    80    20 -9999 -9999     0
2021 04 20 03   183   125 10198   140    50 -9999 -9999     0
2021 04 20 06   180   131 10184   145    58 -9999 -9999 -9999
2021 04 20 09   165   138 10175   130    50 -9999 -9999     0
2021 04 20 12   159   141 10186   130    60 -9999 -9999     0
2021 04 20 15   160   138 10189   130    60 -9999 -9999     0
2021 04 20 18   156   136 10174   130    50 -9999 -9999     0
2021 04 20 21   153   142 10172   110    40 -9999 -9999 -9999
