2021 01 01 00   -44   -55 10342   142     3 -9999 -9999 -9999
2021 01 01 03    32   -84 10322   327    13 -9999 -9999 -9999
2021 01 01 06    85  -105 10279   347    14 -9999 -9999 -9999
2021 01 01 09    71   -73 10277   352    23 -9999 -9999 -9999
2021 01 01 12    20   -53 10298   196     5 -9999 -9999 -9999
2021 01 01 18   -29   -49 10307   184     4 -9999 -9999 -9999
2021 01 01 21   -42   -54 10294   140     8 -9999 -9999 -9999
2021 01 02 00   -39   -49 10318    65     5 -9999 -9999 -9999
2021 01 02 03    52   -70 10304   141    10 -9999 -9999 -9999
2021 01 02 06   121  -102 10253   275    13 -9999 -9999 -9999
2021 01 02 09   122   -89 10245   360     1 -9999 -9999 -9999
2021 01 02 12    36   -32 10272   187     4 -9999 -9999 -9999
2021 01 02 18    -9   -26 10292   231     4 -9999 -9999 -9999
2021 01 02 21    -7   -22 10291   236     7 -9999 -9999 -9999
2021 01 03 00     7   -15 10302   353    11 -9999 -9999 -9999
2021 01 03 03    61   -23 10292   286     8 -9999 -9999 -9999
2021 01 03 06   137     7 10255   275    12 -9999 -9999 -9999
2021 01 03 09   112     7 10263   350    30 -9999 -9999 -9999
2021 01 03 12    85    -5 10281   317     8 -9999 -9999 -9999
2021 01 03 18    37     4 10273   219     8 -9999 -9999 -9999
2021 01 03 21    17     4 10280   360     1 -9999 -9999 -9999
2021 01 04 00    12     5 10290   360     2 -9999 -9999 -9999
2021 01 04 03    96    10 10268   238    10 -9999 -9999 -9999
2021 01 04 06   160    34 10228    73    12 -9999 -9999 -9999
2021 01 04 09   151    36 10231   357    16 -9999 -9999 -9999
2021 01 04 12    96    31 10255   304     7 -9999 -9999 -9999
2021 01 04 18    82    44 10243   210     6 -9999 -9999 -9999
2021 01 04 21    76    51 10241   178     9 -9999 -9999 -9999
2021 01 05 00    77    52 10265   198     6 -9999 -9999 -9999
2021 01 05 03   105    52 10264     5    31 -9999 -9999 -9999
2021 01 05 06   110    57 10242   336    23 -9999 -9999 -9999
2021 01 05 09    91    57 10260   360    22 -9999 -9999 -9999
2021 01 05 12    87    56 10271    15    18 -9999 -9999 -9999
2021 01 05 18    72    50 10270     5    21 -9999 -9999 -9999
2021 01 05 21    62    52 10264    17     9 -9999 -9999 -9999
2021 01 06 00    62    48 10268     3     6 -9999 -9999 -9999
2021 01 06 03    71    52 10255   334     9 -9999 -9999 -9999
2021 01 06 06    67    50 10234   357    24 -9999 -9999 -9999
2021 01 06 09    55    45 10246   350    16 -9999 -9999     1
2021 01 06 12    55    33 10260    22    15 -9999 -9999     1
2021 01 06 18    40    30 10275    27    21 -9999 -9999     8
2021 01 06 21    32    17 10280     2    40 -9999 -9999     8
2021 01 07 00    20     7 10302    10    24 -9999 -9999     5
2021 01 07 03    25    -6 10307   357    48 -9999 -9999     5
2021 01 07 06    25   -26 10293   345    43 -9999 -9999     1
2021 01 07 09    12   -32 10303   358    31 -9999 -9999 -9999
2021 01 07 12     7   -36 10326   335    25 -9999 -9999 -9999
2021 01 07 18    -5   -67 10333   347    33 -9999 -9999 -9999
2021 01 07 21   -15   -95 10327   360    65 -9999 -9999 -9999
2021 01 08 00   -25  -101 10344   357    60 -9999 -9999 -9999
2021 01 08 03     1   -88 10346   355    55 -9999 -9999 -9999
2021 01 08 06    21  -111 10315   360    60 -9999 -9999     0
2021 01 08 09    11  -113 10313   350    50 -9999 -9999     0
2021 01 08 12   -11  -127 10330    10    30 -9999 -9999     0
2021 01 08 18   -41   -93 10335   230    10 -9999 -9999     0
2021 01 08 21   -60   -95 10336   146     9 -9999 -9999 -9999
2021 01 09 00   -62   -79 10345   131     7 -9999 -9999 -9999
2021 01 09 03    20  -142 10332    14    27 -9999 -9999 -9999
2021 01 09 06    61  -171 10295   340    26 -9999 -9999 -9999
2021 01 09 09    45  -149 10287   355    40 -9999 -9999 -9999
2021 01 09 12     0  -100 10308   185     9 -9999 -9999 -9999
2021 01 09 18   -42   -76 10320    99     7 -9999 -9999 -9999
2021 01 09 21   -55   -72 10306    17    13 -9999 -9999 -9999
2021 01 10 00   -50   -65 10325    68    11 -9999 -9999 -9999
2021 01 10 03    35   -95 10313   275    10 -9999 -9999 -9999
2021 01 10 06    90  -111 10273   332     8 -9999 -9999 -9999
2021 01 10 09    67   -76 10271     5    47 -9999 -9999 -9999
2021 01 10 12    50   -72 10286    42    22 -9999 -9999 -9999
2021 01 10 18    37   -77 10301    19    14 -9999 -9999 -9999
2021 01 10 21    31   -80 10298   319     7 -9999 -9999 -9999
2021 01 11 00    27   -80 10312     4    21 -9999 -9999 -9999
2021 01 11 03    65   -87 10312   342    29 -9999 -9999 -9999
2021 01 11 06    85   -82 10274     3    60 -9999 -9999 -9999
2021 01 11 09    67  -104 10284   359    64 -9999 -9999 -9999
2021 01 11 12    32   -82 10302   353    11 -9999 -9999 -9999
2021 01 11 18   -22   -61 10306   184    10 -9999 -9999 -9999
2021 01 11 21   -37   -67 10297   197     7 -9999 -9999 -9999
2021 01 12 00   -44   -59 10302     0 -9999 -9999 -9999     0
2021 01 12 03    45  -105 10291   302     8 -9999 -9999 -9999
2021 01 12 06    95  -123 10245   295    11 -9999 -9999 -9999
2021 01 12 09    87  -117 10239     2    22 -9999 -9999 -9999
2021 01 12 12    20   -63 10249   232     7 -9999 -9999 -9999
2021 01 12 18   -30   -67 10252   325     6 -9999 -9999 -9999
2021 01 12 21   -42   -62 10250   191     5 -9999 -9999 -9999
2021 01 13 00   -44   -59 10261   173     8 -9999 -9999 -9999
2021 01 13 03    51   -64 10251   287    10 -9999 -9999 -9999
2021 01 13 06   135   -78 10209   326    13 -9999 -9999 -9999
2021 01 13 09   141   -62 10200   210    11 -9999 -9999 -9999
2021 01 13 12    46   -23 10222   227     7 -9999 -9999 -9999
2021 01 13 18   -12   -27 10228    10     6 -9999 -9999 -9999
2021 01 13 21   -22   -33 10229   192     7 -9999 -9999 -9999
2021 01 14 00   -25   -34 10235   225     4 -9999 -9999 -9999
2021 01 14 03    72   -22 10219   259    10 -9999 -9999 -9999
2021 01 14 06   180   -24 10176   265    13 -9999 -9999 -9999
2021 01 14 09   180   -35 10172   184    16 -9999 -9999 -9999
2021 01 14 12    77     0 10189   317     5 -9999 -9999 -9999
2021 01 14 18    15    -4 10202   289     6 -9999 -9999 -9999
2021 01 14 21     0   -10 10201   171     9 -9999 -9999 -9999
2021 01 15 00    -2    -9 10220   131     6 -9999 -9999 -9999
2021 01 15 03   100   -11 10206   299     8 -9999 -9999 -9999
2021 01 15 06   192     8 10162   294    11 -9999 -9999 -9999
2021 01 15 09   192   -36 10168   357    11 -9999 -9999 -9999
2021 01 15 12   100    14 10193   191    11 -9999 -9999 -9999
2021 01 15 18    32    13 10194   271     7 -9999 -9999 -9999
2021 01 15 21    17     5 10212   326     5 -9999 -9999 -9999
2021 01 16 00    12     6 10238   254     4 -9999 -9999 -9999
2021 01 16 03   122     3 10243   268    10 -9999 -9999 -9999
2021 01 16 06   182    26 10197   298    11 -9999 -9999 -9999
2021 01 16 09   135    29 10215     2    19 -9999 -9999 -9999
2021 01 16 12   100    15 10254   359    27 -9999 -9999 -9999
2021 01 16 18    37    25 10304    11    24 -9999 -9999    10
2021 01 16 21    31    22 10318    62     9 -9999 -9999    20
2021 01 17 00    31    16 10341    15    17 -9999 -9999    10
2021 01 17 03    71    12 10333   246    15 -9999 -9999 -9999
2021 01 17 06    95   -16 10297     6    46 -9999 -9999 -9999
2021 01 17 09    82   -59 10301     8    46 -9999 -9999 -9999
2021 01 17 12    47   -53 10308   339    15 -9999 -9999 -9999
2021 01 17 18    -7   -24 10300   175    11 -9999 -9999 -9999
2021 01 17 21   -20   -28 10291    63    10 -9999 -9999 -9999
2021 01 18 00   -22   -30 10306   165     4 -9999 -9999 -9999
2021 01 18 03    65   -53 10292   249    12 -9999 -9999 -9999
2021 01 18 06   132   -98 10251    82    10 -9999 -9999 -9999
2021 01 18 09   130   -94 10247   201    10 -9999 -9999 -9999
2021 01 18 12    45   -34 10267   226     6 -9999 -9999 -9999
2021 01 18 18   -10   -27 10266   167     8 -9999 -9999 -9999
2021 01 18 21   -24   -35 10268   192     6 -9999 -9999 -9999
2021 01 19 00   -25   -35 10286    68     8 -9999 -9999 -9999
2021 01 19 03    70   -27 10275   245     9 -9999 -9999 -9999
2021 01 19 06   150   -71 10238   240    17 -9999 -9999 -9999
2021 01 19 09   157   -37 10233   258     7 -9999 -9999 -9999
2021 01 19 12    70     4 10251   164     8 -9999 -9999 -9999
2021 01 19 18    22     6 10250   168     8 -9999 -9999 -9999
2021 01 19 21    15     3 10250   360     8 -9999 -9999 -9999
2021 01 20 00    36    13 10262    62     3 -9999 -9999 -9999
2021 01 20 03    85    19 10255   229     8 -9999 -9999 -9999
2021 01 20 06   185    69 10210   281    11 -9999 -9999 -9999
2021 01 20 09   186    74 10201   350     7 -9999 -9999 -9999
2021 01 20 12   112    77 10211   360     1 -9999 -9999 -9999
2021 01 20 18    61    54 10213   360     0 -9999 -9999 -9999
2021 01 20 21    59    53 10206     0 -9999 -9999 -9999     0
2021 01 21 00    62    55 10222     0 -9999 -9999 -9999     0
2021 01 21 03   159    89 10213   260    10 -9999 -9999     0
2021 01 21 06   226   110 10170   230    20 -9999 -9999     0
2021 01 21 09   213   111 10165   230    10 -9999 -9999     0
2021 01 21 12   163   119 10179   290    10 -9999 -9999 -9999
2021 01 21 18   140   120 10165    20    10 -9999 -9999 -9999
2021 01 21 21   128   119 10157   190    10 -9999 -9999     0
2021 01 22 00   122   115 10180   230     7 -9999 -9999 -9999
2021 01 22 03   140   137 10173    27    10 -9999 -9999    11
2021 01 22 06   166   139 10149   354    16 -9999 -9999    12
2021 01 22 09   160   137 10142   347    15 -9999 -9999     1
2021 01 22 12   141   123 10156   354    25 -9999 -9999 -9999
2021 01 22 18   121   110 10154   171     8 -9999 -9999 -9999
2021 01 22 21   115   104 10155   360     2 -9999 -9999 -9999
2021 01 23 00   115    94 10180   353    14 -9999 -9999 -9999
2021 01 23 03   141    89 10184   342    27 -9999 -9999 -9999
2021 01 23 06   137    83 10168     8    52 -9999 -9999 -9999
2021 01 23 09   125    69 10186     5    45 -9999 -9999 -9999
2021 01 23 12   110    51 10213    12    39 -9999 -9999 -9999
2021 01 23 18    56    47 10212   360     1 -9999 -9999 -9999
2021 01 23 21    37    32 10215   360     0 -9999 -9999 -9999
2021 01 24 00    40    37 10231   304     6 -9999 -9999 -9999
2021 01 24 03   102    65 10237    48     7 -9999 -9999 -9999
2021 01 24 06   172    70 10191   289    10 -9999 -9999 -9999
2021 01 24 09   180    65 10180   283    10 -9999 -9999 -9999
2021 01 24 12   105    76 10200   283     5 -9999 -9999 -9999
2021 01 24 18    65    59 10215   190    10 -9999 -9999     0
2021 01 24 21    54    50 10217    10    10 -9999 -9999     0
2021 01 25 00    65    61 10233   360     2 -9999 -9999 -9999
2021 01 25 03   122    70 10221   243     8 -9999 -9999 -9999
2021 01 25 06   185    87 10182   232    15 -9999 -9999 -9999
2021 01 25 09   181    95 10180   360     0 -9999 -9999 -9999
2021 01 25 12   155   106 10186   360     0 -9999 -9999 -9999
2021 01 25 18   112    82 10197     5    28 -9999 -9999 -9999
2021 01 25 21   100    74 10203     2    54 -9999 -9999     1
2021 01 26 00   101    64 10222   355    28 -9999 -9999     1
2021 01 26 03    96    69 10229   333    14 -9999 -9999     2
2021 01 26 06   107    66 10210   345    29 -9999 -9999     2
2021 01 26 09    95    59 10220     2    38 -9999 -9999 -9999
2021 01 26 12    91    41 10229   360    17 -9999 -9999 -9999
2021 01 26 18    80    49 10235     3    14 -9999 -9999 -9999
2021 01 26 21    77    56 10226    10    11 -9999 -9999 -9999
2021 01 27 00    81    57 10231   159     9 -9999 -9999 -9999
2021 01 27 03   112    62 10226   296    11 -9999 -9999 -9999
2021 01 27 06   127    72 10197   198    13 -9999 -9999 -9999
2021 01 27 09   122    74 10192   147     5 -9999 -9999 -9999
2021 01 27 12   112    83 10204   326     9 -9999 -9999 -9999
2021 01 27 18    87    70 10234     2    21 -9999 -9999     5
2021 01 27 21    86    55 10242     3    38 -9999 -9999     5
2021 01 28 00    81    52 10269     7    25 -9999 -9999 -9999
2021 01 28 03   102    57 10279   344    26 -9999 -9999 -9999
2021 01 28 06   125    23 10264   332    33 -9999 -9999 -9999
2021 01 28 09   112    36 10268   360    23 -9999 -9999 -9999
2021 01 28 12    82    39 10285    40    15 -9999 -9999 -9999
2021 01 28 18    37    30 10293   208     6 -9999 -9999 -9999
2021 01 28 21    22    18 10290   189     3 -9999 -9999 -9999
2021 01 29 00    21    18 10298    42     8 -9999 -9999 -9999
2021 01 29 03    86    20 10291   280    10 -9999 -9999 -9999
2021 01 29 06   146   -47 10250   286    14 -9999 -9999 -9999
2021 01 29 09   151   -33 10242   335    10 -9999 -9999 -9999
2021 01 29 12    77    11 10255   208     9 -9999 -9999 -9999
2021 01 29 18    41    23 10268    64    11 -9999 -9999 -9999
2021 01 29 21    40    26 10265   152    11 -9999 -9999 -9999
2021 01 30 00    40    28 10281    21     6 -9999 -9999 -9999
2021 01 30 03   130    23 10270   149    22 -9999 -9999 -9999
2021 01 30 06   132    19 10245   184    15 -9999 -9999 -9999
2021 01 30 09   130    27 10246   183     7 -9999 -9999 -9999
2021 01 30 12   110    46 10256   360     2 -9999 -9999 -9999
2021 01 30 18    90    61 10253   171     6 -9999 -9999 -9999
2021 01 30 21    85    57 10258     4     6 -9999 -9999 -9999
2021 01 31 00    85    63 10269   153    13 -9999 -9999 -9999
2021 01 31 03   166    64 10248   184    17 -9999 -9999 -9999
2021 01 31 06   200    63 10212   129    20 -9999 -9999 -9999
2021 01 31 09   201    65 10204    80     7 -9999 -9999 -9999
2021 01 31 12   147    85 10217   360     0 -9999 -9999 -9999
2021 01 31 18   105    84 10212    88     3 -9999 -9999 -9999
2021 01 31 21   100    88 10202   121     9 -9999 -9999 -9999
2021 02 01 00    97    90 10216    71     5 -9999 -9999 -9999
2021 02 01 03   156    97 10208   341     8 -9999 -9999 -9999
2021 02 01 06   170    93 10188   334    29 -9999 -9999 -9999
2021 02 01 09   165    93 10193   289     7 -9999 -9999 -9999
2021 02 01 12   141    99 10209   237     4 -9999 -9999 -9999
2021 02 01 18   121    91 10231   269     6 -9999 -9999 -9999
2021 02 01 21   116    88 10235     7    34 -9999 -9999 -9999
2021 02 02 00   110    87 10256     4    30 -9999 -9999 -9999
2021 02 02 03   172    91 10254   176    12 -9999 -9999 -9999
2021 02 02 06   206    79 10219    60    16 -9999 -9999 -9999
2021 02 02 09   180    85 10217   339    22 -9999 -9999 -9999
2021 02 02 12   137    75 10244    29    14 -9999 -9999 -9999
2021 02 02 18    80    70 10250    77     5 -9999 -9999 -9999
2021 02 02 21    82    63 10252   360     2 -9999 -9999 -9999
2021 02 03 00    90    70 10264    63    13 -9999 -9999     1
2021 02 03 03   140    40 10264   196    18 -9999 -9999     1
2021 02 03 06   147    27 10237   171    20 -9999 -9999 -9999
2021 02 03 09   150    24 10236   169    12 -9999 -9999 -9999
2021 02 03 12   102    37 10248   271     3 -9999 -9999 -9999
2021 02 03 18    72    49 10255   186     6 -9999 -9999 -9999
2021 02 03 21    85    53 10254   189     6 -9999 -9999 -9999
2021 02 04 00    90    61 10273   192     6 -9999 -9999 -9999
2021 02 04 03   127    57 10274   318     7 -9999 -9999 -9999
2021 02 04 06   182    70 10230   186    11 -9999 -9999 -9999
2021 02 04 09   167    80 10225   103    11 -9999 -9999 -9999
2021 02 04 12   147    92 10230   360     0 -9999 -9999 -9999
2021 02 04 18   106    90 10223    20    12 -9999 -9999 -9999
2021 02 04 21    97    87 10215     4     8 -9999 -9999 -9999
2021 02 05 00    97    92 10224   360     0 -9999 -9999 -9999
2021 02 05 03   185    98 10215   179    27 -9999 -9999 -9999
2021 02 05 06   217   108 10176   176    30 -9999 -9999 -9999
2021 02 05 09   217   114 10168   184    24 -9999 -9999 -9999
2021 02 05 12   157   110 10196     4    19 -9999 -9999 -9999
2021 02 05 18   132   108 10192   360     0 -9999 -9999 -9999
2021 02 05 21   117   100 10195     5    13 -9999 -9999 -9999
2021 02 06 00   125   104 10216   295     7 -9999 -9999 -9999
2021 02 06 03   170   104 10212   272    15 -9999 -9999 -9999
2021 02 06 06   215   112 10174     2     8 -9999 -9999 -9999
2021 02 06 09   190   107 10171   339    28 -9999 -9999 -9999
2021 02 06 12   142   100 10189   337    16 -9999 -9999 -9999
2021 02 06 18    97    89 10198   360     0 -9999 -9999 -9999
2021 02 06 21    85    80 10202    81     6 -9999 -9999 -9999
2021 02 07 00    91    90 10221    16     3 -9999 -9999 -9999
2021 02 07 03   142   105 10214   251     9 -9999 -9999 -9999
2021 02 07 06   242   123 10173   302     9 -9999 -9999 -9999
2021 02 07 09   232   123 10173   339    22 -9999 -9999 -9999
2021 02 07 12   187   116 10198   353    13 -9999 -9999 -9999
2021 02 07 18   140   119 10201   227     4 -9999 -9999 -9999
2021 02 07 21   135   118 10202   360     0 -9999 -9999 -9999
2021 02 08 00   140   120 10229   360     2 -9999 -9999 -9999
2021 02 08 03   150   100 10243   345    12 -9999 -9999 -9999
2021 02 08 06   135    72 10236   344    19 -9999 -9999 -9999
2021 02 08 09   112    82 10248   357    22 -9999 -9999 -9999
2021 02 08 12    95    89 10273   353    16 -9999 -9999     6
2021 02 08 18    96    93 10259    99     7 -9999 -9999    10
2021 02 08 21    92    90 10251    56     8 -9999 -9999 -9999
2021 02 09 00    95    91 10265   106     8 -9999 -9999 -9999
2021 02 09 03   107    83 10265   159    11 -9999 -9999 -9999
2021 02 09 06   127    82 10238   360     1 -9999 -9999 -9999
2021 02 09 12    97    89 10246   165     7 -9999 -9999    10
2021 02 09 18    87    79 10240   180    12 -9999 -9999     5
2021 02 09 21    82    80 10224    81     9 -9999 -9999    19
2021 02 10 00    82    79 10233    52    14 -9999 -9999    50
2021 02 10 03    91    88 10222   360     1 -9999 -9999    78
2021 02 10 06    97    92 10200   342     3 -9999 -9999    94
2021 02 10 09   100    95 10202   360     0 -9999 -9999   141
2021 02 11 00   101    99 10185    62     3 -9999 -9999    50
2021 02 13 06   217    96 10171   269    13 -9999 -9999 -9999
2021 02 13 12   165   116 10183    22    10 -9999 -9999 -9999
2021 02 13 18   141   120 10169   227     9 -9999 -9999 -9999
2021 02 13 21   134   125 10163   230    10 -9999 -9999     0
2021 02 14 00   127   123 10175    92     5 -9999 -9999 -9999
2021 02 14 03   185   124 10168   197    11 -9999 -9999     3
2021 02 14 06   205   116 10140   357    27 -9999 -9999     3
2021 02 14 09   186    88 10143   357    43 -9999 -9999 -9999
2021 02 14 12   145    95 10163   279     9 -9999 -9999 -9999
2021 02 14 18    90    85 10180   360     2 -9999 -9999 -9999
2021 02 14 21    77    74 10177    77    10 -9999 -9999 -9999
2021 02 15 00    80    79 10201    40     7 -9999 -9999 -9999
2021 02 15 03   140   107 10197    35     6 -9999 -9999 -9999
2021 02 15 06   212    48 10163   199    19 -9999 -9999 -9999
2021 02 15 09   217    14 10151   156     5 -9999 -9999 -9999
2021 02 15 12   135    74 10170   193     8 -9999 -9999 -9999
2021 02 15 18    85    77 10169    39    11 -9999 -9999 -9999
2021 02 15 21    81    77 10166   337     9 -9999 -9999 -9999
2021 02 16 00    92    84 10192   140     8 -9999 -9999 -9999
2021 02 16 03   102    93 10206   141     4 -9999 -9999     5
2021 02 16 06   120    96 10186    44     7 -9999 -9999     6
2021 02 16 09   127    94 10190     3    15 -9999 -9999     1
2021 02 16 12   110   100 10214    20    10 -9999 -9999    14
2021 02 16 18    91    88 10233   244     3 -9999 -9999     1
2021 02 16 21    72    72 10242   177     9 -9999 -9999 -9999
2021 02 17 00    70    68 10263   360     2 -9999 -9999 -9999
2021 02 17 03   137    76 10261   188    19 -9999 -9999 -9999
2021 02 17 06   167   -18 10239   343    47 -9999 -9999 -9999
2021 02 17 09   156    -2 10243   339    42 -9999 -9999 -9999
2021 02 17 12   110    28 10265   306     3 -9999 -9999 -9999
2021 02 17 18    57    43 10283   181     9 -9999 -9999 -9999
2021 02 17 21    45    35 10293    55     7 -9999 -9999 -9999
2021 02 18 00    42    39 10312    16    11 -9999 -9999 -9999
2021 02 18 03   137    14 10307   199    13 -9999 -9999 -9999
2021 02 18 06   170   -43 10271   333    24 -9999 -9999 -9999
2021 02 18 09   160   -45 10267     2    48 -9999 -9999 -9999
2021 02 18 12   107   -23 10285   243     6 -9999 -9999 -9999
2021 02 18 18    37    19 10275   360     3 -9999 -9999 -9999
2021 02 18 21    20    10 10266    54    15 -9999 -9999 -9999
2021 02 19 00    35    29 10282   101     3 -9999 -9999 -9999
2021 02 19 03   122    10 10270   270    12 -9999 -9999 -9999
2021 02 19 06   186    -2 10229   354    11 -9999 -9999 -9999
2021 02 19 09   190   -20 10216   174     9 -9999 -9999 -9999
2021 02 20 12   131    35 10192   227     4 -9999 -9999 -9999
2021 02 20 18    60    42 10189   181     8 -9999 -9999 -9999
2021 02 20 21    42    33 10190   198     5 -9999 -9999 -9999
2021 02 21 00    55    45 10207   360     2 -9999 -9999 -9999
2021 02 21 03   160    46 10193     7     7 -9999 -9999 -9999
2021 02 21 06   235    49 10152   248    12 -9999 -9999 -9999
2021 02 21 09   231    60 10144   184    12 -9999 -9999 -9999
2021 02 21 12   162    88 10162   360     2 -9999 -9999 -9999
2021 02 21 18   115    96 10162   170    10 -9999 -9999 -9999
2021 02 21 21   112    91 10164   162     8 -9999 -9999 -9999
2021 02 22 00   116    97 10184     9     8 -9999 -9999 -9999
2021 02 22 03   157    94 10187   189     3 -9999 -9999 -9999
2021 02 22 06   222    91 10157   218    14 -9999 -9999 -9999
2021 02 22 09   206   107 10161   177     9 -9999 -9999 -9999
2021 02 22 12   160   141 10183   165    13 -9999 -9999     1
2021 02 22 18   147   142 10191   259     8 -9999 -9999    16
2021 02 22 21   142   140 10190    19     8 -9999 -9999    22
2021 02 23 00   142   141 10204    69     6 -9999 -9999    14
2021 02 23 03   152   151 10207   295     6 -9999 -9999     9
2021 02 23 06   180   133 10175   360     1 -9999 -9999     1
2021 02 23 09   195   124 10165    30    10 -9999 -9999 -9999
2021 02 23 12   157   110 10174   360     2 -9999 -9999 -9999
2021 02 23 18   111   105 10183   193     9 -9999 -9999 -9999
2021 02 23 21    92    87 10183   222     4 -9999 -9999 -9999
2021 02 24 00    90    89 10200   128     6 -9999 -9999 -9999
2021 02 24 03   175    96 10184   255     4 -9999 -9999 -9999
2021 02 24 06   235    95 10138   180    23 -9999 -9999 -9999
2021 02 24 09   237   101 10125   252     9 -9999 -9999 -9999
2021 02 24 12   175   120 10139   174     5 -9999 -9999 -9999
2021 02 24 18   160   120 10142   188    17 -9999 -9999 -9999
2021 02 24 21   135   114 10129   210     3 -9999 -9999 -9999
2021 02 25 00   145   124 10143   298     4 -9999 -9999 -9999
2021 02 25 03   187   129 10134   193    14 -9999 -9999 -9999
2021 02 25 06   182   134 10112   177    20 -9999 -9999 -9999
2021 02 25 09   170   149 10106   166     8 -9999 -9999     1
2021 02 25 12   161   153 10112   124     7 -9999 -9999     1
2021 02 25 18   152   147 10110    40     8 -9999 -9999 -9999
2021 02 25 21   142   136 10106   360    14 -9999 -9999    10
2021 02 26 00   115   108 10132    17    26 -9999 -9999    83
2021 02 26 03   120   105 10148     6    34 -9999 -9999   119
2021 02 26 06   105    84 10142     8    52 -9999 -9999    47
2021 02 26 09   100    79 10153    12    35 -9999 -9999     2
2021 02 26 12    96    77 10175    20    17 -9999 -9999     1
2021 02 26 18    91    83 10188     7     9 -9999 -9999     3
2021 02 26 21    87    84 10184   360     7 -9999 -9999    14
2021 02 27 00    92    87 10205   360     6 -9999 -9999    15
2021 02 27 03   112    79 10210     5    29 -9999 -9999     2
2021 02 27 06   146    81 10185   331    14 -9999 -9999 -9999
2021 02 27 09   125    84 10188   360    40 -9999 -9999 -9999
2021 02 27 12   112    89 10205     5    14 -9999 -9999 -9999
2021 02 27 18   102    97 10203    55     3 -9999 -9999     1
2021 02 27 21   102    98 10200    77     9 -9999 -9999 -9999
2021 02 28 00   112   103 10208   166     9 -9999 -9999 -9999
2021 02 28 03   151    90 10203   125    12 -9999 -9999 -9999
2021 02 28 06   182   106 10168   324    13 -9999 -9999 -9999
2021 02 28 09   176   119 10160   188    10 -9999 -9999 -9999
2021 02 28 12   152   127 10167    78     8 -9999 -9999 -9999
2021 02 28 18   137   129 10165     3    15 -9999 -9999 -9999
2021 02 28 21   132   130 10170     8     9 -9999 -9999     1
2021 03 01 00   135   132 10181    33     6 -9999 -9999     1
2021 03 01 03   150   140 10184   149    10 -9999 -9999     1
2021 03 01 06   175   140 10158   246     9 -9999 -9999     1
2021 03 01 09   160   132 10162   355    36 -9999 -9999 -9999
2021 03 01 12   131   106 10197     8    59 -9999 -9999     2
2021 03 01 18   102    91 10227     1    32 -9999 -9999    40
2021 03 01 21    97    75 10234     3    33 -9999 -9999    18
2021 03 02 00    97    72 10258     7    26 -9999 -9999     7
2021 03 02 03   120    65 10263   335    23 -9999 -9999 -9999
2021 03 02 06   140    67 10246   353    39 -9999 -9999 -9999
2021 03 02 09   132    65 10244   352    29 -9999 -9999 -9999
2021 03 02 12   107    61 10259    53    11 -9999 -9999 -9999
2021 03 02 18    86    36 10260   184    12 -9999 -9999 -9999
2021 03 02 21    80    38 10259   349     7 -9999 -9999 -9999
2021 03 03 00    90    35 10264   174     7 -9999 -9999 -9999
2021 03 03 03    87    50 10262   168    11 -9999 -9999     2
2021 03 03 06    82    55 10238   208    13 -9999 -9999    12
2021 03 03 09    77    71 10229   118    17 -9999 -9999    18
2021 03 03 12    77    74 10235   155     9 -9999 -9999    12
2021 03 03 18    80    77 10229   360     1 -9999 -9999     9
2021 03 03 21    81    78 10216     2    13 -9999 -9999     9
2021 03 04 00    85    82 10230   150    12 -9999 -9999     2
2021 03 04 03   115    84 10229   325     5 -9999 -9999     1
2021 03 04 06   142    89 10203   147    12 -9999 -9999 -9999
2021 03 04 09   137    98 10208   173    27 -9999 -9999 -9999
2021 03 04 12   107    96 10216   160    15 -9999 -9999 -9999
2021 03 04 18   102    99 10204   200     6 -9999 -9999     1
2021 03 04 21   105   101 10195   302     4 -9999 -9999    11
2021 03 05 00   106   104 10199   108    17 -9999 -9999    69
2021 03 05 03   122   119 10196   287     5 -9999 -9999    84
2021 03 05 06   125   121 10166   170    14 -9999 -9999    47
2021 03 05 09   126   123 10164   298     8 -9999 -9999    33
2021 03 05 12   125   123 10171   360     2 -9999 -9999    47
2021 03 05 18   127   125 10168   345    20 -9999 -9999   130
2021 03 05 21   130   127 10170   295    10 -9999 -9999   245
2021 03 06 00   136   134 10187    97    21 -9999 -9999   189
2021 03 06 03   152   150 10194   316     5 -9999 -9999     1
2021 03 06 06   152   144 10182   330    13 -9999 -9999     5
2021 03 06 09   125   112 10195     9    16 -9999 -9999     6
2021 03 06 12   107   101 10218     7    23 -9999 -9999     8
2021 03 06 18    95    90 10229   348    13 -9999 -9999    23
2021 03 06 21    90    78 10232    11    12 -9999 -9999     9
2021 03 07 00    92    80 10256   345    11 -9999 -9999 -9999
2021 03 07 03   105    74 10259   354    27 -9999 -9999 -9999
2021 03 07 06   105    71 10240    12    37 -9999 -9999 -9999
2021 03 07 09   105    71 10240   350    21 -9999 -9999 -9999
2021 03 07 12    91    71 10260   355    21 -9999 -9999 -9999
2021 03 07 18    86    72 10254   322    10 -9999 -9999 -9999
2021 03 07 21    85    73 10248   347    11 -9999 -9999 -9999
2021 03 08 00    87    75 10252     6     9 -9999 -9999 -9999
2021 03 08 03   111    81 10256   360     2 -9999 -9999 -9999
2021 03 08 06   120    82 10224   274     4 -9999 -9999 -9999
2021 03 08 09   105   100 10229   169     6 -9999 -9999    29
2021 03 08 12   105   101 10236   118    15 -9999 -9999    34
2021 03 08 18   105   102 10229    28     7 -9999 -9999     1
2021 03 08 21   101    99 10234   301     4 -9999 -9999     1
2021 03 09 00   100    94 10248   309     9 -9999 -9999     1
2021 03 09 03   130    95 10255   338    15 -9999 -9999 -9999
2021 03 09 06   150    91 10234   322    18 -9999 -9999 -9999
2021 03 09 09   145    95 10236   339    25 -9999 -9999 -9999
2021 03 09 12   120    98 10251   344    13 -9999 -9999 -9999
2021 03 09 18   115   101 10246   198     9 -9999 -9999 -9999
2021 03 09 21   115   103 10241   237     7 -9999 -9999 -9999
2021 03 10 00   117   105 10260   360     0 -9999 -9999 -9999
2021 03 10 03   146   100 10255   316     8 -9999 -9999 -9999
2021 03 10 06   166   109 10226   243    16 -9999 -9999 -9999
2021 03 10 09   157   106 10219    33    14 -9999 -9999 -9999
2021 03 10 12   132   118 10235   188     9 -9999 -9999     6
2021 03 10 18   120   117 10225   190    10 -9999 -9999    30
2021 03 10 21   120   117 10220   160    20 -9999 -9999    22
2021 03 11 00   122   119 10232   151     3 -9999 -9999    46
2021 03 11 03   140   121 10231   173    24 -9999 -9999    49
2021 03 11 06   152   127 10204   179    24 -9999 -9999    50
2021 03 11 09   152   131 10202    20     6 -9999 -9999     3
2021 03 11 12   137   123 10215    11    12 -9999 -9999 -9999
2021 03 11 18   130   102 10225    24    22 -9999 -9999 -9999
2021 03 11 21   125    97 10225   343    11 -9999 -9999 -9999
2021 03 12 00   130    98 10240   329    13 -9999 -9999 -9999
2021 03 12 03   166    91 10243     8    32 -9999 -9999 -9999
2021 03 12 06   195    96 10219   330    21 -9999 -9999 -9999
2021 03 12 09   190    94 10207   357    31 -9999 -9999 -9999
2021 03 12 12   142    91 10226    16    18 -9999 -9999 -9999
2021 03 12 18   101    95 10224    56     6 -9999 -9999 -9999
2021 03 12 21   101    95 10215    67     5 -9999 -9999 -9999
2021 03 13 00   112    99 10231    10     8 -9999 -9999 -9999
2021 03 13 03   156   106 10225   350     8 -9999 -9999 -9999
2021 03 13 06   162   114 10203   349    17 -9999 -9999 -9999
2021 03 13 09   145   130 10195    12    12 -9999 -9999     5
2021 03 13 12   135   121 10203    27     9 -9999 -9999     5
2021 03 13 18   121   115 10198   160     6 -9999 -9999 -9999
2021 03 13 21   112   109 10192    23    11 -9999 -9999 -9999
2021 03 14 00   120   115 10208   352     8 -9999 -9999 -9999
2021 03 14 03   175   127 10201   229    12 -9999 -9999 -9999
2021 03 14 06   195   129 10175   260    17 -9999 -9999 -9999
2021 03 14 09   202   133 10160   213     8 -9999 -9999 -9999
2021 03 14 12   166   137 10166    64    10 -9999 -9999 -9999
2021 03 14 18   122   120 10161   196     7 -9999 -9999 -9999
2021 03 14 21   115   112 10158    60    11 -9999 -9999     1
2021 03 15 00   117   116 10176    65    11 -9999 -9999     1
2021 03 15 03   197   133 10167   184    23 -9999 -9999 -9999
2021 03 15 06   230   147 10134   193    24 -9999 -9999 -9999
2021 03 15 09   237   148 10121   172    25 -9999 -9999 -9999
2021 03 15 12   187   152 10132    59     4 -9999 -9999 -9999
2021 03 15 18   145   140 10133   171     8 -9999 -9999 -9999
2021 03 15 21   142   139 10132   360     2 -9999 -9999 -9999
2021 03 16 00   145   142 10150   188     7 -9999 -9999 -9999
2021 03 16 03   177   154 10153   340     6 -9999 -9999 -9999
2021 03 16 06   207   162 10128   340     9 -9999 -9999 -9999
2021 03 16 09   237   162 10120   303    10 -9999 -9999 -9999
2021 03 16 12   197   165 10135   214     4 -9999 -9999 -9999
2021 03 16 18   165   159 10136   187     7 -9999 -9999 -9999
2021 03 16 21   157   153 10128   175     8 -9999 -9999 -9999
2021 03 17 00   162   159 10150   268     7 -9999 -9999    32
2021 03 17 03   175   169 10149     1    11 -9999 -9999    66
2021 03 17 06   185   177 10132   318     8 -9999 -9999    80
2021 03 17 09   195   185 10127    17     4 -9999 -9999    47
2021 03 17 12   175   171 10140   268     6 -9999 -9999     1
2021 03 17 18   162   159 10146   260     5 -9999 -9999 -9999
2021 03 17 21   161   158 10141    60     9 -9999 -9999 -9999
2021 03 18 00   167   165 10152    23     8 -9999 -9999 -9999
2021 03 18 03   220   171 10144   219    12 -9999 -9999 -9999
2021 03 18 06   260   183 10114   322    12 -9999 -9999 -9999
2021 03 18 09   262   181 10100   340    10 -9999 -9999     0
2021 03 18 12   210   188 10112    20     6 -9999 -9999 -9999
2021 03 18 18   185   182 10116   176    13 -9999 -9999     6
2021 03 18 21   180   177 10113    58     9 -9999 -9999     6
2021 03 19 00   182   179 10130   100     8 -9999 -9999 -9999
2021 03 19 03   242   182 10121   198    10 -9999 -9999 -9999
2021 03 19 06   247   180 10097   343    19 -9999 -9999 -9999
2021 03 19 09   235   172 10089   323    20 -9999 -9999 -9999
2021 03 19 12   195   168 10102   345     9 -9999 -9999 -9999
2021 03 19 18   175   159 10093   359    32 -9999 -9999 -9999
2021 03 19 21   145   134 10121     1    36 -9999 -9999   197
2021 03 20 00   152   131 10144   307    11 -9999 -9999   197
2021 03 20 03   172   124 10145   341    36 -9999 -9999 -9999
2021 03 20 06   172   110 10130   357    31 -9999 -9999 -9999
2021 03 20 09   140   104 10142     4    38 -9999 -9999 -9999
2021 03 20 12   130    92 10168     1    46 -9999 -9999 -9999
2021 03 20 18   107    90 10184    15    43 -9999 -9999     1
2021 03 20 21   102    93 10198    49    12 -9999 -9999    78
2021 03 21 00   101    85 10225   359    31 -9999 -9999    82
2021 03 21 03    96    77 10245     1    49 -9999 -9999     5
2021 03 21 06   107    70 10236     2    38 -9999 -9999     3
2021 03 21 09    97    57 10248     4    35 -9999 -9999     3
2021 03 21 12    90    53 10268   119     9 -9999 -9999 -9999
2021 03 21 18    77    70 10281   164     9 -9999 -9999 -9999
2021 03 21 21    70    65 10286   186    10 -9999 -9999 -9999
2021 03 22 00    75    63 10300   193    13 -9999 -9999 -9999
2021 03 22 03   141    44 10292   340     9 -9999 -9999 -9999
2021 03 22 06   167    20 10258   343    29 -9999 -9999 -9999
2021 03 22 09   165    14 10246     5    34 -9999 -9999 -9999
2021 03 22 12   120    15 10265   351     7 -9999 -9999 -9999
2021 03 22 18    66    48 10257    60     9 -9999 -9999 -9999
2021 03 22 21    51    45 10255   155     6 -9999 -9999 -9999
2021 03 23 00    65    58 10267   185     8 -9999 -9999 -9999
2021 03 23 03   147    36 10249   206    21 -9999 -9999 -9999
2021 03 23 06   192    38 10204   198    28 -9999 -9999 -9999
2021 03 23 09   166    40 10192   203    34 -9999 -9999 -9999
2021 03 23 12   141    49 10195   154    25 -9999 -9999 -9999
2021 03 23 18    97    90 10188    32     6 -9999 -9999    11
2021 03 23 21    95    87 10183   145     4 -9999 -9999    20
2021 03 24 00   102    95 10200    73     9 -9999 -9999    12
2021 03 24 03   155    82 10197     3    15 -9999 -9999 -9999
2021 03 24 06   160    70 10183   119    11 -9999 -9999 -9999
2021 03 24 09   167    71 10178   136     9 -9999 -9999 -9999
2021 03 24 12   122    88 10195    36     7 -9999 -9999 -9999
2021 03 24 18    77    73 10202   174    10 -9999 -9999 -9999
2021 03 24 21    75    72 10209   133    10 -9999 -9999 -9999
2021 03 25 00    77    77 10239   149     8 -9999 -9999 -9999
2021 03 25 03   167    84 10234   253     9 -9999 -9999 -9999
2021 03 25 06   230    78 10184   248    24 -9999 -9999 -9999
2021 03 25 09   252    78 10164   281    14 -9999 -9999 -9999
2021 03 25 12   167   110 10175   214     7 -9999 -9999 -9999
2021 03 25 18   112   104 10187   196     3 -9999 -9999 -9999
2021 03 25 21   106    92 10183   245     8 -9999 -9999 -9999
2021 03 26 00   130    95 10198   267     8 -9999 -9999 -9999
2021 03 26 03   210    75 10182   177    34 -9999 -9999 -9999
2021 03 26 06   245    92 10140   148    29 -9999 -9999 -9999
2021 03 26 09   257    54 10117   199    28 -9999 -9999 -9999
2021 03 26 12   185   100 10124   260     6 -9999 -9999 -9999
2021 03 26 18   132   113 10116   140     9 -9999 -9999 -9999
2021 03 26 21   135   113 10112   359     6 -9999 -9999 -9999
2021 03 27 00   150   118 10126    59     5 -9999 -9999 -9999
2021 03 27 03   237   131 10114   167    20 -9999 -9999 -9999
2021 03 27 06   276   135 10074    98    16 -9999 -9999 -9999
2021 03 27 09   272   146 10064   178    24 -9999 -9999 -9999
2021 03 27 12   231   157 10077   358    16 -9999 -9999 -9999
2021 03 27 18   196   157 10081     1    23 -9999 -9999 -9999
2021 03 27 21   177   169 10079   146     6 -9999 -9999     9
2021 03 28 00   176   163 10103    17    19 -9999 -9999    10
2021 03 28 03   212   160 10110     4    18 -9999 -9999     1
2021 03 28 06   257   168 10083   318    13 -9999 -9999 -9999
2021 03 28 09   245   167 10072   360    20 -9999 -9999 -9999
2021 03 28 12   205   160 10085   347    13 -9999 -9999 -9999
2021 03 28 18   157   153 10088    48     5 -9999 -9999 -9999
2021 03 28 21   157   154 10084    95     8 -9999 -9999 -9999
2021 03 29 00   161   158 10094   137     8 -9999 -9999 -9999
2021 03 29 03   232   172 10078   196    16 -9999 -9999 -9999
2021 03 29 06   296   181 10030   194    28 -9999 -9999 -9999
2021 03 29 09   291   185 10012   186    15 -9999 -9999 -9999
2021 03 29 12   247   190 10024    49     6 -9999 -9999 -9999
2021 03 29 18   207   195 10028   314     9 -9999 -9999     4
2021 03 29 21   202   194 10026   265     6 -9999 -9999     4
2021 03 30 00   192   188 10066    75     6 -9999 -9999   114
2021 03 30 03   205   193 10073   341     9 -9999 -9999   120
2021 03 30 06   212   198 10060    75     6 -9999 -9999    14
2021 03 30 09   200   189 10058    30    29 -9999 -9999     8
2021 03 30 12   187   180 10080   212    10 -9999 -9999    39
2021 03 30 18   190   182 10056    75    18 -9999 -9999 -9999
2021 03 30 21   185   180 10053    79    11 -9999 -9999     1
2021 03 31 00   190   183 10066   167    15 -9999 -9999     1
2021 03 31 03   207   186 10068   178    26 -9999 -9999 -9999
2021 03 31 06   232   192 10047   182    32 -9999 -9999 -9999
2021 03 31 09   227   195 10038   176    37 -9999 -9999 -9999
2021 03 31 12   202   195 10053    67    14 -9999 -9999 -9999
2021 03 31 18   187   185 10057   185     8 -9999 -9999 -9999
2021 03 31 21   186   184 10063   351    13 -9999 -9999 -9999
2021 04 01 00   192   190 10084   266     4 -9999 -9999    92
2021 04 01 03   227   187 10086     8    10 -9999 -9999   132
2021 04 01 06   250   182 10061   158    20 -9999 -9999    40
2021 04 01 09   200   183 10068   357    37 -9999 -9999     6
2021 04 01 12   192   187 10078   191     8 -9999 -9999    95
2021 04 01 18   186   183 10082   332     7 -9999 -9999    14
2021 04 01 21   185   182 10094   333    12 -9999 -9999    36
2021 04 02 00   195   190 10114   182     9 -9999 -9999    22
2021 04 02 03   240   196 10112   342     9 -9999 -9999 -9999
2021 04 02 06   280   210 10089   330    12 -9999 -9999 -9999
2021 04 02 09   277   204 10075    10    16 -9999 -9999 -9999
2021 04 02 12   235   202 10096    18    19 -9999 -9999 -9999
2021 04 02 18   205   199 10107   335    16 -9999 -9999    18
2021 04 02 21   195   189 10114   324     5 -9999 -9999    23
2021 04 03 00   192   174 10142   358    24 -9999 -9999     5
2021 04 03 03   230   177 10133   344    13 -9999 -9999 -9999
2021 04 03 06   275   193 10104   322    14 -9999 -9999 -9999
2021 04 03 09   197   157 10127    16    24 -9999 -9999 -9999
2021 04 03 12   182   148 10146   358    22 -9999 -9999 -9999
2021 04 03 18   157   134 10165     7    31 -9999 -9999    10
2021 04 03 21   152   128 10171     6    20 -9999 -9999 -9999
2021 04 04 00   152   120 10198     4    52 -9999 -9999 -9999
2021 04 04 03   180   126 10202     8    37 -9999 -9999 -9999
2021 04 04 06   190   132 10176     5    61 -9999 -9999 -9999
2021 04 04 09   167   117 10188     6    40 -9999 -9999 -9999
2021 04 04 12   150   114 10206     1    15 -9999 -9999 -9999
2021 04 04 18   142   115 10208    34    15 -9999 -9999 -9999
2021 04 04 21   140   112 10213     9    20 -9999 -9999 -9999
2021 04 05 00   140    90 10228   164    12 -9999 -9999 -9999
2021 04 05 03   170   101 10217    96     8 -9999 -9999 -9999
2021 04 05 06   165   108 10195    14    12 -9999 -9999 -9999
2021 04 05 09   162   118 10193   356    15 -9999 -9999 -9999
2021 04 05 12   142   102 10202   326    12 -9999 -9999 -9999
2021 04 05 18   130    90 10192    38    10 -9999 -9999 -9999
2021 04 05 21   127    89 10200     4    17 -9999 -9999 -9999
2021 04 06 00   130    86 10218   323    11 -9999 -9999 -9999
2021 04 06 03   177   106 10213     1    14 -9999 -9999 -9999
2021 04 06 06   235   119 10180   278    14 -9999 -9999 -9999
2021 04 06 09   220   117 10176     5    40 -9999 -9999 -9999
2021 04 06 12   187    98 10203    42    12 -9999 -9999 -9999
2021 04 06 18   162   119 10188   127     4 -9999 -9999 -9999
2021 04 06 21   156   125 10180    67    10 -9999 -9999 -9999
2021 04 07 00   176   125 10185   303     7 -9999 -9999 -9999
2021 04 07 03   205   114 10183   220    26 -9999 -9999 -9999
2021 04 07 06   217   132 10150   212    12 -9999 -9999 -9999
2021 04 07 09   212   144 10135   164    10 -9999 -9999 -9999
2021 04 07 12   197   155 10147   175    11 -9999 -9999 -9999
2021 04 07 18   167   160 10140   307     7 -9999 -9999    30
2021 04 07 21   120   113 10159     4    22 -9999 -9999   122
2021 04 08 00   121   113 10183    25    10 -9999 -9999    97
2021 04 08 03   122   116 10194     8    17 -9999 -9999     8
2021 04 08 06   122   108 10189    15    24 -9999 -9999     3
2021 04 08 09   121    98 10189    17    24 -9999 -9999 -9999
2021 04 08 12   111   102 10208    61     8 -9999 -9999 -9999
2021 04 08 18   110   101 10203    15    14 -9999 -9999     4
2021 04 08 21   111   105 10209   360     2 -9999 -9999 -9999
2021 04 09 00   122   107 10232   168     6 -9999 -9999 -9999
2021 04 09 03   162    88 10229   276    11 -9999 -9999 -9999
2021 04 09 06   210    53 10196   308    19 -9999 -9999 -9999
2021 04 09 09   217    69 10181   328    12 -9999 -9999 -9999
2021 04 09 12   171    77 10201    25    23 -9999 -9999 -9999
2021 04 09 18   145   102 10217   360     2 -9999 -9999 -9999
2021 04 09 21   135   108 10218   227    10 -9999 -9999 -9999
2021 04 10 00   146    88 10234   202     9 -9999 -9999 -9999
2021 04 10 03   192    68 10233   316     9 -9999 -9999 -9999
2021 04 10 06   227    69 10203   253    11 -9999 -9999 -9999
2021 04 10 09   207    88 10199     4    15 -9999 -9999 -9999
2021 04 10 12   175    99 10213    11    10 -9999 -9999 -9999
2021 04 10 18   145   120 10218   116     8 -9999 -9999 -9999
2021 04 10 21   137   125 10219   110    10 -9999 -9999 -9999
2021 04 11 00   142   127 10232   162     9 -9999 -9999 -9999
2021 04 11 03   165   109 10229   165    10 -9999 -9999     5
2021 04 11 06   207   135 10196    98     8 -9999 -9999     5
2021 04 11 09   206   147 10180    47     8 -9999 -9999 -9999
2021 04 11 12   176   170 10191   320     7 -9999 -9999    31
2021 04 11 18   165   161 10174   110     4 -9999 -9999     3
2021 04 11 21   162   160 10161   164    11 -9999 -9999     6
2021 04 12 00   166   161 10176    39    10 -9999 -9999     4
2021 04 12 03   192   170 10166     3    14 -9999 -9999 -9999
2021 04 12 06   186   179 10156   318     4 -9999 -9999    55
2021 04 12 09   187   183 10140   184     6 -9999 -9999    62
2021 04 12 12   185   182 10157   202     9 -9999 -9999     8
2021 04 12 18   167   164 10159   318    14 -9999 -9999   119
2021 04 12 21   165   161 10158   360     2 -9999 -9999   130
2021 04 13 00   167   162 10172   241     5 -9999 -9999    34
2021 04 13 03   206   164 10168   335     7 -9999 -9999    20
2021 04 13 06   207   164 10154   338    27 -9999 -9999 -9999
2021 04 13 09   192   160 10146   359    21 -9999 -9999 -9999
2021 04 13 12   172   153 10161     4    13 -9999 -9999 -9999
2021 04 13 18   165   148 10155   207     9 -9999 -9999 -9999
2021 04 13 21   156   146 10155    40    12 -9999 -9999     2
2021 04 14 00   146   135 10179   201    13 -9999 -9999    34
2021 04 14 03   152   137 10188   252     9 -9999 -9999    51
2021 04 14 06   157   142 10165   158     9 -9999 -9999    22
2021 04 14 09   147   133 10159   156    10 -9999 -9999    18
2021 04 14 12   132   125 10170   352     8 -9999 -9999    55
2021 04 14 18   127   123 10167   182    13 -9999 -9999    16
2021 04 14 21   125   120 10161   197    12 -9999 -9999     6
2021 04 15 00   135   122 10171   159     7 -9999 -9999     2
2021 04 15 03   175   120 10163   194    20 -9999 -9999 -9999
2021 04 15 06   185   134 10147   185    19 -9999 -9999 -9999
2021 04 15 09   175   142 10140   189    13 -9999 -9999 -9999
2021 04 15 12   157   142 10155   192     6 -9999 -9999 -9999
2021 04 15 18   151   145 10162   360     2 -9999 -9999 -9999
2021 04 15 21   150   144 10162   136     7 -9999 -9999 -9999
2021 04 16 00   161   148 10172   179     7 -9999 -9999 -9999
2021 04 16 03   210   144 10162   230     9 -9999 -9999 -9999
2021 04 16 06   231   149 10141   214    12 -9999 -9999 -9999
2021 04 16 09   202   152 10151     6    35 -9999 -9999 -9999
2021 04 16 12   182   156 10169   360    21 -9999 -9999     4
2021 04 16 18   165   159 10179   347    13 -9999 -9999     4
2021 04 16 21   157   153 10186    43     9 -9999 -9999     2
2021 04 17 00   167   152 10205   344    16 -9999 -9999 -9999
2021 04 17 03   230   131 10199   230    13 -9999 -9999 -9999
2021 04 17 06   275   114 10174   353    31 -9999 -9999 -9999
2021 04 17 09   245    67 10174   354    35 -9999 -9999 -9999
2021 04 17 12   205    72 10191    18    12 -9999 -9999 -9999
2021 04 17 18   131    99 10191    86     7 -9999 -9999 -9999
2021 04 17 21   125   107 10196   111     8 -9999 -9999 -9999
2021 04 18 00   152   118 10206    81     6 -9999 -9999 -9999
2021 04 18 03   201   113 10197   113     9 -9999 -9999 -9999
2021 04 18 06   227    53 10170   337    10 -9999 -9999 -9999
2021 04 18 09   217   102 10162     5    25 -9999 -9999 -9999
2021 04 18 12   181   114 10179    43    13 -9999 -9999 -9999
2021 04 18 18   145   135 10165    77    11 -9999 -9999 -9999
2021 04 18 21   137   130 10164   140     6 -9999 -9999 -9999
2021 04 19 00   162   139 10177   152     9 -9999 -9999 -9999
2021 04 19 03   220   130 10164   186    15 -9999 -9999 -9999
2021 04 19 06   250   128 10139   250    21 -9999 -9999 -9999
2021 04 19 09   250   104 10124   187    15 -9999 -9999 -9999
2021 04 19 12   201   136 10143    45    10 -9999 -9999 -9999
2021 04 19 18   167   139 10142   152    10 -9999 -9999 -9999
2021 04 19 21   152   132 10148   158    12 -9999 -9999 -9999
2021 04 20 00   186   107 10162   171    22 -9999 -9999 -9999
2021 04 20 03   235    49 10155   190    35 -9999 -9999 -9999
2021 04 20 06   250    80 10130   235    16 -9999 -9999 -9999
2021 04 20 09   265   101 10114    77    11 -9999 -9999 -9999
2021 04 20 12   216   133 10126   209    11 -9999 -9999 -9999
2021 04 20 18   192   118 10145   144    10 -9999 -9999 -9999
2021 04 20 21   160   121 10146   139    11 -9999 -9999 -9999
