2021 01 01 00   -14   -27 10332   106     6 -9999 -9999 -9999
2021 01 01 03    40   -50 10312   280    18 -9999 -9999 -9999
2021 01 01 06    97   -79 10268     3    26 -9999 -9999 -9999
2021 01 01 09    92   -78 10263    30    31 -9999 -9999 -9999
2021 01 01 12    47   -54 10282   170    12 -9999 -9999 -9999
2021 01 01 15    16   -35 10292   151    21 -9999 -9999 -9999
2021 01 01 18    -2   -30 10293   158    12 -9999 -9999 -9999
2021 01 01 21   -17   -28 10288   187     9 -9999 -9999 -9999
2021 01 02 00   -12   -25 10302   168    11 -9999 -9999 -9999
2021 01 02 03    65   -34 10287   304    18 -9999 -9999 -9999
2021 01 02 06   127   -52 10236   331    19 -9999 -9999 -9999
2021 01 02 09   127   -39 10232    41    21 -9999 -9999 -9999
2021 01 02 12    67   -11 10248   180    23 -9999 -9999 -9999
2021 01 02 15    37    -4 10268   147    11 -9999 -9999 -9999
2021 01 02 18    21    -2 10273   178     6 -9999 -9999 -9999
2021 01 02 21    10    -2 10278   148    17 -9999 -9999 -9999
2021 01 03 00    10     4 10289   260     6 -9999 -9999 -9999
2021 01 03 03    97    14 10278     4    20 -9999 -9999 -9999
2021 01 03 06   162    40 10237    18    15 -9999 -9999 -9999
2021 01 03 09   157    22 10241    40    18 -9999 -9999 -9999
2021 01 03 12    95    41 10265   151    20 -9999 -9999 -9999
2021 01 03 15    72    31 10271   156    16 -9999 -9999 -9999
2021 01 03 18    45    31 10266   155    16 -9999 -9999 -9999
2021 01 03 21    32    27 10266   142     6 -9999 -9999 -9999
2021 01 04 00    30    26 10283   169    14 -9999 -9999 -9999
2021 01 04 03   107    44 10263   324    17 -9999 -9999 -9999
2021 01 04 06   170    53 10218    13    15 -9999 -9999 -9999
2021 01 04 09   165    55 10216    32    24 -9999 -9999 -9999
2021 01 04 12   117    65 10234   155    16 -9999 -9999 -9999
2021 01 04 15   106    69 10238   138    11 -9999 -9999 -9999
2021 01 04 18   100    71 10229   113     8 -9999 -9999 -9999
2021 01 04 21    92    75 10231   112     6 -9999 -9999 -9999
2021 01 05 00    95    80 10252   153     8 -9999 -9999 -9999
2021 01 05 03   152    65 10240    64    15 -9999 -9999 -9999
2021 01 05 06   170    68 10213   238    18 -9999 -9999 -9999
2021 01 05 09   155    48 10223    14    39 -9999 -9999 -9999
2021 01 05 12   107    59 10244    72     9 -9999 -9999 -9999
2021 01 05 15   107    64 10243   163    10 -9999 -9999 -9999
2021 01 05 18    97    65 10244    39    16 -9999 -9999 -9999
2021 01 05 21    75    63 10243   145    13 -9999 -9999 -9999
2021 01 06 00    76    64 10253    90     8 -9999 -9999 -9999
2021 01 06 03   117    68 10234   311    15 -9999 -9999 -9999
2021 01 06 06   127    67 10206    54    29 -9999 -9999 -9999
2021 01 06 09   121    70 10212    35    26 -9999 -9999 -9999
2021 01 06 12   110    67 10229    31    22 -9999 -9999 -9999
2021 01 06 15   102    64 10238   346    20 -9999 -9999 -9999
2021 01 06 18    96    65 10236     7    29 -9999 -9999 -9999
2021 01 06 21    76    72 10244   352    19 -9999 -9999     2
2021 01 07 00    72    58 10263   314    29 -9999 -9999     2
2021 01 07 03    62    57 10272   309    33 -9999 -9999     1
2021 01 07 06    50    43 10259   319    32 -9999 -9999    13
2021 01 07 09    40    33 10277   348    21 -9999 -9999    22
2021 01 07 12    31    11 10300   341    33 -9999 -9999    10
2021 01 07 15    25     6 10309     3    29 -9999 -9999 -9999
2021 01 07 18    25    -5 10313     2    24 -9999 -9999 -9999
2021 01 07 21    16   -20 10307   322    24 -9999 -9999 -9999
2021 01 08 00    10   -30 10321   329    38 -9999 -9999 -9999
2021 01 08 03    20   -38 10328   330    23 -9999 -9999 -9999
2021 01 08 06    70   -57 10291    10    20 -9999 -9999     0
2021 01 08 09    64   -87 10288   330    30 -9999 -9999     0
2021 01 08 12    18   -80 10314    30    30 -9999 -9999     0
2021 01 08 15   -14   -46 10316    20    20 -9999 -9999     0
2021 01 08 18   -29   -42 10321    60    10 -9999 -9999     0
2021 01 08 21   -38   -48 10322    60    10 -9999 -9999     0
2021 01 09 00   -30   -38 10326    72     8 -9999 -9999 -9999
2021 01 09 03    32   -65 10321   352    12 -9999 -9999 -9999
2021 01 09 06    80  -104 10277   355    18 -9999 -9999 -9999
2021 01 09 09    77  -116 10265    36    25 -9999 -9999 -9999
2021 01 09 12    21   -60 10286   175    18 -9999 -9999 -9999
2021 01 09 15     7   -43 10298   162    11 -9999 -9999 -9999
2021 01 09 18     7   -35 10299   135    11 -9999 -9999 -9999
2021 01 09 21     5   -26 10285   199    12 -9999 -9999 -9999
2021 01 10 00    12   -20 10299   173     8 -9999 -9999 -9999
2021 01 10 03    67   -53 10299    11    10 -9999 -9999 -9999
2021 01 10 06    82   -56 10259    31    12 -9999 -9999 -9999
2021 01 10 09    80   -45 10258    31    25 -9999 -9999 -9999
2021 01 10 12    67   -30 10272    49     3 -9999 -9999 -9999
2021 01 10 15    60    -5 10283   148    14 -9999 -9999 -9999
2021 01 10 18    50     2 10285   126     8 -9999 -9999 -9999
2021 01 10 21    45     5 10285    52     8 -9999 -9999 -9999
2021 01 11 00    50    -7 10303    34    21 -9999 -9999 -9999
2021 01 11 03    67   -49 10312   329    16 -9999 -9999 -9999
2021 01 11 06    77   -50 10275   286    12 -9999 -9999 -9999
2021 01 11 09    72   -61 10280   264    13 -9999 -9999 -9999
2021 01 11 12    60   -88 10297   358    21 -9999 -9999 -9999
2021 01 11 15    15   -62 10312    70    11 -9999 -9999 -9999
2021 01 11 18   -12   -50 10309   142    12 -9999 -9999 -9999
2021 01 11 21   -25   -53 10303   161    14 -9999 -9999 -9999
2021 01 12 00   -22   -50 10306   172     8 -9999 -9999 -9999
2021 01 12 03    65   -94 10291   284    13 -9999 -9999 -9999
2021 01 12 06   110  -124 10245    70    18 -9999 -9999 -9999
2021 01 12 09   116  -100 10234   230    19 -9999 -9999 -9999
2021 01 12 12    47   -62 10242   176    22 -9999 -9999 -9999
2021 01 12 15     7   -50 10249   181    10 -9999 -9999 -9999
2021 01 12 18   -17   -50 10249   171     7 -9999 -9999 -9999
2021 01 12 21   -27   -50 10245   178    17 -9999 -9999 -9999
2021 01 13 00   -17   -40 10258   116     8 -9999 -9999 -9999
2021 01 13 03    67   -35 10245   306    10 -9999 -9999 -9999
2021 01 13 06   140   -93 10201   313    18 -9999 -9999 -9999
2021 01 13 09   162   -61 10192   308     7 -9999 -9999 -9999
2021 01 13 12    75   -37 10214   166    23 -9999 -9999 -9999
2021 01 13 15    32   -29 10225   180    14 -9999 -9999 -9999
2021 01 13 18     7   -29 10222   180    11 -9999 -9999 -9999
2021 01 13 21   -17   -33 10220    55    12 -9999 -9999 -9999
2021 01 14 00     5   -21 10231   123     9 -9999 -9999 -9999
2021 01 14 03    92   -18 10215   303    15 -9999 -9999 -9999
2021 01 14 06   171   -36 10173   316    18 -9999 -9999 -9999
2021 01 14 09   195   -35 10166   286     6 -9999 -9999 -9999
2021 01 14 12   105    -4 10182   162    23 -9999 -9999 -9999
2021 01 14 15    55     1 10191    87    12 -9999 -9999 -9999
2021 01 14 18    37     1 10200   178    20 -9999 -9999 -9999
2021 01 14 21    22     1 10195   157    16 -9999 -9999 -9999
2021 01 15 00    20     4 10213   147    16 -9999 -9999 -9999
2021 01 15 03   116    15 10201   332    12 -9999 -9999 -9999
2021 01 15 06   205    -8 10157   313    15 -9999 -9999 -9999
2021 01 15 09   215     0 10153   280     8 -9999 -9999 -9999
2021 01 15 12   126     7 10179   177    22 -9999 -9999 -9999
2021 01 15 15    82    10 10187   167    21 -9999 -9999 -9999
2021 01 15 18    55    11 10189   156    14 -9999 -9999 -9999
2021 01 15 21    37    12 10197   159    11 -9999 -9999 -9999
2021 01 16 00    40    22 10213   105     4 -9999 -9999 -9999
2021 01 16 03   140    34 10210    60     6 -9999 -9999 -9999
2021 01 16 06   195    44 10173    10    20 -9999 -9999 -9999
2021 01 16 09   190    64 10184    21    28 -9999 -9999 -9999
2021 01 16 12   160    72 10210   161    16 -9999 -9999 -9999
2021 01 16 15   136    76 10223   166    17 -9999 -9999 -9999
2021 01 16 18   125    79 10237   259     4 -9999 -9999 -9999
2021 01 16 21   126    46 10259   341    32 -9999 -9999 -9999
2021 01 17 00   110    44 10289    16    35 -9999 -9999 -9999
2021 01 17 03   105    38 10299    28    37 -9999 -9999 -9999
2021 01 17 06   117    37 10269    52    38 -9999 -9999 -9999
2021 01 17 09   107    35 10276    23    21 -9999 -9999 -9999
2021 01 17 12    80    41 10287    53    30 -9999 -9999 -9999
2021 01 17 15    60    38 10290    76    17 -9999 -9999 -9999
2021 01 17 18    57    29 10280    10    21 -9999 -9999 -9999
2021 01 17 21    31    22 10281    72    12 -9999 -9999 -9999
2021 01 18 00    25    18 10290   128    12 -9999 -9999 -9999
2021 01 18 03    91   -22 10284   343    13 -9999 -9999 -9999
2021 01 18 06   135   -42 10240    63    14 -9999 -9999 -9999
2021 01 18 09   132   -44 10233    47    23 -9999 -9999 -9999
2021 01 18 12    80   -15 10252   178    22 -9999 -9999 -9999
2021 01 18 15    42   -11 10252   158    22 -9999 -9999 -9999
2021 01 18 18    20   -12 10252   165    13 -9999 -9999 -9999
2021 01 18 21     2   -13 10251   176    12 -9999 -9999 -9999
2021 01 19 00     2   -14 10267   158    16 -9999 -9999 -9999
2021 01 19 03    97    -4 10258    34    17 -9999 -9999 -9999
2021 01 19 06   167    13 10220    46    15 -9999 -9999 -9999
2021 01 19 09   161    22 10214    41    31 -9999 -9999 -9999
2021 01 19 12   105    32 10229   150    18 -9999 -9999 -9999
2021 01 19 15    75    37 10236   200     7 -9999 -9999 -9999
2021 01 19 18    57    39 10233   329     6 -9999 -9999 -9999
2021 01 19 21    45    34 10233   159     6 -9999 -9999 -9999
2021 01 20 00    45    40 10249   360     0 -9999 -9999 -9999
2021 01 20 03   137    67 10240   353    20 -9999 -9999 -9999
2021 01 20 06   202    77 10190   323    18 -9999 -9999 -9999
2021 01 20 09   205    78 10180    31    20 -9999 -9999 -9999
2021 01 20 12   145    88 10197   173    16 -9999 -9999 -9999
2021 01 20 15   111    85 10209   163    18 -9999 -9999 -9999
2021 01 20 18    87    77 10206   122    15 -9999 -9999 -9999
2021 01 20 21    78    74 10195   160    10 -9999 -9999     0
2021 01 21 00    74    71 10213   300    10 -9999 -9999     0
2021 01 21 03   161   100 10201   290    20 -9999 -9999     0
2021 01 21 06   240   113 10158    80    10 -9999 -9999     0
2021 01 21 09   242   101 10147    20    20 -9999 -9999     0
2021 01 21 12   174   112 10160   170    20 -9999 -9999     0
2021 01 21 15   141   107 10165   160    20 -9999 -9999     0
2021 01 21 18   118   104 10156   170    20 -9999 -9999     0
2021 01 21 21   102    94 10150    80    20 -9999 -9999     0
2021 01 22 00   112   104 10176   221     8 -9999 -9999 -9999
2021 01 22 03   187   119 10175   322    13 -9999 -9999 -9999
2021 01 22 06   207   122 10137    49    10 -9999 -9999 -9999
2021 01 22 09   190   124 10133    25    19 -9999 -9999 -9999
2021 01 22 12   167   130 10144    67    12 -9999 -9999 -9999
2021 01 22 15   157   130 10148    63    11 -9999 -9999 -9999
2021 01 22 18   155   133 10144    42    17 -9999 -9999 -9999
2021 01 22 21   147   136 10156    23    12 -9999 -9999 -9999
2021 01 23 00   140   129 10177    63    11 -9999 -9999 -9999
2021 01 23 03   162   109 10183   314    13 -9999 -9999 -9999
2021 01 23 06   207   105 10143    11    17 -9999 -9999 -9999
2021 01 23 09   197    91 10155   293    35 -9999 -9999 -9999
2021 01 23 12   151    76 10194   336    50 -9999 -9999 -9999
2021 01 23 15   105    82 10200    64    14 -9999 -9999 -9999
2021 01 23 18    86    77 10183   189    26 -9999 -9999 -9999
2021 01 23 21    75    71 10207   166    18 -9999 -9999 -9999
2021 01 24 00    82    79 10227    68    14 -9999 -9999 -9999
2021 01 24 03   141    76 10217   347    17 -9999 -9999 -9999
2021 01 24 06   201    94 10165   334    16 -9999 -9999 -9999
2021 01 24 09   217    93 10155    32    10 -9999 -9999 -9999
2021 01 24 12   157   102 10172   111    13 -9999 -9999 -9999
2021 01 24 15   123   100 10187   320    10 -9999 -9999     0
2021 01 24 18   110    98 10193   230    10 -9999 -9999     0
2021 01 24 21   100    94 10200   240    20 -9999 -9999     0
2021 01 25 00    87    85 10213    51     9 -9999 -9999 -9999
2021 01 25 03   172   106 10204    39     9 -9999 -9999 -9999
2021 01 25 06   227   106 10164   348    22 -9999 -9999 -9999
2021 01 25 09   225   112 10157    28    17 -9999 -9999 -9999
2021 01 25 12   171   118 10173   164    20 -9999 -9999 -9999
2021 01 25 15   157   119 10178   184    11 -9999 -9999 -9999
2021 01 25 18   145   123 10173   358    11 -9999 -9999 -9999
2021 01 25 21   127   114 10181    60    12 -9999 -9999 -9999
2021 01 26 00   141    89 10209   345    29 -9999 -9999 -9999
2021 01 26 03   155    92 10214    31    14 -9999 -9999 -9999
2021 01 26 06   167    92 10190    16    22 -9999 -9999 -9999
2021 01 26 09   155    86 10195   327    17 -9999 -9999 -9999
2021 01 26 12   137    79 10210    39    22 -9999 -9999 -9999
2021 01 26 15   127    78 10214    39    25 -9999 -9999 -9999
2021 01 26 18   120    78 10218    39    20 -9999 -9999 -9999
2021 01 26 21   112    86 10210    50    18 -9999 -9999 -9999
2021 01 27 00   110    88 10217    63    16 -9999 -9999 -9999
2021 01 27 03   135    89 10213    53    15 -9999 -9999 -9999
2021 01 27 06   157    97 10186     9    27 -9999 -9999 -9999
2021 01 27 09   162    96 10173     1    12 -9999 -9999 -9999
2021 01 27 12   125   100 10196   112     7 -9999 -9999 -9999
2021 01 27 15   105    96 10213   196    21 -9999 -9999 -9999
2021 01 27 18   112   100 10227   354    14 -9999 -9999 -9999
2021 01 27 21   120    75 10227   325    21 -9999 -9999 -9999
2021 01 28 00   105    59 10266    32    28 -9999 -9999 -9999
2021 01 28 03   117    47 10274    58    36 -9999 -9999 -9999
2021 01 28 06   145    38 10249    51    28 -9999 -9999 -9999
2021 01 28 09   150    24 10240    32    44 -9999 -9999 -9999
2021 01 28 12   117    35 10266     8    27 -9999 -9999 -9999
2021 01 28 15    70    40 10279   136    14 -9999 -9999 -9999
2021 01 28 18    52    35 10282   155    13 -9999 -9999 -9999
2021 01 28 21    36    27 10277   159    15 -9999 -9999 -9999
2021 01 29 00    40    33 10287   137     9 -9999 -9999 -9999
2021 01 29 03   112    35 10282   358    22 -9999 -9999 -9999
2021 01 29 06   162    16 10237   296    17 -9999 -9999 -9999
2021 01 29 09   170    32 10224    32    24 -9999 -9999 -9999
2021 01 29 12   110    42 10235   161    18 -9999 -9999 -9999
2021 01 29 15    77    37 10247   164    16 -9999 -9999 -9999
2021 01 29 18    60    34 10257   158    10 -9999 -9999 -9999
2021 01 29 21    57    39 10257   140     8 -9999 -9999 -9999
2021 01 30 00    62    44 10272   173    14 -9999 -9999 -9999
2021 01 30 03   141    36 10264   357    20 -9999 -9999 -9999
2021 01 30 06   197    35 10222    47    12 -9999 -9999 -9999
2021 01 30 09   177    40 10220    36    34 -9999 -9999 -9999
2021 01 30 12   131    53 10237   163    27 -9999 -9999 -9999
2021 01 30 15   100    48 10243   164    19 -9999 -9999 -9999
2021 01 30 18    77    48 10247   177    21 -9999 -9999 -9999
2021 01 30 21    60    46 10253   160    18 -9999 -9999 -9999
2021 01 31 00    65    49 10271   156     7 -9999 -9999 -9999
2021 01 31 03   155    61 10238   280    17 -9999 -9999 -9999
2021 01 31 06   222    60 10199    78    11 -9999 -9999 -9999
2021 01 31 09   225    67 10191    41    14 -9999 -9999 -9999
2021 01 31 12   160    80 10209   167    17 -9999 -9999 -9999
2021 01 31 15   125    78 10220   168    12 -9999 -9999 -9999
2021 01 31 18    97    77 10217   209     7 -9999 -9999 -9999
2021 01 31 21    82    70 10211    92    12 -9999 -9999 -9999
2021 02 01 00    87    76 10226    80    12 -9999 -9999 -9999
2021 02 01 03   182    79 10217   282    14 -9999 -9999 -9999
2021 02 01 06   242    91 10177   359    22 -9999 -9999 -9999
2021 02 01 09   241    73 10173   183    18 -9999 -9999 -9999
2021 02 01 12   175    89 10195   135    10 -9999 -9999 -9999
2021 02 01 15   136    91 10208   139    17 -9999 -9999 -9999
2021 02 01 18   117    87 10211   153    16 -9999 -9999 -9999
2021 02 01 21   100    87 10219   177    17 -9999 -9999 -9999
2021 02 02 00   106    89 10242   202    15 -9999 -9999 -9999
2021 02 02 03   197   104 10239    40    20 -9999 -9999 -9999
2021 02 02 06   236   103 10197    54    10 -9999 -9999 -9999
2021 02 02 09   222    97 10192    30    27 -9999 -9999 -9999
2021 02 02 12   191   104 10213   357    20 -9999 -9999 -9999
2021 02 02 15   160   112 10223   144    14 -9999 -9999 -9999
2021 02 02 18   152    94 10227   158    28 -9999 -9999 -9999
2021 02 02 21   127    84 10230   120    20 -9999 -9999 -9999
2021 02 03 00   126    85 10255    52    14 -9999 -9999 -9999
2021 02 03 03   175    73 10249    59    27 -9999 -9999 -9999
2021 02 03 06   211    73 10210    60    28 -9999 -9999 -9999
2021 02 03 09   210    93 10208    17    24 -9999 -9999 -9999
2021 02 03 12   165    72 10226    41    18 -9999 -9999 -9999
2021 02 03 15   127    93 10237   147    16 -9999 -9999 -9999
2021 02 03 18   110    91 10236   129    11 -9999 -9999 -9999
2021 02 03 21   102    88 10238   191    13 -9999 -9999 -9999
2021 02 04 00   105    91 10259   167    12 -9999 -9999 -9999
2021 02 04 03   147    82 10264   285     9 -9999 -9999 -9999
2021 02 04 06   196    89 10223    21    14 -9999 -9999 -9999
2021 02 04 09   196    92 10207    55    17 -9999 -9999 -9999
2021 02 04 12   150   102 10219   148    19 -9999 -9999 -9999
2021 02 04 15   125   100 10223   161    18 -9999 -9999 -9999
2021 02 04 18   107    98 10221   155    15 -9999 -9999 -9999
2021 02 04 21    97    91 10217   165    10 -9999 -9999 -9999
2021 02 05 00   101    98 10226   132     4 -9999 -9999 -9999
2021 02 05 03   185   112 10218   331    14 -9999 -9999 -9999
2021 02 05 06   247   116 10178   305    23 -9999 -9999 -9999
2021 02 05 09   250   116 10166   116     3 -9999 -9999 -9999
2021 02 05 12   185   120 10183   168    18 -9999 -9999 -9999
2021 02 05 15   150   120 10188   181    12 -9999 -9999 -9999
2021 02 05 18   130   116 10187   183    11 -9999 -9999 -9999
2021 02 05 21   121   113 10189   166    14 -9999 -9999 -9999
2021 02 06 00   116   111 10213   227     7 -9999 -9999 -9999
2021 02 06 03   190   123 10206     9    13 -9999 -9999 -9999
2021 02 06 06   255   112 10166     3    19 -9999 -9999 -9999
2021 02 06 09   252   111 10155   358    22 -9999 -9999 -9999
2021 02 06 12   187   114 10171   156    19 -9999 -9999 -9999
2021 02 06 15   152   114 10180   192    12 -9999 -9999 -9999
2021 02 06 18   137   112 10185   179    13 -9999 -9999 -9999
2021 02 06 21   127   113 10186   108    11 -9999 -9999 -9999
2021 02 07 00   135   117 10207   140     7 -9999 -9999 -9999
2021 02 07 03   192   118 10206   314    18 -9999 -9999 -9999
2021 02 07 06   265   121 10166   284    22 -9999 -9999 -9999
2021 02 07 09   270   102 10160   261     9 -9999 -9999 -9999
2021 02 07 12   196   121 10185   167    18 -9999 -9999 -9999
2021 02 07 15   161   119 10196   158    19 -9999 -9999 -9999
2021 02 07 18   135   114 10192   360     2 -9999 -9999 -9999
2021 02 07 21   132   116 10192   162    12 -9999 -9999 -9999
2021 02 08 00   140   121 10214   191     8 -9999 -9999 -9999
2021 02 08 03   190   126 10219   317    12 -9999 -9999 -9999
2021 02 08 06   247   130 10182    18    16 -9999 -9999 -9999
2021 02 08 09   236   138 10179    38    20 -9999 -9999 -9999
2021 02 08 12   207   132 10203   258    13 -9999 -9999 -9999
2021 02 08 15   167   132 10227    26    21 -9999 -9999 -9999
2021 02 08 18   132   127 10226    46    28 -9999 -9999     4
2021 02 08 21   120   111 10224    41    27 -9999 -9999     6
2021 02 09 00   107    99 10244    30    17 -9999 -9999    14
2021 02 09 03   110   105 10249    44    23 -9999 -9999    49
2021 02 09 06   115   109 10229    32    16 -9999 -9999    50
2021 02 09 12   107   102 10228    25    22 -9999 -9999     8
2021 02 09 15   105   100 10228    41    23 -9999 -9999     8
2021 02 09 18    97    95 10219    51    18 -9999 -9999    49
2021 02 09 21    96    95 10196    60    20 -9999 -9999    70
2021 02 10 00    97    96 10217   319    15 -9999 -9999    69
2021 02 10 03   101    98 10203    63    14 -9999 -9999   123
2021 02 10 06   105   102 10183   256    20 -9999 -9999   137
2021 02 10 09   107   105 10192   305    10 -9999 -9999   205
2021 02 11 00   112   111 10181    48     5 -9999 -9999 -9999
2021 02 13 06   212   118 10168    47    42 -9999 -9999 -9999
2021 02 13 12   162   130 10179    70    13 -9999 -9999 -9999
2021 02 13 15   145   126 10180    89     7 -9999 -9999 -9999
2021 02 13 18   132   125 10172   102     8 -9999 -9999 -9999
2021 02 13 21   123   120 10169   300    10 -9999 -9999     0
2021 02 14 00   125   122 10181   360     0 -9999 -9999 -9999
2021 02 14 03   195   117 10177   333    15 -9999 -9999 -9999
2021 02 14 06   240    92 10140    20    14 -9999 -9999 -9999
2021 02 14 09   227    89 10135   323    30 -9999 -9999 -9999
2021 02 14 12   155    92 10157    71    22 -9999 -9999 -9999
2021 02 14 15   130    94 10170   189    22 -9999 -9999 -9999
2021 02 14 18   101    90 10169   149    20 -9999 -9999 -9999
2021 02 14 21    77    73 10175    65    17 -9999 -9999 -9999
2021 02 15 00    90    85 10197   140    11 -9999 -9999 -9999
2021 02 15 03   175    98 10191   322    15 -9999 -9999 -9999
2021 02 15 06   232    82 10154   298    22 -9999 -9999 -9999
2021 02 15 09   235    58 10139    28    15 -9999 -9999 -9999
2021 02 15 12   165    89 10153   180    23 -9999 -9999 -9999
2021 02 15 15   125    86 10170   169    17 -9999 -9999 -9999
2021 02 15 18   102    81 10169    66    11 -9999 -9999 -9999
2021 02 15 21    91    80 10155    70    15 -9999 -9999 -9999
2021 02 16 00   107    90 10181   335     9 -9999 -9999 -9999
2021 02 16 03   185    98 10180   353    23 -9999 -9999 -9999
2021 02 16 06   221   100 10151    56    30 -9999 -9999 -9999
2021 02 16 09   200   101 10161    11    42 -9999 -9999 -9999
2021 02 16 12   135   129 10201    46    42 -9999 -9999     3
2021 02 16 15   130   128 10216    33    23 -9999 -9999    40
2021 02 16 18   126   123 10212    30    28 -9999 -9999    41
2021 02 16 21   122   117 10221    39    17 -9999 -9999     4
2021 02 17 00   121    98 10251    75    20 -9999 -9999 -9999
2021 02 17 03   172    70 10247    27    28 -9999 -9999 -9999
2021 02 17 06   187    18 10224    11    38 -9999 -9999 -9999
2021 02 17 09   181    24 10223    51    29 -9999 -9999 -9999
2021 02 17 12   127    48 10247   206     8 -9999 -9999 -9999
2021 02 17 15    95    50 10264   162    23 -9999 -9999 -9999
2021 02 17 18    70    52 10271   142    12 -9999 -9999 -9999
2021 02 17 21    52    46 10282   146    14 -9999 -9999 -9999
2021 02 18 00    62    49 10306    95     9 -9999 -9999 -9999
2021 02 18 03   137    49 10300   331    19 -9999 -9999 -9999
2021 02 18 06   186     7 10263    21    28 -9999 -9999 -9999
2021 02 18 09   186   -23 10257   323    33 -9999 -9999 -9999
2021 02 18 12   122    16 10269   176    20 -9999 -9999 -9999
2021 02 18 15    77    29 10274   125    15 -9999 -9999 -9999
2021 02 18 18    55    30 10266   144    13 -9999 -9999 -9999
2021 02 18 21    40    27 10264   144    17 -9999 -9999 -9999
2021 02 19 00    55    32 10278   133    11 -9999 -9999 -9999
2021 02 19 03   140    32 10271   296    16 -9999 -9999 -9999
2021 02 19 06   207     5 10223    42    20 -9999 -9999 -9999
2021 02 19 09   217   -21 10208   276    20 -9999 -9999 -9999
2021 02 20 12   156    31 10185   186    28 -9999 -9999 -9999
2021 02 20 15   115    38 10190   161    11 -9999 -9999 -9999
2021 02 20 18    80    38 10187    66    11 -9999 -9999 -9999
2021 02 20 21    67    42 10185   360     2 -9999 -9999 -9999
2021 02 21 00    80    50 10203   193     8 -9999 -9999 -9999
2021 02 21 03   172    62 10190   310    17 -9999 -9999 -9999
2021 02 21 06   256    68 10146   291    24 -9999 -9999 -9999
2021 02 21 12   195    90 10153   175    17 -9999 -9999 -9999
2021 02 21 15   175    89 10164   269    10 -9999 -9999 -9999
2021 02 21 18   140    97 10161    30     8 -9999 -9999 -9999
2021 02 21 21   117    99 10163    26     5 -9999 -9999 -9999
2021 02 22 00   126   100 10183    72     7 -9999 -9999 -9999
2021 02 22 03   220   101 10173   319    15 -9999 -9999 -9999
2021 02 22 06   265   114 10142   340    10 -9999 -9999 -9999
2021 02 22 09   255   123 10135    37    28 -9999 -9999 -9999
2021 02 22 12   220   127 10157    18    14 -9999 -9999 -9999
2021 02 22 15   186   132 10175   155    26 -9999 -9999 -9999
2021 02 22 18   167   132 10168   154    11 -9999 -9999 -9999
2021 02 22 21   155   133 10166   164    20 -9999 -9999 -9999
2021 02 23 00   157   137 10183    88     8 -9999 -9999 -9999
2021 02 23 03   220   135 10180     7    14 -9999 -9999 -9999
2021 02 23 06   261   126 10142   324    16 -9999 -9999 -9999
2021 02 23 09   265   106 10127   351    18 -9999 -9999 -9999
2021 02 23 12   215   131 10142     5    12 -9999 -9999 -9999
2021 02 23 15   185   133 10154   138    10 -9999 -9999 -9999
2021 02 23 18   160   126 10156   175     5 -9999 -9999 -9999
2021 02 23 21   147   114 10156   127    16 -9999 -9999 -9999
2021 02 24 00   157   107 10176   155    17 -9999 -9999 -9999
2021 02 24 03   217   115 10165    28    14 -9999 -9999 -9999
2021 02 24 06   267   120 10120     6    19 -9999 -9999 -9999
2021 02 24 09   252   135 10104    43    31 -9999 -9999 -9999
2021 02 24 12   211   130 10119   191    22 -9999 -9999 -9999
2021 02 24 15   201   133 10129   189    29 -9999 -9999 -9999
2021 02 24 18   170   125 10130   144    21 -9999 -9999 -9999
2021 02 24 21   167   125 10121   132    20 -9999 -9999 -9999
2021 02 25 00   155   134 10138    59    11 -9999 -9999 -9999
2021 02 25 03   202   137 10135    63    25 -9999 -9999 -9999
2021 02 25 06   212   141 10106    47    15 -9999 -9999 -9999
2021 02 25 09   240   141 10088   265    14 -9999 -9999 -9999
2021 02 25 12   197   144 10100   191    12 -9999 -9999 -9999
2021 02 25 15   177   144 10106    66     7 -9999 -9999 -9999
2021 02 25 18   166   156 10104   176    12 -9999 -9999     4
2021 02 25 21   160   158 10093   157    15 -9999 -9999    57
2021 02 26 00   165   163 10114   309    13 -9999 -9999    99
2021 02 26 03   186   171 10124   305    15 -9999 -9999    51
2021 02 26 06   167   143 10114    42    26 -9999 -9999     5
2021 02 26 09   125   111 10134   356    44 -9999 -9999     2
2021 02 26 12   112    89 10157     7    26 -9999 -9999     3
2021 02 26 15   112    81 10170   330    21 -9999 -9999     1
2021 02 26 18   101    93 10173   352    21 -9999 -9999    16
2021 02 26 21    97    96 10178    51    21 -9999 -9999    65
2021 02 27 00   101    99 10195    43    16 -9999 -9999    49
2021 02 27 03   115    98 10200    10    14 -9999 -9999 -9999
2021 02 27 06   130   102 10183   132     6 -9999 -9999 -9999
2021 02 27 09   137   105 10182    71     8 -9999 -9999 -9999
2021 02 27 12   127   114 10192   103     8 -9999 -9999 -9999
2021 02 27 15   127   114 10200   189     9 -9999 -9999 -9999
2021 02 27 18   125   119 10191    60     8 -9999 -9999 -9999
2021 02 27 21   125   119 10191   185    11 -9999 -9999 -9999
2021 02 28 00   126   117 10199   102    16 -9999 -9999 -9999
2021 02 28 03   146   116 10196    18    10 -9999 -9999 -9999
2021 02 28 06   152   114 10171     3    14 -9999 -9999 -9999
2021 02 28 09   162   119 10159     8    11 -9999 -9999 -9999
2021 02 28 12   132   125 10169   101    11 -9999 -9999 -9999
2021 02 28 15   127   123 10179    86    12 -9999 -9999 -9999
2021 02 28 18   130   126 10178   254    19 -9999 -9999 -9999
2021 02 28 21   127   126 10174   218     9 -9999 -9999 -9999
2021 03 01 00   127   125 10194    58     7 -9999 -9999 -9999
2021 03 01 03   160   130 10197   167    11 -9999 -9999 -9999
2021 03 01 06   216   150 10153    24    18 -9999 -9999 -9999
2021 03 01 09   232   158 10144    72     8 -9999 -9999 -9999
2021 03 01 12   197   170 10160   255    10 -9999 -9999 -9999
2021 03 01 15   137   122 10216    14    23 -9999 -9999    10
2021 03 01 18   116   110 10228   350    10 -9999 -9999    60
2021 03 01 21   107   105 10224   324    17 -9999 -9999    53
2021 03 02 00   111    95 10249    32    10 -9999 -9999     3
2021 03 02 03   116    93 10256    59    29 -9999 -9999 -9999
2021 03 02 06   117    99 10237    83    13 -9999 -9999 -9999
2021 03 02 09   122    98 10231   162    10 -9999 -9999 -9999
2021 03 02 12   112   105 10238   177    10 -9999 -9999 -9999
2021 03 02 15   115   107 10248   106     8 -9999 -9999 -9999
2021 03 02 18   115   109 10245   192    10 -9999 -9999 -9999
2021 03 02 21   107    99 10225   158    13 -9999 -9999 -9999
2021 03 03 00   110    70 10251    52    12 -9999 -9999 -9999
2021 03 03 03   127    61 10244    56    18 -9999 -9999 -9999
2021 03 03 06   132    64 10213     8    23 -9999 -9999 -9999
2021 03 03 09   120    68 10217    53    21 -9999 -9999 -9999
2021 03 03 12   110    74 10225    33    18 -9999 -9999 -9999
2021 03 03 15    97    92 10234    30     6 -9999 -9999    12
2021 03 03 18   100    96 10218   151    17 -9999 -9999    12
2021 03 03 21    97    97 10209   242    15 -9999 -9999    41
2021 03 04 00   102   100 10220     9     9 -9999 -9999    46
2021 03 04 03   116   103 10224   215    10 -9999 -9999     6
2021 03 04 06   135   111 10203   337    14 -9999 -9999     1
2021 03 04 09   135   120 10204   204     5 -9999 -9999     4
2021 03 04 12   127   124 10208    92     6 -9999 -9999    14
2021 03 04 15   126   124 10214    25     3 -9999 -9999    20
2021 03 04 18   122   121 10196    86     7 -9999 -9999    24
2021 03 04 21   122   121 10188    28     9 -9999 -9999    14
2021 03 05 00   126   124 10196    14    11 -9999 -9999     2
2021 03 05 03   162   146 10189    41    16 -9999 -9999     2
2021 03 05 06   191   158 10152    71    14 -9999 -9999 -9999
2021 03 05 09   222   167 10137   203    23 -9999 -9999 -9999
2021 03 05 12   196   164 10153   189    37 -9999 -9999 -9999
2021 03 05 15   177   164 10158   103    21 -9999 -9999 -9999
2021 03 05 18   166   164 10147   317    10 -9999 -9999 -9999
2021 03 05 21   165   164 10163   330    32 -9999 -9999     3
2021 03 06 00   167 -9999 10177   297    28 -9999 -9999    14
2021 03 06 03   191   165 10192   250    11 -9999 -9999   111
2021 03 06 06   190   181 10171   244    10 -9999 -9999   149
2021 03 06 09   180   177 10172    48    26 -9999 -9999    52
2021 03 06 12   176   174 10186   217     9 -9999 -9999     6
2021 03 06 15   167   166 10198    25    21 -9999 -9999     4
2021 03 06 18   147   146 10200    27    22 -9999 -9999    11
2021 03 06 21   135   132 10205    52    28 -9999 -9999    23
2021 03 07 00   127   123 10233    50    26 -9999 -9999    13
2021 03 07 03   140   128 10237    54    21 -9999 -9999 -9999
2021 03 07 06   142   131 10219    56    25 -9999 -9999 -9999
2021 03 07 09   146   126 10212   344    14 -9999 -9999 -9999
2021 03 07 12   141   130 10232    28    17 -9999 -9999 -9999
2021 03 07 15   137   129 10240    34    26 -9999 -9999 -9999
2021 03 07 18   135   121 10230    50    13 -9999 -9999 -9999
2021 03 07 21   130   120 10220    63    12 -9999 -9999 -9999
2021 03 08 00   131   117 10231   360     2 -9999 -9999 -9999
2021 03 08 03   157   120 10230   349    13 -9999 -9999 -9999
2021 03 08 06   175   125 10205    19     9 -9999 -9999 -9999
2021 03 08 09   166   129 10199    14    16 -9999 -9999 -9999
2021 03 08 12   152   132 10216    31    19 -9999 -9999 -9999
2021 03 08 15   145   131 10225    67    21 -9999 -9999 -9999
2021 03 08 18   140   132 10215    42    18 -9999 -9999 -9999
2021 03 08 21   135   133 10214    19    10 -9999 -9999     2
2021 03 09 00   136   134 10236   285     6 -9999 -9999     5
2021 03 09 03   177   140 10233    23    11 -9999 -9999     3
2021 03 09 06   220   143 10202   297    23 -9999 -9999 -9999
2021 03 09 09   180   139 10209    34    34 -9999 -9999 -9999
2021 03 09 12   161   134 10227    46    28 -9999 -9999 -9999
2021 03 09 15   145   142 10234   165    12 -9999 -9999   120
2021 03 09 18   142   140 10227    48    14 -9999 -9999   127
2021 03 09 21   141   139 10223    32    18 -9999 -9999     7
2021 03 10 00   142   137 10240     9    18 -9999 -9999 -9999
2021 03 10 03   157   141 10237    24    18 -9999 -9999 -9999
2021 03 10 06   167   140 10214   360    21 -9999 -9999 -9999
2021 03 10 09   177   141 10205   338    11 -9999 -9999 -9999
2021 03 10 12   160   139 10218    34    20 -9999 -9999 -9999
2021 03 10 15   145   134 10226   231     8 -9999 -9999 -9999
2021 03 10 18   138   130 10219    60    10 -9999 -9999     0
2021 03 10 21   137   119 10210   239     7 -9999 -9999 -9999
2021 03 11 00   140   134 10229    53    13 -9999 -9999 -9999
2021 03 11 03   155   144 10232   330     7 -9999 -9999    14
2021 03 11 06   197   149 10196    14    22 -9999 -9999    14
2021 03 11 09   192   158 10189   341    14 -9999 -9999 -9999
2021 03 11 12   180   157 10202   148    11 -9999 -9999 -9999
2021 03 11 15   165   159 10213    85    13 -9999 -9999 -9999
2021 03 11 18   162   161 10209   211    10 -9999 -9999    12
2021 03 11 21   162 -9999 10203   164     7 -9999 -9999    14
2021 03 12 00   170   169 10223    16     5 -9999 -9999     2
2021 03 12 03   207   162 10224   100    15 -9999 -9999 -9999
2021 03 12 06   215   164 10203    31    23 -9999 -9999 -9999
2021 03 12 09   197   154 10195    48    15 -9999 -9999 -9999
2021 03 12 12   177   144 10212    27    21 -9999 -9999 -9999
2021 03 12 15   170   140 10218    68    13 -9999 -9999 -9999
2021 03 12 18   162   152 10210    90     7 -9999 -9999 -9999
2021 03 12 21   160   150 10200    93     6 -9999 -9999 -9999
2021 03 13 00   161   153 10217    57     4 -9999 -9999 -9999
2021 03 13 03   162   150 10222   360     2 -9999 -9999     1
2021 03 13 06   172   155 10196    69    12 -9999 -9999     2
2021 03 13 09   176   154 10187   275    10 -9999 -9999     1
2021 03 13 12   167   157 10190    80    11 -9999 -9999 -9999
2021 03 13 15   162   160 10201    65    10 -9999 -9999 -9999
2021 03 13 18   161   158 10189     6    14 -9999 -9999 -9999
2021 03 13 21   160   157 10180    59    10 -9999 -9999 -9999
2021 03 14 00   162   153 10200    25    10 -9999 -9999 -9999
2021 03 14 03   197   157 10197   296    19 -9999 -9999 -9999
2021 03 14 06   245   149 10158    12    22 -9999 -9999 -9999
2021 03 14 09   260   145 10140   262    19 -9999 -9999 -9999
2021 03 14 12   200   155 10151   151    13 -9999 -9999 -9999
2021 03 14 15   170   153 10157   173    15 -9999 -9999 -9999
2021 03 14 18   150   145 10152    82    11 -9999 -9999 -9999
2021 03 14 21   142   140 10149   297     6 -9999 -9999 -9999
2021 03 15 00   150   148 10170    47     7 -9999 -9999 -9999
2021 03 15 03   226   157 10164   119    13 -9999 -9999 -9999
2021 03 15 06   276   139 10120   143    42 -9999 -9999 -9999
2021 03 15 09   266   134 10113   178    29 -9999 -9999 -9999
2021 03 15 12   227   143 10128   184    29 -9999 -9999 -9999
2021 03 15 15   197   144 10135   177    13 -9999 -9999 -9999
2021 03 15 18   160   144 10134    65    16 -9999 -9999 -9999
2021 03 15 21   152   140 10133    42     8 -9999 -9999 -9999
2021 03 16 00   175   155 10151    73    17 -9999 -9999 -9999
2021 03 16 03   252   159 10143   337    16 -9999 -9999 -9999
2021 03 16 06   290   159 10113    15    13 -9999 -9999 -9999
2021 03 16 09   275   148 10105    47    11 -9999 -9999 -9999
2021 03 16 12   227   168 10121   168    17 -9999 -9999 -9999
2021 03 16 15   202   164 10132   167    13 -9999 -9999 -9999
2021 03 16 18   175   160 10129   140    10 -9999 -9999 -9999
2021 03 16 21   162   154 10127    91     5 -9999 -9999 -9999
2021 03 17 00   177   164 10146    11     4 -9999 -9999 -9999
2021 03 17 03   251   168 10136   295     8 -9999 -9999 -9999
2021 03 17 06   297   165 10107   206    12 -9999 -9999 -9999
2021 03 17 09   295   152 10098   218    11 -9999 -9999 -9999
2021 03 17 12   240   169 10115   180    21 -9999 -9999 -9999
2021 03 17 15   207   169 10129   325     6 -9999 -9999 -9999
2021 03 17 18   192   167 10130    99     6 -9999 -9999 -9999
2021 03 17 21   180   168 10131    76    17 -9999 -9999 -9999
2021 03 18 00   196   177 10147    53    11 -9999 -9999 -9999
2021 03 18 03   270   171 10133     8    13 -9999 -9999 -9999
2021 03 18 06   305   183 10097   294    21 -9999 -9999 -9999
2021 03 18 12   246   176 10100   153    17 -9999 -9999 -9999
2021 03 18 15   216   174 10114    82    11 -9999 -9999 -9999
2021 03 18 18   222   177 10114   219    13 -9999 -9999 -9999
2021 03 18 21   205   174 10110   167    24 -9999 -9999 -9999
2021 03 19 00   210   181 10130    56    14 -9999 -9999 -9999
2021 03 19 03   266   182 10122   293    13 -9999 -9999 -9999
2021 03 19 06   295   179 10088   358    10 -9999 -9999 -9999
2021 03 19 09   297   178 10076   209    15 -9999 -9999 -9999
2021 03 19 12   252   190 10088   168    23 -9999 -9999 -9999
2021 03 19 15   230   182 10101   160    18 -9999 -9999 -9999
2021 03 19 18   210   178 10091   302     6 -9999 -9999 -9999
2021 03 19 21   196   179 10099   158    11 -9999 -9999 -9999
2021 03 20 00   200   183 10122   342     6 -9999 -9999 -9999
2021 03 20 03   211   159 10134   348    42 -9999 -9999 -9999
2021 03 20 06   247   165 10109    31    14 -9999 -9999 -9999
2021 03 20 09   245   153 10104   319    30 -9999 -9999 -9999
2021 03 20 12   210   134 10133   339    17 -9999 -9999 -9999
2021 03 20 15   185   129 10144    23    34 -9999 -9999 -9999
2021 03 20 18   162   106 10158   323    42 -9999 -9999 -9999
2021 03 20 21   127    96 10187   326    31 -9999 -9999 -9999
2021 03 21 00   125    95 10207    13    22 -9999 -9999 -9999
2021 03 21 03   115   101 10226   344    20 -9999 -9999     5
2021 03 21 06   111   100 10223   327    27 -9999 -9999    17
2021 03 21 09   107    99 10227   340    16 -9999 -9999    37
2021 03 21 12   105    94 10246   344    34 -9999 -9999    56
2021 03 21 15   100    91 10266    27    25 -9999 -9999    37
2021 03 21 18    96    80 10268    17    26 -9999 -9999     7
2021 03 21 21    92    73 10278    13    18 -9999 -9999     9
2021 03 22 00    97    77 10294   100     9 -9999 -9999     8
2021 03 22 03   127    65 10289    84    11 -9999 -9999 -9999
2021 03 22 06   156    43 10258   276    14 -9999 -9999 -9999
2021 03 22 09   156    43 10247    31    26 -9999 -9999 -9999
2021 03 22 12   117    69 10261   169    20 -9999 -9999 -9999
2021 03 22 15   100    68 10261   167    14 -9999 -9999 -9999
2021 03 22 18    82    64 10255   144    12 -9999 -9999 -9999
2021 03 22 21    77    69 10251   188    14 -9999 -9999 -9999
2021 03 23 00    92    80 10255   310    11 -9999 -9999 -9999
2021 03 23 03   135    72 10241   327    18 -9999 -9999 -9999
2021 03 23 06   142    77 10223   120    11 -9999 -9999 -9999
2021 03 23 09   107    92 10218   207    33 -9999 -9999    16
2021 03 23 12   106    84 10211   190    28 -9999 -9999    16
2021 03 23 15   110    80 10202   226    33 -9999 -9999 -9999
2021 03 23 18   105    87 10199   135    13 -9999 -9999 -9999
2021 03 23 21    95    88 10195   181    10 -9999 -9999 -9999
2021 03 24 00    97    93 10211    38     4 -9999 -9999 -9999
2021 03 24 03   175    64 10202   332    15 -9999 -9999 -9999
2021 03 24 06   212    72 10165    52    31 -9999 -9999 -9999
2021 03 24 09   212    64 10158    49    28 -9999 -9999 -9999
2021 03 24 12   155    85 10174   151    23 -9999 -9999 -9999
2021 03 24 15   122    85 10188   154    15 -9999 -9999 -9999
2021 03 24 18   100    82 10189   173    17 -9999 -9999 -9999
2021 03 24 21    82    74 10201   154    17 -9999 -9999 -9999
2021 03 25 00   105    87 10226   274     7 -9999 -9999 -9999
2021 03 25 03   187    87 10217   332    15 -9999 -9999 -9999
2021 03 25 06   245    81 10170   264    31 -9999 -9999 -9999
2021 03 25 09   252    65 10154    25    20 -9999 -9999 -9999
2021 03 25 12   187    98 10165   149    15 -9999 -9999 -9999
2021 03 25 15   160    98 10180   133    18 -9999 -9999 -9999
2021 03 25 18   131    97 10177    73    18 -9999 -9999 -9999
2021 03 25 21   120    94 10180    94    11 -9999 -9999 -9999
2021 03 26 00   147   107 10196    60    12 -9999 -9999 -9999
2021 03 26 03   225   113 10177    52    17 -9999 -9999 -9999
2021 03 26 06   272    76 10128   230    19 -9999 -9999 -9999
2021 03 26 09   285    71 10110   320    11 -9999 -9999 -9999
2021 03 26 12   212    95 10123   150    19 -9999 -9999 -9999
2021 03 26 15   170   106 10130    92     7 -9999 -9999 -9999
2021 03 26 18   152   114 10125    62    18 -9999 -9999 -9999
2021 03 26 21   157   121 10118    36    17 -9999 -9999 -9999
2021 03 27 00   175   136 10131    61    24 -9999 -9999 -9999
2021 03 27 03   265   135 10121   157    26 -9999 -9999 -9999
2021 03 27 06   305   149 10079    12    14 -9999 -9999 -9999
2021 03 27 09   300   145 10070   271    24 -9999 -9999 -9999
2021 03 27 12   240   158 10087   146    19 -9999 -9999 -9999
2021 03 27 15   226   157 10091   181    19 -9999 -9999 -9999
2021 03 27 18   197   160 10085   164    12 -9999 -9999 -9999
2021 03 27 21   187   159 10079   158    15 -9999 -9999 -9999
2021 03 28 00   192   167 10103   152     7 -9999 -9999 -9999
2021 03 28 03   270   175 10100     2    19 -9999 -9999 -9999
2021 03 28 06   305   168 10071   317    21 -9999 -9999 -9999
2021 03 28 09   297   165 10062   333    19 -9999 -9999 -9999
2021 03 28 12   242   170 10074   145    15 -9999 -9999 -9999
2021 03 28 15   210   171 10084   166    16 -9999 -9999 -9999
2021 03 28 18   190   168 10077   166    12 -9999 -9999 -9999
2021 03 28 21   176   166 10072   163    11 -9999 -9999 -9999
2021 03 29 00   186   169 10090    63    13 -9999 -9999 -9999
2021 03 29 03   275   187 10071   283    13 -9999 -9999 -9999
2021 03 29 06   311   178 10034   186    26 -9999 -9999 -9999
2021 03 29 09   300   197 10018   178    11 -9999 -9999 -9999
2021 03 29 12   276   183 10030   212    30 -9999 -9999 -9999
2021 03 29 15   255   186 10045   189    44 -9999 -9999 -9999
2021 03 29 18   240   185 10040   204    37 -9999 -9999 -9999
2021 03 29 21   230   187 10036   193    34 -9999 -9999 -9999
2021 03 30 00   226   192 10062    39    15 -9999 -9999 -9999
2021 03 30 03   267   196 10067   248    11 -9999 -9999 -9999
2021 03 30 06   297   197 10041    61    13 -9999 -9999 -9999
2021 03 30 09   285   202 10035   240     8 -9999 -9999 -9999
2021 03 30 12   237   223 10055   163    16 -9999 -9999    22
2021 03 30 15   206   193 10075   103    35 -9999 -9999    58
2021 03 30 18   211   192 10045   212    57 -9999 -9999    74
2021 03 30 21   202   194 10049    40     8 -9999 -9999    38
2021 03 31 00   212   204 10061   309    18 -9999 -9999    36
2021 03 31 03   232   213 10060   109    10 -9999 -9999    36
2021 03 31 06   242   221 10062   103    19 -9999 -9999     1
2021 03 31 09   237   207 10040   218    24 -9999 -9999     5
2021 03 31 12   216   199 10048    31    12 -9999 -9999     4
2021 03 31 15   206   196 10061    15     6 -9999 -9999 -9999
2021 03 31 18   192   188 10055    20    15 -9999 -9999 -9999
2021 03 31 21   195   191 10063    40    13 -9999 -9999 -9999
2021 04 01 00   197   194 10085    64     8 -9999 -9999 -9999
2021 04 01 03   221   206 10087    13    25 -9999 -9999     1
2021 04 01 06   295   198 10053   319    24 -9999 -9999 -9999
2021 04 01 09   310   184 10039   248     4 -9999 -9999 -9999
2021 04 01 12   255   201 10056   140    14 -9999 -9999 -9999
2021 04 01 15   227   198 10080   154    15 -9999 -9999 -9999
2021 04 01 18   212   195 10077   155    14 -9999 -9999 -9999
2021 04 01 21   200   190 10082   188    13 -9999 -9999 -9999
2021 04 02 00   212   195 10109   288     8 -9999 -9999 -9999
2021 04 02 03   281   204 10102   318    11 -9999 -9999 -9999
2021 04 02 06   315   191 10081    26    18 -9999 -9999 -9999
2021 04 02 09   312   195 10067    15    14 -9999 -9999 -9999
2021 04 02 12   257   208 10086   231    17 -9999 -9999 -9999
2021 04 02 15   235   201 10103   169    14 -9999 -9999 -9999
2021 04 02 18   215   198 10100   172    10 -9999 -9999 -9999
2021 04 02 21   210   197 10107   204    12 -9999 -9999 -9999
2021 04 03 00   217   202 10129    40     7 -9999 -9999 -9999
2021 04 03 03   280   211 10125   351    13 -9999 -9999 -9999
2021 04 03 06   302   211 10100   332    24 -9999 -9999 -9999
2021 04 03 09   297   204 10091   300    31 -9999 -9999 -9999
2021 04 03 12   255   191 10122   343    30 -9999 -9999 -9999
2021 04 03 15   227   172 10140     8    22 -9999 -9999 -9999
2021 04 03 18   206   154 10148   351    33 -9999 -9999 -9999
2021 04 03 21   191   148 10160   344    19 -9999 -9999 -9999
2021 04 04 00   190   144 10183   308    22 -9999 -9999 -9999
2021 04 04 03   201   142 10189   351    15 -9999 -9999 -9999
2021 04 04 06   241   153 10151   108    14 -9999 -9999 -9999
2021 04 04 09   255   163 10142    46    21 -9999 -9999 -9999
2021 04 04 12   230   155 10167   356    34 -9999 -9999 -9999
2021 04 04 15   205   141 10190   340    21 -9999 -9999 -9999
2021 04 04 18   185   146 10185    45    20 -9999 -9999 -9999
2021 04 04 21   180   142 10184    33    16 -9999 -9999 -9999
2021 04 05 00   180   141 10203   348    14 -9999 -9999 -9999
2021 04 05 03   182   141 10205    40    18 -9999 -9999 -9999
2021 04 05 06   185   147 10186    74    16 -9999 -9999 -9999
2021 04 05 09   185   147 10181    92    10 -9999 -9999 -9999
2021 04 05 12   177   153 10192   191     8 -9999 -9999 -9999
2021 04 05 15   176   154 10199   178    13 -9999 -9999 -9999
2021 04 05 18   175   157 10185    53    13 -9999 -9999 -9999
2021 04 05 21   175   157 10181    31     7 -9999 -9999 -9999
2021 04 06 00   177   159 10206    35    23 -9999 -9999 -9999
2021 04 06 03   197   154 10206    53    12 -9999 -9999 -9999
2021 04 06 06   242   155 10174    40    26 -9999 -9999 -9999
2021 04 06 09   230   161 10170    20    25 -9999 -9999 -9999
2021 04 06 12   207   162 10195    33    27 -9999 -9999 -9999
2021 04 06 15   200   160 10200    42    15 -9999 -9999 -9999
2021 04 06 18   192   163 10175   166     7 -9999 -9999 -9999
2021 04 06 21   181   166 10167     3    13 -9999 -9999 -9999
2021 04 07 00   195   167 10175    33     6 -9999 -9999 -9999
2021 04 07 03   215   162 10177    63    19 -9999 -9999 -9999
2021 04 07 06   221   166 10148    32    16 -9999 -9999 -9999
2021 04 07 09   212   158 10136    36    25 -9999 -9999 -9999
2021 04 07 12   197   158 10146    50    13 -9999 -9999 -9999
2021 04 07 15   187   162 10142   276    13 -9999 -9999 -9999
2021 04 07 18   181   164 10126    56    13 -9999 -9999 -9999
2021 04 07 21   172   165 10142   243    11 -9999 -9999     2
2021 04 08 00   167   157 10171   258    12 -9999 -9999     5
2021 04 08 03   180   156 10177    51    19 -9999 -9999     3
2021 04 08 06   175   154 10164    45    29 -9999 -9999 -9999
2021 04 08 09   165   151 10164    62    20 -9999 -9999 -9999
2021 04 08 12   162   152 10180    74    13 -9999 -9999 -9999
2021 04 08 15   152   147 10193    49    33 -9999 -9999    10
2021 04 08 18   146   138 10179    49    15 -9999 -9999    11
2021 04 08 21   142   131 10184   359    28 -9999 -9999     1
2021 04 09 00   137   129 10205    30    28 -9999 -9999     3
2021 04 09 03   146   123 10220    10    33 -9999 -9999     3
2021 04 09 06   176   125 10199   145    13 -9999 -9999     1
2021 04 09 09   195   124 10184    66     3 -9999 -9999     1
2021 04 09 12   166   143 10200    63    13 -9999 -9999 -9999
2021 04 09 15   160   142 10212   106     8 -9999 -9999 -9999
2021 04 09 18   156   141 10202    95     9 -9999 -9999 -9999
2021 04 09 21   147   116 10209   108     6 -9999 -9999 -9999
2021 04 10 00   161   100 10225   314     8 -9999 -9999 -9999
2021 04 10 03   200    74 10224    78    13 -9999 -9999 -9999
2021 04 10 06   235    83 10195    54    22 -9999 -9999 -9999
2021 04 10 09   212    74 10194   189    11 -9999 -9999 -9999
2021 04 10 12   182   120 10205   134    13 -9999 -9999 -9999
2021 04 10 15   171   124 10214   142     9 -9999 -9999 -9999
2021 04 10 18   161   119 10208   144    11 -9999 -9999 -9999
2021 04 10 21   157   117 10209    77    12 -9999 -9999 -9999
2021 04 11 00   170   131 10221    40     5 -9999 -9999 -9999
2021 04 11 03   220   111 10215    19    21 -9999 -9999 -9999
2021 04 11 06   275   126 10174    35    13 -9999 -9999 -9999
2021 04 11 09   287   130 10153    27    15 -9999 -9999 -9999
2021 04 11 12   220   153 10167   131    14 -9999 -9999 -9999
2021 04 11 15   195   147 10174   159    18 -9999 -9999 -9999
2021 04 11 18   172   148 10166   147    16 -9999 -9999 -9999
2021 04 11 21   156   143 10162    72    17 -9999 -9999 -9999
2021 04 12 00   190   154 10174   214    10 -9999 -9999 -9999
2021 04 12 03   276   159 10156   254    18 -9999 -9999 -9999
2021 04 12 06   317   165 10120    14    14 -9999 -9999 -9999
2021 04 12 09   300   152 10116   297    17 -9999 -9999 -9999
2021 04 12 12   250   171 10135    68    26 -9999 -9999 -9999
2021 04 12 15   227   173 10144   146    15 -9999 -9999 -9999
2021 04 12 18   197   172 10138   121     9 -9999 -9999 -9999
2021 04 12 21   190   170 10142   174    12 -9999 -9999 -9999
2021 04 13 00   205   177 10160   251    13 -9999 -9999 -9999
2021 04 13 03   270   180 10150   357    17 -9999 -9999 -9999
2021 04 13 06   301   189 10124   339    24 -9999 -9999 -9999
2021 04 13 09   290   182 10104    32    28 -9999 -9999 -9999
2021 04 13 12   226   212 10127   189    25 -9999 -9999    19
2021 04 13 15   215   208 10135   109    10 -9999 -9999    20
2021 04 13 18   212   205 10123   111    10 -9999 -9999     1
2021 04 13 21   195   187 10126   299    12 -9999 -9999   226
2021 04 14 00   190   185 10148   163     9 -9999 -9999   349
2021 04 14 03   187   180 10159    72    16 -9999 -9999   169
2021 04 14 06   185   175 10137    39    25 -9999 -9999    47
2021 04 14 09   175   167 10131    45    33 -9999 -9999     2
2021 04 14 12   162   157 10150    31    15 -9999 -9999    32
2021 04 14 15   157   152 10153    44    17 -9999 -9999    53
2021 04 14 18   150   144 10154    28    30 -9999 -9999    31
2021 04 14 21   145   139 10151    47    21 -9999 -9999    55
2021 04 15 00   145   138 10164    44    17 -9999 -9999    54
2021 04 15 03   177   156 10155    54    16 -9999 -9999     8
2021 04 15 06   175   157 10141    21    18 -9999 -9999     5
2021 04 15 09   166   160 10144   321    10 -9999 -9999    36
2021 04 15 12   165   160 10153    33    12 -9999 -9999    36
2021 04 15 15   165   160 10166    13     9 -9999 -9999     5
2021 04 15 18   165   160 10157    12    11 -9999 -9999 -9999
2021 04 15 21   162   157 10159    34    14 -9999 -9999 -9999
2021 04 16 00   167   157 10166   138     4 -9999 -9999 -9999
2021 04 16 03   200   166 10162    12    17 -9999 -9999     1
2021 04 16 06   225   175 10142    55    22 -9999 -9999     1
2021 04 16 09   207   182 10144     6    21 -9999 -9999     2
2021 04 16 12   192   186 10160    81     7 -9999 -9999     7
2021 04 16 15   187   183 10176    36     4 -9999 -9999     7
2021 04 16 18   182   180 10166    67    12 -9999 -9999     2
2021 04 16 21   180   175 10178     4    15 -9999 -9999 -9999
2021 04 17 00   186   178 10191   132     5 -9999 -9999 -9999
2021 04 17 03   221   170 10195    23    20 -9999 -9999 -9999
2021 04 17 06   252   162 10171   219    30 -9999 -9999 -9999
2021 04 17 09   237   170 10167   182    27 -9999 -9999 -9999
2021 04 17 12   202   173 10178   163    21 -9999 -9999 -9999
2021 04 17 15   172   157 10187    70    17 -9999 -9999 -9999
2021 04 17 18   165   155 10181   111     6 -9999 -9999 -9999
2021 04 17 21   165   154 10183   146    10 -9999 -9999 -9999
2021 04 18 00   180   111 10192   189    18 -9999 -9999 -9999
2021 04 18 03   220   126 10189   264    17 -9999 -9999 -9999
2021 04 18 06   250   119 10153   355    22 -9999 -9999 -9999
2021 04 18 09   232   114 10148   358    20 -9999 -9999 -9999
2021 04 18 12   207   120 10163   357    13 -9999 -9999 -9999
2021 04 18 15   186   143 10169   157    13 -9999 -9999 -9999
2021 04 18 18   177   144 10156   159    12 -9999 -9999 -9999
2021 04 18 21   167   143 10153    78    13 -9999 -9999 -9999
2021 04 19 00   172   148 10170    49    20 -9999 -9999     2
2021 04 19 03   205   138 10165    30    17 -9999 -9999     2
2021 04 19 06   206   131 10151    28    20 -9999 -9999 -9999
2021 04 19 09   215   120 10136    53    20 -9999 -9999     1
2021 04 19 12   185   151 10148   147    15 -9999 -9999     1
2021 04 19 15   172   147 10156   157    14 -9999 -9999     1
2021 04 19 18   155   144 10147    90    12 -9999 -9999     1
2021 04 19 21   142   123 10150    74    19 -9999 -9999 -9999
2021 04 20 00   165   137 10170   208     8 -9999 -9999 -9999
2021 04 20 03   221   124 10157   283    15 -9999 -9999 -9999
2021 04 20 06   256   117 10126   235    17 -9999 -9999 -9999
2021 04 20 09   251   120 10122   331    17 -9999 -9999 -9999
2021 04 20 12   216   157 10130    66     9 -9999 -9999 -9999
2021 04 20 15   190   149 10144   164    17 -9999 -9999 -9999
2021 04 20 18   165   147 10146    85     9 -9999 -9999 -9999
2021 04 20 21   162   148 10144   196    13 -9999 -9999 -9999
