2021 01 01 00    50   -41 10301   352    25 -9999 -9999 -9999
2021 01 01 03    85   -47 10304   326    39 -9999 -9999 -9999
2021 01 01 06   117   -36 10265   353    20 -9999 -9999 -9999
2021 01 01 09   125   -29 10250   333    22 -9999 -9999 -9999
2021 01 01 12   100   -41 10257   339    30 -9999 -9999 -9999
2021 01 01 18    72   -33 10261    44    40 -9999 -9999 -9999
2021 01 01 21    57   -49 10252    41    45 -9999 -9999 -9999
2021 01 02 00    50   -43 10261    27    42 -9999 -9999 -9999
2021 01 02 03    92   -33 10265     3    18 -9999 -9999 -9999
2021 01 02 06   132    -8 10221   300    25 -9999 -9999 -9999
2021 01 02 09   146   -11 10204    78     8 -9999 -9999 -9999
2021 01 02 12   127   -24 10209   105    30 -9999 -9999 -9999
2021 01 02 18    70     8 10246     7    39 -9999 -9999 -9999
2021 01 02 21    57     6 10237   358    41 -9999 -9999 -9999
2021 01 03 00    65     6 10256   338    32 -9999 -9999 -9999
2021 01 03 03   115    32 10267   341    37 -9999 -9999 -9999
2021 01 03 06   150    22 10243   332    34 -9999 -9999 -9999
2021 01 03 09   137    18 10236   337    45 -9999 -9999 -9999
2021 01 03 12   112    21 10247   354    43 -9999 -9999 -9999
2021 01 03 18    87    21 10250   351    46 -9999 -9999 -9999
2021 01 03 21    76    17 10245   354    40 -9999 -9999 -9999
2021 01 04 00    67    16 10255   351    38 -9999 -9999 -9999
2021 01 04 03   111    27 10258   343    33 -9999 -9999 -9999
2021 01 04 06   157    36 10219   342    16 -9999 -9999 -9999
2021 01 04 09   160    34 10205   146    18 -9999 -9999 -9999
2021 01 04 12   147    30 10216    45    22 -9999 -9999 -9999
2021 01 04 18   112    21 10222    57    50 -9999 -9999 -9999
2021 01 04 21    95    13 10222    32    47 -9999 -9999 -9999
2021 01 05 00    90    19 10248    15    27 -9999 -9999 -9999
2021 01 05 03   101    45 10258   353    27 -9999 -9999 -9999
2021 01 05 06   135    48 10230   348    29 -9999 -9999 -9999
2021 01 05 09   132    39 10227   322    35 -9999 -9999 -9999
2021 01 05 12   102    35 10241     1    43 -9999 -9999 -9999
2021 01 05 18    77    19 10251   346    52 -9999 -9999 -9999
2021 01 05 21    70    13 10244   352    48 -9999 -9999 -9999
2021 01 06 00    67    12 10257   350    37 -9999 -9999 -9999
2021 01 06 03    81    19 10251   354    34 -9999 -9999 -9999
2021 01 06 06    90    21 10219   348    36 -9999 -9999 -9999
2021 01 06 09    85    24 10215   347    31 -9999 -9999 -9999
2021 01 06 12    75    27 10225   354    40 -9999 -9999 -9999
2021 01 06 18    47    47 10247     6    35 -9999 -9999     9
2021 01 06 21    42    42 10250    41    43 -9999 -9999    39
2021 01 07 00    36    36 10276   354    44 -9999 -9999    48
2021 01 07 03    35    35 10292   354    41 -9999 -9999    39
2021 01 07 06    30    29 10265     6    55 -9999 -9999    35
2021 01 07 09    22 -9999 10267    23    50 -9999 -9999    22
2021 01 07 12    17   -10 10290    36    55 -9999 -9999     9
2021 01 07 18     2     2 10325   360    45 -9999 -9999     3
2021 01 07 21    -4    -4 10322   351    21 -9999 -9999    13
2021 01 08 00    -7   -27 10334   360     0 -9999 -9999    10
2021 01 08 03    10   -33 10341   348    64 -9999 -9999 -9999
2021 01 08 06    34   -43 10310   350    60 -9999 -9999     0
2021 01 08 09    37   -45 10297   350    50 -9999 -9999     0
2021 01 08 12    27   -47 10305   340    50 -9999 -9999     0
2021 01 08 18    26   -35 10304   350    30 -9999 -9999     0
2021 01 08 21    26   -58 10294    29    34 -9999 -9999     1
2021 01 09 00    27   -77 10299    14    27 -9999 -9999     1
2021 01 09 03    52   -76 10302   358    28 -9999 -9999 -9999
2021 01 09 06    65   -79 10265   352    25 -9999 -9999 -9999
2021 01 09 09    66   -78 10249     8    19 -9999 -9999 -9999
2021 01 09 12    57   -92 10264    48    27 -9999 -9999 -9999
2021 01 09 18    50  -104 10278    27    32 -9999 -9999 -9999
2021 01 09 21    45   -87 10266   358    34 -9999 -9999 -9999
2021 01 10 00    40   -55 10277   355    31 -9999 -9999 -9999
2021 01 10 03    56   -63 10288   359    32 -9999 -9999 -9999
2021 01 10 06    65   -55 10257   350    30 -9999 -9999 -9999
2021 01 10 09    62   -40 10249   353    27 -9999 -9999 -9999
2021 01 10 12    52   -54 10271     9    26 -9999 -9999 -9999
2021 01 10 18    32   -22 10309   356    41 -9999 -9999     1
2021 01 10 21    32   -34 10319   357    66 -9999 -9999     2
2021 01 11 00    35   -34 10342   360    40 -9999 -9999     3
2021 01 11 03    70   -64 10351   348    76 -9999 -9999     2
2021 01 11 06   106   -67 10316   342    64 -9999 -9999 -9999
2021 01 11 09    97   -75 10307   347    82 -9999 -9999 -9999
2021 01 11 12    61   -58 10319   350    57 -9999 -9999 -9999
2021 01 11 18    42   -55 10321   347    44 -9999 -9999 -9999
2021 01 11 21    41   -46 10307   344    51 -9999 -9999 -9999
2021 01 12 00    37   -49 10313   318    32 -9999 -9999 -9999
2021 01 12 03    82   -21 10313   338    42 -9999 -9999 -9999
2021 01 12 06   127   -12 10264   360    28 -9999 -9999 -9999
2021 01 12 09   132   -48 10234   338    36 -9999 -9999 -9999
2021 01 12 12   107   -66 10227    13    28 -9999 -9999 -9999
2021 01 12 18    87   -35 10222    74    16 -9999 -9999 -9999
2021 01 12 21    72   -34 10211    80    31 -9999 -9999 -9999
2021 01 13 00    60   -23 10219     4    26 -9999 -9999 -9999
2021 01 13 03    97    -8 10226    90    15 -9999 -9999 -9999
2021 01 13 06   160   -12 10188   243    24 -9999 -9999 -9999
2021 01 13 09   160   -36 10169   132    17 -9999 -9999 -9999
2021 01 13 12   142   -50 10177   185    29 -9999 -9999 -9999
2021 01 13 18   116   -33 10192    58    39 -9999 -9999 -9999
2021 01 13 21    92   -26 10183   341    18 -9999 -9999 -9999
2021 01 14 00    90   -21 10196   332    17 -9999 -9999 -9999
2021 01 14 03   117    20 10210   358    18 -9999 -9999 -9999
2021 01 14 06   175     2 10167   303    19 -9999 -9999 -9999
2021 01 14 09   180     2 10157   182    22 -9999 -9999 -9999
2021 01 14 12   160     2 10164   179    34 -9999 -9999 -9999
2021 01 14 18   130     1 10172   106    25 -9999 -9999 -9999
2021 01 14 21   106     3 10163    72    25 -9999 -9999 -9999
2021 01 15 00    92    14 10175   358    30 -9999 -9999 -9999
2021 01 15 03   142    36 10183    32    10 -9999 -9999 -9999
2021 01 15 06   190    51 10149   300    11 -9999 -9999 -9999
2021 01 15 09   196    64 10138   158    16 -9999 -9999 -9999
2021 01 15 12   177    59 10151   136    25 -9999 -9999 -9999
2021 01 15 18   145    65 10163    94    33 -9999 -9999 -9999
2021 01 15 21   122    65 10166   353    30 -9999 -9999 -9999
2021 01 16 00   125    61 10180   323    23 -9999 -9999 -9999
2021 01 16 03   170    71 10192   360    17 -9999 -9999 -9999
2021 01 16 06   197    50 10162   357    36 -9999 -9999 -9999
2021 01 16 09   175    45 10166    53    43 -9999 -9999 -9999
2021 01 16 12   147    20 10195    40    58 -9999 -9999 -9999
2021 01 16 18   117     0 10248    37    54 -9999 -9999 -9999
2021 01 16 21   105    -3 10273    15    82 -9999 -9999 -9999
2021 01 17 00    70     4 10319   351   102 -9999 -9999 -9999
2021 01 17 03    50    14 10344   343    73 -9999 -9999 -9999
2021 01 17 06    61     6 10316   342    74 -9999 -9999 -9999
2021 01 17 09    65     7 10310   345    68 -9999 -9999 -9999
2021 01 17 12    57     8 10326   351    70 -9999 -9999 -9999
2021 01 17 18    50    -5 10313   352    56 -9999 -9999 -9999
2021 01 17 21    42    -5 10298   340    57 -9999 -9999 -9999
2021 01 18 00    40    -4 10300   340    38 -9999 -9999 -9999
2021 01 18 03    85     6 10295   341    32 -9999 -9999 -9999
2021 01 18 06   122     4 10244   289    24 -9999 -9999 -9999
2021 01 18 09   145     6 10225   337    18 -9999 -9999 -9999
2021 01 18 12   125   -19 10226   219    14 -9999 -9999 -9999
2021 01 18 18    95     3 10218   179     5 -9999 -9999 -9999
2021 01 18 21    77     5 10204    62    37 -9999 -9999 -9999
2021 01 19 00    67     9 10215    43    30 -9999 -9999 -9999
2021 01 19 03   120    13 10220   141    15 -9999 -9999 -9999
2021 01 19 06   162    26 10185   163    43 -9999 -9999 -9999
2021 01 19 09   170    36 10165   175    30 -9999 -9999 -9999
2021 01 19 12   150    32 10173   156    42 -9999 -9999 -9999
2021 01 19 18   135    30 10182   171    36 -9999 -9999 -9999
2021 01 19 21   130    48 10173   166    52 -9999 -9999 -9999
2021 01 20 00   117    56 10194   223    10 -9999 -9999 -9999
2021 01 20 03   160    84 10200   196    28 -9999 -9999 -9999
2021 01 20 06   195   102 10161   223    32 -9999 -9999 -9999
2021 01 20 09   191   107 10148   203    31 -9999 -9999 -9999
2021 01 20 12   177   113 10167   165    23 -9999 -9999 -9999
2021 01 20 18   170   118 10164   167    29 -9999 -9999 -9999
2021 01 20 21   158   118 10158   300    10 -9999 -9999     0
2021 01 21 00   153   121 10171   170    20 -9999 -9999     0
2021 01 21 03   162   124 10183   120    10 -9999 -9999     0
2021 01 21 06   182   137 10156   270    20 -9999 -9999     0
2021 01 21 09   189   142 10147   360    10 -9999 -9999     0
2021 01 21 12   172   139 10163    10    30 -9999 -9999     0
2021 01 21 18   128    91 10172   330    50 -9999 -9999     0
2021 01 21 21   124    81 10168   330    60 -9999 -9999     0
2021 01 22 00   117    79 10183   341    49 -9999 -9999 -9999
2021 01 22 03   152    90 10191   344    37 -9999 -9999 -9999
2021 01 22 06   191    90 10157   352    43 -9999 -9999 -9999
2021 01 22 09   180    94 10145   359    20 -9999 -9999 -9999
2021 01 22 12   162    93 10160   321    51 -9999 -9999 -9999
2021 01 22 18   127    80 10174   343    40 -9999 -9999 -9999
2021 01 22 21   107    75 10166   360    32 -9999 -9999 -9999
2021 01 23 00   102    73 10177   358    41 -9999 -9999 -9999
2021 01 23 03   146    90 10190     6    42 -9999 -9999 -9999
2021 01 23 06   191    96 10147    72    21 -9999 -9999 -9999
2021 01 23 09   207    99 10130   140    15 -9999 -9999 -9999
2021 01 23 12   185   103 10141   176    32 -9999 -9999 -9999
2021 01 23 18   151    83 10151    96    42 -9999 -9999 -9999
2021 01 23 21   145    78 10141    75    29 -9999 -9999 -9999
2021 01 24 00   142    77 10152   106    45 -9999 -9999 -9999
2021 01 24 03   167   110 10160   205    16 -9999 -9999 -9999
2021 01 24 06   202   137 10124   195    38 -9999 -9999 -9999
2021 01 24 09   210   137 10111   171    34 -9999 -9999 -9999
2021 01 24 12   200   135 10126   193    61 -9999 -9999 -9999
2021 01 24 18   182   143 10143   160    40 -9999 -9999     0
2021 01 24 21   178   154 10146   170    50 -9999 -9999     0
2021 01 25 00   176   161 10168   176    46 -9999 -9999 -9999
2021 01 25 03   190   165 10188   168     9 -9999 -9999 -9999
2021 01 25 06   191   163 10166   186    23 -9999 -9999 -9999
2021 01 25 09   152   128 10169    20    71 -9999 -9999 -9999
2021 01 25 12   117    79 10192   341    56 -9999 -9999 -9999
2021 01 25 18   107    69 10207     7    36 -9999 -9999 -9999
2021 01 25 21   100    69 10204   344    46 -9999 -9999 -9999
2021 01 26 00    97    68 10221   354    33 -9999 -9999 -9999
2021 01 26 03   112    73 10234   350    35 -9999 -9999 -9999
2021 01 26 06   127    73 10205     8    19 -9999 -9999 -9999
2021 01 26 09   117    70 10189    39    28 -9999 -9999 -9999
2021 01 26 12   105    54 10197    33    29 -9999 -9999 -9999
2021 01 26 18   100    47 10194    27    40 -9999 -9999 -9999
2021 01 26 21    95    73 10186   349    29 -9999 -9999 -9999
2021 01 27 00    92    69 10204   318    36 -9999 -9999 -9999
2021 01 27 03   117    72 10216   343    22 -9999 -9999 -9999
2021 01 27 06   155    85 10178     1    34 -9999 -9999 -9999
2021 01 27 09   130    81 10176   347    55 -9999 -9999 -9999
2021 01 27 12   105    69 10209   352    51 -9999 -9999 -9999
2021 01 27 18    75    73 10249   348    65 -9999 -9999     4
2021 01 27 21    76    61 10256   349    63 -9999 -9999     5
2021 01 28 00    82    52 10274   348    42 -9999 -9999     1
2021 01 28 03   120    64 10289   343    45 -9999 -9999 -9999
2021 01 28 06   157    50 10258   354    39 -9999 -9999 -9999
2021 01 28 09   165    31 10239   322    18 -9999 -9999 -9999
2021 01 28 12   132    37 10248   360    26 -9999 -9999 -9999
2021 01 28 18   112     1 10251    53    57 -9999 -9999 -9999
2021 01 28 21   107     4 10237    41    54 -9999 -9999 -9999
2021 01 29 00   101    -1 10249    52    33 -9999 -9999 -9999
2021 01 29 03   122     7 10259    49    35 -9999 -9999 -9999
2021 01 29 06   145    30 10225   310    26 -9999 -9999 -9999
2021 01 29 09   152    37 10202    47    20 -9999 -9999 -9999
2021 01 29 12   137    35 10209   100    33 -9999 -9999 -9999
2021 01 29 18   125    37 10217    29    33 -9999 -9999 -9999
2021 01 29 21   122    37 10208    45    29 -9999 -9999 -9999
2021 01 30 00   120    42 10228   309    13 -9999 -9999 -9999
2021 01 30 03   121    53 10244     5    27 -9999 -9999 -9999
2021 01 30 06   145    71 10218   354    23 -9999 -9999 -9999
2021 01 30 09   140    87 10206   355    30 -9999 -9999 -9999
2021 01 30 12   115    89 10217   319    36 -9999 -9999 -9999
2021 01 30 18   101    85 10220   335    35 -9999 -9999 -9999
2021 01 30 21   110    80 10213   346    13 -9999 -9999 -9999
2021 01 31 00   110    84 10226     3    15 -9999 -9999 -9999
2021 01 31 03   112   104 10238   273    16 -9999 -9999     1
2021 01 31 06   122   105 10204   348    10 -9999 -9999     2
2021 01 31 09   140   118 10195   313    21 -9999 -9999     1
2021 01 31 12   130   113 10204   313     8 -9999 -9999 -9999
2021 01 31 18   122   114 10207   352    32 -9999 -9999 -9999
2021 01 31 21   125   111 10197     2    24 -9999 -9999 -9999
2021 02 01 00   130   116 10210    45    22 -9999 -9999     1
2021 02 01 03   150   134 10220   347    13 -9999 -9999     1
2021 02 01 06   197   143 10187   351    34 -9999 -9999 -9999
2021 02 01 09   162   134 10179   346    31 -9999 -9999 -9999
2021 02 01 12   131   113 10196   313    41 -9999 -9999 -9999
2021 02 01 18   125   106 10211   350    35 -9999 -9999 -9999
2021 02 01 21   121   107 10206   340    24 -9999 -9999 -9999
2021 02 02 00   116   105 10222     4    35 -9999 -9999 -9999
2021 02 02 03   166   126 10230     9    19 -9999 -9999 -9999
2021 02 02 06   180   129 10203   317    34 -9999 -9999 -9999
2021 02 02 09   192   127 10192   341    40 -9999 -9999 -9999
2021 02 02 12   147   120 10207   352    44 -9999 -9999 -9999
2021 02 02 18   122   106 10212   348    31 -9999 -9999 -9999
2021 02 02 21   120   104 10208     3    26 -9999 -9999 -9999
2021 02 03 00   120   105 10228   329    29 -9999 -9999 -9999
2021 02 03 03   162   118 10238    17    27 -9999 -9999 -9999
2021 02 03 06   210   131 10201   263    29 -9999 -9999 -9999
2021 02 03 09   216   130 10191   180    11 -9999 -9999 -9999
2021 02 03 12   196   135 10202    27    33 -9999 -9999 -9999
2021 02 03 18   171   130 10204   103    30 -9999 -9999 -9999
2021 02 03 21   162   127 10204    50    32 -9999 -9999 -9999
2021 02 04 00   157   127 10227   287     7 -9999 -9999 -9999
2021 02 04 03   201   151 10231   160    28 -9999 -9999 -9999
2021 02 04 06   220   149 10193   171    38 -9999 -9999 -9999
2021 02 04 09   232   142 10171   187    28 -9999 -9999 -9999
2021 02 04 12   215   141 10181   184    44 -9999 -9999 -9999
2021 02 04 18   187   141 10183   176    53 -9999 -9999 -9999
2021 02 04 21   177   134 10179   162    35 -9999 -9999 -9999
2021 02 05 00   172   139 10203   177    33 -9999 -9999 -9999
2021 02 05 03   212   146 10218   208    19 -9999 -9999 -9999
2021 02 05 06   227   121 10187   215    19 -9999 -9999 -9999
2021 02 05 09   230   119 10169   178    21 -9999 -9999 -9999
2021 02 05 12   161   123 10189   340    51 -9999 -9999 -9999
2021 02 05 18   122    90 10195   328    41 -9999 -9999 -9999
2021 02 05 21   117    87 10186   338    24 -9999 -9999 -9999
2021 02 06 00   120    89 10204   355    25 -9999 -9999 -9999
2021 02 06 03   152    94 10213   303    16 -9999 -9999 -9999
2021 02 06 06   207   114 10172   246    25 -9999 -9999 -9999
2021 02 06 09   235   109 10144   178    35 -9999 -9999 -9999
2021 02 06 12   217   112 10152   137    26 -9999 -9999 -9999
2021 02 06 18   197   121 10157   174    39 -9999 -9999 -9999
2021 02 06 21   182   123 10153   165    31 -9999 -9999 -9999
2021 02 07 00   167   125 10178   132    33 -9999 -9999 -9999
2021 02 07 03   217   148 10189   150    36 -9999 -9999 -9999
2021 02 07 06   242   144 10159   196    32 -9999 -9999 -9999
2021 02 07 09   245   131 10150   179    33 -9999 -9999 -9999
2021 02 07 12   230   135 10169   279    12 -9999 -9999 -9999
2021 02 07 18   200   137 10178    69    30 -9999 -9999 -9999
2021 02 07 21   182   138 10170     8    36 -9999 -9999 -9999
2021 02 08 00   170   141 10197   355    41 -9999 -9999 -9999
2021 02 08 03   171   134 10216   352    49 -9999 -9999 -9999
2021 02 08 06   190   135 10198   343    60 -9999 -9999 -9999
2021 02 08 09   160   111 10195   352    78 -9999 -9999 -9999
2021 02 08 12   137   104 10221   352    53 -9999 -9999 -9999
2021 02 08 18   115    92 10217   350    44 -9999 -9999 -9999
2021 02 08 21   105    99 10209   352    28 -9999 -9999     3
2021 02 09 00   100    99 10218   359    37 -9999 -9999    27
2021 02 09 03   106   106 10218     7    24 -9999 -9999    58
2021 02 09 06   101   101 10198   354    65 -9999 -9999   100
2021 02 09 12    95    95 10203   350    47 -9999 -9999   152
2021 02 09 18    95    95 10171    47    62 -9999 -9999   132
2021 02 09 21    90    89 10172   331    54 -9999 -9999    61
2021 02 10 00    95    94 10182   347    65 -9999 -9999     4
2021 02 10 03   107   105 10197   338    39 -9999 -9999 -9999
2021 02 10 06   130   101 10175   352    55 -9999 -9999 -9999
2021 02 10 09   122   114 10169   329    38 -9999 -9999 -9999
2021 02 11 00   110    93 10192   345    38 -9999 -9999 -9999
2021 02 13 12   181   102 10175    16    35 -9999 -9999 -9999
2021 02 13 18   167   100 10177   348    17 -9999 -9999 -9999
2021 02 13 21   149   101 10169   350    40 -9999 -9999     0
2021 02 14 00   145   110 10189    21    19 -9999 -9999 -9999
2021 02 14 03   195   117 10193     9    19 -9999 -9999 -9999
2021 02 14 06   227   124 10159   289    21 -9999 -9999 -9999
2021 02 14 09   235   118 10140   162    17 -9999 -9999 -9999
2021 02 14 12   210   121 10144   160    34 -9999 -9999 -9999
2021 02 14 18   187   119 10140   177    26 -9999 -9999 -9999
2021 02 14 21   160   120 10138   113    27 -9999 -9999 -9999
2021 02 15 00   155   119 10156   128    20 -9999 -9999 -9999
2021 02 15 03   187   139 10169   348    14 -9999 -9999 -9999
2021 02 15 06   235   134 10130   174    51 -9999 -9999 -9999
2021 02 15 09   227   138 10114   183    40 -9999 -9999 -9999
2021 02 15 12   220   139 10128   181    26 -9999 -9999 -9999
2021 02 15 18   200   141 10131   175    49 -9999 -9999 -9999
2021 02 15 21   185   145 10130   161    29 -9999 -9999 -9999
2021 02 16 00   182   140 10153   201    25 -9999 -9999 -9999
2021 02 16 03   165   148 10187   344    38 -9999 -9999 -9999
2021 02 16 06   132   114 10186   350    56 -9999 -9999 -9999
2021 02 16 09   135    95 10186   343    54 -9999 -9999 -9999
2021 02 16 12   127    91 10205   349    49 -9999 -9999 -9999
2021 02 16 18   107    80 10226     2    41 -9999 -9999 -9999
2021 02 16 21   101    80 10232   345    62 -9999 -9999 -9999
2021 02 17 00   101    80 10248   357    45 -9999 -9999 -9999
2021 02 17 03   150    91 10258   339    40 -9999 -9999 -9999
2021 02 17 06   195    91 10228   352    37 -9999 -9999 -9999
2021 02 17 09   205    72 10213   346    32 -9999 -9999 -9999
2021 02 17 12   166    64 10231    30    32 -9999 -9999 -9999
2021 02 17 18   136     6 10248    58    57 -9999 -9999 -9999
2021 02 17 21   135     9 10238    70    48 -9999 -9999 -9999
2021 02 18 00   130    22 10266    41    48 -9999 -9999 -9999
2021 02 18 03   160    50 10288   354    40 -9999 -9999 -9999
2021 02 18 06   175    51 10265   358    35 -9999 -9999 -9999
2021 02 18 09   187    55 10246     7    23 -9999 -9999 -9999
2021 02 18 12   155    54 10257    13    30 -9999 -9999 -9999
2021 02 18 18   132    57 10253    12    35 -9999 -9999 -9999
2021 02 18 21   125    56 10243     7    35 -9999 -9999 -9999
2021 02 19 00   127    54 10257     4    17 -9999 -9999 -9999
2021 02 19 03   150    75 10272   263    15 -9999 -9999 -9999
2021 02 19 06   182    64 10243    24    24 -9999 -9999 -9999
2021 02 19 09   182    77 10222    16    19 -9999 -9999 -9999
2021 02 20 18   186    99 10165   170    39 -9999 -9999 -9999
2021 02 20 21   181   121 10153   173    42 -9999 -9999 -9999
2021 02 21 00   172   123 10169   177    43 -9999 -9999 -9999
2021 02 21 06   241   127 10143   172    47 -9999 -9999 -9999
2021 02 21 09   245   121 10123   180    56 -9999 -9999 -9999
2021 02 21 18   197   143 10149   176    50 -9999 -9999 -9999
2021 02 21 21   185   144 10154   292    16 -9999 -9999 -9999
2021 02 22 00   180   142 10161   180    38 -9999 -9999 -9999
2021 02 22 03   196   144 10177   223     6 -9999 -9999 -9999
2021 02 22 06   240   143 10142   342    20 -9999 -9999 -9999
2021 02 22 09   242   147 10126   357    23 -9999 -9999 -9999
2021 02 22 12   221   147 10141   161    34 -9999 -9999 -9999
2021 02 22 18   195   151 10156   249    14 -9999 -9999 -9999
2021 02 22 21   186   158 10152   321     9 -9999 -9999 -9999
2021 02 23 00   172   156 10168   184     5 -9999 -9999 -9999
2021 02 23 03   216   168 10172   321    19 -9999 -9999 -9999
2021 02 23 06   250   158 10135   156    33 -9999 -9999 -9999
2021 02 23 09   260   151 10109   174    23 -9999 -9999 -9999
2021 02 23 12   237   152 10114   167    34 -9999 -9999 -9999
2021 02 23 18   217   152 10121   177    44 -9999 -9999 -9999
2021 02 23 21   201   157 10112   181    53 -9999 -9999 -9999
2021 02 24 00   190   165 10124   162    43 -9999 -9999 -9999
2021 02 24 03   227   143 10130   168    61 -9999 -9999 -9999
2021 02 24 06   256   128 10090   183    60 -9999 -9999 -9999
2021 02 24 09   236   149 10070   176    82 -9999 -9999 -9999
2021 02 24 12   225   157 10080   170    58 -9999 -9999 -9999
2021 02 24 18   206   172 10088   168    45 -9999 -9999 -9999
2021 02 24 21   195   171 10081   167    39 -9999 -9999 -9999
2021 02 25 00   185   178 10095   149    23 -9999 -9999 -9999
2021 02 25 03   185   185 10106   170    61 -9999 -9999     7
2021 02 25 06   191   188 10077   164    30 -9999 -9999     7
2021 02 25 09   187   187 10060   169    45 -9999 -9999     5
2021 02 25 12   187 -9999 10069   166    29 -9999 -9999    15
2021 02 25 18   132 -9999 10095    39    66 -9999 -9999    36
2021 02 25 21   112   112 10103   356    34 -9999 -9999    51
2021 02 26 00    97    97 10132     9    31 -9999 -9999    25
2021 02 26 03    85    85 10155   358    53 -9999 -9999    19
2021 02 26 06    81    81 10148   351    47 -9999 -9999   105
2021 02 26 09    77 -9999 10144   355    56 -9999 -9999    97
2021 02 26 12    76    73 10158   357    48 -9999 -9999     2
2021 02 26 18    70    70 10179   349    45 -9999 -9999    10
2021 02 26 21    66    66 10175   358    35 -9999 -9999    73
2021 02 27 00    70    68 10191   351    38 -9999 -9999    63
2021 02 27 03    85    76 10199   349    35 -9999 -9999 -9999
2021 02 27 06   107    86 10169   346    27 -9999 -9999 -9999
2021 02 27 09   102    83 10160   356    17 -9999 -9999 -9999
2021 02 27 12    96    79 10162     3    33 -9999 -9999 -9999
2021 02 27 18    85    85 10166   352    22 -9999 -9999     6
2021 02 27 21    85    85 10153   356    24 -9999 -9999     1
2021 02 28 00    87 -9999 10166   102    12 -9999 -9999     2
2021 02 28 03    95    95 10172    42    15 -9999 -9999     2
2021 02 28 06   102   102 10140   159    13 -9999 -9999     1
2021 02 28 09   107   107 10122   150     7 -9999 -9999     1
2021 02 28 12   107   107 10131    47    21 -9999 -9999     1
2021 02 28 18   121   121 10142   247     7 -9999 -9999 -9999
2021 02 28 21   125   124 10137   101    30 -9999 -9999 -9999
2021 03 01 00   145   144 10158   109    11 -9999 -9999 -9999
2021 03 01 03   135   135 10193   350    75 -9999 -9999     5
2021 03 01 06   107 -9999 10206   354    57 -9999 -9999    44
2021 03 01 09   117    86 10207   351    79 -9999 -9999    40
2021 03 01 12   112    75 10232   351    53 -9999 -9999     1
2021 03 01 18    92    77 10251   348    50 -9999 -9999 -9999
2021 03 01 21    96    74 10246   356    47 -9999 -9999 -9999
2021 03 02 00    96    56 10259     1    52 -9999 -9999 -9999
2021 03 02 03   137    57 10261   352    48 -9999 -9999 -9999
2021 03 02 06   166    56 10224    24    32 -9999 -9999 -9999
2021 03 02 09   165    76 10201    14    15 -9999 -9999 -9999
2021 03 02 12   137    70 10205    31    27 -9999 -9999 -9999
2021 03 02 18   120    54 10219     6    32 -9999 -9999 -9999
2021 03 02 21   115    58 10212    10    36 -9999 -9999 -9999
2021 03 03 00   110    73 10233   342    41 -9999 -9999 -9999
2021 03 03 03   115    79 10242   355    25 -9999 -9999 -9999
2021 03 03 06   115   103 10216   360    15 -9999 -9999    13
2021 03 03 09   107   102 10202   349    19 -9999 -9999    13
2021 03 03 12   105   100 10212   353    21 -9999 -9999     2
2021 03 03 18   102   102 10216   342    17 -9999 -9999    33
2021 03 03 21    97    97 10202   351    30 -9999 -9999    29
2021 03 04 00   100   100 10210     1    21 -9999 -9999     4
2021 03 04 03   112   110 10210    58    16 -9999 -9999     1
2021 03 04 06   115   114 10180   160    12 -9999 -9999     2
2021 03 04 09   115   114 10158    69    12 -9999 -9999     6
2021 03 04 12   115   114 10157    75    16 -9999 -9999    13
2021 03 04 18   115   114 10157    21    13 -9999 -9999    21
2021 03 04 21   115   114 10149   354    14 -9999 -9999    27
2021 03 05 00   116   116 10157   302    19 -9999 -9999    19
2021 03 05 03   125   124 10162    18    13 -9999 -9999    19
2021 03 05 06   135   135 10132   106     5 -9999 -9999    33
2021 03 05 09   136   136 10112    74    17 -9999 -9999    28
2021 03 05 12   140   140 10127   350    29 -9999 -9999    15
2021 03 05 18   140   140 10151   339    29 -9999 -9999    13
2021 03 05 21   137   137 10153   330    41 -9999 -9999     6
2021 03 06 00   132 -9999 10176   348    30 -9999 -9999     6
2021 03 06 03   140   139 10199   340    42 -9999 -9999     5
2021 03 06 06   167   143 10183   342    39 -9999 -9999     2
2021 03 06 09   162   147 10179    44    32 -9999 -9999 -9999
2021 03 06 12   150   127 10202    28    58 -9999 -9999 -9999
2021 03 06 18   121   110 10218   350    50 -9999 -9999 -9999
2021 03 06 21   126   107 10211    12    54 -9999 -9999 -9999
2021 03 07 00   120   106 10232    18    36 -9999 -9999 -9999
2021 03 07 03   155   111 10233     6    39 -9999 -9999 -9999
2021 03 07 06   180   116 10205   341    29 -9999 -9999 -9999
2021 03 07 09   185   113 10181    51    32 -9999 -9999 -9999
2021 03 07 12   157   108 10196    46    43 -9999 -9999 -9999
2021 03 07 18   125    89 10201    30    48 -9999 -9999 -9999
2021 03 07 21   120    91 10188    40    27 -9999 -9999 -9999
2021 03 08 00   120    98 10208    30    26 -9999 -9999 -9999
2021 03 08 03   131   108 10217   360    22 -9999 -9999 -9999
2021 03 08 06   127   118 10196     3    30 -9999 -9999 -9999
2021 03 08 09   120   120 10183     9    27 -9999 -9999     2
2021 03 08 12   112 -9999 10197    38    35 -9999 -9999     7
2021 03 08 18   111   111 10199   356    27 -9999 -9999     8
2021 03 08 21   107   107 10194   354    31 -9999 -9999     5
2021 03 09 00   107 -9999 10219    17    28 -9999 -9999     5
2021 03 09 03   115   114 10230    44    31 -9999 -9999     3
2021 03 09 06   116   116 10210    21    27 -9999 -9999     1
2021 03 09 09   115   115 10198   360    27 -9999 -9999     1
2021 03 09 12   107 -9999 10209    42    33 -9999 -9999     7
2021 03 09 18   102 -9999 10205    25    23 -9999 -9999    18
2021 03 09 21    97 -9999 10200   357    40 -9999 -9999    54
2021 03 10 00   100   100 10219   352    31 -9999 -9999    55
2021 03 10 03   102   102 10223    71    32 -9999 -9999    21
2021 03 10 06   106   106 10198    45    22 -9999 -9999     9
2021 03 10 09   112 -9999 10180   359    31 -9999 -9999     9
2021 03 10 12   112 -9999 10190    22    27 -9999 -9999     6
2021 03 10 18   111   111 10205   350    20 -9999 -9999    20
2021 03 10 21   110   109 10204   350    36 -9999 -9999    18
2021 03 11 00   106   106 10225   339    40 -9999 -9999    10
2021 03 11 03   110   110 10236   341    25 -9999 -9999    50
2021 03 11 06   112   112 10215   332    33 -9999 -9999   188
2021 03 11 09   122   122 10199   356    25 -9999 -9999   205
2021 03 11 12   121   121 10211   336    30 -9999 -9999    75
2021 03 11 18   120   120 10222   343    20 -9999 -9999 -9999
2021 03 11 21   117 -9999 10211     1    25 -9999 -9999     1
2021 03 12 00   120   119 10224     1    28 -9999 -9999     3
2021 03 12 03   135   134 10237   350    17 -9999 -9999     2
2021 03 12 06   147   137 10212   349    33 -9999 -9999 -9999
2021 03 12 09   145   141 10190   338    24 -9999 -9999 -9999
2021 03 12 12   132 -9999 10203   341    39 -9999 -9999 -9999
2021 03 12 18   127   127 10209   346    39 -9999 -9999 -9999
2021 03 12 21   130   129 10205   349    31 -9999 -9999 -9999
2021 03 13 00   132   130 10216   335    21 -9999 -9999 -9999
2021 03 13 03   162   138 10225   354    13 -9999 -9999 -9999
2021 03 13 06   176   152 10197   350    31 -9999 -9999 -9999
2021 03 13 09   167   150 10175   322    31 -9999 -9999 -9999
2021 03 13 12   147   145 10183   328    30 -9999 -9999 -9999
2021 03 13 18   140   139 10174   326    35 -9999 -9999 -9999
2021 03 13 21   137   137 10164   339    20 -9999 -9999 -9999
2021 03 14 00   142   137 10181   358    12 -9999 -9999 -9999
2021 03 14 03   155   150 10186   292    18 -9999 -9999 -9999
2021 03 14 06   206   172 10145   218    21 -9999 -9999 -9999
2021 03 14 09   220   184 10124   171    22 -9999 -9999 -9999
2021 03 14 12   197   182 10121    94    39 -9999 -9999 -9999
2021 03 14 18   207   185 10127   172    50 -9999 -9999 -9999
2021 03 14 21   195   181 10116   162    49 -9999 -9999 -9999
2021 03 15 00   195   180 10128   165    68 -9999 -9999 -9999
2021 03 15 03   212   188 10132   164    54 -9999 -9999 -9999
2021 03 15 06   197   195 10113   162    31 -9999 -9999     3
2021 03 15 09   207   197 10100   174    38 -9999 -9999     5
2021 03 15 12   207   194 10110   167    52 -9999 -9999     3
2021 03 15 18   207   194 10119   179    48 -9999 -9999 -9999
2021 03 15 21   202   187 10111   176    55 -9999 -9999 -9999
2021 03 16 00   201   188 10130   180    40 -9999 -9999 -9999
2021 03 16 03   215   189 10134   178    63 -9999 -9999 -9999
2021 03 16 06   237   193 10107   179    47 -9999 -9999 -9999
2021 03 16 09   232   192 10096   184    38 -9999 -9999 -9999
2021 03 16 12   225   195 10108   164    34 -9999 -9999 -9999
2021 03 16 18   217   199 10114   183    36 -9999 -9999 -9999
2021 03 16 21   215   198 10106   174    44 -9999 -9999 -9999
2021 03 17 00   211   189 10119   177    45 -9999 -9999 -9999
2021 03 17 03   237   194 10126   178    47 -9999 -9999 -9999
2021 03 17 06   245   200 10102   225    51 -9999 -9999 -9999
2021 03 17 09   246   194 10085   218    34 -9999 -9999 -9999
2021 03 17 12   237   201 10093   170    41 -9999 -9999 -9999
2021 03 17 18   222   201 10104   164    42 -9999 -9999 -9999
2021 03 17 21   220   202 10101   163    33 -9999 -9999 -9999
2021 03 18 00   217   202 10121   171    52 -9999 -9999 -9999
2021 03 18 03   237   195 10126   180    54 -9999 -9999 -9999
2021 03 18 06   240   199 10099   169    48 -9999 -9999 -9999
2021 03 18 09   240   204 10077   150    51 -9999 -9999 -9999
2021 03 18 12   226   203 10083   157    34 -9999 -9999 -9999
2021 03 18 18   226   205 10099   174    27 -9999 -9999 -9999
2021 03 18 21   220   202 10094   171    40 -9999 -9999 -9999
2021 03 19 00   216   202 10109   166    26 -9999 -9999 -9999
2021 03 19 03   221   209 10112   164    29 -9999 -9999 -9999
2021 03 19 06   240   212 10080   169    52 -9999 -9999 -9999
2021 03 19 09   250   211 10057   172    49 -9999 -9999 -9999
2021 03 19 12   245   206 10071   166    31 -9999 -9999 -9999
2021 03 19 18   232   205 10095   160    37 -9999 -9999 -9999
2021 03 19 21   207   201 10095    91    30 -9999 -9999 -9999
2021 03 20 00   160   151 10123    47    61 -9999 -9999 -9999
2021 03 20 03   132 -9999 10149    32    46 -9999 -9999    48
2021 03 20 06   122   122 10134    18    35 -9999 -9999    51
2021 03 20 09   122   120 10128     9    48 -9999 -9999     5
2021 03 20 12   110   110 10151    28    41 -9999 -9999     4
2021 03 20 18   100   100 10183   360    48 -9999 -9999     8
2021 03 20 21    92    92 10199   350    71 -9999 -9999    16
2021 03 21 00    92    91 10236   360    47 -9999 -9999    20
2021 03 21 03   110    86 10255   351    71 -9999 -9999     8
2021 03 21 06   112    76 10243   349    74 -9999 -9999 -9999
2021 03 21 09   112    76 10234   351    59 -9999 -9999 -9999
2021 03 21 12   105    74 10251   358    48 -9999 -9999 -9999
2021 03 21 18   102    65 10277   351    53 -9999 -9999 -9999
2021 03 21 21   101    63 10276   350    52 -9999 -9999 -9999
2021 03 22 00   102    62 10287   343    44 -9999 -9999 -9999
2021 03 22 03   141    69 10293   349    57 -9999 -9999 -9999
2021 03 22 06   147    74 10267   349    40 -9999 -9999 -9999
2021 03 22 09   145    72 10248   351    14 -9999 -9999 -9999
2021 03 22 12   140    61 10248   232    20 -9999 -9999 -9999
2021 03 22 18   137    63 10249    40    26 -9999 -9999 -9999
2021 03 22 21   127    67 10233    59    36 -9999 -9999 -9999
2021 03 23 00   117    59 10239   104    26 -9999 -9999 -9999
2021 03 23 03   145    72 10241   359    20 -9999 -9999 -9999
2021 03 23 06   160    80 10210   354    20 -9999 -9999 -9999
2021 03 23 09   152    90 10186   108    19 -9999 -9999 -9999
2021 03 23 12   145    84 10194   137    30 -9999 -9999 -9999
2021 03 23 18   125    94 10199    72    26 -9999 -9999 -9999
2021 03 23 21   117    85 10185    99    10 -9999 -9999 -9999
2021 03 24 00   111    92 10198    43    28 -9999 -9999 -9999
2021 03 24 03   175    99 10196   356    22 -9999 -9999 -9999
2021 03 24 06   220   111 10155   350    17 -9999 -9999 -9999
2021 03 24 09   235   106 10126   338     8 -9999 -9999 -9999
2021 03 24 12   207   114 10139   189    39 -9999 -9999 -9999
2021 03 24 18   191   150 10157   196    30 -9999 -9999 -9999
2021 03 24 21   175   162 10151   132    23 -9999 -9999 -9999
2021 03 25 00   170   167 10172   216    16 -9999 -9999     1
2021 03 25 03   180   175 10180    73    18 -9999 -9999     1
2021 03 25 06   200   170 10147    95    15 -9999 -9999 -9999
2021 03 25 09   191   172 10131    55    21 -9999 -9999 -9999
2021 03 25 12   180   165 10132    52    20 -9999 -9999 -9999
2021 03 25 18   175   161 10133   118    34 -9999 -9999     1
2021 03 25 21   187   175 10119   170    39 -9999 -9999 -9999
2021 03 26 00   200   171 10139   166    76 -9999 -9999 -9999
2021 03 26 03   207   159 10143   174    58 -9999 -9999 -9999
2021 03 26 06   212   165 10114   178    50 -9999 -9999 -9999
2021 03 26 09   220   179 10098   186    34 -9999 -9999 -9999
2021 03 26 12   220   186 10107   167    19 -9999 -9999 -9999
2021 03 26 18   212   192 10111   169    65 -9999 -9999 -9999
2021 03 26 21   207   191 10099   181    53 -9999 -9999 -9999
2021 03 27 00   205   194 10111   178    42 -9999 -9999 -9999
2021 03 27 03   215   199 10122   177    45 -9999 -9999 -9999
2021 03 27 06   232   204 10095   197    32 -9999 -9999 -9999
2021 03 27 09   225   206 10080   102    20 -9999 -9999 -9999
2021 03 27 12   227   208 10094   137    24 -9999 -9999 -9999
2021 03 27 18   202 -9999 10106   340    25 -9999 -9999 -9999
2021 03 27 21   177 -9999 10094   355    33 -9999 -9999 -9999
2021 03 28 00   180   180 10110   328    20 -9999 -9999 -9999
2021 03 28 03   210   188 10114   272     6 -9999 -9999 -9999
2021 03 28 06   247   207 10085   348    14 -9999 -9999 -9999
2021 03 28 09   246   217 10062   134    22 -9999 -9999 -9999
2021 03 28 12   241   218 10061   144    34 -9999 -9999 -9999
2021 03 28 18   235   220 10058   176    37 -9999 -9999 -9999
2021 03 28 21   227   220 10044   164    32 -9999 -9999 -9999
2021 03 29 00   230   222 10057   179    37 -9999 -9999 -9999
2021 03 29 03   247   219 10057   180    61 -9999 -9999 -9999
2021 03 29 06   277   220 10022   173    66 -9999 -9999 -9999
2021 03 29 09   271   218  9996   182    66 -9999 -9999 -9999
2021 03 29 12   250   226 10003   167    65 -9999 -9999 -9999
2021 03 29 18   240   220 10012   152    43 -9999 -9999 -9999
2021 03 29 21   235   215 10010   152    36 -9999 -9999 -9999
2021 03 30 00   235   217 10028   171    38 -9999 -9999 -9999
2021 03 30 03   236   220 10039   172    43 -9999 -9999 -9999
2021 03 30 06   240   224 10014   153    26 -9999 -9999 -9999
2021 03 30 09   250   222  9996   173    48 -9999 -9999 -9999
2021 03 30 12   255   212  9992   175    60 -9999 -9999 -9999
2021 03 30 18   240   214 10008   172    55 -9999 -9999 -9999
2021 03 30 21   232   215 10002   187    28 -9999 -9999 -9999
2021 03 31 00   236   219 10019   181    38 -9999 -9999 -9999
2021 03 31 03   266   222 10024   185    53 -9999 -9999 -9999
2021 03 31 06   306   219  9991   186    89 -9999 -9999 -9999
2021 03 31 09   311   216  9974   178    90 -9999 -9999 -9999
2021 03 31 12   286   214  9991   170    89 -9999 -9999 -9999
2021 03 31 18   245   212 10010   168    54 -9999 -9999 -9999
2021 03 31 21   230   211 10012   175    48 -9999 -9999 -9999
2021 04 01 00   227   213 10042   167    26 -9999 -9999 -9999
2021 04 01 03   240   216 10057   181    54 -9999 -9999 -9999
2021 04 01 06   271   218 10029   174    43 -9999 -9999 -9999
2021 04 01 09   282   218 10012   180    44 -9999 -9999 -9999
2021 04 01 12   271   223 10019   118    43 -9999 -9999 -9999
2021 04 01 18   256   219 10048   169    51 -9999 -9999 -9999
2021 04 01 21   237   218 10060   162    55 -9999 -9999 -9999
2021 04 02 00   215   205 10088    64    32 -9999 -9999 -9999
2021 04 02 03   225   202 10093    93    23 -9999 -9999 -9999
2021 04 02 06   257   221 10071   124    20 -9999 -9999 -9999
2021 04 02 09   266   229 10057   174    46 -9999 -9999 -9999
2021 04 02 12   250   225 10074   171    32 -9999 -9999 -9999
2021 04 02 18   205   175 10099    46    49 -9999 -9999 -9999
2021 04 02 21   187   172 10105    40    28 -9999 -9999 -9999
2021 04 03 00   177   160 10132   353    40 -9999 -9999 -9999
2021 04 03 03   187   154 10151   351    44 -9999 -9999 -9999
2021 04 03 06   181   146 10142   347    45 -9999 -9999 -9999
2021 04 03 09   170   135 10136   346    46 -9999 -9999 -9999
2021 04 03 12   157   154 10150     8    40 -9999 -9999     1
2021 04 03 18   140   140 10168   353    45 -9999 -9999     3
2021 04 03 21   132 -9999 10165   351    35 -9999 -9999     3
2021 04 04 00   132 -9999 10186   355    32 -9999 -9999     2
2021 04 04 03   152   135 10199   347    33 -9999 -9999 -9999
2021 04 04 06   156   131 10185   340    45 -9999 -9999 -9999
2021 04 04 09   142   126 10176   341    39 -9999 -9999 -9999
2021 04 04 12   132   127 10192   349    36 -9999 -9999 -9999
2021 04 04 18   126   126 10197   351    22 -9999 -9999    23
2021 04 04 21   122   122 10193    20    34 -9999 -9999    31
2021 04 05 00   117 -9999 10211    38    41 -9999 -9999     8
2021 04 05 03   130   130 10219   356    25 -9999 -9999     2
2021 04 05 06   135   134 10201   338    29 -9999 -9999     2
2021 04 05 09   132   132 10191   343    30 -9999 -9999     4
2021 04 05 12   130   130 10195   350    27 -9999 -9999     6
2021 04 05 18   130   127 10198   347    21 -9999 -9999 -9999
2021 04 05 21   130   128 10186   346    25 -9999 -9999 -9999
2021 04 06 00   136   134 10202   348    28 -9999 -9999 -9999
2021 04 06 03   171   149 10205    40    24 -9999 -9999 -9999
2021 04 06 06   200   164 10183   320    17 -9999 -9999 -9999
2021 04 06 09   230   181 10163   305    26 -9999 -9999 -9999
2021 04 06 12   200   174 10175    19    33 -9999 -9999 -9999
2021 04 06 18   176   161 10159    45    38 -9999 -9999 -9999
2021 04 06 21   172   165 10143    70    21 -9999 -9999 -9999
2021 04 07 00   177   159 10162   110    12 -9999 -9999 -9999
2021 04 07 03   191   176 10165   153    17 -9999 -9999 -9999
2021 04 07 06   201   191 10142   274    20 -9999 -9999     5
2021 04 07 09   192   190 10128   351    41 -9999 -9999    13
2021 04 07 12   180   180 10140   358    40 -9999 -9999    25
2021 04 07 18   161   138 10151   342    30 -9999 -9999 -9999
2021 04 07 21   152   132 10149   354    44 -9999 -9999 -9999
2021 04 08 00   152   138 10176   347    31 -9999 -9999 -9999
2021 04 08 03   192   146 10184   346    53 -9999 -9999 -9999
2021 04 08 06   187   140 10165   334    66 -9999 -9999 -9999
2021 04 08 09   160   131 10160   351    66 -9999 -9999 -9999
2021 04 08 12   147   127 10176   358    41 -9999 -9999 -9999
2021 04 08 18   135   123 10183   347    37 -9999 -9999 -9999
2021 04 08 21   132   117 10182   358    34 -9999 -9999 -9999
2021 04 09 00   132   120 10200   351    28 -9999 -9999 -9999
2021 04 09 03   140   124 10211   351    50 -9999 -9999 -9999
2021 04 09 06   135   131 10195     2    29 -9999 -9999 -9999
2021 04 09 09   137   128 10177    32    32 -9999 -9999     1
2021 04 09 12   136   136 10186    17    29 -9999 -9999     1
2021 04 09 18   131   131 10198    31    29 -9999 -9999    10
2021 04 09 21   130   129 10187    38    39 -9999 -9999    20
2021 04 10 00   132 -9999 10207     3    23 -9999 -9999    17
2021 04 10 03   137   137 10215    41    23 -9999 -9999    10
2021 04 10 06   142 -9999 10198     8    16 -9999 -9999     6
2021 04 10 09   140   139 10180    50    28 -9999 -9999     5
2021 04 10 12   140   139 10182    54    33 -9999 -9999    12
2021 04 10 18   142   142 10187    24    25 -9999 -9999    10
2021 04 10 21   141   141 10183    56    18 -9999 -9999    17
2021 04 11 00   145   145 10195    99    14 -9999 -9999    18
2021 04 11 03   155   155 10201    50    18 -9999 -9999     6
2021 04 11 06   182   180 10175   352    21 -9999 -9999 -9999
2021 04 11 09   192   184 10150    14    12 -9999 -9999 -9999
2021 04 11 12   180   180 10157    42    32 -9999 -9999 -9999
2021 04 11 18   172   172 10160   320    18 -9999 -9999 -9999
2021 04 11 21   181   181 10147   253    17 -9999 -9999 -9999
2021 04 12 00   192 -9999 10164   192    33 -9999 -9999 -9999
2021 04 12 03   222   203 10168   191    26 -9999 -9999 -9999
2021 04 12 06   227   214 10146    13    16 -9999 -9999 -9999
2021 04 12 09   200   199 10131   355    32 -9999 -9999     1
2021 04 12 12   172 -9999 10143   331    25 -9999 -9999     1
2021 04 12 18   162   161 10153   330    28 -9999 -9999 -9999
2021 04 12 21   156   156 10149   349    35 -9999 -9999    50
2021 04 13 00   165   165 10157   142    13 -9999 -9999    50
2021 04 13 03   185   179 10163     8    19 -9999 -9999 -9999
2021 04 13 06   202   191 10142   346    23 -9999 -9999 -9999
2021 04 13 09   210   188 10116   351    35 -9999 -9999 -9999
2021 04 13 12   175   175 10119   335    37 -9999 -9999 -9999
2021 04 13 18   165   164 10137   344    32 -9999 -9999 -9999
2021 04 13 21   162   161 10122     8    21 -9999 -9999 -9999
2021 04 14 00   165   159 10141   332    24 -9999 -9999 -9999
2021 04 14 03   166   164 10156   344    45 -9999 -9999 -9999
2021 04 14 06   170   170 10141   359    25 -9999 -9999     2
2021 04 14 09   172 -9999 10119     3    28 -9999 -9999     3
2021 04 14 12   167   162 10120   359    37 -9999 -9999     1
2021 04 14 18   161   161 10135   319    29 -9999 -9999 -9999
2021 04 14 21   157 -9999 10124    41    20 -9999 -9999 -9999
2021 04 15 00   157   157 10137     8    25 -9999 -9999    37
2021 04 15 03   162 -9999 10145    29    27 -9999 -9999    37
2021 04 15 06   170   170 10130   360    24 -9999 -9999     1
2021 04 15 09   170   169 10116     9    22 -9999 -9999     2
2021 04 15 12   167   167 10127   356    27 -9999 -9999     1
2021 04 15 18   157 -9999 10137   338    39 -9999 -9999     2
2021 04 15 21   157   157 10134    13    29 -9999 -9999     2
2021 04 16 00   162 -9999 10146    17    29 -9999 -9999     2
2021 04 16 03   176   168 10161   347    39 -9999 -9999 -9999
2021 04 16 06   190   170 10150   347    44 -9999 -9999 -9999
2021 04 16 09   182   171 10140   346    34 -9999 -9999     1
2021 04 16 12   172   165 10158   356    29 -9999 -9999     1
2021 04 16 18   172   159 10174   349    51 -9999 -9999 -9999
2021 04 16 21   162   158 10167   358    43 -9999 -9999 -9999
2021 04 17 00   170   156 10190   349    42 -9999 -9999 -9999
2021 04 17 03   196   163 10198   348    41 -9999 -9999 -9999
2021 04 17 06   197   166 10186   320    27 -9999 -9999 -9999
2021 04 17 09   195   168 10169     2    30 -9999 -9999 -9999
2021 04 17 12   175   165 10181   322    42 -9999 -9999 -9999
2021 04 17 18   162   162 10172     4    35 -9999 -9999   129
2021 04 17 21   162   162 10160    31    34 -9999 -9999    68
2021 04 18 00   162   162 10169    15    29 -9999 -9999    64
2021 04 18 03   171   171 10169    40    19 -9999 -9999    94
2021 04 18 06   175   174 10147    57    24 -9999 -9999    88
2021 04 18 09   172   172 10133    61    34 -9999 -9999    73
2021 04 18 12   167   167 10136    59    37 -9999 -9999    40
2021 04 18 18   160   160 10132    51    33 -9999 -9999   144
2021 04 18 21   152   152 10122    50    33 -9999 -9999    93
2021 04 19 00   152 -9999 10128    37    36 -9999 -9999    73
2021 04 19 03   157 -9999 10139   358    30 -9999 -9999   178
2021 04 19 06   160   160 10118    70    43 -9999 -9999   176
2021 04 19 09   166   166 10101    95    33 -9999 -9999    59
2021 04 19 12   166   166 10104    94    29 -9999 -9999    25
2021 04 19 18   162 -9999 10111    63    20 -9999 -9999     2
2021 04 19 21   166   166 10102   112    34 -9999 -9999     2
2021 04 20 00   171   171 10117   102    29 -9999 -9999     1
2021 04 20 03   202   198 10120   148    23 -9999 -9999 -9999
2021 04 20 06   227   213 10093   141    14 -9999 -9999 -9999
2021 04 20 09   222   218 10073    98    24 -9999 -9999 -9999
2021 04 20 12   212   212 10088    77    22 -9999 -9999 -9999
2021 04 20 18   200   200 10110    76    31 -9999 -9999 -9999
2021 04 20 21   215   210 10096   166    43 -9999 -9999 -9999
