2021 01 01 00    55   -85 10304   321    28 -9999 -9999 -9999
2021 01 01 03    90   -81 10300   356    24 -9999 -9999 -9999
2021 01 01 06   137   -64 10257   316    13 -9999 -9999 -9999
2021 01 01 09   137   -64 10243   308    30 -9999 -9999 -9999
2021 01 01 12    85   -20 10259   330    15 -9999 -9999 -9999
2021 01 01 18    32    -5 10271   319    16 -9999 -9999 -9999
2021 01 01 21    20    -7 10265   304    15 -9999 -9999 -9999
2021 01 02 00    15    -1 10277   330    13 -9999 -9999 -9999
2021 01 02 03   107    -1 10270    28    13 -9999 -9999 -9999
2021 01 02 06   161   -29 10218    31    16 -9999 -9999 -9999
2021 01 02 09   180    -4 10201   211     8 -9999 -9999 -9999
2021 01 02 12    92    19 10216   315    26 -9999 -9999 -9999
2021 01 02 18    47    23 10257   321    11 -9999 -9999 -9999
2021 01 02 21    35    20 10251   325    13 -9999 -9999 -9999
2021 01 03 00    30    17 10269   332    13 -9999 -9999 -9999
2021 01 03 03   125     3 10268   320    36 -9999 -9999 -9999
2021 01 03 06   180     5 10233   329    32 -9999 -9999 -9999
2021 01 03 09   170    10 10225   307    40 -9999 -9999 -9999
2021 01 03 12   122    24 10247     4    30 -9999 -9999 -9999
2021 01 03 18   100    14 10249   342    27 -9999 -9999 -9999
2021 01 03 21   101    -1 10248   321    42 -9999 -9999 -9999
2021 01 04 00    96    -6 10258   317    38 -9999 -9999 -9999
2021 01 04 03   136     6 10257   332    37 -9999 -9999 -9999
2021 01 04 06   182    13 10215    54    14 -9999 -9999 -9999
2021 01 04 09   175    34 10207   158    17 -9999 -9999 -9999
2021 01 04 12   110    45 10223   316    27 -9999 -9999 -9999
2021 01 04 18   105    43 10232   334    17 -9999 -9999 -9999
2021 01 04 21   106    36 10229   352    20 -9999 -9999 -9999
2021 01 05 00   107    10 10254   322    42 -9999 -9999 -9999
2021 01 05 03   112    13 10260   326    60 -9999 -9999 -9999
2021 01 05 06   160    27 10225   308    41 -9999 -9999 -9999
2021 01 05 09   157    28 10221   311    46 -9999 -9999 -9999
2021 01 05 12   121    20 10238   335    28 -9999 -9999 -9999
2021 01 05 18    97     4 10248   321    45 -9999 -9999 -9999
2021 01 05 21    90     4 10243   318    47 -9999 -9999 -9999
2021 01 06 00    85     4 10257   313    44 -9999 -9999 -9999
2021 01 06 03    90     9 10253   313    39 -9999 -9999 -9999
2021 01 06 06    97    12 10216   316    46 -9999 -9999 -9999
2021 01 06 09    96    15 10214   308    40 -9999 -9999 -9999
2021 01 06 12    92    18 10227   312    40 -9999 -9999 -9999
2021 01 06 18    66    44 10246   316    43 -9999 -9999 -9999
2021 01 06 21    55    43 10249   323    43 -9999 -9999     2
2021 01 07 00    52    40 10272   324    43 -9999 -9999     5
2021 01 07 03    51    39 10287   322    45 -9999 -9999     8
2021 01 07 06    47    35 10260   316    39 -9999 -9999     5
2021 01 07 09    37    22 10265   318    46 -9999 -9999 -9999
2021 01 07 12    27     8 10290   320    48 -9999 -9999 -9999
2021 01 07 18    10    -3 10319   323    43 -9999 -9999     3
2021 01 07 21     5    -6 10318   322    45 -9999 -9999     9
2021 01 08 00     2   -29 10330   318    46 -9999 -9999     6
2021 01 08 03    10   -52 10337   315    51 -9999 -9999 -9999
2021 01 08 06    34   -58 10305   320    60 -9999 -9999     0
2021 01 08 09    46   -75 10296   330    50 -9999 -9999     0
2021 01 08 12    36   -53 10302   350    10 -9999 -9999     0
2021 01 08 18    37   -55 10304   350    20 -9999 -9999     0
2021 01 08 21    36   -56 10296   357    15 -9999 -9999 -9999
2021 01 09 00    37   -74 10300   338    21 -9999 -9999     1
2021 01 09 03    55   -87 10302   324    40 -9999 -9999     1
2021 01 09 06    75   -86 10263   303    39 -9999 -9999 -9999
2021 01 09 09    75   -85 10250   309    26 -9999 -9999 -9999
2021 01 09 12    67   -72 10265   337    19 -9999 -9999 -9999
2021 01 09 18    61   -94 10277   319    38 -9999 -9999 -9999
2021 01 09 21    56   -90 10266   316    38 -9999 -9999 -9999
2021 01 10 00    56   -94 10277   316    38 -9999 -9999 -9999
2021 01 10 03    67   -84 10285   318    35 -9999 -9999 -9999
2021 01 10 06    70   -74 10256   315    37 -9999 -9999 -9999
2021 01 10 09    70   -67 10252   314    32 -9999 -9999 -9999
2021 01 10 12    65   -68 10271   329    26 -9999 -9999 -9999
2021 01 10 18    35    -6 10309   336    37 -9999 -9999     6
2021 01 10 21    37   -30 10313   335    43 -9999 -9999     8
2021 01 11 00    27   -22 10339   334    22 -9999 -9999     2
2021 01 11 03    60   -54 10345   314    59 -9999 -9999 -9999
2021 01 11 06    97   -75 10306   326    59 -9999 -9999 -9999
2021 01 11 09   102   -95 10300   335    49 -9999 -9999 -9999
2021 01 11 12    62   -81 10314   346    27 -9999 -9999 -9999
2021 01 11 18    15   -39 10321   315     8 -9999 -9999 -9999
2021 01 11 21    11   -28 10307   302     8 -9999 -9999 -9999
2021 01 12 00    -5   -28 10316   360    10 -9999 -9999 -9999
2021 01 12 03    87   -31 10308    87    14 -9999 -9999 -9999
2021 01 12 06   152   -97 10253   299    28 -9999 -9999 -9999
2021 01 12 09   152  -104 10227   301    33 -9999 -9999 -9999
2021 01 12 12    72   -44 10232   313    25 -9999 -9999 -9999
2021 01 12 18    15   -28 10236   314    20 -9999 -9999 -9999
2021 01 12 21    20   -18 10226   336    11 -9999 -9999 -9999
2021 01 13 00    30    -8 10231   301     8 -9999 -9999 -9999
2021 01 13 03    85    -9 10237   143    11 -9999 -9999 -9999
2021 01 13 06   140   -21 10198    91    17 -9999 -9999 -9999
2021 01 13 09   172   -59 10175   178     7 -9999 -9999 -9999
2021 01 13 12    92    -3 10189   310    17 -9999 -9999 -9999
2021 01 13 18    46     9 10205   314    13 -9999 -9999 -9999
2021 01 13 21    30     6 10197   316    15 -9999 -9999 -9999
2021 01 14 00    20     3 10209   321    14 -9999 -9999 -9999
2021 01 14 03   110     1 10211    36    13 -9999 -9999 -9999
2021 01 14 06   200   -31 10162    79    17 -9999 -9999 -9999
2021 01 14 09   206     4 10152   143    17 -9999 -9999 -9999
2021 01 14 12   127    31 10170   322    19 -9999 -9999 -9999
2021 01 14 18    70    30 10184   315    15 -9999 -9999 -9999
2021 01 14 21    51    28 10178   316    17 -9999 -9999 -9999
2021 01 15 00    42    28 10187   323    10 -9999 -9999 -9999
2021 01 15 03   127    35 10191    79    14 -9999 -9999 -9999
2021 01 15 06   212    25 10148    62    10 -9999 -9999 -9999
2021 01 15 09   217    47 10138   155    18 -9999 -9999 -9999
2021 01 15 12   140    65 10159   306    20 -9999 -9999 -9999
2021 01 15 18    86    62 10174   342    16 -9999 -9999 -9999
2021 01 15 21    92    66 10175   284     7 -9999 -9999 -9999
2021 01 16 00    90    70 10191   276     9 -9999 -9999 -9999
2021 01 16 03   127    77 10204   315    10 -9999 -9999 -9999
2021 01 16 06   201    65 10165   133    20 -9999 -9999 -9999
2021 01 16 09   215    53 10165   292    17 -9999 -9999 -9999
2021 01 16 12   157    32 10201   321    45 -9999 -9999 -9999
2021 01 16 18   127     5 10247   329    52 -9999 -9999 -9999
2021 01 16 21   115    -4 10267   326    49 -9999 -9999 -9999
2021 01 17 00   101   -19 10307   332    50 -9999 -9999 -9999
2021 01 17 03    92   -23 10328   319    72 -9999 -9999 -9999
2021 01 17 06    80   -19 10307   320    56 -9999 -9999 -9999
2021 01 17 09    87   -13 10299   321    54 -9999 -9999 -9999
2021 01 17 12    90   -10 10309   321    54 -9999 -9999 -9999
2021 01 17 18    65   -13 10305   350    25 -9999 -9999 -9999
2021 01 17 21    50   -12 10291     8    22 -9999 -9999 -9999
2021 01 18 00    36    -4 10295   342    17 -9999 -9999 -9999
2021 01 18 03   110   -14 10285   324    16 -9999 -9999 -9999
2021 01 18 06   152   -32 10233   316    33 -9999 -9999 -9999
2021 01 18 09   161   -50 10213   304    32 -9999 -9999 -9999
2021 01 18 12    95    -7 10227   308    16 -9999 -9999 -9999
2021 01 18 18    37     0 10231   312    15 -9999 -9999 -9999
2021 01 18 21    20    -3 10221   314    15 -9999 -9999 -9999
2021 01 19 00    15     0 10234   314    15 -9999 -9999 -9999
2021 01 19 03   110    10 10233   139    10 -9999 -9999 -9999
2021 01 19 06   180     2 10189   102    28 -9999 -9999 -9999
2021 01 19 09   186    12 10175   140    25 -9999 -9999 -9999
2021 01 19 12   125    26 10188   217    11 -9999 -9999 -9999
2021 01 19 18    65    38 10201   298     6 -9999 -9999 -9999
2021 01 19 21    52    35 10196   321    12 -9999 -9999 -9999
2021 01 20 00    50    40 10213   334    12 -9999 -9999 -9999
2021 01 20 03   140    46 10211   163    12 -9999 -9999 -9999
2021 01 20 06   210    79 10163   119    29 -9999 -9999 -9999
2021 01 20 09   217    90 10150   170    26 -9999 -9999 -9999
2021 01 20 12   156    99 10173   317    15 -9999 -9999 -9999
2021 01 20 18   122    99 10176   312    12 -9999 -9999 -9999
2021 01 20 21   124   101 10167   230    10 -9999 -9999     0
2021 01 21 00   125   104 10180   310    10 -9999 -9999     0
2021 01 21 03   160   112 10188    50    10 -9999 -9999     0
2021 01 21 06   223   139 10147   110    20 -9999 -9999     0
2021 01 21 09   210   142 10143   260    10 -9999 -9999     0
2021 01 21 12   174   139 10158   330    20 -9999 -9999     0
2021 01 21 18   149   134 10161     0 -9999 -9999 -9999     0
2021 01 21 21   133   127 10155   270    10 -9999 -9999     0
2021 01 22 00   116   111 10176   336     7 -9999 -9999 -9999
2021 01 22 03   190    91 10179   305    34 -9999 -9999 -9999
2021 01 22 06   210   105 10139   296    35 -9999 -9999 -9999
2021 01 22 09   215   103 10128   297    29 -9999 -9999 -9999
2021 01 22 12   180   103 10147   359    27 -9999 -9999 -9999
2021 01 22 18   137    96 10166   352    20 -9999 -9999 -9999
2021 01 22 21   115    89 10164   350    15 -9999 -9999 -9999
2021 01 23 00   101    85 10178   354     9 -9999 -9999 -9999
2021 01 23 03   166    93 10186   327    40 -9999 -9999 -9999
2021 01 23 06   215    97 10142   310    22 -9999 -9999 -9999
2021 01 23 09   217    97 10129   327    33 -9999 -9999 -9999
2021 01 23 12   157   103 10146   315    20 -9999 -9999 -9999
2021 01 23 18   117    99 10167   317    16 -9999 -9999 -9999
2021 01 23 21   115    98 10161   330    10 -9999 -9999 -9999
2021 01 24 00   120   103 10171   299    10 -9999 -9999 -9999
2021 01 24 03   191   112 10170   116    20 -9999 -9999 -9999
2021 01 24 06   230   120 10125   174    47 -9999 -9999 -9999
2021 01 24 09   222   128 10118   163    31 -9999 -9999 -9999
2021 01 24 12   197   135 10131   164    11 -9999 -9999 -9999
2021 01 24 18   185   140 10151   120    20 -9999 -9999     0
2021 01 24 21   173   149 10155   140    10 -9999 -9999 -9999
2021 01 25 00   162   157 10178   336     6 -9999 -9999     7
2021 01 25 03   171   163 10195   176    11 -9999 -9999     9
2021 01 25 06   200   154 10167   103    13 -9999 -9999     2
2021 01 25 09   210   153 10158    33     7 -9999 -9999 -9999
2021 01 25 12   170   129 10173   331    59 -9999 -9999 -9999
2021 01 25 18   122    90 10206   315    51 -9999 -9999 -9999
2021 01 25 21   120    84 10200   309    49 -9999 -9999 -9999
2021 01 26 00   116    77 10216   310    41 -9999 -9999 -9999
2021 01 26 03   122    73 10229   321    49 -9999 -9999 -9999
2021 01 26 06   137    78 10199   311    38 -9999 -9999 -9999
2021 01 26 09   140    74 10185   316    38 -9999 -9999 -9999
2021 01 26 12   122    61 10196   306    40 -9999 -9999 -9999
2021 01 26 18   111    43 10202   312    47 -9999 -9999 -9999
2021 01 26 21   107    45 10194   327    35 -9999 -9999 -9999
2021 01 27 00   107    47 10207     9    13 -9999 -9999 -9999
2021 01 27 03   137    58 10213    38     9 -9999 -9999 -9999
2021 01 27 06   182    82 10169   149    14 -9999 -9999 -9999
2021 01 27 09   205   106 10152   183    14 -9999 -9999 -9999
2021 01 27 12   152    72 10186   319    60 -9999 -9999 -9999
2021 01 27 18   121    59 10230   323    58 -9999 -9999 -9999
2021 01 27 21   105    64 10238   311    50 -9999 -9999 -9999
2021 01 28 00    97    64 10265   312    51 -9999 -9999 -9999
2021 01 28 03   105    61 10280   327    50 -9999 -9999 -9999
2021 01 28 06   130    56 10253   322    45 -9999 -9999 -9999
2021 01 28 09   145    36 10237   314    30 -9999 -9999 -9999
2021 01 28 12   100    48 10252   286     8 -9999 -9999 -9999
2021 01 28 18    67    48 10266   315    11 -9999 -9999 -9999
2021 01 28 21    72    53 10248   217    11 -9999 -9999 -9999
2021 01 29 00    72    55 10263   258     5 -9999 -9999 -9999
2021 01 29 03   131    48 10265    97    13 -9999 -9999 -9999
2021 01 29 06   186    24 10217   133    19 -9999 -9999 -9999
2021 01 29 09   182    38 10200   137    13 -9999 -9999 -9999
2021 01 29 12   161    63 10209   235     6 -9999 -9999 -9999
2021 01 29 18   132    72 10216   318    18 -9999 -9999 -9999
2021 01 29 21   125    75 10214   319    11 -9999 -9999 -9999
2021 01 30 00   121    78 10231   283     5 -9999 -9999 -9999
2021 01 30 03   147    80 10247   182     6 -9999 -9999 -9999
2021 01 30 06   185    70 10212    85    20 -9999 -9999 -9999
2021 01 30 09   200    80 10194   137    21 -9999 -9999 -9999
2021 01 30 12   152    93 10208     1    11 -9999 -9999 -9999
2021 01 30 18   122    94 10220   311    10 -9999 -9999 -9999
2021 01 30 21   116    97 10216   316    15 -9999 -9999 -9999
2021 01 31 00   122    98 10231    79    12 -9999 -9999 -9999
2021 01 31 03   180    99 10232   166    19 -9999 -9999 -9999
2021 01 31 06   196   111 10199   107    14 -9999 -9999 -9999
2021 01 31 09   212   118 10182   144    15 -9999 -9999 -9999
2021 01 31 12   176   129 10195   343    12 -9999 -9999 -9999
2021 01 31 18   142   126 10200   327     9 -9999 -9999 -9999
2021 01 31 21   145   128 10193   169    11 -9999 -9999 -9999
2021 02 01 00   142   128 10204   327     3 -9999 -9999 -9999
2021 02 01 03   205   135 10210   139    15 -9999 -9999 -9999
2021 02 01 06   240   125 10173   130    21 -9999 -9999 -9999
2021 02 01 09   235   134 10162   106    16 -9999 -9999 -9999
2021 02 01 12   202   140 10178   110     4 -9999 -9999 -9999
2021 02 01 18   177   125 10201   334    27 -9999 -9999 -9999
2021 02 01 21   161   113 10202   326    48 -9999 -9999 -9999
2021 02 02 00   147   106 10220   336    40 -9999 -9999 -9999
2021 02 02 03   182   108 10226   326    34 -9999 -9999 -9999
2021 02 02 06   237   127 10182   336    28 -9999 -9999 -9999
2021 02 02 09   212   124 10178   322    49 -9999 -9999 -9999
2021 02 02 12   195   123 10194   354    23 -9999 -9999 -9999
2021 02 02 18   167   102 10207   334    31 -9999 -9999 -9999
2021 02 02 21   156    97 10207   328    33 -9999 -9999 -9999
2021 02 03 00   145    97 10225   345    25 -9999 -9999 -9999
2021 02 03 03   187   106 10232    16    13 -9999 -9999 -9999
2021 02 03 06   240   132 10191    94    22 -9999 -9999 -9999
2021 02 03 09   240   132 10182   134    21 -9999 -9999 -9999
2021 02 03 12   205   129 10199   319    12 -9999 -9999 -9999
2021 02 03 18   172   139 10208   284     9 -9999 -9999 -9999
2021 02 03 21   165   139 10207   315    11 -9999 -9999 -9999
2021 02 04 00   152   135 10229   297    10 -9999 -9999 -9999
2021 02 04 03   212   146 10234   146    13 -9999 -9999 -9999
2021 02 04 06   240   138 10193   152    23 -9999 -9999 -9999
2021 02 04 09   247   133 10172   196    27 -9999 -9999 -9999
2021 02 04 12   191   137 10183   333    15 -9999 -9999 -9999
2021 02 04 18   142   129 10188   307    14 -9999 -9999 -9999
2021 02 04 21   132   123 10189   303    13 -9999 -9999 -9999
2021 02 05 00   127   121 10211   287     6 -9999 -9999 -9999
2021 02 05 03   187   138 10223   153     9 -9999 -9999 -9999
2021 02 05 06   247   113 10184   117    22 -9999 -9999 -9999
2021 02 05 09   247   109 10166   337    18 -9999 -9999 -9999
2021 02 05 12   202   132 10178   314    18 -9999 -9999 -9999
2021 02 05 18   140   117 10185   290    12 -9999 -9999 -9999
2021 02 05 21   125   111 10185   340    10 -9999 -9999 -9999
2021 02 06 00   117   109 10204   333     9 -9999 -9999 -9999
2021 02 06 03   202   129 10207    66    11 -9999 -9999 -9999
2021 02 06 06   255   117 10159   118    23 -9999 -9999 -9999
2021 02 06 09   265   102 10136   153    24 -9999 -9999 -9999
2021 02 06 12   196   116 10152   339    12 -9999 -9999 -9999
2021 02 06 18   140   115 10164   322    16 -9999 -9999 -9999
2021 02 06 21   126   110 10163   304    15 -9999 -9999 -9999
2021 02 07 00   122   110 10191   307    12 -9999 -9999 -9999
2021 02 07 03   200   120 10195    45    16 -9999 -9999 -9999
2021 02 07 06   270   106 10154   162    20 -9999 -9999 -9999
2021 02 07 09   257   111 10149   129    16 -9999 -9999 -9999
2021 02 07 12   197   122 10168   308    22 -9999 -9999 -9999
2021 02 07 18   152   123 10181   308    12 -9999 -9999 -9999
2021 02 07 21   150   127 10177   335    14 -9999 -9999 -9999
2021 02 08 00   141   127 10201   308    13 -9999 -9999 -9999
2021 02 08 03   202   129 10208   323    44 -9999 -9999 -9999
2021 02 08 06   210   124 10186   320    42 -9999 -9999 -9999
2021 02 08 09   202   115 10185   313    38 -9999 -9999 -9999
2021 02 08 12   166   105 10212   318    57 -9999 -9999 -9999
2021 02 08 18   137    88 10214   323    54 -9999 -9999 -9999
2021 02 08 21   125    93 10202   320    36 -9999 -9999 -9999
2021 02 09 00   112   100 10214   319    40 -9999 -9999    25
2021 02 09 03   121   107 10216   314    39 -9999 -9999    66
2021 02 09 06   120   106 10188   305    40 -9999 -9999    97
2021 02 09 12   107    98 10195   319    42 -9999 -9999   257
2021 02 09 18   106    95 10206   313    28 -9999 -9999   177
2021 02 09 21   102    94 10163   321    17 -9999 -9999   139
2021 02 10 00   106    95 10162   334    44 -9999 -9999    73
2021 02 10 03   125    96 10183   324    45 -9999 -9999    18
2021 02 10 06   140   102 10161   314    27 -9999 -9999 -9999
2021 02 10 09   145   104 10156   328    31 -9999 -9999 -9999
2021 02 11 00   110    88 10185   328    27 -9999 -9999 -9999
2021 02 13 12   165   103 10171   342    15 -9999 -9999 -9999
2021 02 13 18   122   103 10178   321    16 -9999 -9999 -9999
2021 02 13 21   106    95 10171   300    20 -9999 -9999     0
2021 02 14 00   101    93 10194   313    13 -9999 -9999 -9999
2021 02 14 03   187   109 10189    56    11 -9999 -9999 -9999
2021 02 14 06   255   116 10151   317    24 -9999 -9999 -9999
2021 02 14 09   256   110 10131   105     8 -9999 -9999 -9999
2021 02 14 12   187   132 10145   326    17 -9999 -9999 -9999
2021 02 14 18   130   116 10149   308    16 -9999 -9999 -9999
2021 02 14 21   117   109 10146   324    17 -9999 -9999 -9999
2021 02 15 00   112   106 10170   318    10 -9999 -9999 -9999
2021 02 15 03   190   129 10174   159    13 -9999 -9999 -9999
2021 02 15 06   252   125 10133    92    13 -9999 -9999 -9999
2021 02 15 09   251   120 10114   150    19 -9999 -9999 -9999
2021 02 15 12   207   137 10130   309    13 -9999 -9999 -9999
2021 02 15 18   171   138 10139   282    11 -9999 -9999 -9999
2021 02 15 21   160   136 10133   319    17 -9999 -9999 -9999
2021 02 16 00   157   137 10154   292    10 -9999 -9999 -9999
2021 02 16 03   180   143 10176   329    10 -9999 -9999 -9999
2021 02 16 06   196   135 10164   324    43 -9999 -9999 -9999
2021 02 16 09   156   124 10174   308    48 -9999 -9999 -9999
2021 02 16 12   142   118 10197   314    45 -9999 -9999 -9999
2021 02 16 18   135   103 10217   330    40 -9999 -9999 -9999
2021 02 16 21   130    96 10219   322    38 -9999 -9999 -9999
2021 02 17 00   130    90 10238   323    39 -9999 -9999 -9999
2021 02 17 03   175    93 10243   312    39 -9999 -9999 -9999
2021 02 17 06   211    90 10212   306    46 -9999 -9999 -9999
2021 02 17 09   215    62 10202   321    37 -9999 -9999 -9999
2021 02 17 12   157    59 10225   321    25 -9999 -9999 -9999
2021 02 17 18   116    50 10254   344    16 -9999 -9999 -9999
2021 02 17 21   100    61 10253   289    11 -9999 -9999 -9999
2021 02 18 00    97    71 10274   245    10 -9999 -9999 -9999
2021 02 18 03   175    58 10285    27    16 -9999 -9999 -9999
2021 02 18 06   191    62 10255   316    33 -9999 -9999 -9999
2021 02 18 09   200    64 10241   303    31 -9999 -9999 -9999
2021 02 18 12   157    62 10254   350    27 -9999 -9999 -9999
2021 02 18 18   105    70 10255   320    17 -9999 -9999 -9999
2021 02 18 21   110    74 10247   312     9 -9999 -9999 -9999
2021 02 19 00   115    82 10264   213     7 -9999 -9999 -9999
2021 02 19 03   185    56 10266   307    19 -9999 -9999 -9999
2021 02 19 06   200    49 10232   323    34 -9999 -9999 -9999
2021 02 19 09   210    62 10211   320    34 -9999 -9999 -9999
2021 02 20 18   142   116 10173   282     6 -9999 -9999 -9999
2021 02 20 21   146   119 10162   310    11 -9999 -9999 -9999
2021 02 21 00   147   126 10180   314     9 -9999 -9999 -9999
2021 02 21 06   247   136 10142    90    31 -9999 -9999 -9999
2021 02 21 09   252   132 10125   201    36 -9999 -9999 -9999
2021 02 21 18   162   136 10158   341     6 -9999 -9999 -9999
2021 02 21 21   157   136 10152   325    16 -9999 -9999 -9999
2021 02 22 00   161   139 10165   107     9 -9999 -9999 -9999
2021 02 22 03   205   144 10172   227    14 -9999 -9999 -9999
2021 02 22 06   255   136 10136    99    14 -9999 -9999 -9999
2021 02 22 09   262   143 10118   137    23 -9999 -9999 -9999
2021 02 22 12   212   158 10139   228    10 -9999 -9999 -9999
2021 02 22 18   162   148 10159   314    16 -9999 -9999 -9999
2021 02 22 21   151   141 10153   325    15 -9999 -9999 -9999
2021 02 23 00   145   139 10173   269     8 -9999 -9999 -9999
2021 02 23 03   225   151 10167   104    14 -9999 -9999 -9999
2021 02 23 06   281   151 10125   110    23 -9999 -9999 -9999
2021 02 23 09   275   144 10105   116    21 -9999 -9999 -9999
2021 02 23 12   225   153 10116   314    11 -9999 -9999 -9999
2021 02 23 18   167   147 10128   313    11 -9999 -9999 -9999
2021 02 23 21   165   147 10121   328     6 -9999 -9999 -9999
2021 02 24 00   162   152 10136   360     2 -9999 -9999 -9999
2021 02 24 03   227   164 10140   121    21 -9999 -9999 -9999
2021 02 24 06   260   156 10100   176    29 -9999 -9999 -9999
2021 02 24 09   260   134 10075   184    52 -9999 -9999 -9999
2021 02 24 12   240   152 10088   178    15 -9999 -9999 -9999
2021 02 24 18   182   171 10098   260     9 -9999 -9999    51
2021 02 24 21   182   173 10090   277     8 -9999 -9999 -9999
2021 02 25 00   182   170 10104   117    21 -9999 -9999     3
2021 02 25 03   185   176 10115   154    14 -9999 -9999     7
2021 02 25 06   185   178 10086    98    16 -9999 -9999    11
2021 02 25 09   187   181 10067   145    14 -9999 -9999    82
2021 02 25 12   186   181 10074   176    13 -9999 -9999    87
2021 02 25 18   147   136 10090   333    62 -9999 -9999 -9999
2021 02 25 21   115   104 10106   310    56 -9999 -9999     2
2021 02 26 00   107    91 10136   322    54 -9999 -9999     2
2021 02 26 03   105    84 10155   313    56 -9999 -9999     2
2021 02 26 06   100    82 10142   317    53 -9999 -9999     6
2021 02 26 09    91    79 10140   322    51 -9999 -9999     4
2021 02 26 12    90    73 10155   315    43 -9999 -9999 -9999
2021 02 26 18    87    61 10176   325    39 -9999 -9999 -9999
2021 02 26 21    82    61 10174   322    42 -9999 -9999 -9999
2021 02 27 00    85    60 10188   314    43 -9999 -9999 -9999
2021 02 27 03   100    64 10199   310    38 -9999 -9999 -9999
2021 02 27 06   112    70 10170   326    40 -9999 -9999 -9999
2021 02 27 09   112    79 10158   309    31 -9999 -9999 -9999
2021 02 27 12   102    91 10173   344    11 -9999 -9999     1
2021 02 27 18   100    94 10173   346    13 -9999 -9999    46
2021 02 27 21   100    95 10160   344    11 -9999 -9999    45
2021 02 28 00   100    94 10175   338    19 -9999 -9999    77
2021 02 28 03   112   108 10177   196     9 -9999 -9999    90
2021 02 28 06   122   118 10150   167    14 -9999 -9999    32
2021 02 28 09   131   126 10130   161    14 -9999 -9999    12
2021 02 28 12   140   137 10137   201    16 -9999 -9999     1
2021 02 28 18   140   137 10149   132    11 -9999 -9999     8
2021 02 28 21   142   140 10148   321     6 -9999 -9999     6
2021 03 01 00   157   155 10162   224    12 -9999 -9999     2
2021 03 01 03   162   160 10177   310    10 -9999 -9999     2
2021 03 01 06   170   154 10175   326    47 -9999 -9999     1
2021 03 01 09   155   122 10184   315    62 -9999 -9999     1
2021 03 01 12   130   104 10218   326    52 -9999 -9999     1
2021 03 01 18   115    73 10236   323    50 -9999 -9999 -9999
2021 03 01 21   106    64 10236   319    44 -9999 -9999 -9999
2021 03 02 00   105    57 10251   324    42 -9999 -9999 -9999
2021 03 02 03   135    57 10255   307    44 -9999 -9999 -9999
2021 03 02 06   176    65 10216   296    39 -9999 -9999 -9999
2021 03 02 09   182    68 10193   299    42 -9999 -9999 -9999
2021 03 02 12   156    63 10200   325    44 -9999 -9999 -9999
2021 03 02 18   135    80 10220   310    15 -9999 -9999 -9999
2021 03 02 21   131    71 10213   327    37 -9999 -9999 -9999
2021 03 03 00   125    68 10226   313    42 -9999 -9999 -9999
2021 03 03 03   127    68 10238   301    33 -9999 -9999 -9999
2021 03 03 06   130    78 10212   306    32 -9999 -9999 -9999
2021 03 03 09   125    78 10196   311    27 -9999 -9999 -9999
2021 03 03 12   111    90 10207   324    23 -9999 -9999     1
2021 03 03 18   105    97 10211   330    23 -9999 -9999    42
2021 03 03 21   105    97 10198   326    12 -9999 -9999    62
2021 03 04 00   110    96 10209   327    33 -9999 -9999    35
2021 03 04 03   127   104 10211   339     6 -9999 -9999     1
2021 03 04 06   127   112 10182   177    10 -9999 -9999     1
2021 03 04 09   130   122 10161   128     9 -9999 -9999     1
2021 03 04 12   130   124 10161   154     9 -9999 -9999    10
2021 03 04 18   131   128 10159   360     2 -9999 -9999    16
2021 03 04 21   132   129 10151   165     3 -9999 -9999    15
2021 03 05 00   135   131 10156   152     8 -9999 -9999    11
2021 03 05 03   150   147 10159   159     7 -9999 -9999     6
2021 03 05 06   165   162 10129   360     1 -9999 -9999     7
2021 03 05 09   177   174 10113   174    18 -9999 -9999    10
2021 03 05 12   172   170 10125   324     8 -9999 -9999     8
2021 03 05 18   172   169 10139   360     2 -9999 -9999     4
2021 03 05 21   176   173 10136   341    19 -9999 -9999     6
2021 03 06 00   166   158 10161   332    53 -9999 -9999     6
2021 03 06 03   160   142 10187   311    58 -9999 -9999     1
2021 03 06 06   165   140 10173   316    53 -9999 -9999     1
2021 03 06 09   165   131 10173   323    55 -9999 -9999 -9999
2021 03 06 12   161   128 10196   350    30 -9999 -9999 -9999
2021 03 06 18   145   107 10209   326    34 -9999 -9999 -9999
2021 03 06 21   140   105 10212   323    33 -9999 -9999 -9999
2021 03 07 00   136   102 10230   326    48 -9999 -9999 -9999
2021 03 07 03   177   116 10227   342    34 -9999 -9999 -9999
2021 03 07 06   192   118 10198   311    50 -9999 -9999 -9999
2021 03 07 09   181   114 10181   325    48 -9999 -9999 -9999
2021 03 07 12   170   113 10199   332    22 -9999 -9999 -9999
2021 03 07 18   132   104 10208   331    26 -9999 -9999 -9999
2021 03 07 21   122   104 10201   330    25 -9999 -9999 -9999
2021 03 08 00   120   104 10221   351    23 -9999 -9999 -9999
2021 03 08 03   130   119 10222   349    11 -9999 -9999 -9999
2021 03 08 06   140   130 10195    25    11 -9999 -9999     2
2021 03 08 09   135   120 10187   340    25 -9999 -9999     3
2021 03 08 12   130   119 10203   324    35 -9999 -9999     4
2021 03 08 18   120   110 10208   339    26 -9999 -9999    14
2021 03 08 21   115   107 10199   328    33 -9999 -9999     4
2021 03 09 00   116   103 10219   328    39 -9999 -9999     6
2021 03 09 03   117   105 10235   320    46 -9999 -9999     6
2021 03 09 06   126   110 10213   331    30 -9999 -9999     3
2021 03 09 09   126   108 10201   330    31 -9999 -9999 -9999
2021 03 09 12   120   111 10215   320    32 -9999 -9999     5
2021 03 09 18   112   105 10211   326    29 -9999 -9999    18
2021 03 09 21   111   103 10201   315    25 -9999 -9999    45
2021 03 10 00   110   102 10218   338    23 -9999 -9999    44
2021 03 10 03   111   103 10226   320    37 -9999 -9999    30
2021 03 10 06   116   110 10204   340    20 -9999 -9999    43
2021 03 10 09   120   111 10187   327    42 -9999 -9999    25
2021 03 10 12   117   108 10200   337    31 -9999 -9999     4
2021 03 10 18   118   110 10207   350    20 -9999 -9999    10
2021 03 10 21   120   111 10200   340    17 -9999 -9999    10
2021 03 11 00   120   111 10219   334    26 -9999 -9999    48
2021 03 11 03   130   114 10230   331    32 -9999 -9999    48
2021 03 11 06   142   122 10210   343    21 -9999 -9999 -9999
2021 03 11 09   150   126 10193   346    19 -9999 -9999 -9999
2021 03 11 12   137   121 10211   335    33 -9999 -9999 -9999
2021 03 11 18   135   119 10219   323    45 -9999 -9999 -9999
2021 03 11 21   132   119 10214   310    35 -9999 -9999 -9999
2021 03 12 00   132   117 10228   330    39 -9999 -9999 -9999
2021 03 12 03   147   122 10239   331    27 -9999 -9999 -9999
2021 03 12 06   167   127 10208   331    36 -9999 -9999 -9999
2021 03 12 09   172   135 10184   332    31 -9999 -9999 -9999
2021 03 12 12   165   134 10199   316    39 -9999 -9999 -9999
2021 03 12 18   155   130 10210   328    25 -9999 -9999 -9999
2021 03 12 21   150   124 10203   326    41 -9999 -9999 -9999
2021 03 13 00   150   128 10215   328    20 -9999 -9999 -9999
2021 03 13 03   180   138 10223   332    26 -9999 -9999 -9999
2021 03 13 06   220   153 10185   338    29 -9999 -9999 -9999
2021 03 13 09   231   166 10156   326    26 -9999 -9999 -9999
2021 03 13 12   197   169 10169   352    29 -9999 -9999 -9999
2021 03 13 18   167   157 10169   343    24 -9999 -9999 -9999
2021 03 13 21   167   152 10159     7    20 -9999 -9999 -9999
2021 03 14 00   167   153 10179   338    10 -9999 -9999 -9999
2021 03 14 03   177   160 10181   333    15 -9999 -9999 -9999
2021 03 14 06   232   182 10140   128    23 -9999 -9999 -9999
2021 03 14 09   235   188 10122   134    14 -9999 -9999 -9999
2021 03 14 12   202   194 10127   197    12 -9999 -9999     8
2021 03 14 18   195   188 10133   159     8 -9999 -9999 -9999
2021 03 14 21   195   179 10123   134    12 -9999 -9999 -9999
2021 03 15 00   192   180 10137   195     8 -9999 -9999 -9999
2021 03 15 03   202   181 10144   110    25 -9999 -9999 -9999
2021 03 15 06   225   186 10117    93    16 -9999 -9999 -9999
2021 03 15 09   230   190 10101    96    22 -9999 -9999 -9999
2021 03 15 12   211   194 10116    12     9 -9999 -9999 -9999
2021 03 15 18   190   184 10124   192     9 -9999 -9999 -9999
2021 03 15 21   187   182 10119    28     7 -9999 -9999 -9999
2021 03 16 00   190   186 10137   277     7 -9999 -9999 -9999
2021 03 16 03   230   183 10143   113    20 -9999 -9999 -9999
2021 03 16 06   260   178 10110   165    25 -9999 -9999     1
2021 03 16 09   261   183 10093   125    19 -9999 -9999     1
2021 03 16 12   232   192 10107   320    12 -9999 -9999 -9999
2021 03 16 18   200   188 10116   301    11 -9999 -9999 -9999
2021 03 16 21   195   185 10114   338     7 -9999 -9999 -9999
2021 03 17 00   195   187 10130   317     6 -9999 -9999 -9999
2021 03 17 03   261   188 10126   110    19 -9999 -9999 -9999
2021 03 17 06   291   191 10096   115    26 -9999 -9999 -9999
2021 03 17 09   295   188 10077   160    23 -9999 -9999 -9999
2021 03 17 12   255   189 10092   109    11 -9999 -9999 -9999
2021 03 17 18   215   197 10107   302    12 -9999 -9999 -9999
2021 03 17 21   226   198 10103   117    12 -9999 -9999 -9999
2021 03 18 00   222   196 10128   124    17 -9999 -9999 -9999
2021 03 18 03   231   193 10138   126    24 -9999 -9999 -9999
2021 03 18 06   230   194 10110    88    22 -9999 -9999 -9999
2021 03 18 09   235   198 10089   140    12 -9999 -9999 -9999
2021 03 18 12   221   200 10095   315     9 -9999 -9999 -9999
2021 03 18 18   215   202 10107   200     4 -9999 -9999 -9999
2021 03 18 21   220   196 10103    86    16 -9999 -9999 -9999
2021 03 19 00   217   200 10119   163    14 -9999 -9999 -9999
2021 03 19 03   217   207 10121   181     9 -9999 -9999     4
2021 03 19 06   225   209 10095   142     9 -9999 -9999     4
2021 03 19 09   237   214 10069   146     9 -9999 -9999 -9999
2021 03 19 12   226   212 10080   318    10 -9999 -9999 -9999
2021 03 19 18   216   209 10102   104     8 -9999 -9999 -9999
2021 03 19 21   210   204 10099   332    13 -9999 -9999 -9999
2021 03 20 00   170   145 10127   329    73 -9999 -9999 -9999
2021 03 20 03   145   128 10152   315    61 -9999 -9999     1
2021 03 20 06   130   112 10136   313    70 -9999 -9999     1
2021 03 20 09   126   108 10129   314    56 -9999 -9999 -9999
2021 03 20 12   117   104 10152   321    50 -9999 -9999     1
2021 03 20 18   115    90 10182   324    46 -9999 -9999     2
2021 03 20 21   112    84 10183   320    56 -9999 -9999     2
2021 03 21 00   101    82 10225   319    49 -9999 -9999    26
2021 03 21 03   110    87 10247   328    39 -9999 -9999    32
2021 03 21 06   117    85 10234   318    41 -9999 -9999     7
2021 03 21 09   122    76 10225   327    37 -9999 -9999     1
2021 03 21 12   116    63 10242   327    42 -9999 -9999 -9999
2021 03 21 18   111    60 10268   333    34 -9999 -9999 -9999
2021 03 21 21   110    63 10267   330    29 -9999 -9999 -9999
2021 03 22 00   112    58 10281   332    37 -9999 -9999 -9999
2021 03 22 03   136    67 10288   307    29 -9999 -9999 -9999
2021 03 22 06   152    65 10256   307    32 -9999 -9999 -9999
2021 03 22 09   157    64 10239   310    25 -9999 -9999 -9999
2021 03 22 12   142    84 10244   326     8 -9999 -9999 -9999
2021 03 22 18   130    95 10250   317    14 -9999 -9999 -9999
2021 03 22 21   125    97 10231     1    16 -9999 -9999 -9999
2021 03 23 00   127    93 10245   350    15 -9999 -9999 -9999
2021 03 23 03   145    93 10239   358    14 -9999 -9999 -9999
2021 03 23 06   181    72 10200   164    13 -9999 -9999 -9999
2021 03 23 09   165    97 10184   322    14 -9999 -9999 -9999
2021 03 23 12   145   106 10195   301    10 -9999 -9999 -9999
2021 03 23 18   132   107 10197   317    17 -9999 -9999 -9999
2021 03 23 21   127   107 10183     7    17 -9999 -9999 -9999
2021 03 24 00   120   104 10199   347    23 -9999 -9999 -9999
2021 03 24 03   195    94 10192   126    11 -9999 -9999 -9999
2021 03 24 06   242   116 10145   310    12 -9999 -9999 -9999
2021 03 24 09   255   123 10121   141    16 -9999 -9999 -9999
2021 03 24 12   206   131 10143   140    12 -9999 -9999 -9999
2021 03 24 18   171   140 10160   255     9 -9999 -9999 -9999
2021 03 24 21   167   143 10154   301    12 -9999 -9999 -9999
2021 03 25 00   172   150 10175   313     8 -9999 -9999 -9999
2021 03 25 03   186   155 10190   165    10 -9999 -9999 -9999
2021 03 25 06   190   159 10161   191     8 -9999 -9999 -9999
2021 03 25 09   197   163 10142     1     6 -9999 -9999 -9999
2021 03 25 12   190   169 10140   290     8 -9999 -9999 -9999
2021 03 25 18   180   169 10141    78     5 -9999 -9999 -9999
2021 03 25 21   177   170 10133   173    11 -9999 -9999 -9999
2021 03 26 00   180   170 10153   201    10 -9999 -9999 -9999
2021 03 26 03   185   178 10160   138    14 -9999 -9999     3
2021 03 26 06   222   170 10122   112    23 -9999 -9999     3
2021 03 26 09   220   177 10106   120    13 -9999 -9999 -9999
2021 03 26 12   202   179 10117    33     5 -9999 -9999 -9999
2021 03 26 18   190   183 10123   188    11 -9999 -9999 -9999
2021 03 26 21   190   182 10108   135    10 -9999 -9999 -9999
2021 03 27 00   192   185 10124   196    13 -9999 -9999 -9999
2021 03 27 03   210   188 10132   134    12 -9999 -9999 -9999
2021 03 27 06   227   187 10100   106    11 -9999 -9999 -9999
2021 03 27 09   235   192 10084   126    11 -9999 -9999 -9999
2021 03 27 12   220   199 10097   215    10 -9999 -9999 -9999
2021 03 27 18   196   189 10104   360     2 -9999 -9999 -9999
2021 03 27 21   190   185 10091   325    14 -9999 -9999     4
2021 03 28 00   195   192 10107    38     3 -9999 -9999     5
2021 03 28 03   250   208 10108    74    14 -9999 -9999     1
2021 03 28 06   282   203 10073   115    21 -9999 -9999 -9999
2021 03 28 09   280   203 10056   176    31 -9999 -9999 -9999
2021 03 28 12   250   208 10065   121     5 -9999 -9999 -9999
2021 03 28 18   216   204 10061   262     6 -9999 -9999 -9999
2021 03 28 21   212   203 10052    35     4 -9999 -9999 -9999
2021 03 29 00   222   210 10064   182    10 -9999 -9999 -9999
2021 03 29 03   256   215 10061    98    19 -9999 -9999 -9999
2021 03 29 06   290   207 10027   179    51 -9999 -9999 -9999
2021 03 29 09   285   210 10005   195    32 -9999 -9999 -9999
2021 03 29 12   260   216 10014   117    23 -9999 -9999 -9999
2021 03 29 18   247   214 10019   110    11 -9999 -9999 -9999
2021 03 29 21   241   218 10015   173    13 -9999 -9999 -9999
2021 03 30 00   245   219 10034   122    21 -9999 -9999 -9999
2021 03 30 03   245   222 10047   120    29 -9999 -9999 -9999
2021 03 30 06   252   222 10024   136    18 -9999 -9999 -9999
2021 03 30 09   260   226 10003   130    20 -9999 -9999 -9999
2021 03 30 12   251   228 10008   223    14 -9999 -9999 -9999
2021 03 30 18   240   223 10014   117     9 -9999 -9999 -9999
2021 03 30 21   230   216 10010   200     9 -9999 -9999 -9999
2021 03 31 00   245   216 10031   131    17 -9999 -9999 -9999
2021 03 31 03   290   229 10030   140    31 -9999 -9999 -9999
2021 03 31 06   307   216 10003   175    51 -9999 -9999 -9999
2021 03 31 09   310   225  9993   183    53 -9999 -9999 -9999
2021 03 31 12   281   221 10007   142    28 -9999 -9999 -9999
2021 03 31 18   245   189 10028   115    30 -9999 -9999 -9999
2021 03 31 21   222   179 10030   136    10 -9999 -9999 -9999
2021 04 01 00   221   181 10058   143    15 -9999 -9999 -9999
2021 04 01 03   255   192 10064    91    29 -9999 -9999 -9999
2021 04 01 06   292   206 10034   139    42 -9999 -9999 -9999
2021 04 01 09   300   216 10015   142    27 -9999 -9999 -9999
2021 04 01 12   272   220 10032   244     8 -9999 -9999 -9999
2021 04 01 18   260   211 10055   136    19 -9999 -9999 -9999
2021 04 01 21   251   212 10063   134    14 -9999 -9999 -9999
2021 04 02 00   245   210 10093   130    17 -9999 -9999 -9999
2021 04 02 03   255   210 10098   169    17 -9999 -9999 -9999
2021 04 02 06   276   214 10075   145    27 -9999 -9999 -9999
2021 04 02 09   260   217 10066   153    15 -9999 -9999 -9999
2021 04 02 12   250   218 10079   334     7 -9999 -9999 -9999
2021 04 02 18   222   176 10100   333    40 -9999 -9999 -9999
2021 04 02 21   200   164 10106   327    49 -9999 -9999     3
2021 04 03 00   187   154 10134   329    38 -9999 -9999     3
2021 04 03 03   190   148 10151   314    41 -9999 -9999 -9999
2021 04 03 06   202   150 10135   314    52 -9999 -9999 -9999
2021 04 03 09   190   144 10130   309    53 -9999 -9999 -9999
2021 04 03 12   175   138 10148   312    54 -9999 -9999 -9999
2021 04 03 18   161   127 10165   326    44 -9999 -9999 -9999
2021 04 03 21   155   123 10163   317    45 -9999 -9999 -9999
2021 04 04 00   152   113 10184   326    49 -9999 -9999 -9999
2021 04 04 03   165   114 10197   306    37 -9999 -9999 -9999
2021 04 04 06   172   116 10178   326    44 -9999 -9999 -9999
2021 04 04 09   162   114 10169   307    39 -9999 -9999 -9999
2021 04 04 12   145   120 10189   322    48 -9999 -9999 -9999
2021 04 04 18   140   113 10194   312    40 -9999 -9999 -9999
2021 04 04 21   131   115 10193   326    42 -9999 -9999     1
2021 04 05 00   140   112 10211   322    27 -9999 -9999     1
2021 04 05 03   157   119 10214   347    23 -9999 -9999 -9999
2021 04 05 06   157   122 10192   332    34 -9999 -9999 -9999
2021 04 05 09   152   127 10183   328    27 -9999 -9999 -9999
2021 04 05 12   155   124 10189   310    40 -9999 -9999 -9999
2021 04 05 18   152   120 10194   319    31 -9999 -9999 -9999
2021 04 05 21   150   121 10182   346    16 -9999 -9999 -9999
2021 04 06 00   152   124 10203   328    20 -9999 -9999 -9999
2021 04 06 03   170   131 10207   347    18 -9999 -9999 -9999
2021 04 06 06   230   162 10175   354    21 -9999 -9999 -9999
2021 04 06 09   265   178 10150   345    24 -9999 -9999 -9999
2021 04 06 12   222   163 10168   329    33 -9999 -9999 -9999
2021 04 06 18   180   162 10164   352    20 -9999 -9999 -9999
2021 04 06 21   180   158 10156     8    19 -9999 -9999 -9999
2021 04 07 00   185   165 10165   195     9 -9999 -9999 -9999
2021 04 07 03   202   171 10165   128     9 -9999 -9999 -9999
2021 04 07 06   217   190 10138   148    10 -9999 -9999     1
2021 04 07 09   232   201 10117   146    13 -9999 -9999     1
2021 04 07 12   215   190 10131   325    28 -9999 -9999     4
2021 04 07 18   180   161 10142   322    50 -9999 -9999    15
2021 04 07 21   167   152 10140   317    46 -9999 -9999    13
2021 04 08 00   167   143 10171   326    37 -9999 -9999     3
2021 04 08 06   200   140 10158   314    34 -9999 -9999 -9999
2021 04 08 09   197   132 10145   322    50 -9999 -9999 -9999
2021 04 08 12   166   117 10169   314    47 -9999 -9999 -9999
2021 04 08 18   151   109 10177   323    31 -9999 -9999 -9999
2021 04 08 21   145   113 10177   320    34 -9999 -9999 -9999
2021 04 09 00   147   115 10197   323    37 -9999 -9999 -9999
2021 04 09 03   155   119 10206   327    29 -9999 -9999 -9999
2021 04 09 06   157   125 10191   322    32 -9999 -9999 -9999
2021 04 09 09   150   128 10178   326    23 -9999 -9999 -9999
2021 04 09 12   141   130 10189   329    16 -9999 -9999     8
2021 04 09 18   140   135 10199   330    10 -9999 -9999     3
2021 04 09 21   141   136 10190    32     3 -9999 -9999     7
2021 04 10 00   145   139 10209   140     5 -9999 -9999     8
2021 04 10 03   155   145 10214   180    13 -9999 -9999     4
2021 04 10 06   167   150 10192   125     5 -9999 -9999     2
2021 04 10 09   172   154 10176   170     5 -9999 -9999     1
2021 04 10 12   162   153 10184   337    16 -9999 -9999 -9999
2021 04 10 18   152   148 10191   351    21 -9999 -9999    10
2021 04 10 21   152   147 10187   346    16 -9999 -9999    29
2021 04 11 00   156   151 10199   251     7 -9999 -9999    23
2021 04 11 03   180   165 10200    77     8 -9999 -9999     4
2021 04 11 06   251   185 10166   116    20 -9999 -9999 -9999
2021 04 11 09   256   190 10143   174    14 -9999 -9999 -9999
2021 04 11 12   227   200 10150   271    12 -9999 -9999 -9999
2021 04 11 18   206   196 10156    95     5 -9999 -9999 -9999
2021 04 11 21   205   196 10146   142     9 -9999 -9999 -9999
2021 04 12 00   212   197 10164   138    14 -9999 -9999 -9999
2021 04 12 03   246   192 10166   134    19 -9999 -9999 -9999
2021 04 12 06   260   196 10142   170    24 -9999 -9999 -9999
2021 04 12 09   257   199 10123   177    19 -9999 -9999 -9999
2021 04 12 12   232   206 10132    65     7 -9999 -9999 -9999
2021 04 12 18   202   188 10144   329    41 -9999 -9999 -9999
2021 04 12 21   187   171 10144   330    42 -9999 -9999 -9999
2021 04 13 00   190   170 10159   328    29 -9999 -9999 -9999
2021 04 13 03   212   186 10157    44     9 -9999 -9999 -9999
2021 04 13 06   261   197 10126   325    36 -9999 -9999 -9999
2021 04 13 09   242   195 10105   331    41 -9999 -9999 -9999
2021 04 13 12   226   192 10112   347    28 -9999 -9999 -9999
2021 04 13 18   212   190 10127   330    39 -9999 -9999 -9999
2021 04 13 21   202   181 10122   334    33 -9999 -9999 -9999
2021 04 14 00   200   172 10137   329    36 -9999 -9999 -9999
2021 04 14 03   200   173 10143   329    35 -9999 -9999     1
2021 04 14 06   187   170 10130   313    47 -9999 -9999     1
2021 04 14 09   182   164 10113   321    41 -9999 -9999     1
2021 04 14 12   177   160 10122   311    44 -9999 -9999     1
2021 04 14 18   175   161 10134   329    46 -9999 -9999     5
2021 04 14 21   171   158 10122   339    24 -9999 -9999     7
2021 04 15 00   171   163 10137   319    16 -9999 -9999     3
2021 04 15 03   180   161 10146   329    27 -9999 -9999     4
2021 04 15 06   197   173 10125   343    11 -9999 -9999     3
2021 04 15 09   187   172 10112   318    36 -9999 -9999 -9999
2021 04 15 12   182   169 10127   322    37 -9999 -9999     3
2021 04 15 18   177   167 10131   325    32 -9999 -9999    97
2021 04 15 21   175   165 10133   310    31 -9999 -9999   122
2021 04 16 00   181   164 10148   324    28 -9999 -9999    25
2021 04 16 03   212   177 10149    22    18 -9999 -9999 -9999
2021 04 16 06   221   177 10136   350    22 -9999 -9999 -9999
2021 04 16 09   202   174 10128   321    48 -9999 -9999 -9999
2021 04 16 12   190   167 10153   328    39 -9999 -9999 -9999
2021 04 16 18   185   161 10164   323    47 -9999 -9999 -9999
2021 04 16 21   181   155 10165   323    36 -9999 -9999 -9999
2021 04 17 00   182   154 10186   325    29 -9999 -9999 -9999
2021 04 17 03   205   159 10191   316    36 -9999 -9999 -9999
2021 04 17 06   210   166 10177   335    23 -9999 -9999 -9999
2021 04 17 09   207   168 10166   332    27 -9999 -9999 -9999
2021 04 17 12   200   166 10174   341    22 -9999 -9999 -9999
2021 04 17 18   181   175 10170   321    14 -9999 -9999    57
2021 04 17 21   177   173 10160   353    20 -9999 -9999    81
2021 04 18 00   176   171 10168   332    14 -9999 -9999    39
2021 04 18 03   185   178 10168    23     5 -9999 -9999    71
2021 04 18 06   191   183 10147   204    12 -9999 -9999   164
2021 04 18 09   191   184 10135   172    12 -9999 -9999   173
2021 04 18 12   170   162 10146   311     9 -9999 -9999    76
2021 04 18 18   170   166 10133   312     8 -9999 -9999    81
2021 04 18 21   170   167 10125   344     6 -9999 -9999   129
2021 04 19 00   172   169 10135   241     6 -9999 -9999   147
2021 04 19 03   182   178 10136    61     3 -9999 -9999    85
2021 04 19 06   192   185 10120   353    10 -9999 -9999    78
2021 04 19 09   187   181 10106   331    12 -9999 -9999    72
2021 04 19 12   180   174 10115   194     4 -9999 -9999    31
2021 04 19 18   177   175 10116    95    16 -9999 -9999    27
2021 04 19 21   180   176 10115   197    11 -9999 -9999    56
2021 04 20 00   182   179 10130   246     5 -9999 -9999    33
2021 04 20 03   191   184 10137   173    16 -9999 -9999     1
2021 04 20 06   200   191 10112   141    12 -9999 -9999 -9999
2021 04 20 09   202   190 10094   170    13 -9999 -9999 -9999
2021 04 20 12   200   193 10103   291    10 -9999 -9999 -9999
2021 04 20 18   197   194 10123    67     6 -9999 -9999    30
2021 04 20 21   196   193 10112   115    10 -9999 -9999    56
