2021 01 01 00    12  -100 10317   108    16 -9999 -9999 -9999
2021 01 01 03    70  -117 10299    43    37 -9999 -9999 -9999
2021 01 01 06   121  -101 10256   101    34 -9999 -9999 -9999
2021 01 01 09   115   -90 10251    62    59 -9999 -9999 -9999
2021 01 01 12    70   -81 10277    95    14 -9999 -9999 -9999
2021 01 01 15    52   -93 10277    74     4 -9999 -9999 -9999
2021 01 01 18    27   -56 10274   214     9 -9999 -9999 -9999
2021 01 01 21     2   -63 10271    39    15 -9999 -9999 -9999
2021 01 02 00     5   -61 10281    12     5 -9999 -9999 -9999
2021 01 02 03   115   -68 10265    48    15 -9999 -9999 -9999
2021 01 02 06   165   -72 10218   304    22 -9999 -9999 -9999
2021 01 02 09   180   -47 10211   240    21 -9999 -9999 -9999
2021 01 02 12    90   -26 10234   360     2 -9999 -9999 -9999
2021 01 02 15    55   -33 10248    56    22 -9999 -9999 -9999
2021 01 02 18    37   -34 10258    52    13 -9999 -9999 -9999
2021 01 02 21    20   -28 10256   128    10 -9999 -9999 -9999
2021 01 03 00    17   -23 10269   237     3 -9999 -9999 -9999
2021 01 03 03   142   -18 10256   200    12 -9999 -9999 -9999
2021 01 03 06   195    -4 10220    83    15 -9999 -9999 -9999
2021 01 03 09   175    -2 10229    64    55 -9999 -9999 -9999
2021 01 03 12   140   -25 10248    48    63 -9999 -9999 -9999
2021 01 03 15   111   -30 10259    52    10 -9999 -9999 -9999
2021 01 03 18    90   -26 10246    77    19 -9999 -9999 -9999
2021 01 03 21    67   -27 10247   258    10 -9999 -9999 -9999
2021 01 04 00    62   -19 10264   276     7 -9999 -9999 -9999
2021 01 04 03   147   -17 10250    94    18 -9999 -9999 -9999
2021 01 04 06   186    11 10213    36    12 -9999 -9999 -9999
2021 01 04 09   177    25 10210    72    32 -9999 -9999 -9999
2021 01 04 12   151    16 10227    69    32 -9999 -9999 -9999
2021 01 04 15   142    15 10229    73    37 -9999 -9999 -9999
2021 01 04 18   137     3 10222    60    25 -9999 -9999 -9999
2021 01 04 21   120     0 10228    62    43 -9999 -9999 -9999
2021 01 05 00   101    -6 10251    83    32 -9999 -9999 -9999
2021 01 05 03   147     5 10241    80    36 -9999 -9999 -9999
2021 01 05 06   185    27 10204    68    58 -9999 -9999 -9999
2021 01 05 09   170    14 10212    51    76 -9999 -9999 -9999
2021 01 05 12   130    -2 10237    53    65 -9999 -9999 -9999
2021 01 05 15   106   -21 10243    49    48 -9999 -9999 -9999
2021 01 05 18    82    -4 10247    75    28 -9999 -9999 -9999
2021 01 05 21    72     5 10246    61    24 -9999 -9999 -9999
2021 01 06 00    67    12 10257    54    15 -9999 -9999 -9999
2021 01 06 03   120    28 10238    60    20 -9999 -9999 -9999
2021 01 06 06   152    42 10193    78    27 -9999 -9999 -9999
2021 01 06 09   137    46 10200    67    62 -9999 -9999 -9999
2021 01 06 12    95    38 10229    64    74 -9999 -9999 -9999
2021 01 06 15    90    39 10237    66    40 -9999 -9999 -9999
2021 01 06 18    81    37 10237    45    62 -9999 -9999 -9999
2021 01 06 21    70    30 10244    49    75 -9999 -9999 -9999
2021 01 07 00    61    25 10266    42    78 -9999 -9999 -9999
2021 01 07 03    51    12 10278    39    81 -9999 -9999 -9999
2021 01 07 06    45   -19 10260    43    66 -9999 -9999 -9999
2021 01 07 09    30   -26 10274    45    75 -9999 -9999 -9999
2021 01 07 12    22   -31 10292    49    93 -9999 -9999 -9999
2021 01 07 15    20   -34 10307    47    82 -9999 -9999 -9999
2021 01 07 18    20   -46 10310    52    84 -9999 -9999 -9999
2021 01 07 21    15   -76 10309    49    59 -9999 -9999 -9999
2021 01 08 00    16   -79 10316    40    82 -9999 -9999 -9999
2021 01 08 03    22   -90 10320    40    76 -9999 -9999 -9999
2021 01 08 06    29   -93 10293    50    60 -9999 -9999     0
2021 01 08 09    49  -100 10282    50    70 -9999 -9999     0
2021 01 08 12    31  -112 10302    40    70 -9999 -9999     0
2021 01 08 15    20  -111 10308    60    30 -9999 -9999     0
2021 01 08 18    20  -118 10312    60    40 -9999 -9999     0
2021 01 08 21    22  -148 10297    60    50 -9999 -9999     0
2021 01 09 00    22  -143 10306    47    75 -9999 -9999 -9999
2021 01 09 03    57  -123 10299    63    56 -9999 -9999 -9999
2021 01 09 06    95  -118 10254    62    62 -9999 -9999 -9999
2021 01 09 09    92  -125 10242    50    69 -9999 -9999 -9999
2021 01 09 12    71  -116 10273    48    50 -9999 -9999 -9999
2021 01 09 15    62  -114 10281    53    61 -9999 -9999 -9999
2021 01 09 18    55  -116 10275    43    63 -9999 -9999 -9999
2021 01 09 21    50  -116 10269    48    47 -9999 -9999 -9999
2021 01 10 00    47  -113 10276    53    34 -9999 -9999 -9999
2021 01 10 03    77  -100 10280    54    32 -9999 -9999 -9999
2021 01 10 06    72   -87 10248    43    73 -9999 -9999 -9999
2021 01 10 09    67   -73 10251    57    40 -9999 -9999 -9999
2021 01 10 12    56   -79 10270    56    50 -9999 -9999 -9999
2021 01 10 15    55   -88 10282    53    45 -9999 -9999 -9999
2021 01 10 18    47   -67 10286    49    55 -9999 -9999 -9999
2021 01 10 21    40   -78 10297    41    66 -9999 -9999 -9999
2021 01 11 00    40   -87 10310    52    60 -9999 -9999 -9999
2021 01 11 03    50   -96 10322    44    80 -9999 -9999 -9999
2021 01 11 06    56  -102 10292    35    53 -9999 -9999 -9999
2021 01 11 09    65   -95 10290    54    39 -9999 -9999 -9999
2021 01 11 12    45   -90 10301    79    19 -9999 -9999 -9999
2021 01 11 15    36   -87 10310    52    28 -9999 -9999 -9999
2021 01 11 18    17   -78 10306    42    27 -9999 -9999 -9999
2021 01 11 21    31   -91 10293    72    24 -9999 -9999 -9999
2021 01 12 00    31   -91 10297   114    23 -9999 -9999 -9999
2021 01 12 03    97  -115 10284    38    73 -9999 -9999 -9999
2021 01 12 06   130  -100 10236    72    66 -9999 -9999 -9999
2021 01 12 09   132   -99 10222    48    51 -9999 -9999 -9999
2021 01 12 12    56   -69 10235    68    18 -9999 -9999 -9999
2021 01 12 15    25   -67 10239    76    19 -9999 -9999 -9999
2021 01 12 18    -7   -66 10241   101    11 -9999 -9999 -9999
2021 01 12 21   -22   -64 10235    52    17 -9999 -9999 -9999
2021 01 13 00   -25   -63 10243    98    11 -9999 -9999 -9999
2021 01 13 03    96   -75 10232    64    13 -9999 -9999 -9999
2021 01 13 06   192   -72 10182   233    22 -9999 -9999 -9999
2021 01 13 09   197   -51 10171     1    12 -9999 -9999 -9999
2021 01 13 12   116   -25 10197    62    16 -9999 -9999 -9999
2021 01 13 15    95   -16 10210    52    15 -9999 -9999 -9999
2021 01 13 18    62   -16 10202    17    10 -9999 -9999 -9999
2021 01 13 21    36   -13 10198    29     8 -9999 -9999 -9999
2021 01 14 00    30   -20 10205   293     6 -9999 -9999 -9999
2021 01 14 03   142   -18 10201   230    13 -9999 -9999 -9999
2021 01 14 06   220   -42 10162   237    33 -9999 -9999 -9999
2021 01 14 09   212   -33 10160   242    22 -9999 -9999 -9999
2021 01 14 12   115   -10 10179    75    26 -9999 -9999 -9999
2021 01 14 15    80    -5 10185    74    15 -9999 -9999 -9999
2021 01 14 18    47    -4 10190    49    10 -9999 -9999 -9999
2021 01 14 21    35    -5 10183   360     0 -9999 -9999 -9999
2021 01 15 00    31     0 10198   350     6 -9999 -9999 -9999
2021 01 15 03   157     6 10185   198    14 -9999 -9999 -9999
2021 01 15 06   230   -11 10142   219    31 -9999 -9999 -9999
2021 01 15 09   222    12 10145   280    18 -9999 -9999 -9999
2021 01 15 12   140    12 10164    69    23 -9999 -9999 -9999
2021 01 15 15   115    11 10167   360     1 -9999 -9999 -9999
2021 01 15 18   112    30 10168    62    11 -9999 -9999 -9999
2021 01 15 21    92    32 10174    44    14 -9999 -9999 -9999
2021 01 16 00    77    30 10192   360     0 -9999 -9999 -9999
2021 01 16 03   200    40 10192   235     6 -9999 -9999 -9999
2021 01 16 06   246    38 10152   250    23 -9999 -9999 -9999
2021 01 16 09   210    41 10166    51    70 -9999 -9999 -9999
2021 01 16 12   165    28 10198    51    59 -9999 -9999 -9999
2021 01 16 15   130    19 10226    51    43 -9999 -9999 -9999
2021 01 16 18   102    11 10247    51    75 -9999 -9999 -9999
2021 01 16 21    97     5 10262    53   103 -9999 -9999 -9999
2021 01 17 00    92    -5 10291    52    65 -9999 -9999 -9999
2021 01 17 03   105   -18 10300    36    98 -9999 -9999 -9999
2021 01 17 06   116   -22 10270    43    58 -9999 -9999 -9999
2021 01 17 09   107   -36 10276    44    88 -9999 -9999 -9999
2021 01 17 12    90   -46 10289    39    69 -9999 -9999 -9999
2021 01 17 15    77   -39 10293    47    43 -9999 -9999 -9999
2021 01 17 18    66   -44 10285    26    13 -9999 -9999 -9999
2021 01 17 21    37   -33 10277   320     3 -9999 -9999 -9999
2021 01 18 00    25   -26 10283   358     5 -9999 -9999 -9999
2021 01 18 03   116   -37 10273    31    39 -9999 -9999 -9999
2021 01 18 06   145   -48 10230    65    41 -9999 -9999 -9999
2021 01 18 09   150   -44 10220    48    57 -9999 -9999 -9999
2021 01 18 12    90   -35 10241    55    33 -9999 -9999 -9999
2021 01 18 15    55   -29 10241    49    22 -9999 -9999 -9999
2021 01 18 18    25   -30 10233    52    20 -9999 -9999 -9999
2021 01 18 21    15   -33 10228    46    18 -9999 -9999 -9999
2021 01 19 00    12   -28 10242    61    12 -9999 -9999 -9999
2021 01 19 03   145   -34 10238   142     8 -9999 -9999 -9999
2021 01 19 06   195     0 10199   264    14 -9999 -9999 -9999
2021 01 19 09   195    13 10193   230    32 -9999 -9999 -9999
2021 01 19 12   120    19 10211    76    25 -9999 -9999 -9999
2021 01 19 15    92    14 10214    57     7 -9999 -9999 -9999
2021 01 19 18    60    15 10211    45    18 -9999 -9999 -9999
2021 01 19 21    52    16 10208   360     0 -9999 -9999 -9999
2021 01 20 00    52    21 10226    51    13 -9999 -9999 -9999
2021 01 20 03   175    36 10217    92    10 -9999 -9999 -9999
2021 01 20 06   240    91 10172   215    41 -9999 -9999 -9999
2021 01 20 09   237    94 10161   215    23 -9999 -9999 -9999
2021 01 20 12   167    94 10183    71    20 -9999 -9999 -9999
2021 01 20 15   152    95 10185    54    12 -9999 -9999 -9999
2021 01 20 18   142    95 10176   234    11 -9999 -9999 -9999
2021 01 20 21   136    98 10167     0 -9999 -9999 -9999     0
2021 01 21 00   131   101 10187   240    10 -9999 -9999     0
2021 01 21 03   232   109 10173    90    10 -9999 -9999     0
2021 01 21 06   248   136 10141   220    30 -9999 -9999     0
2021 01 21 09   260   144 10134   240    30 -9999 -9999     0
2021 01 21 12   213   129 10153   330    20 -9999 -9999     0
2021 01 21 15   198   128 10157    60    20 -9999 -9999     0
2021 01 21 18   183   127 10152    50    20 -9999 -9999     0
2021 01 21 21   167   132 10143    40    20 -9999 -9999 -9999
2021 01 22 00   166   135 10164    36    24 -9999 -9999 -9999
2021 01 22 03   171   156 10173     7    10 -9999 -9999     9
2021 01 22 06   200   143 10133    26    13 -9999 -9999     9
2021 01 22 09   185   141 10133    46    53 -9999 -9999 -9999
2021 01 22 12   166   138 10145    59    20 -9999 -9999 -9999
2021 01 22 15   145   132 10155    70    21 -9999 -9999 -9999
2021 01 22 18   152   128 10156    79    32 -9999 -9999 -9999
2021 01 22 21   146   122 10159    19    14 -9999 -9999 -9999
2021 01 23 00   150   114 10174    53    25 -9999 -9999 -9999
2021 01 23 03   177   103 10176    71    59 -9999 -9999 -9999
2021 01 23 06   206   109 10145    94    28 -9999 -9999 -9999
2021 01 23 09   182    98 10159    62    61 -9999 -9999 -9999
2021 01 23 12   150    92 10167    53    47 -9999 -9999 -9999
2021 01 23 15   130    84 10177   235     8 -9999 -9999 -9999
2021 01 23 18   100    78 10189    57    14 -9999 -9999 -9999
2021 01 23 21    92    77 10193    41    21 -9999 -9999 -9999
2021 01 24 00    90    78 10211   341    10 -9999 -9999 -9999
2021 01 24 03   177    91 10197   224    12 -9999 -9999 -9999
2021 01 24 06   222   116 10155   213    33 -9999 -9999 -9999
2021 01 24 09   221   117 10148   210    34 -9999 -9999 -9999
2021 01 24 12   175   115 10170   305    11 -9999 -9999 -9999
2021 01 24 15   133   108 10179    40    10 -9999 -9999     0
2021 01 24 18   133   111 10183    50    10 -9999 -9999     0
2021 01 24 21   123   112 10186    50    10 -9999 -9999     0
2021 01 25 00   125   113 10204   233     4 -9999 -9999 -9999
2021 01 25 03   207   134 10201   226     9 -9999 -9999 -9999
2021 01 25 06   247   123 10159   208    55 -9999 -9999 -9999
2021 01 25 09   237   127 10153   312    31 -9999 -9999 -9999
2021 01 25 12   192   122 10168    28    14 -9999 -9999 -9999
2021 01 25 15   155   120 10177    65    15 -9999 -9999 -9999
2021 01 25 18   142   120 10176    48    19 -9999 -9999 -9999
2021 01 25 21   141   114 10184    49    36 -9999 -9999 -9999
2021 01 26 00   137    91 10205    77    42 -9999 -9999 -9999
2021 01 26 03   181    97 10206    32    19 -9999 -9999 -9999
2021 01 26 06   211   105 10170    84    67 -9999 -9999 -9999
2021 01 26 09   167    89 10176    47    82 -9999 -9999 -9999
2021 01 26 12   140    79 10198    48    73 -9999 -9999 -9999
2021 01 26 15   122    72 10205    44    42 -9999 -9999 -9999
2021 01 26 18   121    76 10205    38    58 -9999 -9999 -9999
2021 01 26 21   116    75 10203    59    36 -9999 -9999 -9999
2021 01 27 00   110    75 10221    81    30 -9999 -9999 -9999
2021 01 27 03   155    82 10204    33    22 -9999 -9999 -9999
2021 01 27 06   232   110 10163   207    30 -9999 -9999 -9999
2021 01 27 09   227   111 10153   225    38 -9999 -9999 -9999
2021 01 27 12   171   107 10180    58    21 -9999 -9999 -9999
2021 01 27 15   135   103 10200    56    25 -9999 -9999 -9999
2021 01 27 18   137    89 10209    84    56 -9999 -9999 -9999
2021 01 27 21   126    70 10218    49    75 -9999 -9999 -9999
2021 01 28 00   117    64 10252    44    70 -9999 -9999 -9999
2021 01 28 03   126    45 10265    46    86 -9999 -9999 -9999
2021 01 28 06   146    54 10241    51    71 -9999 -9999 -9999
2021 01 28 09   140    34 10235    50    74 -9999 -9999 -9999
2021 01 28 12   122    35 10255    48    67 -9999 -9999 -9999
2021 01 28 15   110    25 10268    47    88 -9999 -9999 -9999
2021 01 28 18    92    12 10268    56    33 -9999 -9999 -9999
2021 01 28 21    77    -7 10261    66    32 -9999 -9999 -9999
2021 01 29 00    76   -11 10270    75    16 -9999 -9999 -9999
2021 01 29 03   150    15 10257    83    47 -9999 -9999 -9999
2021 01 29 06   202     0 10217   244    27 -9999 -9999 -9999
2021 01 29 09   207     0 10205   229    21 -9999 -9999 -9999
2021 01 29 12   126    15 10225    86    10 -9999 -9999 -9999
2021 01 29 15    91    19 10234    68    17 -9999 -9999 -9999
2021 01 29 18    65    20 10238    43    15 -9999 -9999 -9999
2021 01 29 21    62    22 10235   251     3 -9999 -9999 -9999
2021 01 30 00    72    32 10255    42    10 -9999 -9999 -9999
2021 01 30 03   157    31 10252   228    15 -9999 -9999 -9999
2021 01 30 06   210    49 10214   261    18 -9999 -9999 -9999
2021 01 30 09   220    49 10206   231    26 -9999 -9999 -9999
2021 01 30 12   141    57 10225   106    12 -9999 -9999 -9999
2021 01 30 15   106    55 10233    67    18 -9999 -9999 -9999
2021 01 30 18    85    51 10234    61     9 -9999 -9999 -9999
2021 01 30 21    70    48 10238    60    12 -9999 -9999 -9999
2021 01 31 00    66    53 10253   102     6 -9999 -9999 -9999
2021 01 31 03   171    77 10246   231    16 -9999 -9999 -9999
2021 01 31 06   245    71 10197   253    45 -9999 -9999 -9999
2021 01 31 09   237    26 10194   223    40 -9999 -9999 -9999
2021 01 31 12   160    39 10213    67    19 -9999 -9999 -9999
2021 01 31 15   121    48 10224    84    19 -9999 -9999 -9999
2021 01 31 18    96    48 10219    40    14 -9999 -9999 -9999
2021 01 31 21   100    52 10209    60     9 -9999 -9999 -9999
2021 02 01 00    96    57 10231    61     9 -9999 -9999 -9999
2021 02 01 03   162    76 10225   124     9 -9999 -9999 -9999
2021 02 01 06   241   114 10183   214    29 -9999 -9999 -9999
2021 02 01 09   250   111 10173   243    22 -9999 -9999 -9999
2021 02 01 12   187   102 10191   132    10 -9999 -9999 -9999
2021 02 01 15   147    97 10203   177    10 -9999 -9999 -9999
2021 02 01 18   120    93 10205    66    20 -9999 -9999 -9999
2021 02 01 21   106    91 10208    12    10 -9999 -9999 -9999
2021 02 02 00   116    89 10235   239     7 -9999 -9999 -9999
2021 02 02 03   195   101 10235    34    39 -9999 -9999 -9999
2021 02 02 06   240   110 10189   309    17 -9999 -9999 -9999
2021 02 02 09   227   114 10186    43    69 -9999 -9999 -9999
2021 02 02 12   185   107 10210    72    41 -9999 -9999 -9999
2021 02 02 15   152   100 10220    78    38 -9999 -9999 -9999
2021 02 02 18   135    94 10223    66    25 -9999 -9999 -9999
2021 02 02 21   116    89 10225    39    19 -9999 -9999 -9999
2021 02 03 00   112    90 10246    79    13 -9999 -9999 -9999
2021 02 03 03   186   104 10242    99    11 -9999 -9999 -9999
2021 02 03 06   242   102 10198   207    43 -9999 -9999 -9999
2021 02 03 09   246   115 10193   223    24 -9999 -9999 -9999
2021 02 03 12   187   113 10214   223     7 -9999 -9999 -9999
2021 02 03 15   151   113 10223   197     8 -9999 -9999 -9999
2021 02 03 18   127   105 10220    60    13 -9999 -9999 -9999
2021 02 03 21   112   102 10222    81    10 -9999 -9999 -9999
2021 02 04 00   107    97 10247    56    11 -9999 -9999 -9999
2021 02 04 03   205   123 10241   247    16 -9999 -9999 -9999
2021 02 04 06   257   125 10197   230    39 -9999 -9999 -9999
2021 02 04 09   255   112 10188   233    43 -9999 -9999 -9999
2021 02 04 12   182   106 10204    49    21 -9999 -9999 -9999
2021 02 04 15   146   104 10207   285     7 -9999 -9999 -9999
2021 02 04 18   122    99 10205    64     9 -9999 -9999 -9999
2021 02 04 21   110    99 10206    63    13 -9999 -9999 -9999
2021 02 05 00   105    95 10228   257     3 -9999 -9999 -9999
2021 02 05 03   196   116 10221   247    20 -9999 -9999 -9999
2021 02 05 06   257   108 10176   216    58 -9999 -9999 -9999
2021 02 05 09   265   114 10167   251    33 -9999 -9999 -9999
2021 02 05 12   190   107 10184    60    19 -9999 -9999 -9999
2021 02 05 15   150   102 10191   360     2 -9999 -9999 -9999
2021 02 05 18   120    97 10186    70    14 -9999 -9999 -9999
2021 02 05 21   112    96 10186    64    15 -9999 -9999 -9999
2021 02 06 00   106    93 10210    74    10 -9999 -9999 -9999
2021 02 06 03   216   127 10202   235    18 -9999 -9999 -9999
2021 02 06 06   275   111 10161   247    26 -9999 -9999 -9999
2021 02 06 09   265   110 10149   167    20 -9999 -9999 -9999
2021 02 06 12   195   109 10165    64    20 -9999 -9999 -9999
2021 02 06 15   152   102 10172   307     9 -9999 -9999 -9999
2021 02 06 18   127   101 10174    74    14 -9999 -9999 -9999
2021 02 06 21   112    94 10181   291     7 -9999 -9999 -9999
2021 02 07 00   116   100 10200   360     1 -9999 -9999 -9999
2021 02 07 03   235   121 10200   157    10 -9999 -9999 -9999
2021 02 07 06   280   106 10161   232    20 -9999 -9999 -9999
2021 02 07 09   281    98 10154   237    27 -9999 -9999 -9999
2021 02 07 12   197   102 10183    79    19 -9999 -9999 -9999
2021 02 07 15   160   101 10187    80    18 -9999 -9999 -9999
2021 02 07 18   145    98 10186    76    13 -9999 -9999 -9999
2021 02 07 21   136    98 10186   255     3 -9999 -9999 -9999
2021 02 08 00   135   105 10207     2    10 -9999 -9999 -9999
2021 02 08 03   241   124 10200    28    10 -9999 -9999 -9999
2021 02 08 06   287   129 10165   173    19 -9999 -9999 -9999
2021 02 08 09   197   152 10184   147    34 -9999 -9999     6
2021 02 08 12   177   162 10204   102    26 -9999 -9999    30
2021 02 08 15   167   112 10218    49    50 -9999 -9999    27
2021 02 08 18   147   109 10211    77    33 -9999 -9999     3
2021 02 08 21   125   114 10208    47    15 -9999 -9999    27
2021 02 09 00   122   111 10223    77    32 -9999 -9999    42
2021 02 09 03   130   114 10226    81    29 -9999 -9999    21
2021 02 09 06   147   118 10195    86    37 -9999 -9999     6
2021 02 09 12   117   107 10196    78    17 -9999 -9999    25
2021 02 09 15   115   105 10201    73    28 -9999 -9999    82
2021 02 09 18   112   100 10177    82    45 -9999 -9999    77
2021 02 09 21   115   104 10154    45    24 -9999 -9999    28
2021 02 10 00   110   100 10179    46    37 -9999 -9999    94
2021 02 10 03   112   105 10187    92    42 -9999 -9999   183
2021 02 10 06   117   106 10170   126    27 -9999 -9999   183
2021 02 10 09   120   109 10152   235    15 -9999 -9999   144
2021 02 11 00   121   100 10174    59    18 -9999 -9999 -9999
2021 02 13 12   175   110 10175   339     8 -9999 -9999 -9999
2021 02 13 15   140   105 10182    69    23 -9999 -9999 -9999
2021 02 13 18   115   102 10180   258    10 -9999 -9999 -9999
2021 02 13 21   106    96 10173    70    10 -9999 -9999     0
2021 02 14 00    97    89 10192   306     7 -9999 -9999 -9999
2021 02 14 03   202   116 10185   238    18 -9999 -9999 -9999
2021 02 14 06   252   110 10146   210    13 -9999 -9999 -9999
2021 02 14 09   256   113 10131   254    24 -9999 -9999 -9999
2021 02 14 12   182   109 10152    74    31 -9999 -9999 -9999
2021 02 14 15   145   104 10162    82    17 -9999 -9999 -9999
2021 02 14 18   120    96 10160    52    15 -9999 -9999 -9999
2021 02 14 21   102    91 10158    60    13 -9999 -9999 -9999
2021 02 15 00    97    86 10184    61     9 -9999 -9999 -9999
2021 02 15 03   207    99 10182    43    22 -9999 -9999 -9999
2021 02 15 06   270    83 10140   247    23 -9999 -9999 -9999
2021 02 15 09   262    78 10127   258    33 -9999 -9999 -9999
2021 02 15 12   176    84 10146    64    21 -9999 -9999 -9999
2021 02 15 15   140    81 10160    59    20 -9999 -9999 -9999
2021 02 15 18   112    83 10164    71    16 -9999 -9999 -9999
2021 02 15 21   100    81 10158    20     7 -9999 -9999 -9999
2021 02 16 00   100    86 10182    17     9 -9999 -9999 -9999
2021 02 16 03   206   101 10181   224    22 -9999 -9999 -9999
2021 02 16 06   242   105 10147   227    27 -9999 -9999 -9999
2021 02 16 09   240   112 10146   318    25 -9999 -9999 -9999
2021 02 16 12   182   111 10177    50   111 -9999 -9999 -9999
2021 02 16 15   150   106 10203    60    85 -9999 -9999 -9999
2021 02 16 18   142    88 10207    56    71 -9999 -9999 -9999
2021 02 16 21   137    83 10210    55    79 -9999 -9999 -9999
2021 02 17 00   135    74 10236    46    69 -9999 -9999 -9999
2021 02 17 03   157    54 10244    55    57 -9999 -9999 -9999
2021 02 17 06   195    27 10212    60    70 -9999 -9999 -9999
2021 02 17 09   187    38 10214    51    82 -9999 -9999 -9999
2021 02 17 12   147    33 10240    54    19 -9999 -9999 -9999
2021 02 17 15   125    34 10258    62    32 -9999 -9999 -9999
2021 02 17 18   117    28 10259   192    13 -9999 -9999 -9999
2021 02 17 21   105    18 10262   208     7 -9999 -9999 -9999
2021 02 18 00   110    -8 10284    78    20 -9999 -9999 -9999
2021 02 18 03   162     4 10285    57    69 -9999 -9999 -9999
2021 02 18 06   202     7 10248    23    57 -9999 -9999 -9999
2021 02 18 09   197     1 10241    39    53 -9999 -9999 -9999
2021 02 18 12   152    14 10259    61    41 -9999 -9999 -9999
2021 02 18 15   110    20 10267   360     1 -9999 -9999 -9999
2021 02 18 18    82    22 10257    63    12 -9999 -9999 -9999
2021 02 18 21    62    24 10254    72    12 -9999 -9999 -9999
2021 02 19 00    61    23 10274    69    15 -9999 -9999 -9999
2021 02 19 03   185    39 10264    85     9 -9999 -9999 -9999
2021 02 19 06   230    29 10219   226    13 -9999 -9999 -9999
2021 02 19 09   230    34 10205   271    24 -9999 -9999 -9999
2021 02 20 15   132    82 10190    51    17 -9999 -9999 -9999
2021 02 20 18   110    82 10183    95    10 -9999 -9999 -9999
2021 02 20 21    97    79 10178    40    10 -9999 -9999 -9999
2021 02 21 00   102    89 10199   216     7 -9999 -9999 -9999
2021 02 21 06   252   111 10155   221    40 -9999 -9999 -9999
2021 02 21 12   187   116 10161    44    13 -9999 -9999 -9999
2021 02 21 15   160   115 10174    68    16 -9999 -9999 -9999
2021 02 21 18   137   110 10168    61    12 -9999 -9999 -9999
2021 02 21 21   117   103 10166    40    13 -9999 -9999 -9999
2021 02 22 00   117   107 10180   260     4 -9999 -9999 -9999
2021 02 22 03   225   106 10172   225    17 -9999 -9999 -9999
2021 02 22 06   282   133 10135   176    12 -9999 -9999 -9999
2021 02 22 09   281   132 10127   244    22 -9999 -9999 -9999
2021 02 22 12   232   140 10150    80    12 -9999 -9999 -9999
2021 02 22 15   192   136 10165    87    11 -9999 -9999 -9999
2021 02 22 18   166   131 10161    64    20 -9999 -9999 -9999
2021 02 22 21   145   124 10155    33     8 -9999 -9999 -9999
2021 02 23 00   141   128 10176    57    10 -9999 -9999 -9999
2021 02 23 03   246   143 10166    72    12 -9999 -9999 -9999
2021 02 23 06   290   143 10128   251    21 -9999 -9999 -9999
2021 02 23 09   272   139 10118   197    25 -9999 -9999 -9999
2021 02 23 12   220   145 10131    66    20 -9999 -9999 -9999
2021 02 23 15   182   139 10144   252     4 -9999 -9999 -9999
2021 02 23 18   157   134 10142    86     8 -9999 -9999 -9999
2021 02 23 21   137   126 10147    72    16 -9999 -9999 -9999
2021 02 24 00   137   129 10166   241     4 -9999 -9999 -9999
2021 02 24 03   235   144 10157   204    17 -9999 -9999 -9999
2021 02 24 06   275   144 10114   247    48 -9999 -9999 -9999
2021 02 24 09   270   136 10098   241    33 -9999 -9999 -9999
2021 02 24 12   212   139 10111   228    11 -9999 -9999 -9999
2021 02 24 15   185   138 10122    75    11 -9999 -9999 -9999
2021 02 24 18   182   140 10124   217    17 -9999 -9999 -9999
2021 02 24 21   166   154 10107   190    14 -9999 -9999     7
2021 02 25 00   167   156 10133   195    18 -9999 -9999     7
2021 02 25 03   175   160 10141   226    26 -9999 -9999    10
2021 02 25 06   212   156 10103   231    26 -9999 -9999    10
2021 02 25 09   195   162 10097   294    10 -9999 -9999     7
2021 02 25 12   181   172 10098   126     9 -9999 -9999    10
2021 02 25 15   177   168 10106   289     8 -9999 -9999     3
2021 02 25 18   176   169 10096    48    10 -9999 -9999     1
2021 02 25 21   175   168 10093   205    13 -9999 -9999     1
2021 02 26 00   177   171 10110   261    10 -9999 -9999     1
2021 02 26 03   167   158 10128    83    57 -9999 -9999   146
2021 02 26 06   147   123 10123    71    66 -9999 -9999   150
2021 02 26 09   127   101 10132    73    63 -9999 -9999     5
2021 02 26 12   117    85 10148    73    54 -9999 -9999 -9999
2021 02 26 15   112    80 10173    69    44 -9999 -9999 -9999
2021 02 26 18   107    75 10174    69    37 -9999 -9999 -9999
2021 02 26 21   102    71 10173    80    41 -9999 -9999 -9999
2021 02 27 00   102    69 10188    65    49 -9999 -9999 -9999
2021 02 27 03   121    72 10196    60    37 -9999 -9999 -9999
2021 02 27 06   141    80 10171    43    53 -9999 -9999 -9999
2021 02 27 09   145    92 10164    79    42 -9999 -9999 -9999
2021 02 27 12   125    92 10180    52    49 -9999 -9999 -9999
2021 02 27 15   122    95 10193    76    28 -9999 -9999 -9999
2021 02 27 18   125    92 10184    86    29 -9999 -9999 -9999
2021 02 27 21   122    95 10174    92    19 -9999 -9999 -9999
2021 02 28 00   125   103 10189   307    12 -9999 -9999 -9999
2021 02 28 03   142   107 10193   284     8 -9999 -9999 -9999
2021 02 28 06   175   118 10166   228    15 -9999 -9999 -9999
2021 02 28 09   187   132 10145   319     7 -9999 -9999 -9999
2021 02 28 12   170   140 10154    52    14 -9999 -9999 -9999
2021 02 28 15   156   139 10170   107    10 -9999 -9999 -9999
2021 02 28 18   155   142 10173    65    10 -9999 -9999 -9999
2021 02 28 21   151   139 10166   247    14 -9999 -9999 -9999
2021 03 01 00   157   146 10183   216     8 -9999 -9999 -9999
2021 03 01 03   201   153 10185   223    14 -9999 -9999 -9999
2021 03 01 06   232   168 10152   228    55 -9999 -9999 -9999
2021 03 01 09   220   168 10153   343    17 -9999 -9999 -9999
2021 03 01 12   200   177 10171    35    13 -9999 -9999 -9999
2021 03 01 15   150   123 10204    61   104 -9999 -9999     2
2021 03 01 18   127    82 10224    59    80 -9999 -9999     2
2021 03 01 21   117    68 10219    66    59 -9999 -9999 -9999
2021 03 02 00   112    64 10238    61    79 -9999 -9999 -9999
2021 03 02 03   140    67 10245    52    95 -9999 -9999 -9999
2021 03 02 06   150    77 10223    54    75 -9999 -9999 -9999
2021 03 02 09   127    68 10220    47    76 -9999 -9999 -9999
2021 03 02 12   116    63 10235    47    44 -9999 -9999 -9999
2021 03 02 15   110    63 10242    76    29 -9999 -9999 -9999
2021 03 02 18   105    58 10238    75    23 -9999 -9999 -9999
2021 03 02 21   105    63 10229    90    27 -9999 -9999 -9999
2021 03 03 00   107    65 10237    85    18 -9999 -9999 -9999
2021 03 03 03   120    78 10240    71    38 -9999 -9999 -9999
2021 03 03 06   140    90 10207    60    14 -9999 -9999 -9999
2021 03 03 09   145    97 10198    76    39 -9999 -9999 -9999
2021 03 03 12   127    93 10215    74    44 -9999 -9999 -9999
2021 03 03 15   126    94 10217    67    16 -9999 -9999 -9999
2021 03 03 18   122    95 10211    67    29 -9999 -9999 -9999
2021 03 03 21   121    94 10199    79    48 -9999 -9999 -9999
2021 03 04 00   116    96 10213    73    27 -9999 -9999 -9999
2021 03 04 03   130   118 10220   254     3 -9999 -9999    20
2021 03 04 06   142   122 10195   254     4 -9999 -9999    28
2021 03 04 09   142   130 10183    62     9 -9999 -9999    12
2021 03 04 12   142   132 10189   221    14 -9999 -9999     4
2021 03 04 15   141   134 10194   284     8 -9999 -9999 -9999
2021 03 04 18   141   134 10184   245    11 -9999 -9999 -9999
2021 03 04 21   141   134 10178   256    11 -9999 -9999     5
2021 03 05 00   142   137 10184   269    13 -9999 -9999    35
2021 03 05 03   160   154 10189   224     7 -9999 -9999   107
2021 03 05 06   172   165 10153    35    15 -9999 -9999    82
2021 03 05 09   170   165 10148   211    23 -9999 -9999    64
2021 03 05 12   172   168 10152    82    13 -9999 -9999    60
2021 03 05 15   172   168 10159   234    11 -9999 -9999     6
2021 03 05 18   175   170 10157   249    11 -9999 -9999    10
2021 03 05 21   180   175 10156    94    13 -9999 -9999     7
2021 03 06 00   186   181 10171    49    15 -9999 -9999     2
2021 03 06 03   212   194 10175   225    30 -9999 -9999 -9999
2021 03 06 06   211   199 10160   234     7 -9999 -9999    14
2021 03 06 09   192   180 10154    89    47 -9999 -9999    34
2021 03 06 12   172   159 10179    79    48 -9999 -9999    21
2021 03 06 15   161   130 10207    59    60 -9999 -9999     1
2021 03 06 18   150   112 10206    66    65 -9999 -9999 -9999
2021 03 06 21   142   109 10205    76    49 -9999 -9999 -9999
2021 03 07 00   142   101 10229    74    49 -9999 -9999 -9999
2021 03 07 03   165   100 10236    61    50 -9999 -9999 -9999
2021 03 07 06   185   117 10206    50    56 -9999 -9999 -9999
2021 03 07 09   185   110 10194    50    64 -9999 -9999 -9999
2021 03 07 12   145   101 10225    71    72 -9999 -9999 -9999
2021 03 07 15   137    95 10238    61    61 -9999 -9999 -9999
2021 03 07 18   130    94 10231    66    46 -9999 -9999 -9999
2021 03 07 21   120    91 10209   109    24 -9999 -9999 -9999
2021 03 08 00   125    99 10235    91    21 -9999 -9999 -9999
2021 03 08 03   165   105 10231   256    15 -9999 -9999 -9999
2021 03 08 06   200   131 10197   212    26 -9999 -9999 -9999
2021 03 08 09   207   136 10186   235    14 -9999 -9999 -9999
2021 03 08 12   187   147 10203    13    12 -9999 -9999 -9999
2021 03 08 15   177   142 10213   311    17 -9999 -9999 -9999
2021 03 08 18   167   130 10201    90    49 -9999 -9999 -9999
2021 03 08 21   160   124 10196    91    40 -9999 -9999 -9999
2021 03 09 00   152   119 10218    88    44 -9999 -9999 -9999
2021 03 09 03   190   134 10224    65    25 -9999 -9999 -9999
2021 03 09 06   222   143 10196    14    10 -9999 -9999 -9999
2021 03 09 09   191   132 10196    77    50 -9999 -9999 -9999
2021 03 09 12   157   117 10221    83    55 -9999 -9999 -9999
2021 03 09 15   147   113 10228    91    41 -9999 -9999 -9999
2021 03 09 18   137   107 10214    95    58 -9999 -9999 -9999
2021 03 09 21   135   103 10214    90    35 -9999 -9999 -9999
2021 03 10 00   137   105 10230    92    28 -9999 -9999 -9999
2021 03 10 03   167   113 10231    18    14 -9999 -9999 -9999
2021 03 10 06   241   150 10180   252    21 -9999 -9999 -9999
2021 03 10 09   235   146 10174   244    42 -9999 -9999 -9999
2021 03 10 12   206   151 10193    63    21 -9999 -9999 -9999
2021 03 10 15   185   141 10211    41    21 -9999 -9999 -9999
2021 03 10 18   171   151 10199    80    20 -9999 -9999     9
2021 03 10 21   170   150 10198   100    20 -9999 -9999     9
2021 03 11 00   172   157 10217    68    10 -9999 -9999 -9999
2021 03 11 03   215   158 10219   228    19 -9999 -9999 -9999
2021 03 11 06   235   170 10190   222    27 -9999 -9999 -9999
2021 03 11 09   241   163 10176   219    20 -9999 -9999 -9999
2021 03 11 12   210   166 10192    68    18 -9999 -9999 -9999
2021 03 11 15   190   164 10202    64    21 -9999 -9999 -9999
2021 03 11 18   187   164 10197    61    18 -9999 -9999 -9999
2021 03 11 21   182   165 10192    68    25 -9999 -9999 -9999
2021 03 12 00   181   151 10214    91    45 -9999 -9999 -9999
2021 03 12 03   205   151 10222    96    45 -9999 -9999 -9999
2021 03 12 06   251   159 10186    97    47 -9999 -9999 -9999
2021 03 12 09   227   153 10169    53    80 -9999 -9999 -9999
2021 03 12 12   191   141 10196    68    58 -9999 -9999 -9999
2021 03 12 15   175   132 10211    43    32 -9999 -9999 -9999
2021 03 12 18   160   130 10207    56    20 -9999 -9999 -9999
2021 03 12 21   150   123 10200    62    21 -9999 -9999 -9999
2021 03 13 00   147   131 10217    58    10 -9999 -9999 -9999
2021 03 13 03   210   145 10217   131    11 -9999 -9999 -9999
2021 03 13 06   242   154 10181   250    15 -9999 -9999 -9999
2021 03 13 09   245   158 10163   255    12 -9999 -9999 -9999
2021 03 13 12   215   165 10172    42    21 -9999 -9999 -9999
2021 03 13 15   187   154 10184    72    32 -9999 -9999 -9999
2021 03 13 18   181   144 10175    91    42 -9999 -9999 -9999
2021 03 13 21   175   140 10165    98    22 -9999 -9999 -9999
2021 03 14 00   175   150 10188   119    11 -9999 -9999 -9999
2021 03 14 03   230   159 10183    72    17 -9999 -9999 -9999
2021 03 14 06   272   158 10141   220    28 -9999 -9999 -9999
2021 03 14 09   257   165 10130   224    41 -9999 -9999 -9999
2021 03 14 12   227   169 10144   209    24 -9999 -9999 -9999
2021 03 14 15   197   166 10152   239     6 -9999 -9999 -9999
2021 03 14 18   185   165 10144   253     5 -9999 -9999 -9999
2021 03 14 21   190   167 10144   226    33 -9999 -9999 -9999
2021 03 15 00   190   153 10168   199    21 -9999 -9999 -9999
2021 03 15 03   235   145 10162   235    35 -9999 -9999 -9999
2021 03 15 06   271   148 10127   223    43 -9999 -9999 -9999
2021 03 15 09   262   150 10116   203    30 -9999 -9999 -9999
2021 03 15 12   220   153 10132    58    15 -9999 -9999 -9999
2021 03 15 15   185   151 10143    57    16 -9999 -9999 -9999
2021 03 15 18   177   154 10134    58    19 -9999 -9999 -9999
2021 03 15 21   160   148 10135    56    12 -9999 -9999 -9999
2021 03 16 00   162   151 10156    48    11 -9999 -9999 -9999
2021 03 16 03   257   176 10152   176    18 -9999 -9999 -9999
2021 03 16 06   290   161 10115   229    42 -9999 -9999 -9999
2021 03 16 09   276   174 10102   290    14 -9999 -9999 -9999
2021 03 16 12   245   164 10121   230    18 -9999 -9999 -9999
2021 03 16 15   202   166 10135    78     9 -9999 -9999 -9999
2021 03 16 18   177   164 10137    71    11 -9999 -9999 -9999
2021 03 16 21   165   157 10130   360     2 -9999 -9999 -9999
2021 03 17 00   170   163 10146   227     6 -9999 -9999 -9999
2021 03 17 03   260   178 10142   227    30 -9999 -9999 -9999
2021 03 17 06   297   169 10107   221    47 -9999 -9999 -9999
2021 03 17 09   292   170 10099   243    48 -9999 -9999 -9999
2021 03 17 12   236   168 10115    64    17 -9999 -9999 -9999
2021 03 17 15   205   167 10132    73    16 -9999 -9999 -9999
2021 03 17 18   186   165 10130    51    13 -9999 -9999 -9999
2021 03 17 21   192   169 10128     8    12 -9999 -9999 -9999
2021 03 18 00   200   178 10149    69    11 -9999 -9999 -9999
2021 03 18 03   255   179 10145   219    48 -9999 -9999 -9999
2021 03 18 06   286   174 10114   221    52 -9999 -9999 -9999
2021 03 18 12   240   186 10112    27    13 -9999 -9999 -9999
2021 03 18 15   215   187 10125    87    10 -9999 -9999 -9999
2021 03 18 18   197   182 10125    44     9 -9999 -9999 -9999
2021 03 18 21   190   179 10125   134     8 -9999 -9999 -9999
2021 03 19 00   202   189 10143   241     7 -9999 -9999 -9999
2021 03 19 03   261   190 10135   214    37 -9999 -9999 -9999
2021 03 19 06   305   188 10095   204    49 -9999 -9999 -9999
2021 03 19 09   291   176 10080   234    40 -9999 -9999 -9999
2021 03 19 12   251   165 10095   174    17 -9999 -9999 -9999
2021 03 19 15   207   167 10112    62    21 -9999 -9999 -9999
2021 03 19 18   192   168 10109    66    17 -9999 -9999 -9999
2021 03 19 21   187   167 10111    58    14 -9999 -9999 -9999
2021 03 20 00   192   179 10129   235    10 -9999 -9999 -9999
2021 03 20 03   252   187 10123   210    21 -9999 -9999 -9999
2021 03 20 06   272   183 10095   251    18 -9999 -9999 -9999
2021 03 20 09   230   166 10100    65    70 -9999 -9999 -9999
2021 03 20 12   182   142 10132    68    60 -9999 -9999 -9999
2021 03 20 15   171   130 10148    52    65 -9999 -9999 -9999
2021 03 20 18   152   114 10155    54    77 -9999 -9999 -9999
2021 03 20 21   135    92 10173    61    81 -9999 -9999 -9999
2021 03 21 00   127    79 10203    50    89 -9999 -9999 -9999
2021 03 21 03   125    71 10226    65    84 -9999 -9999 -9999
2021 03 21 06   115    68 10225    48    79 -9999 -9999 -9999
2021 03 21 09   110    62 10224    61    74 -9999 -9999 -9999
2021 03 21 12   107    60 10242    50    88 -9999 -9999 -9999
2021 03 21 15   110    60 10259    56    79 -9999 -9999 -9999
2021 03 21 18   110    57 10262    55    88 -9999 -9999 -9999
2021 03 21 21   107    49 10261    48    85 -9999 -9999 -9999
2021 03 22 00    95    65 10286    66    15 -9999 -9999     2
2021 03 22 03   120    50 10285    58    53 -9999 -9999    13
2021 03 22 06   145    55 10255    42    40 -9999 -9999    11
2021 03 22 09   152    56 10242    57    49 -9999 -9999 -9999
2021 03 22 12   142    47 10252    56    41 -9999 -9999 -9999
2021 03 22 15   125    51 10257    75    22 -9999 -9999 -9999
2021 03 22 18   115    62 10251    21    11 -9999 -9999 -9999
2021 03 22 21   122    53 10235    82    36 -9999 -9999 -9999
2021 03 23 00   121    70 10241    53    18 -9999 -9999 -9999
2021 03 23 03   125    81 10244    86    30 -9999 -9999 -9999
2021 03 23 06   135    90 10216   266     8 -9999 -9999     3
2021 03 23 09   136    88 10199    81    15 -9999 -9999     4
2021 03 23 12   127    96 10204   109    24 -9999 -9999     1
2021 03 23 15   125   100 10210   307    11 -9999 -9999 -9999
2021 03 23 18   116   103 10203   231    14 -9999 -9999 -9999
2021 03 23 21   117   107 10190   360     2 -9999 -9999     2
2021 03 24 00   127   112 10206   252    10 -9999 -9999     2
2021 03 24 03   200   100 10193   203    17 -9999 -9999 -9999
2021 03 24 06   260   116 10144    56    14 -9999 -9999 -9999
2021 03 24 09   260    85 10127    68    45 -9999 -9999 -9999
2021 03 24 12   207    58 10155    72    37 -9999 -9999 -9999
2021 03 24 15   152    64 10176    57    15 -9999 -9999 -9999
2021 03 24 18   115    73 10176    75    21 -9999 -9999 -9999
2021 03 24 21   101    71 10183    88    20 -9999 -9999 -9999
2021 03 25 00   121    81 10204    81    12 -9999 -9999 -9999
2021 03 25 03   247    82 10191    39    35 -9999 -9999 -9999
2021 03 25 06   280    72 10150    99    25 -9999 -9999 -9999
2021 03 25 09   282    74 10135   233    14 -9999 -9999 -9999
2021 03 25 12   200    91 10149    67    30 -9999 -9999 -9999
2021 03 25 15   162    81 10158    70    22 -9999 -9999 -9999
2021 03 25 18   130    84 10164    64    20 -9999 -9999 -9999
2021 03 25 21   130    91 10161    77     9 -9999 -9999 -9999
2021 03 26 00   152    97 10178    52     8 -9999 -9999 -9999
2021 03 26 03   241   124 10171   216    29 -9999 -9999 -9999
2021 03 26 06   272   129 10133   237    41 -9999 -9999 -9999
2021 03 26 09   267   127 10117   238    40 -9999 -9999 -9999
2021 03 26 12   207   121 10131    58    21 -9999 -9999 -9999
2021 03 26 15   187   122 10142    78    14 -9999 -9999 -9999
2021 03 26 18   180   128 10136    71    13 -9999 -9999 -9999
2021 03 26 21   175   129 10125    76    10 -9999 -9999 -9999
2021 03 27 00   180   140 10140    74    12 -9999 -9999 -9999
2021 03 27 03   250   171 10134   228    47 -9999 -9999 -9999
2021 03 27 06   272   176 10094   273    22 -9999 -9999 -9999
2021 03 27 09   275   181 10082   268    12 -9999 -9999 -9999
2021 03 27 12   252   180 10099   248    19 -9999 -9999 -9999
2021 03 27 15   215   176 10109    65    19 -9999 -9999 -9999
2021 03 27 18   192   172 10104    49    10 -9999 -9999 -9999
2021 03 27 21   191   176 10092   276     8 -9999 -9999 -9999
2021 03 28 00   197   181 10110   271     5 -9999 -9999 -9999
2021 03 28 03   276   194 10109   225    24 -9999 -9999 -9999
2021 03 28 06   297   194 10079   219    34 -9999 -9999 -9999
2021 03 28 09   302   189 10062   250    31 -9999 -9999 -9999
2021 03 28 12   257   191 10071   252     4 -9999 -9999 -9999
2021 03 28 15   225   187 10084    70    17 -9999 -9999 -9999
2021 03 28 18   202   186 10075   172    11 -9999 -9999 -9999
2021 03 28 21   187   177 10070    58    12 -9999 -9999 -9999
2021 03 29 00   196   187 10087    50    12 -9999 -9999 -9999
2021 03 29 03   247   196 10081   206    47 -9999 -9999 -9999
2021 03 29 06   262   203 10052   229    26 -9999 -9999 -9999
2021 03 29 09   271   204 10031   222    29 -9999 -9999 -9999
2021 03 29 12   252   203 10039   227    27 -9999 -9999 -9999
2021 03 29 15   250   205 10053   220    45 -9999 -9999 -9999
2021 03 29 18   242   202 10043   234    48 -9999 -9999 -9999
2021 03 29 21   235   205 10047   230    28 -9999 -9999 -9999
2021 03 30 00   235   205 10067   234    35 -9999 -9999 -9999
2021 03 30 03   252   200 10074   229    46 -9999 -9999 -9999
2021 03 30 06   276   201 10047   219    37 -9999 -9999 -9999
2021 03 30 09   291   202 10030   238    50 -9999 -9999 -9999
2021 03 30 12   250   204 10039    63    17 -9999 -9999 -9999
2021 03 30 15   255   202 10048   226    25 -9999 -9999 -9999
2021 03 30 18   242   199 10052   213    42 -9999 -9999 -9999
2021 03 30 21   236   197 10047   235    38 -9999 -9999 -9999
2021 03 31 00   235   197 10066   227    20 -9999 -9999 -9999
2021 03 31 03   217   209 10081    73    15 -9999 -9999    23
2021 03 31 06   247   213 10055   185    12 -9999 -9999    24
2021 03 31 09   260   206 10047   202     8 -9999 -9999     1
2021 03 31 12   230   213 10054    61    10 -9999 -9999 -9999
2021 03 31 15   220   208 10071   169    11 -9999 -9999 -9999
2021 03 31 18   221   194 10063   188    26 -9999 -9999 -9999
2021 03 31 21   205   192 10062    68    13 -9999 -9999 -9999
2021 04 01 00   211   199 10086    64    12 -9999 -9999 -9999
2021 04 01 03   275   197 10082   218    63 -9999 -9999 -9999
2021 04 01 06   305   189 10053   225    75 -9999 -9999 -9999
2021 04 01 09   302   186 10042   229    66 -9999 -9999 -9999
2021 04 01 12   272   180 10060   210    36 -9999 -9999 -9999
2021 04 01 15   240   181 10086   250    16 -9999 -9999 -9999
2021 04 01 18   206   181 10084    41    17 -9999 -9999 -9999
2021 04 01 21   192   176 10093    72    21 -9999 -9999 -9999
2021 04 02 00   205   183 10114    56    13 -9999 -9999 -9999
2021 04 02 03   267   189 10112   211    53 -9999 -9999 -9999
2021 04 02 06   292   190 10088   231    30 -9999 -9999 -9999
2021 04 02 09   290   198 10075   310    18 -9999 -9999 -9999
2021 04 02 12   255   200 10091    74    18 -9999 -9999 -9999
2021 04 02 15   225   198 10113    75    15 -9999 -9999 -9999
2021 04 02 18   215   196 10109   199     8 -9999 -9999 -9999
2021 04 02 21   206   194 10109   260     3 -9999 -9999 -9999
2021 04 03 00   216   198 10130    50    11 -9999 -9999 -9999
2021 04 03 03   287   205 10125    46    14 -9999 -9999 -9999
2021 04 03 06   322   210 10097   241    23 -9999 -9999 -9999
2021 04 03 09   302   213 10091   320    15 -9999 -9999 -9999
2021 04 03 12   255   204 10118    80    55 -9999 -9999     1
2021 04 03 15   225   179 10135    75    68 -9999 -9999     1
2021 04 03 18   205   162 10138    69    56 -9999 -9999 -9999
2021 04 03 21   186   140 10150    60    72 -9999 -9999 -9999
2021 04 04 00   180   134 10180    48    52 -9999 -9999 -9999
2021 04 04 03   180   128 10188    53    58 -9999 -9999 -9999
2021 04 04 06   217   139 10162    55    29 -9999 -9999 -9999
2021 04 04 09   190   131 10160    54    85 -9999 -9999 -9999
2021 04 04 12   185   129 10179    58    49 -9999 -9999 -9999
2021 04 04 15   177   121 10198    58    64 -9999 -9999 -9999
2021 04 04 18   171   120 10187    65    36 -9999 -9999 -9999
2021 04 04 21   160   119 10189    64    41 -9999 -9999 -9999
2021 04 05 00   161   122 10209    88    28 -9999 -9999 -9999
2021 04 05 03   177   125 10210    90    34 -9999 -9999 -9999
2021 04 05 06   187   134 10191   116    13 -9999 -9999 -9999
2021 04 05 09   195   143 10180   211     7 -9999 -9999 -9999
2021 04 05 12   181   142 10188    82    31 -9999 -9999 -9999
2021 04 05 15   177   142 10203    94    30 -9999 -9999 -9999
2021 04 05 18   172   141 10187    83    32 -9999 -9999 -9999
2021 04 05 21   171   138 10183    52    18 -9999 -9999 -9999
2021 04 06 00   177   142 10201    63    22 -9999 -9999 -9999
2021 04 06 03   210   153 10203    83    21 -9999 -9999 -9999
2021 04 06 06   250   169 10173   354    20 -9999 -9999 -9999
2021 04 06 09   265   175 10158   334    28 -9999 -9999 -9999
2021 04 06 12   221   168 10183    88    46 -9999 -9999 -9999
2021 04 06 15   205   159 10192    48    56 -9999 -9999 -9999
2021 04 06 18   185   148 10178    70    18 -9999 -9999 -9999
2021 04 06 21   162   149 10165   344     6 -9999 -9999 -9999
2021 04 07 00   170   151 10184    34     8 -9999 -9999 -9999
2021 04 07 03   211   165 10182   173    12 -9999 -9999 -9999
2021 04 07 06   237   175 10147   206    47 -9999 -9999 -9999
2021 04 07 09   232   173 10136   245    17 -9999 -9999 -9999
2021 04 07 12   211   181 10144   212     8 -9999 -9999 -9999
2021 04 07 15   195   176 10146   341     8 -9999 -9999 -9999
2021 04 07 18   195   176 10132   308    10 -9999 -9999 -9999
2021 04 07 21   195   178 10132   236     6 -9999 -9999 -9999
2021 04 08 00   175   161 10164    55    48 -9999 -9999    66
2021 04 08 03   167   143 10180    54    55 -9999 -9999    88
2021 04 08 06   167   135 10169    54    49 -9999 -9999    26
2021 04 08 09   161   130 10162    49    44 -9999 -9999     6
2021 04 08 12   162   125 10179    53    50 -9999 -9999     2
2021 04 08 15   160   118 10192    53    51 -9999 -9999 -9999
2021 04 08 18   156   109 10181    60    31 -9999 -9999 -9999
2021 04 08 21   151   105 10177    50    35 -9999 -9999 -9999
2021 04 09 00   151   107 10204    53    37 -9999 -9999 -9999
2021 04 09 03   170   111 10212    78    42 -9999 -9999 -9999
2021 04 09 06   200   111 10186     5    23 -9999 -9999 -9999
2021 04 09 09   192   117 10175    61    41 -9999 -9999 -9999
2021 04 09 12   177   115 10189    68    41 -9999 -9999 -9999
2021 04 09 15   166   111 10208    48    47 -9999 -9999 -9999
2021 04 09 18   142   126 10203    78    20 -9999 -9999    16
2021 04 09 21   145   126 10199    66    23 -9999 -9999    17
2021 04 10 00   152   128 10217    85    18 -9999 -9999     1
2021 04 10 03   192   144 10216    41     9 -9999 -9999 -9999
2021 04 10 06   225   157 10191    53    19 -9999 -9999 -9999
2021 04 10 09   227   161 10180    77    23 -9999 -9999 -9999
2021 04 10 12   192   149 10189    66    39 -9999 -9999 -9999
2021 04 10 15   177   148 10201    84    42 -9999 -9999 -9999
2021 04 10 18   175   146 10197    78    26 -9999 -9999 -9999
2021 04 10 21   171   145 10197    79    25 -9999 -9999 -9999
2021 04 11 00   176   148 10211    37    10 -9999 -9999 -9999
2021 04 11 03   232   157 10208   220    32 -9999 -9999 -9999
2021 04 11 06   276   171 10175   229    38 -9999 -9999 -9999
2021 04 11 09   282   171 10152   245    30 -9999 -9999 -9999
2021 04 11 12   231   175 10165    76    18 -9999 -9999 -9999
2021 04 11 15   200   171 10178    94    16 -9999 -9999 -9999
2021 04 11 18   180   167 10171    34    11 -9999 -9999 -9999
2021 04 11 21   165   158 10170    30     9 -9999 -9999 -9999
2021 04 12 00   185   175 10187   119    10 -9999 -9999 -9999
2021 04 12 03   261   163 10176   210    53 -9999 -9999 -9999
2021 04 12 06   305   172 10141   230    59 -9999 -9999 -9999
2021 04 12 09   285   169 10126   257    41 -9999 -9999 -9999
2021 04 12 12   261   171 10143   304    14 -9999 -9999 -9999
2021 04 12 15   222   178 10151    63    15 -9999 -9999 -9999
2021 04 12 18   197   172 10144    61    16 -9999 -9999 -9999
2021 04 12 21   182   173 10143    67    16 -9999 -9999 -9999
2021 04 13 00   197   183 10159   258     6 -9999 -9999 -9999
2021 04 13 03   275   190 10150   230    26 -9999 -9999 -9999
2021 04 13 06   310   189 10117   224    52 -9999 -9999 -9999
2021 04 13 09   301   191 10100   248    22 -9999 -9999 -9999
2021 04 13 12   267   195 10115    62    30 -9999 -9999 -9999
2021 04 13 15   236   193 10128    84    11 -9999 -9999 -9999
2021 04 13 18   227   196 10125   263     3 -9999 -9999 -9999
2021 04 13 21   215   200 10121   347     8 -9999 -9999 -9999
2021 04 14 00   217   208 10142   268     6 -9999 -9999 -9999
2021 04 14 03   261   190 10140   217    29 -9999 -9999 -9999
2021 04 14 06   277   176 10111   229    36 -9999 -9999 -9999
2021 04 14 09   272   182 10101   238    26 -9999 -9999 -9999
2021 04 14 12   220   175 10115    89    68 -9999 -9999 -9999
2021 04 14 15   201   176 10127    93    49 -9999 -9999 -9999
2021 04 14 18   195   169 10123    86    56 -9999 -9999 -9999
2021 04 14 21   177   171 10123    75    45 -9999 -9999    40
2021 04 15 00   175   168 10141    59    28 -9999 -9999    83
2021 04 15 03   181   171 10144    75    30 -9999 -9999    68
2021 04 15 06   187   182 10126    42    11 -9999 -9999    28
2021 04 15 09   185   177 10127    86    21 -9999 -9999    50
2021 04 15 12   182   178 10141    47    19 -9999 -9999    71
2021 04 15 15   182   173 10157    59    14 -9999 -9999    29
2021 04 15 18   182   171 10144    94    13 -9999 -9999     5
2021 04 16 00   185   163 10155    87    26 -9999 -9999     2
2021 04 16 03   181   174 10161   105    11 -9999 -9999    62
2021 04 16 06   185   180 10146    70    16 -9999 -9999   128
2021 04 16 09   192   186 10140    42    14 -9999 -9999   130
2021 04 16 12   192   180 10156    67    23 -9999 -9999    65
2021 04 16 15   187   165 10176    75    34 -9999 -9999     1
2021 04 16 18   185   159 10171    59    30 -9999 -9999 -9999
2021 04 16 21   181   160 10172   109     9 -9999 -9999 -9999
2021 04 17 00   185   157 10190    58    42 -9999 -9999 -9999
2021 04 17 03   217   167 10193    86    45 -9999 -9999 -9999
2021 04 17 06   230   171 10174    51    71 -9999 -9999 -9999
2021 04 17 09   212   160 10168    57    62 -9999 -9999 -9999
2021 04 17 12   201   161 10185    78    23 -9999 -9999 -9999
2021 04 17 15   196   162 10186    54    13 -9999 -9999 -9999
2021 04 17 18   185   162 10167   280    12 -9999 -9999 -9999
2021 04 17 21   190   161 10167   285     9 -9999 -9999 -9999
2021 04 18 00   192   161 10176   185     7 -9999 -9999 -9999
2021 04 18 03   182   172 10180    26    14 -9999 -9999 -9999
2021 04 18 06   210   168 10157   252    13 -9999 -9999 -9999
2021 04 18 09   206   166 10144    89    28 -9999 -9999     1
2021 04 18 12   186   158 10158    88    38 -9999 -9999     1
2021 04 18 15   181   149 10168    96    16 -9999 -9999 -9999
2021 04 18 18   170   154 10153    82    32 -9999 -9999     3
2021 04 18 21   165   154 10145    61    18 -9999 -9999    12
2021 04 19 00   166   161 10159    29     9 -9999 -9999    38
2021 04 19 03   187   173 10161   331     9 -9999 -9999    50
2021 04 19 06   182   168 10144    17    15 -9999 -9999    50
2021 04 19 09   182   167 10134    78    17 -9999 -9999    41
2021 04 19 12   180   168 10142    50    17 -9999 -9999    12
2021 04 19 15   176   169 10147   171     6 -9999 -9999 -9999
2021 04 19 18   175   170 10139   256     6 -9999 -9999 -9999
2021 04 19 21   172   167 10133   218     6 -9999 -9999     2
2021 04 20 00   181   169 10153   269     8 -9999 -9999     3
2021 04 20 03   200   164 10162   237    12 -9999 -9999     1
2021 04 20 06   227   157 10137    96    14 -9999 -9999     1
2021 04 20 09   231   156 10123   265     9 -9999 -9999     1
2021 04 20 12   197   154 10134   191    25 -9999 -9999 -9999
2021 04 20 15   185   165 10151    67    18 -9999 -9999 -9999
2021 04 20 18   182   167 10144    74    11 -9999 -9999 -9999
2021 04 20 21   171   166 10134    45    13 -9999 -9999 -9999
