2021 01 01 00    32   -25 10298   350    30 -9999 -9999     0
2021 01 01 03    98   -53 10293   110    30 -9999 -9999     0
2021 01 01 06   137   -65 10256   110    20 -9999 -9999     0
2021 01 01 09   143   -65 10241   210    10 -9999 -9999     0
2021 01 01 12    81   -14 10253   350    60 -9999 -9999     0
2021 01 01 18    73   -16 10252   360    30 -9999 -9999     0
2021 01 01 21    60   -12 10245    20    30 -9999 -9999     0
2021 01 02 00    70   -19 10259    40    30 -9999 -9999     0
2021 01 02 03   126   -50 10258    50    60 -9999 -9999     0
2021 01 02 06   153   -31 10214    70    40 -9999 -9999     0
2021 01 02 09   158   -22 10200    30    30 -9999 -9999     0
2021 01 02 12   107     4 10205   360    70 -9999 -9999     0
2021 01 02 18   100    14 10232   350    30 -9999 -9999     0
2021 01 02 21    93    10 10229    10    20 -9999 -9999     0
2021 01 03 00    91    24 10245    80    20 -9999 -9999     0
2021 01 03 03   162    -9 10250    50    50 -9999 -9999     0
2021 01 03 06   188    -6 10220    80    50 -9999 -9999     0
2021 01 03 09   190    15 10213    30    20 -9999 -9999     0
2021 01 03 12   127    34 10225   350    60 -9999 -9999     0
2021 01 03 18   122    47 10234   330    10 -9999 -9999     0
2021 01 03 21   119    60 10226   250    10 -9999 -9999     0
2021 01 04 00   115    42 10245   320    10 -9999 -9999     0
2021 01 04 03   150    44 10247    80    30 -9999 -9999     0
2021 01 04 06   173    36 10213    30    30 -9999 -9999     0
2021 01 04 09   168    31 10201    20    30 -9999 -9999     0
2021 01 04 12   162    29 10207    20    50 -9999 -9999     0
2021 01 04 18   163    23 10212    10    40 -9999 -9999     0
2021 01 04 21   160    28 10208    50    30 -9999 -9999     0
2021 01 05 00   157    25 10230    30    30 -9999 -9999     0
2021 01 05 03   171    48 10235    70    30 -9999 -9999     0
2021 01 05 06   181    53 10209    80    30 -9999 -9999     0
2021 01 05 09   173    82 10207    10    10 -9999 -9999     0
2021 01 05 12   150    80 10217   350    40 -9999 -9999     0
2021 01 05 18   144    35 10222    40    40 -9999 -9999     0
2021 01 05 21   131    29 10221    40    30 -9999 -9999     0
2021 01 06 00   120    30 10236    30    20 -9999 -9999     0
2021 01 06 03   134    38 10232    20    30 -9999 -9999     0
2021 01 06 06   141    33 10195    30    30 -9999 -9999     0
2021 01 06 09   135    38 10191    10    30 -9999 -9999     0
2021 01 06 12   128    37 10199    30    50 -9999 -9999     0
2021 01 06 18   116    29 10215    40    40 -9999 -9999     0
2021 01 06 21   107    53 10218    50    30 -9999 -9999     0
2021 01 07 00    90    68 10245    40    50 -9999 -9999 -9999
2021 01 07 03    79    78 10262    20    30 -9999 -9999    -1
2021 01 07 06    67    67 10238    34    33 -9999 -9999     9
2021 01 07 09    62    62 10242    10    30 -9999 -9999    20
2021 01 07 12    63    40 10262    10    40 -9999 -9999    10
2021 01 07 18    36    36 10293    30    40 -9999 -9999    20
2021 01 07 21    27    27 10295    40    30 -9999 -9999    50
2021 01 08 00    29    29 10308    50    30 -9999 -9999    40
2021 01 08 03    39    19 10319    30    30 -9999 -9999     7
2021 01 08 06    45    10 10289    20    20 -9999 -9999     0
2021 01 08 09    46     2 10283    20    20 -9999 -9999     0
2021 01 08 12    41    13 10294    10    20 -9999 -9999     0
2021 01 08 18    50   -46 10291    20    30 -9999 -9999     0
2021 01 08 21    50   -46 10282    18    31 -9999 -9999 -9999
2021 01 09 00    50   -48 10286    40    30 -9999 -9999     0
2021 01 09 03    65   -55 10290    20    30 -9999 -9999     0
2021 01 09 06    76   -62 10256    40    30 -9999 -9999     0
2021 01 09 09    74   -47 10241    10    30 -9999 -9999     0
2021 01 09 12    71   -53 10255    20    30 -9999 -9999     0
2021 01 09 18    70   -35 10267   340    10 -9999 -9999     0
2021 01 09 21    69   -45 10252    40    10 -9999 -9999     0
2021 01 10 00    65   -12 10264   360    10 -9999 -9999     0
2021 01 10 03    86   -36 10273    70    20 -9999 -9999     0
2021 01 10 06    89   -33 10240    40    30 -9999 -9999     0
2021 01 10 09    78     8 10237    10    20 -9999 -9999     0
2021 01 10 12    81   -37 10255    20    40 -9999 -9999     0
2021 01 10 18    75   -46 10288    30    40 -9999 -9999     0
2021 01 10 21    63   -26 10297    20    40 -9999 -9999     0
2021 01 11 00    38    34 10329   270    20 -9999 -9999     4
2021 01 11 03    59   -10 10343    10    20 -9999 -9999     4
2021 01 11 06    83   -42 10305    30    40 -9999 -9999     0
2021 01 11 09    95   -24 10288    90    20 -9999 -9999     0
2021 01 11 12    62   -17 10302   340    20 -9999 -9999     0
2021 01 11 18    50   -35 10313   340    50 -9999 -9999     0
2021 01 11 21    37   -38 10299   340    40 -9999 -9999     0
2021 01 12 00    27   -43 10304   340    50 -9999 -9999     0
2021 01 12 03   100   -14 10301   200    20 -9999 -9999     0
2021 01 12 06   143   -84 10248    80    50 -9999 -9999     0
2021 01 12 09   159   -52 10222   230    20 -9999 -9999     0
2021 01 12 12    88   -16 10220   350    60 -9999 -9999     0
2021 01 12 18    64   -22 10224   340    40 -9999 -9999     0
2021 01 12 21    73   -24 10206   360    30 -9999 -9999     0
2021 01 13 00    68    -6 10221   230    10 -9999 -9999     0
2021 01 13 03   114   -14 10226    60    40 -9999 -9999     0
2021 01 13 06   164   -54 10186    70    40 -9999 -9999     0
2021 01 13 09   160   -35 10173    20    30 -9999 -9999     0
2021 01 13 12   102   -15 10181   350    80 -9999 -9999     0
2021 01 13 18    99   -15 10193   330    10 -9999 -9999     0
2021 01 13 21    99   -15 10186   330    20 -9999 -9999     0
2021 01 14 00    91   -16 10193   360    50 -9999 -9999     0
2021 01 14 03   151   -10 10203   140    20 -9999 -9999     0
2021 01 14 06   195     0 10166   240    30 -9999 -9999     0
2021 01 14 09   200   -12 10156   220    30 -9999 -9999     0
2021 01 14 12   121    28 10164   330    60 -9999 -9999     0
2021 01 14 18   122    32 10172   350    40 -9999 -9999     0
2021 01 14 21    99    41 10164   330    30 -9999 -9999     0
2021 01 15 00    96    36 10176   350    30 -9999 -9999     0
2021 01 15 03   162    33 10183    80    30 -9999 -9999     0
2021 01 15 06   206    29 10146    90    30 -9999 -9999     0
2021 01 15 09   200    71 10137   340    20 -9999 -9999     0
2021 01 15 12   152    65 10147   350    70 -9999 -9999     0
2021 01 15 18   151    67 10156   350    50 -9999 -9999     0
2021 01 15 21   133    80 10159   240    20 -9999 -9999     0
2021 01 16 00   140    75 10179   360    20 -9999 -9999     0
2021 01 16 03   192    79 10185    90    30 -9999 -9999     0
2021 01 16 06   221    67 10151    60    40 -9999 -9999     0
2021 01 16 09   213    68 10152    20    40 -9999 -9999     0
2021 01 16 12   188    66 10175   360    50 -9999 -9999     0
2021 01 16 18   173    46 10212    20    50 -9999 -9999     0
2021 01 16 21   153    34 10234    40    40 -9999 -9999     0
2021 01 17 00   137     7 10277    30    40 -9999 -9999     0
2021 01 17 03   130     4 10303    50    40 -9999 -9999     0
2021 01 17 06   124    -1 10281    40    40 -9999 -9999     0
2021 01 17 09   111     2 10282    50    30 -9999 -9999     0
2021 01 17 12    97    23 10298    50    10 -9999 -9999     0
2021 01 17 18    84    30 10294   340    10 -9999 -9999     0
2021 01 17 21    72    34 10280   340    30 -9999 -9999     0
2021 01 18 00    57    29 10282   350    30 -9999 -9999     0
2021 01 18 03   114    29 10281   190    30 -9999 -9999     0
2021 01 18 06   151    20 10231   220    20 -9999 -9999     0
2021 01 18 09   158    12 10215   190    20 -9999 -9999     0
2021 01 18 12    99    32 10221   350    60 -9999 -9999     0
2021 01 18 18    81    17 10215   360    30 -9999 -9999     0
2021 01 18 21    79    26 10203    40    10 -9999 -9999     0
2021 01 19 00    75    24 10215    30    10 -9999 -9999     0
2021 01 19 03   144     3 10223    70    40 -9999 -9999     0
2021 01 19 06   187    12 10190   100    20 -9999 -9999     0
2021 01 19 09   190    24 10170    20    10 -9999 -9999     0
2021 01 19 12   140    29 10176   360    70 -9999 -9999     0
2021 01 19 18   117    80 10187   350    60 -9999 -9999     0
2021 01 19 21   113    62 10178   360    40 -9999 -9999     0
2021 01 20 00   131    75 10194    30    40 -9999 -9999     0
2021 01 20 03   180    65 10200    50    40 -9999 -9999     0
2021 01 20 06   212    91 10164   220    20 -9999 -9999     0
2021 01 20 09   204   124 10153   350    20 -9999 -9999     0
2021 01 20 12   184   108 10167   360    40 -9999 -9999     0
2021 01 20 18   166   111 10168   360    40 -9999 -9999     0
2021 01 20 21   172   133 10160    50    40 -9999 -9999     0
2021 01 21 00   167   154 10173    30    40 -9999 -9999     0
2021 01 21 03   197   154 10180   360    30 -9999 -9999     0
2021 01 21 06   203   153 10148    70    50 -9999 -9999     0
2021 01 21 09   206   154 10143    60    20 -9999 -9999     0
2021 01 21 12   180   167 10156    20    30 -9999 -9999     0
2021 01 21 18   175   167 10158    20    40 -9999 -9999     0
2021 01 21 21   147   147 10152   340    40 -9999 -9999     0
2021 01 22 00   152   150 10168   340    20 -9999 -9999     0
2021 01 22 03   173   165 10178   100    10 -9999 -9999     0
2021 01 22 06   217   146 10140   160    20 -9999 -9999     0
2021 01 22 09   222   119 10126   300    30 -9999 -9999     0
2021 01 22 12   171   124 10140   350    50 -9999 -9999     0
2021 01 22 18   152   123 10157   350    40 -9999 -9999     0
2021 01 22 21   135   124 10151   350    40 -9999 -9999     0
2021 01 23 00   132   118 10165   360    30 -9999 -9999     0
2021 01 23 03   185   113 10176    80    50 -9999 -9999     0
2021 01 23 06   225   110 10138    80    30 -9999 -9999     0
2021 01 23 09   228   118 10127    20    20 -9999 -9999     0
2021 01 23 12   176   116 10136   350    70 -9999 -9999     0
2021 01 23 18   155   123 10155   360    30 -9999 -9999     0
2021 01 23 21   178   118 10147    30    40 -9999 -9999     0
2021 01 24 00   178   135 10156    10    80 -9999 -9999     0
2021 01 24 03   205   135 10165    70    30 -9999 -9999     0
2021 01 24 06   229   137 10129   230    20 -9999 -9999     0
2021 01 24 09   233   132 10119   190    80 -9999 -9999     0
2021 01 24 12   213   142 10133   260    50 -9999 -9999     0
2021 01 24 18   194   159 10151   300    20 -9999 -9999     0
2021 01 24 21   187   158 10152    10    30 -9999 -9999     0
2021 01 25 00   188   162 10173    20    40 -9999 -9999 -9999
2021 01 25 03   201   159 10189    70    20 -9999 -9999     0
2021 01 25 06   206   162 10166    50    10 -9999 -9999     0
2021 01 25 09   214   161 10158    90    10 -9999 -9999     0
2021 01 25 12   185   170 10164   350    50 -9999 -9999     0
2021 01 25 18   177   172 10176   160    10 -9999 -9999     0
2021 01 25 21   154   151 10180   110    20 -9999 -9999     2
2021 01 26 00   151   143 10201    60    10 -9999 -9999     2
2021 01 26 03   175   132 10209    90    20 -9999 -9999     0
2021 01 26 06   189   126 10178    70    30 -9999 -9999     1
2021 01 26 09   190   125 10163    20    40 -9999 -9999     1
2021 01 26 12   169   112 10175    30    30 -9999 -9999     0
2021 01 26 18   150   100 10180    40    50 -9999 -9999     0
2021 01 26 21   143    97 10174    50    50 -9999 -9999     0
2021 01 27 00   145    95 10188    60    60 -9999 -9999     0
2021 01 27 03   171    95 10200    50    40 -9999 -9999     0
2021 01 27 06   200   107 10161    80    50 -9999 -9999     0
2021 01 27 09   222   125 10145    60    10 -9999 -9999     0
2021 01 27 12   171   136 10168   340    40 -9999 -9999     0
2021 01 27 18   167   112 10208   120    10 -9999 -9999     0
2021 01 27 21   151    99 10216    90    10 -9999 -9999     0
2021 01 28 00   135    90 10243    90    20 -9999 -9999     0
2021 01 28 03   149    86 10265    40    30 -9999 -9999     0
2021 01 28 06   158    85 10240    60    40 -9999 -9999     0
2021 01 28 09   153    88 10229    60    30 -9999 -9999     0
2021 01 28 12   146    64 10240    20    40 -9999 -9999     0
2021 01 28 18   135    38 10243    20    40 -9999 -9999     0
2021 01 28 21   123    38 10228    20    70 -9999 -9999     0
2021 01 29 00   121    28 10243    30    70 -9999 -9999     0
2021 01 29 03   146    43 10253    40    60 -9999 -9999     0
2021 01 29 06   169    36 10219    30    40 -9999 -9999     0
2021 01 29 09   161    60 10204    10    20 -9999 -9999     0
2021 01 29 12   151    64 10207   360    50 -9999 -9999     0
2021 01 29 18   141    81 10213   360    20 -9999 -9999     0
2021 01 29 21   148    74 10210    60    20 -9999 -9999     0
2021 01 30 00   152    65 10228    20    30 -9999 -9999     0
2021 01 30 03   177    77 10241    40    40 -9999 -9999     0
2021 01 30 06   201    81 10208    50    40 -9999 -9999     0
2021 01 30 09   200   104 10193    20    20 -9999 -9999     0
2021 01 30 12   157    96 10205   360    60 -9999 -9999     0
2021 01 30 18   151    90 10217   350    30 -9999 -9999     0
2021 01 30 21   141    89 10208    10    40 -9999 -9999     0
2021 01 31 00   152    93 10220   360    30 -9999 -9999     0
2021 01 31 03   193   100 10223    50    50 -9999 -9999     0
2021 01 31 06   229   122 10192    60    20 -9999 -9999     0
2021 01 31 09   219   135 10179    10    30 -9999 -9999     0
2021 01 31 12   183   134 10193   340    50 -9999 -9999     0
2021 01 31 18   176   116 10197   320    30 -9999 -9999     0
2021 01 31 21   179   117 10189   300    10 -9999 -9999     0
2021 02 01 00   176   133 10204   330    20 -9999 -9999     0
2021 02 01 03   212   131 10210   220    40 -9999 -9999     0
2021 02 01 06   226   144 10180   230    40 -9999 -9999     0
2021 02 01 09   230   146 10167   220    40 -9999 -9999     0
2021 02 01 12   199   155 10178   340    30 -9999 -9999     0
2021 02 01 18   182   162 10193    10    20 -9999 -9999     0
2021 02 01 21   169   159 10191   340    30 -9999 -9999     0
2021 02 02 00   166   158 10208    20    10 -9999 -9999     0
2021 02 02 03   215   144 10215    80    40 -9999 -9999     0
2021 02 02 06   254   142 10178    40    30 -9999 -9999     0
2021 02 02 09   261   132 10168   180    20 -9999 -9999     0
2021 02 02 12   200   146 10183   350    60 -9999 -9999     0
2021 02 02 18   197   162 10196   340    40 -9999 -9999     0
2021 02 02 21   187   161 10195    10    20 -9999 -9999     0
2021 02 03 00   168   148 10214   350    30 -9999 -9999     0
2021 02 03 03   221   147 10224   240    40 -9999 -9999     0
2021 02 03 06   245   137 10191   190    20 -9999 -9999     0
2021 02 03 09   233   154 10181   340    20 -9999 -9999     0
2021 02 03 12   206   147 10195   340    40 -9999 -9999     0
2021 02 03 18   182   149 10207   320    30 -9999 -9999     0
2021 02 03 21   188   145 10207   270    30 -9999 -9999     0
2021 02 04 00   173   153 10228   340    20 -9999 -9999     0
2021 02 04 03   218   149 10236   180    20 -9999 -9999     0
2021 02 04 06   251   143 10193   210    20 -9999 -9999     0
2021 02 04 09   266   130 10169   170    20 -9999 -9999     0
2021 02 04 12   229   119 10182   240    20 -9999 -9999     0
2021 02 04 18   196   128 10188   260    30 -9999 -9999     0
2021 02 04 21   156   133 10186   330    40 -9999 -9999     0
2021 02 05 00   150   127 10208   340    40 -9999 -9999     0
2021 02 05 03   218   129 10220   210    30 -9999 -9999     0
2021 02 05 06   259   109 10186   190    40 -9999 -9999     0
2021 02 05 09   260    94 10166   220    20 -9999 -9999     0
2021 02 05 12   190   103 10176   350    60 -9999 -9999     0
2021 02 05 18   172   103 10180   330    40 -9999 -9999     0
2021 02 05 21   158   110 10174   330    30 -9999 -9999     0
2021 02 06 00   149   120 10195   350    30 -9999 -9999     0
2021 02 06 03   209   121 10207   120    20 -9999 -9999     0
2021 02 06 06   253   122 10166   200    10 -9999 -9999     0
2021 02 06 09   259   124 10141   110    10 -9999 -9999     0
2021 02 06 12   196   133 10150   350    60 -9999 -9999     0
2021 02 06 18   184   139 10161   300    20 -9999 -9999     0
2021 02 06 21   163   147 10158   340    40 -9999 -9999     0
2021 02 07 00   165   145 10183   350    30 -9999 -9999     0
2021 02 07 03   234   136 10192    90    30 -9999 -9999     0
2021 02 07 06   270   111 10158   120    20 -9999 -9999     0
2021 02 07 09   279    97 10146    30    10 -9999 -9999     0
2021 02 07 12   206   110 10161   360    60 -9999 -9999     0
2021 02 07 18   198   113 10174   330    30 -9999 -9999     0
2021 02 07 21   185   125 10168   330    40 -9999 -9999     0
2021 02 08 00   183   125 10188   350    20 -9999 -9999     0
2021 02 08 03   232   125 10199    90    30 -9999 -9999     0
2021 02 08 06   243   132 10173    30    30 -9999 -9999     0
2021 02 08 09   196   163 10178   340    30 -9999 -9999 -9999
2021 02 08 12   182   162 10190   350    50 -9999 -9999     1
2021 02 08 18   175   148 10198    30    40 -9999 -9999 -9999
2021 02 08 21   154   143 10183    20    40 -9999 -9999     5
2021 02 09 00   140   140 10193    70    20 -9999 -9999   120
2021 02 09 03   138   138 10187    50    50 -9999 -9999   200
2021 02 09 06   145   145 10162    10    40 -9999 -9999   290
2021 02 09 12   128   128 10180   240    30 -9999 -9999   380
2021 02 09 18   130   130 10155    20    40 -9999 -9999   190
2021 02 09 21   127   127 10142    30    50 -9999 -9999   140
2021 02 10 00   126   126 10160   320    20 -9999 -9999    70
2021 02 10 03   137   132 10176   150    10 -9999 -9999     6
2021 02 10 06   157   128 10155   220    20 -9999 -9999     0
2021 02 10 09   164   128 10148    40    10 -9999 -9999     0
2021 02 11 00   127   122 10181   350    30 -9999 -9999     0
2021 02 13 12   162   112 10168   354    67 -9999 -9999 -9999
2021 02 13 18   152   116 10176   340    50 -9999 -9999     0
2021 02 13 21   144   117 10165   330    40 -9999 -9999     0
2021 02 14 00   135   121 10189   350    10 -9999 -9999     0
2021 02 14 03   198   128 10192   210    30 -9999 -9999     0
2021 02 14 06   246   122 10156   200    40 -9999 -9999     0
2021 02 14 09   253   118 10136   240    30 -9999 -9999     0
2021 02 14 12   179   128 10144   340    50 -9999 -9999     0
2021 02 14 18   161   130 10142   340    50 -9999 -9999     0
2021 02 14 21   149   136 10140   340    40 -9999 -9999     0
2021 02 15 00   153   140 10162   350    40 -9999 -9999     0
2021 02 15 03   213   145 10172    80    20 -9999 -9999     0
2021 02 15 06   252   124 10138   140    20 -9999 -9999     0
2021 02 15 09   260   141 10113   300    10 -9999 -9999     0
2021 02 15 12   204   147 10125   340    40 -9999 -9999     0
2021 02 15 18   211   120 10143   260    30 -9999 -9999     0
2021 02 15 21   205   114 10134   280    40 -9999 -9999     0
2021 02 16 00   200   123 10155   270    40 -9999 -9999     0
2021 02 16 03   210   129 10177   260    30 -9999 -9999     0
2021 02 16 06   212   136 10162   270    30 -9999 -9999     0
2021 02 16 09   219   135 10154   180    30 -9999 -9999     0
2021 02 16 12   193   143 10172   340    10 -9999 -9999     0
2021 02 16 18   163   148 10202   230    10 -9999 -9999     0
2021 02 16 21   160   122 10203    40    20 -9999 -9999     0
2021 02 17 00   149   115 10224    30    40 -9999 -9999     0
2021 02 17 03   183    96 10236    60    40 -9999 -9999     0
2021 02 17 06   206    98 10210    80    50 -9999 -9999     0
2021 02 17 09   213    95 10201    40    30 -9999 -9999     0
2021 02 17 12   165   112 10216   350    60 -9999 -9999     0
2021 02 17 18   180    42 10233    30    70 -9999 -9999     0
2021 02 17 21   168    28 10234    40    60 -9999 -9999     0
2021 02 18 00   161    45 10259    40    50 -9999 -9999     0
2021 02 18 03   186    61 10274    40    70 -9999 -9999     0
2021 02 18 06   205    61 10248    20    40 -9999 -9999     0
2021 02 18 09   211    55 10233    50    30 -9999 -9999     0
2021 02 18 12   155    85 10243   350    50 -9999 -9999     0
2021 02 18 18   143    80 10241   360    60 -9999 -9999     0
2021 02 18 21   133    84 10238    20    10 -9999 -9999     0
2021 02 19 00   130    70 10259   340    40 -9999 -9999     0
2021 02 19 03   188    76 10265   110    20 -9999 -9999     0
2021 02 19 06   227    60 10227   170    20 -9999 -9999     0
2021 02 19 09   225    67 10207   160    10 -9999 -9999     0
2021 02 20 18   192   129 10173   293    25 -9999 -9999 -9999
2021 02 20 21   180   137 10164   292    26 -9999 -9999 -9999
2021 02 21 00   177   133 10182   286    25 -9999 -9999 -9999
2021 02 21 03   210   137 10184   207    30 -9999 -9999 -9999
2021 02 21 06   255   119 10152   222    57 -9999 -9999 -9999
2021 02 21 09   257   126 10131   194    60 -9999 -9999 -9999
2021 02 21 18   200   127 10159   287    41 -9999 -9999 -9999
2021 02 21 21   185   144 10154   260    40 -9999 -9999     0
2021 02 22 00   180   153 10167   262    23 -9999 -9999 -9999
2021 02 22 03   215   158 10174   230    40 -9999 -9999     0
2021 02 22 06   258   149 10139   210    50 -9999 -9999     0
2021 02 22 09   268   135 10122   190    30 -9999 -9999     0
2021 02 22 12   203   149 10139   330    50 -9999 -9999     0
2021 02 22 18   186   171 10155   330    40 -9999 -9999     0
2021 02 22 21   180   172 10150   340    40 -9999 -9999     0
2021 02 23 00   178   175 10166   300    10 -9999 -9999     0
2021 02 23 03   237   170 10169   210    30 -9999 -9999     0
2021 02 23 06   276   139 10132   210    40 -9999 -9999     0
2021 02 23 09   282   137 10108   190    30 -9999 -9999     0
2021 02 23 12   214   153 10115   340    50 -9999 -9999     0
2021 02 23 18   217   167 10129   280    30 -9999 -9999     0
2021 02 23 21   212   148 10123   270    50 -9999 -9999     0
2021 02 24 00   191   119 10137   330    30 -9999 -9999     0
2021 02 24 03   239   132 10143   230    40 -9999 -9999     0
2021 02 24 06   262   156 10107   210    60 -9999 -9999     0
2021 02 24 09   247   156 10087   200    60 -9999 -9999     0
2021 02 24 12   236   161 10091   210    30 -9999 -9999     0
2021 02 24 18   209   169 10102   250    50 -9999 -9999     0
2021 02 24 21   200   183 10094   230    40 -9999 -9999     0
2021 02 25 00   206   184 10101   220    20 -9999 -9999     0
2021 02 25 03   195   195 10114    30    20 -9999 -9999     1
2021 02 25 06   199   199 10080    10    20 -9999 -9999     7
2021 02 25 09   200   200 10063    10    40 -9999 -9999     6
2021 02 25 12   198   198 10070    10    20 -9999 -9999     0
2021 02 25 18   197   197 10080    10    10 -9999 -9999     0
2021 02 25 21   193   193 10071    60    20 -9999 -9999     0
2021 02 26 00   204   197 10093    30    40 -9999 -9999     0
2021 02 26 03   164   164 10117    50    50 -9999 -9999   100
2021 02 26 06   148   148 10113    40    30 -9999 -9999   110
2021 02 26 09   137   137 10109    60    40 -9999 -9999    10
2021 02 26 12   124   124 10128    30    30 -9999 -9999    10
2021 02 26 18   117   112 10155    20    40 -9999 -9999     4
2021 02 26 21   110   110 10152    30    20 -9999 -9999     0
2021 02 27 00   109   109 10167    30    30 -9999 -9999     0
2021 02 27 03   119   110 10183    30    30 -9999 -9999     0
2021 02 27 06   127   106 10156    40    50 -9999 -9999     0
2021 02 27 09   126   115 10152    60    30 -9999 -9999     0
2021 02 27 12   120   120 10154    50    70 -9999 -9999     0
2021 02 27 18   135   116 10159    30    50 -9999 -9999     0
2021 02 27 21   136   118 10145    30    60 -9999 -9999     0
2021 02 28 00   138   129 10162    30    50 -9999 -9999     1
2021 02 28 03   149   134 10165    20    30 -9999 -9999     1
2021 02 28 06   149   141 10139    60    40 -9999 -9999     0
2021 02 28 09   165   154 10118   360    50 -9999 -9999     0
2021 02 28 12   177   157 10120    20    70 -9999 -9999     0
2021 02 28 18   182   170 10143    50    50 -9999 -9999     0
2021 02 28 21   179   174 10142    40    50 -9999 -9999     0
2021 03 01 00   184   178 10157    50    40 -9999 -9999     0
2021 03 01 03   200   190 10173    30    20 -9999 -9999     0
2021 03 01 06   205   193 10157   160    10 -9999 -9999 -9999
2021 03 01 09   198   198 10159   210    20 -9999 -9999     9
2021 03 01 12   164   151 10188    80    30 -9999 -9999     9
2021 03 01 18   146   112 10219    40    30 -9999 -9999     0
2021 03 01 21   134   102 10219    20    40 -9999 -9999     0
2021 03 02 00   122   101 10239    30    30 -9999 -9999     0
2021 03 02 03   150    85 10243    70    40 -9999 -9999     0
2021 03 02 06   175    84 10205    70    50 -9999 -9999     0
2021 03 02 09   184    95 10187    50    30 -9999 -9999     0
2021 03 02 12   159   115 10193   350    40 -9999 -9999     0
2021 03 02 18   164    76 10201    40    80 -9999 -9999     0
2021 03 02 21   152   100 10199    20    50 -9999 -9999     0
2021 03 03 00   154    91 10211    20    60 -9999 -9999     0
2021 03 03 03   154    97 10228    30    10 -9999 -9999     0
2021 03 03 06   154   106 10202    90    10 -9999 -9999     0
2021 03 03 09   145   105 10189    70    20 -9999 -9999     0
2021 03 03 12   125   125 10203    50    40 -9999 -9999     5
2021 03 03 18   120   120 10199    55    31 -9999 -9999    20
2021 03 03 21   121   121 10188   140    10 -9999 -9999    30
2021 03 04 00   123   123 10201    60    20 -9999 -9999    30
2021 03 04 03   129   129 10204    40    30 -9999 -9999    20
2021 03 04 06   138   138 10174    60    30 -9999 -9999 -9999
2021 03 04 09   143   132 10152    50    50 -9999 -9999     1
2021 03 04 12   148   138 10152    50    40 -9999 -9999     1
2021 03 04 18   145   145 10154   220    10 -9999 -9999     0
2021 03 04 21   146   146 10146   240    20 -9999 -9999     1
2021 03 05 00   153   153 10152   130    10 -9999 -9999     4
2021 03 05 03   157   157 10159   250    20 -9999 -9999     3
2021 03 05 06   167   167 10130   170    20 -9999 -9999     0
2021 03 05 09   182   182 10108    70    20 -9999 -9999     0
2021 03 05 12   177   177 10119    20    10 -9999 -9999     0
2021 03 05 18   183   183 10139    50    10 -9999 -9999     4
2021 03 05 21   188   188 10135   250    10 -9999 -9999    20
2021 03 06 00   184   184 10152   230    10 -9999 -9999    20
2021 03 06 03   203   203 10168   250    40 -9999 -9999     7
2021 03 06 06   234   196 10149   210    30 -9999 -9999     6
2021 03 06 09   213   187 10150    70    30 -9999 -9999     0
2021 03 06 12   185   185 10175    40    20 -9999 -9999     0
2021 03 06 18   172   131 10192    60    40 -9999 -9999     0
2021 03 06 21   162   152 10200   170    10 -9999 -9999     0
2021 03 07 00   162   127 10216    30    50 -9999 -9999     0
2021 03 07 03   188   128 10216    70    50 -9999 -9999     0
2021 03 07 06   214   136 10186    60    40 -9999 -9999     0
2021 03 07 09   209   138 10168    30    40 -9999 -9999     0
2021 03 07 12   199   134 10184    20    70 -9999 -9999     0
2021 03 07 18   192   134 10181    10    90 -9999 -9999     0
2021 03 07 21   176   149 10172    30    80 -9999 -9999     0
2021 03 08 00   173   144 10200    10    70 -9999 -9999     0
2021 03 08 03   179   144 10206    10    70 -9999 -9999     0
2021 03 08 06   185   157 10178    70    30 -9999 -9999     0
2021 03 08 09   184   158 10166    20    50 -9999 -9999     0
2021 03 08 12   180   167 10182    40    60 -9999 -9999     3
2021 03 08 18   179   169 10185    60    30 -9999 -9999     0
2021 03 08 21   176   168 10177    40    50 -9999 -9999     0
2021 03 09 00   168   168 10198    70    40 -9999 -9999 -9999
2021 03 09 03   175   172 10212    50    30 -9999 -9999     0
2021 03 09 06   174   174 10188    50    40 -9999 -9999     0
2021 03 09 09   167   167 10176    70    50 -9999 -9999     0
2021 03 09 12   162   162 10191    50    70 -9999 -9999     0
2021 03 09 18   163   163 10188    60    40 -9999 -9999     0
2021 03 09 21   173   156 10185    30    50 -9999 -9999     0
2021 03 10 00   169   158 10198    40    50 -9999 -9999     0
2021 03 10 03   177   167 10208    60    20 -9999 -9999     0
2021 03 10 06   190   168 10176    60    30 -9999 -9999     0
2021 03 10 09   195   171 10158    70    20 -9999 -9999     0
2021 03 10 12   202   172 10170    40    30 -9999 -9999     0
2021 03 10 18   188   171 10188   110    20 -9999 -9999     0
2021 03 10 21   172   171 10187   259    21 -9999 -9999 -9999
2021 03 11 00   176   176 10201    70    10 -9999 -9999     0
2021 03 11 03   203   177 10209   100    30 -9999 -9999     0
2021 03 11 06   211   185 10187   240    40 -9999 -9999     0
2021 03 11 09   222   184 10171   220    20 -9999 -9999     0
2021 03 11 12   185   175 10184   260    10 -9999 -9999     0
2021 03 11 18   173   171 10199   210    10 -9999 -9999     0
2021 03 11 21   168   168 10193   100    10 -9999 -9999     5
2021 03 12 00   165   165 10211   100    10 -9999 -9999     5
2021 03 12 03   198   188 10217    60    50 -9999 -9999     0
2021 03 12 06   215   181 10190    70    50 -9999 -9999     0
2021 03 12 09   227   189 10166    70    20 -9999 -9999     0
2021 03 12 12   196   194 10180   350    40 -9999 -9999     0
2021 03 12 18   192   190 10190   240    20 -9999 -9999 -9999
2021 03 12 21   181   176 10187    60    30 -9999 -9999 -9999
2021 03 13 00   177   171 10205    70    20 -9999 -9999     0
2021 03 13 03   217   171 10208    80    30 -9999 -9999     0
2021 03 13 06   246   183 10176    80    40 -9999 -9999     0
2021 03 13 09   258   177 10148    50    20 -9999 -9999     0
2021 03 13 12   213   194 10157   350    60 -9999 -9999     0
2021 03 13 18   224   192 10159    10    30 -9999 -9999     0
2021 03 13 21   200   200 10152   340    30 -9999 -9999    40
2021 03 14 00   200   200 10172   310    10 -9999 -9999    70
2021 03 14 03   229   199 10174   260    30 -9999 -9999    30
2021 03 14 06   258   182 10137   220    30 -9999 -9999     0
2021 03 14 09   257   168 10119   210    40 -9999 -9999     0
2021 03 14 12   226   192 10129   320    20 -9999 -9999     0
2021 03 14 18   214   190 10137   270    40 -9999 -9999     0
2021 03 14 21   213   194 10127   240    30 -9999 -9999 -9999
2021 03 15 00   208   200 10138    20    30 -9999 -9999     0
2021 03 15 03   228   205 10145    50    20 -9999 -9999     0
2021 03 15 06   228   209 10119    80    10 -9999 -9999     0
2021 03 15 09   221   207 10104   350    30 -9999 -9999     0
2021 03 15 12   213   213 10115   340    40 -9999 -9999     0
2021 03 15 18   214   207 10125   280    10 -9999 -9999     0
2021 03 15 21   208   196 10122   320    20 -9999 -9999     0
2021 03 16 00   218   190 10135   240    30 -9999 -9999     0
2021 03 16 03   244   183 10145   180    30 -9999 -9999     0
2021 03 16 06   270   191 10113   210    50 -9999 -9999     0
2021 03 16 09   261   190 10096   250    50 -9999 -9999     0
2021 03 16 12   255   189 10106   260    40 -9999 -9999     0
2021 03 16 18   241   178 10119   270    40 -9999 -9999     0
2021 03 16 21   205   186 10111   340    50 -9999 -9999     0
2021 03 17 00   223   197 10128   260    30 -9999 -9999     0
2021 03 17 03   256   188 10130   210    30 -9999 -9999     0
2021 03 17 06   275   190 10105   220    60 -9999 -9999     0
2021 03 17 09   283   192 10085   240    40 -9999 -9999     0
2021 03 17 12   261   193 10095   240    40 -9999 -9999     0
2021 03 17 18   242   191 10109   240    40 -9999 -9999     0
2021 03 17 21   225   189 10110   250    20 -9999 -9999 -9999
2021 03 18 00   221   193 10132   340    10 -9999 -9999     0
2021 03 18 03   245   196 10139    50    10 -9999 -9999     0
2021 03 18 06   250   198 10107    60    10 -9999 -9999     0
2021 03 18 09   246   215 10084   360    20 -9999 -9999     0
2021 03 18 12   237   203 10093   334    34 -9999 -9999 -9999
2021 03 18 18   235   196 10109   250    30 -9999 -9999     0
2021 03 18 21   234   202 10106   260    20 -9999 -9999     0
2021 03 19 00   235   204 10118   240    10 -9999 -9999     0
2021 03 19 03   251   201 10121   220    30 -9999 -9999     0
2021 03 19 06   272   200 10088   210    40 -9999 -9999     0
2021 03 19 09   277   208 10065   150    20 -9999 -9999     0
2021 03 19 12   260   196 10077   210    30 -9999 -9999     0
2021 03 19 18   231   197 10101   340    30 -9999 -9999     0
2021 03 19 21   229   197 10096    10    40 -9999 -9999     0
2021 03 20 00   218   208 10113   360    30 -9999 -9999     3
2021 03 20 03   249   204 10119    50    20 -9999 -9999     3
2021 03 20 06   239   214 10098   290    10 -9999 -9999 -9999
2021 03 20 09   212   191 10090    50    40 -9999 -9999     0
2021 03 20 12   190   164 10110    40    60 -9999 -9999     0
2021 03 20 18   151   143 10151    50    20 -9999 -9999 -9999
2021 03 20 21   135   127 10163   130    20 -9999 -9999     2
2021 03 21 00   124   116 10201    40    30 -9999 -9999    20
2021 03 21 03   122   109 10232   110    20 -9999 -9999    20
2021 03 21 06   126   105 10226    40    20 -9999 -9999    10
2021 03 21 09   127    95 10215    10    30 -9999 -9999     0
2021 03 21 12   129    90 10231    30    30 -9999 -9999     0
2021 03 21 18   127    72 10257    30    20 -9999 -9999     0
2021 03 21 21   115    84 10259    20    30 -9999 -9999 -9999
2021 03 22 00   116    85 10276    10    20 -9999 -9999     2
2021 03 22 03   131    78 10281    50    30 -9999 -9999     3
2021 03 22 06   149    67 10255    20    30 -9999 -9999     1
2021 03 22 09   149    59 10238    30    30 -9999 -9999     0
2021 03 22 12   133    84 10244   360    30 -9999 -9999     0
2021 03 22 18   135    90 10247   330    20 -9999 -9999     0
2021 03 22 21   138    78 10221    40    20 -9999 -9999     0
2021 03 23 00   144    81 10237    30    20 -9999 -9999     0
2021 03 23 03   154    72 10237    30    40 -9999 -9999     0
2021 03 23 06   165    72 10204    30    20 -9999 -9999     0
2021 03 23 09   160   103 10188    10    10 -9999 -9999     0
2021 03 23 12   150    98 10192    10    30 -9999 -9999     0
2021 03 23 18   145   103 10197    30    20 -9999 -9999     0
2021 03 23 21   127   122 10185    60    20 -9999 -9999     3
2021 03 24 00   134   120 10196    40    30 -9999 -9999     4
2021 03 24 03   169   120 10194    90    50 -9999 -9999     1
2021 03 24 06   206   123 10155    80    50 -9999 -9999     0
2021 03 24 09   224   135 10131    30    20 -9999 -9999     0
2021 03 24 12   197   158 10146   330    20 -9999 -9999     0
2021 03 24 18   197   158 10155   200    20 -9999 -9999     0
2021 03 24 21   184   162 10148    10    50 -9999 -9999     3
2021 03 25 00   176   165 10174    10    40 -9999 -9999    10
2021 03 25 03   198   159 10181    20    60 -9999 -9999     9
2021 03 25 06   205   163 10147    10    60 -9999 -9999     1
2021 03 25 09   208   164 10129    10    70 -9999 -9999     0
2021 03 25 12   210   166 10132    30    50 -9999 -9999     0
2021 03 25 18   204   168 10141   350    30 -9999 -9999     0
2021 03 25 21   198   174 10131   340    30 -9999 -9999     0
2021 03 26 00   201   171 10149    50    30 -9999 -9999     0
2021 03 26 03   230   179 10151    40    30 -9999 -9999     0
2021 03 26 06   241   181 10119    40    30 -9999 -9999     0
2021 03 26 09   231   197 10101    10    10 -9999 -9999     0
2021 03 26 12   222   186 10109   360    40 -9999 -9999     0
2021 03 26 18   225   183 10121   260    10 -9999 -9999     0
2021 03 26 21   213   185 10106   330    20 -9999 -9999     0
2021 03 27 00   212   190 10122   360    20 -9999 -9999     0
2021 03 27 03   240   191 10129   130    10 -9999 -9999     0
2021 03 27 06   250   198 10099   270    20 -9999 -9999     0
2021 03 27 09   254   202 10080   190    20 -9999 -9999     0
2021 03 27 12   234   205 10095   350    40 -9999 -9999     0
2021 03 27 18   224   201 10101   340    30 -9999 -9999     0
2021 03 27 21   218   201 10090   340    30 -9999 -9999     0
2021 03 28 00   225   208 10105   270    10 -9999 -9999     0
2021 03 28 03   243   208 10115   260    20 -9999 -9999     0
2021 03 28 06   263   215 10084   250    10 -9999 -9999     0
2021 03 28 09   270   226 10063   351    10 -9999 -9999 -9999
2021 03 28 12   238   213 10064   340    40 -9999 -9999     0
2021 03 28 18   250   215 10063   260    40 -9999 -9999     0
2021 03 28 21   238   213 10057   250    30 -9999 -9999     0
2021 03 29 00   238   221 10072   250    20 -9999 -9999 -9999
2021 03 29 03   259   207 10067   240    50 -9999 -9999     0
2021 03 29 06   263   215 10037   270    40 -9999 -9999     0
2021 03 29 09   268   218 10012   290    50 -9999 -9999     0
2021 03 29 12   270   215 10021   270    50 -9999 -9999     0
2021 03 29 18   251   212 10021   266    32 -9999 -9999 -9999
2021 03 29 21   242   213 10022   270    30 -9999 -9999     0
2021 03 30 00   237   216 10041   260    10 -9999 -9999     0
2021 03 30 03   260   221 10051   230    10 -9999 -9999     0
2021 03 30 06   286   228 10023    70    10 -9999 -9999     0
2021 03 30 09   270   241 10006   360    20 -9999 -9999     0
2021 03 30 12   259   228 10007   340    20 -9999 -9999     0
2021 03 30 18   267   204 10016   261    42 -9999 -9999 -9999
2021 03 30 21   254   213 10013   290    20 -9999 -9999     0
2021 03 31 00   245   218 10036   330    20 -9999 -9999     0
2021 03 31 03   275   225 10040   240    30 -9999 -9999     0
2021 03 31 06   308   224 10012   250    50 -9999 -9999     0
2021 03 31 09   316   220  9997   200    60 -9999 -9999     0
2021 03 31 12   286   211 10014   230    40 -9999 -9999     0
2021 03 31 18   233   199 10032   320    20 -9999 -9999     0
2021 03 31 21   218   197 10030   350    40 -9999 -9999     0
2021 04 01 00   229   201 10058   350    20 -9999 -9999     0
2021 04 01 03   273   204 10067   170    20 -9999 -9999     0
2021 04 01 06   306   214 10037   200    20 -9999 -9999     0
2021 04 01 09   313   218 10014   160    20 -9999 -9999     0
2021 04 01 12   281   223 10028   100    10 -9999 -9999     0
2021 04 01 18   230   209 10057   350    50 -9999 -9999     0
2021 04 01 21   242   209 10062    10    40 -9999 -9999     0
2021 04 02 00   246   213 10090    10    40 -9999 -9999     0
2021 04 02 03   257   216 10097    50    20 -9999 -9999     0
2021 04 02 06   268   220 10079    10    30 -9999 -9999     0
2021 04 02 09   258   221 10063    20    50 -9999 -9999     0
2021 04 02 12   256   221 10076    20    30 -9999 -9999     0
2021 04 02 18   238   215 10096   340    30 -9999 -9999     0
2021 04 02 21   238   215 10092   350    30 -9999 -9999     0
2021 04 03 00   244   221 10113   140    10 -9999 -9999     0
2021 04 03 03   267   212 10127    70    30 -9999 -9999     0
2021 04 03 06   280   215 10111    90    20 -9999 -9999     0
2021 04 03 09   254   219 10102   340    10 -9999 -9999     0
2021 04 03 12   234   222 10116    50    30 -9999 -9999     0
2021 04 03 18   207   185 10136    30    20 -9999 -9999     0
2021 04 03 21   191   163 10138    20    40 -9999 -9999     0
2021 04 04 00   182   153 10165    20    40 -9999 -9999     0
2021 04 04 03   195   147 10179    30    40 -9999 -9999     0
2021 04 04 06   192   149 10163    30    40 -9999 -9999     0
2021 04 04 09   171   160 10154    38    33 -9999 -9999 -9999
2021 04 04 12   171   158 10170    50    30 -9999 -9999     2
2021 04 04 18   166   148 10181    50    30 -9999 -9999     0
2021 04 04 21   164   146 10175    40    30 -9999 -9999     0
2021 04 05 00   164   148 10196    60    50 -9999 -9999     0
2021 04 05 03   182   151 10200    50    30 -9999 -9999     0
2021 04 05 06   207   150 10174    70    50 -9999 -9999     0
2021 04 05 09   217   162 10158    70    40 -9999 -9999     0
2021 04 05 12   199   162 10170    20    30 -9999 -9999     0
2021 04 05 18   180   151 10178   120    10 -9999 -9999     0
2021 04 05 21   176   151 10172     0 -9999 -9999 -9999     0
2021 04 06 00   183   161 10186    70    20 -9999 -9999     0
2021 04 06 03   228   164 10189    70    40 -9999 -9999     0
2021 04 06 06   255   182 10160    60    60 -9999 -9999     0
2021 04 06 09   273   189 10142    50    30 -9999 -9999     0
2021 04 06 12   233   192 10157   350    50 -9999 -9999     0
2021 04 06 18   228   194 10152   230    20 -9999 -9999     0
2021 04 06 21   230   190 10146   290    20 -9999 -9999 -9999
2021 04 07 00   234   189 10162   270    20 -9999 -9999     0
2021 04 07 03   244   199 10160   260    30 -9999 -9999     0
2021 04 07 06   267   191 10135   190    40 -9999 -9999     0
2021 04 07 09   236   213 10112   330    30 -9999 -9999 -9999
2021 04 07 12   246   207 10122   280    20 -9999 -9999 -9999
2021 04 07 18   222   219 10122    60    10 -9999 -9999    50
2021 04 07 21   202   197 10125    80    30 -9999 -9999   190
2021 04 08 00   193   176 10152    20    50 -9999 -9999   190
2021 04 08 03   204   170 10164    40    50 -9999 -9999    20
2021 04 08 06   207   167 10144    30    30 -9999 -9999     0
2021 04 08 09   183   171 10137    50    50 -9999 -9999     7
2021 04 08 12   182   170 10152    50    20 -9999 -9999     7
2021 04 08 18   177   148 10164    20    20 -9999 -9999     0
2021 04 08 21   173   126 10161    30    30 -9999 -9999     0
2021 04 09 00   172   131 10185    20    30 -9999 -9999     0
2021 04 09 03   176   133 10199   360    20 -9999 -9999     0
2021 04 09 06   180   135 10179    50    40 -9999 -9999     0
2021 04 09 09   170   135 10164    30    50 -9999 -9999     0
2021 04 09 12   169   132 10172    30    60 -9999 -9999     0
2021 04 09 18   171   138 10183    10    70 -9999 -9999     0
2021 04 09 21   160   142 10177    20    60 -9999 -9999     0
2021 04 10 00   164   146 10197    20    50 -9999 -9999     0
2021 04 10 03   173   148 10207    30    40 -9999 -9999     0
2021 04 10 06   192   157 10184    60    40 -9999 -9999     0
2021 04 10 09   192   159 10166    70    30 -9999 -9999     0
2021 04 10 12   193   158 10172    20    40 -9999 -9999     0
2021 04 10 18   197   163 10176    20    70 -9999 -9999     0
2021 04 10 21   198   164 10172    10    70 -9999 -9999     0
2021 04 11 00   188   175 10194    40    50 -9999 -9999     9
2021 04 11 03   225   189 10192    40    40 -9999 -9999    10
2021 04 11 06   265   194 10163    90    20 -9999 -9999     3
2021 04 11 09   265   210 10138    10    10 -9999 -9999     0
2021 04 11 12   237   204 10146   340    40 -9999 -9999     0
2021 04 11 18   233   192 10159   240    30 -9999 -9999     0
2021 04 11 21   227   191 10149   290    30 -9999 -9999     0
2021 04 12 00   228   196 10163   330    20 -9999 -9999     0
2021 04 12 03   251   195 10172   150    10 -9999 -9999     0
2021 04 12 06   262   205 10146   240    40 -9999 -9999     0
2021 04 12 09   267   208 10121   270    30 -9999 -9999     0
2021 04 12 12   249   208 10132   330    30 -9999 -9999     0
2021 04 12 18   239   206 10137   310    20 -9999 -9999     0
2021 04 12 21   226   203 10134   330    30 -9999 -9999     0
2021 04 13 00   240   207 10149   260    30 -9999 -9999     0
2021 04 13 03   272   210 10150   210    30 -9999 -9999     0
2021 04 13 06   285   218 10125   220    40 -9999 -9999     0
2021 04 13 09   294   211 10097   280    20 -9999 -9999     0
2021 04 13 12   254   211 10101   330    30 -9999 -9999     0
2021 04 13 18   254   215 10117   260    30 -9999 -9999     0
2021 04 13 21   243   214 10111   260    20 -9999 -9999     0
2021 04 14 00   243   202 10126   270    20 -9999 -9999     0
2021 04 14 03   260   212 10129   250    30 -9999 -9999     0
2021 04 14 06   278   221 10108   280    30 -9999 -9999     0
2021 04 14 09   271   216 10086   250    30 -9999 -9999     0
2021 04 14 12   242   221 10093   180    10 -9999 -9999     0
2021 04 14 18   220   205 10113   190    20 -9999 -9999     0
2021 04 14 21   213   198 10111    90    20 -9999 -9999     0
2021 04 15 00   210   193 10123    70    30 -9999 -9999     0
2021 04 15 03   222   197 10130    82    12 -9999 -9999 -9999
2021 04 15 06   234   200 10109   340    10 -9999 -9999     0
2021 04 15 09   238   203 10094   220    20 -9999 -9999     0
2021 04 15 12   228   209 10105    10    10 -9999 -9999     0
2021 04 15 18   210   205 10117   130    20 -9999 -9999     8
2021 04 15 21   202   199 10118   190    10 -9999 -9999    10
2021 04 16 00   203   196 10135    40    30 -9999 -9999     8
2021 04 16 03   213   196 10145    50    30 -9999 -9999     0
2021 04 16 06   232   202 10129    60    40 -9999 -9999     0
2021 04 16 09   231   204 10115   360    30 -9999 -9999     0
2021 04 16 12   225   206 10136    20    20 -9999 -9999     3
2021 04 16 18   202   199 10152   220    20 -9999 -9999     2
2021 04 16 21   200   193 10150    70    10 -9999 -9999     2
2021 04 17 00   209   177 10172    30    30 -9999 -9999     2
2021 04 17 03   215   183 10185    70    30 -9999 -9999     0
2021 04 17 06   227   178 10166    50    30 -9999 -9999     0
2021 04 17 09   206   178 10156    20    50 -9999 -9999     5
2021 04 17 12   211   177 10165    50    30 -9999 -9999     5
2021 04 17 18   216   168 10152    20    60 -9999 -9999     0
2021 04 17 21   191   183 10151    90    10 -9999 -9999    30
2021 04 18 00   192   179 10153   360    90 -9999 -9999   130
2021 04 18 03   192   180 10156    20    60 -9999 -9999   140
2021 04 18 06   194   181 10140    10    20 -9999 -9999    90
2021 04 18 09   198   181 10122    20    20 -9999 -9999    50
2021 04 18 12   192   173 10130    10    70 -9999 -9999    20
2021 04 18 18   186   179 10124    10    50 -9999 -9999    50
2021 04 18 21   192   177 10109    10    70 -9999 -9999    40
2021 04 19 00   192   177 10122    10    50 -9999 -9999    40
2021 04 19 03   196   176 10124    20    60 -9999 -9999    50
2021 04 19 06   194   177 10106    10    60 -9999 -9999    60
2021 04 19 09   197   177 10094    10    90 -9999 -9999    60
2021 04 19 12   196   177 10104    40    70 -9999 -9999    30
2021 04 19 18   197   180 10107    40    50 -9999 -9999    10
2021 04 19 21   192   180 10102    50    60 -9999 -9999     4
2021 04 20 00   197   180 10119   360    90 -9999 -9999     0
2021 04 20 03   214   193 10127    10    60 -9999 -9999     1
2021 04 20 06   238   195 10101    10    60 -9999 -9999     1
2021 04 20 09   221   195 10086    30    50 -9999 -9999     0
2021 04 20 12   225   199 10094    30    60 -9999 -9999     0
2021 04 20 18   216   197 10116    10    50 -9999 -9999 -9999
2021 04 20 21   218   199 10105    10    50 -9999 -9999     0
