2021 01 01 00    39   -21 10300    60    20 -9999 -9999     0
2021 01 01 03    95   -72 10296    20    20 -9999 -9999     0
2021 01 01 06   129   -47 10257   100    20 -9999 -9999     0
2021 01 01 09   146   -47 10241   230    20 -9999 -9999     0
2021 01 01 12   108   -13 10253   120    20 -9999 -9999     0
2021 01 01 15    72    17 10257    30    20 -9999 -9999     0
2021 01 01 18    55    20 10261    20    30 -9999 -9999     0
2021 01 01 21    42    22 10254    30    20 -9999 -9999     0
2021 01 02 00    39    23 10266    30    20 -9999 -9999     0
2021 01 02 03   113    -5 10263   110    20 -9999 -9999     0
2021 01 02 06   165   -41 10216    70    10 -9999 -9999     0
2021 01 02 09   170   -16 10201    40    10 -9999 -9999     0
2021 01 02 12   128    12 10210    50    20 -9999 -9999     0
2021 01 02 15    95    28 10227    40    20 -9999 -9999     0
2021 01 02 18    72    42 10239    40    30 -9999 -9999     0
2021 01 02 21    60    37 10239    40    20 -9999 -9999     0
2021 01 03 00    60    28 10254    40    20 -9999 -9999     0
2021 01 03 03   135    30 10253   250    10 -9999 -9999     0
2021 01 03 06   179    18 10226   360    10 -9999 -9999     0
2021 01 03 09   192     3 10218   210    10 -9999 -9999     0
2021 01 03 12   137    43 10230    40    30 -9999 -9999     0
2021 01 03 15   112    49 10239    10    20 -9999 -9999     0
2021 01 03 18   119    26 10233    10    10 -9999 -9999     0
2021 01 03 21   118    28 10230   360    20 -9999 -9999     0
2021 01 04 00   114    37 10246    10    10 -9999 -9999     0
2021 01 04 03   151    16 10248    40    20 -9999 -9999     0
2021 01 04 06   172    31 10216    60    10 -9999 -9999     0
2021 01 04 09   170    33 10207    50    20 -9999 -9999     0
2021 01 04 12   156    46 10212    40    10 -9999 -9999     0
2021 01 04 15   146    64 10221    40    20 -9999 -9999     0
2021 01 04 18   144    52 10218    40    20 -9999 -9999     0
2021 01 04 21   133    66 10213   360    10 -9999 -9999     0
2021 01 05 00   129    67 10234   340    10 -9999 -9999     0
2021 01 05 03   164    38 10238    30    20 -9999 -9999     0
2021 01 05 06   196    45 10205   260    20 -9999 -9999     0
2021 01 05 09   175    48 10205   270    30 -9999 -9999     0
2021 01 05 12   162    39 10218    50    20 -9999 -9999     0
2021 01 05 15   145    27 10229    20    20 -9999 -9999     0
2021 01 05 18   129    25 10228    40    40 -9999 -9999     0
2021 01 05 21   113    18 10227    30    40 -9999 -9999     0
2021 01 06 00   105    18 10241    30    40 -9999 -9999     0
2021 01 06 03   127    28 10236    30    20 -9999 -9999     0
2021 01 06 06   152    37 10195    20    20 -9999 -9999     0
2021 01 06 09   141    38 10193    20    30 -9999 -9999     0
2021 01 06 12   124    31 10206    30    30 -9999 -9999     0
2021 01 06 15   117    30 10215    50    40 -9999 -9999     0
2021 01 06 18   108    31 10218    30    30 -9999 -9999     0
2021 01 06 21   100    31 10222    30    40 -9999 -9999     0
2021 01 07 00    86    32 10249    30    40 -9999 -9999     0
2021 01 07 03    78    31 10265    40    50 -9999 -9999     0
2021 01 07 06    71    33 10242    30    30 -9999 -9999     0
2021 01 07 09    64    25 10247    30    30 -9999 -9999     0
2021 01 07 12    59    11 10267    30    40 -9999 -9999     0
2021 01 07 15    51    -1 10284    30    30 -9999 -9999     0
2021 01 07 18    25    25 10296    20    30 -9999 -9999     3
2021 01 07 21    21    17 10296    30    30 -9999 -9999     8
2021 01 08 00    21    14 10309    10    20 -9999 -9999    10
2021 01 08 03    33    -2 10317    50    20 -9999 -9999     6
2021 01 08 06    45   -30 10289    40    30 -9999 -9999     0
2021 01 08 09    45   -45 10285    50    20 -9999 -9999     0
2021 01 08 12    42   -36 10295    20    10 -9999 -9999     0
2021 01 08 15    42   -56 10293    50    20 -9999 -9999     0
2021 01 08 18    43   -63 10296    30    20 -9999 -9999     0
2021 01 08 21    42   -73 10283    30    30 -9999 -9999     0
2021 01 09 00    43   -69 10291    30    20 -9999 -9999     0
2021 01 09 03    57   -56 10293    40    20 -9999 -9999     0
2021 01 09 06    76   -62 10258    40    20 -9999 -9999     0
2021 01 09 09    79   -55 10243    50    20 -9999 -9999     0
2021 01 09 12    74   -53 10257    40    10 -9999 -9999     0
2021 01 09 15    72   -48 10267   360    20 -9999 -9999     0
2021 01 09 18    71   -46 10265    20    10 -9999 -9999     0
2021 01 09 21    70   -44 10253    30    20 -9999 -9999     0
2021 01 10 00    70   -57 10265    40    20 -9999 -9999     0
2021 01 10 03    81   -47 10274    40    30 -9999 -9999     0
2021 01 10 06    94   -42 10243    40    20 -9999 -9999     0
2021 01 10 09    87   -41 10239    20    20 -9999 -9999     0
2021 01 10 12    79   -52 10257    40    20 -9999 -9999     0
2021 01 10 15    75   -59 10276    30    20 -9999 -9999     0
2021 01 10 18    60   -14 10287   360    20 -9999 -9999 -9999
2021 01 10 21    40     5 10297   360    40 -9999 -9999     1
2021 01 11 00    35    -1 10325   340    10 -9999 -9999     9
2021 01 11 03    43    -1 10340    10    10 -9999 -9999    10
2021 01 11 06    62     3 10305   240    20 -9999 -9999     5
2021 01 11 09    87   -11 10290   190    10 -9999 -9999     1
2021 01 11 12    66   -25 10302    50    10 -9999 -9999     0
2021 01 11 15    44   -62 10314   350    20 -9999 -9999     0
2021 01 11 18    35    20 10313   210    10 -9999 -9999     0
2021 01 11 21    17     7 10299   180    10 -9999 -9999     0
2021 01 12 00    10    10 10308   100    10 -9999 -9999     0
2021 01 12 03    79   -24 10301   300    10 -9999 -9999     0
2021 01 12 06   136   -55 10250   240    20 -9999 -9999     0
2021 01 12 09   156   -54 10220   260    10 -9999 -9999     0
2021 01 12 12   110   -17 10220   130    20 -9999 -9999     0
2021 01 12 15    63     8 10230    50    20 -9999 -9999     0
2021 01 12 18    45    22 10227   100    20 -9999 -9999     0
2021 01 12 21    25    13 10218    40    30 -9999 -9999     0
2021 01 13 00    28    24 10230   350    10 -9999 -9999     0
2021 01 13 03    99     5 10232   350    10 -9999 -9999     0
2021 01 13 06   159   -41 10188   360    10 -9999 -9999     0
2021 01 13 09   165   -31 10177   270    10 -9999 -9999     0
2021 01 13 12   120    -2 10185    40    20 -9999 -9999     0
2021 01 13 15    90    12 10199    40    10 -9999 -9999     0
2021 01 13 18    71    26 10197   100    10 -9999 -9999     0
2021 01 13 21    69    14 10190   250    10 -9999 -9999     0
2021 01 14 00    57    18 10200    20    20 -9999 -9999     0
2021 01 14 03   135    18 10203   340    10 -9999 -9999     0
2021 01 14 06   201   -23 10165   320    10 -9999 -9999     0
2021 01 14 09   205   -13 10155   250    20 -9999 -9999     0
2021 01 14 12   154    12 10163    80    20 -9999 -9999     0
2021 01 14 15   119    26 10175   100    20 -9999 -9999     0
2021 01 14 18    88    44 10176    70    20 -9999 -9999     0
2021 01 14 21    79    39 10169    70    10 -9999 -9999     0
2021 01 15 00    71    56 10178    70    10 -9999 -9999     0
2021 01 15 03   142    39 10185   330    10 -9999 -9999     0
2021 01 15 06   210     2 10150   120    10 -9999 -9999     0
2021 01 15 09   222     7 10139   290    10 -9999 -9999     0
2021 01 15 12   170    30 10150    40    20 -9999 -9999     0
2021 01 15 15   127    56 10157    40    30 -9999 -9999     0
2021 01 15 18   103    64 10163    70    20 -9999 -9999     0
2021 01 15 21   104    45 10166    30    20 -9999 -9999     0
2021 01 16 00    96    58 10184    10    10 -9999 -9999     0
2021 01 16 03   148    71 10193    10    10 -9999 -9999     0
2021 01 16 06   194    62 10159   130    20 -9999 -9999     0
2021 01 16 09   214    49 10157   120    20 -9999 -9999     0
2021 01 16 12   174    77 10181    40    30 -9999 -9999     0
2021 01 16 15   165    42 10206    60    40 -9999 -9999     0
2021 01 16 18   146    25 10222    50    60 -9999 -9999     0
2021 01 16 21   124     8 10244    40    40 -9999 -9999     0
2021 01 17 00   113     1 10284    40    30 -9999 -9999     0
2021 01 17 03   130    -6 10304   350    50 -9999 -9999     0
2021 01 17 06   135   -17 10279    10    40 -9999 -9999     0
2021 01 17 09   124   -12 10276   340    40 -9999 -9999     0
2021 01 17 12    97    -8 10294   300    30 -9999 -9999     0
2021 01 17 15    95   -10 10291    90    20 -9999 -9999     0
2021 01 17 18    93    -6 10287    50    20 -9999 -9999     0
2021 01 17 21    83   -12 10276    60    10 -9999 -9999     0
2021 01 18 00    68     5 10280    30    20 -9999 -9999     0
2021 01 18 03   117   -32 10278    40    20 -9999 -9999     0
2021 01 18 06   158   -13 10230   240    20 -9999 -9999     0
2021 01 18 09   167   -14 10212     0 -9999 -9999 -9999     0
2021 01 18 12   125    18 10220   110    20 -9999 -9999     0
2021 01 18 15    88    34 10225    50    30 -9999 -9999     0
2021 01 18 18    70    34 10220    20    30 -9999 -9999     0
2021 01 18 21    58    26 10211    40    10 -9999 -9999     0
2021 01 19 00    48    42 10223    40    30 -9999 -9999     0
2021 01 19 03   130    23 10229    10    10 -9999 -9999     0
2021 01 19 06   188    13 10191   120    20 -9999 -9999     0
2021 01 19 09   194    19 10175    90    20 -9999 -9999     0
2021 01 19 12   150    38 10184    30    20 -9999 -9999     0
2021 01 19 15   114    51 10196    60    20 -9999 -9999     0
2021 01 19 18   101    55 10198   100    20 -9999 -9999     0
2021 01 19 21    78    58 10189    50    20 -9999 -9999     0
2021 01 20 00    94    46 10206   100    30 -9999 -9999     0
2021 01 20 03   161    48 10210   350    10 -9999 -9999     0
2021 01 20 06   214    90 10168   130    10 -9999 -9999     0
2021 01 20 09   207    93 10158    90    10 -9999 -9999     0
2021 01 20 12   194   112 10171   130    10 -9999 -9999     0
2021 01 20 15   171   132 10185   120    20 -9999 -9999 -9999
2021 01 20 18   151   151 10175    70    10 -9999 -9999     2
2021 01 20 21   147   147 10171    60    10 -9999 -9999     7
2021 01 21 00   146   146 10178    10    10 -9999 -9999    10
2021 01 21 03   167   167 10183    30    20 -9999 -9999    10
2021 01 21 06   183   177 10155   220    10 -9999 -9999     5
2021 01 21 09   192   172 10152     0 -9999 -9999 -9999     0
2021 01 21 12   177   177 10159    70    20 -9999 -9999     0
2021 01 21 15   173   173 10171   360    10 -9999 -9999     0
2021 01 21 18   166   166 10160    60    10 -9999 -9999     0
2021 01 21 21   159   159 10151    80    10 -9999 -9999     0
2021 01 22 00   152   152 10173    20    10 -9999 -9999     0
2021 01 22 03   174   168 10178   340    20 -9999 -9999     1
2021 01 22 06   219   153 10140   250    20 -9999 -9999     1
2021 01 22 09   219   138 10125   130    10 -9999 -9999     0
2021 01 22 12   192   153 10140   140    20 -9999 -9999     0
2021 01 22 15   168   165 10151    10    10 -9999 -9999     0
2021 01 22 18   158   158 10155   320    10 -9999 -9999     0
2021 01 22 21   149   144 10155    20    10 -9999 -9999     0
2021 01 23 00   132   109 10169    20    20 -9999 -9999     0
2021 01 23 03   187   108 10177    40    20 -9999 -9999     0
2021 01 23 06   223   117 10140   120    20 -9999 -9999     0
2021 01 23 09   231   118 10128   140    10 -9999 -9999     0
2021 01 23 12   190   130 10143   110    20 -9999 -9999     0
2021 01 23 15   154   141 10152    50    30 -9999 -9999     0
2021 01 23 18   151   130 10162    50    20 -9999 -9999     0
2021 01 23 21   145   134 10160   100    40 -9999 -9999     0
2021 01 24 00   141   128 10174    60    20 -9999 -9999     0
2021 01 24 03   203   120 10172   110    30 -9999 -9999     0
2021 01 24 06   245   128 10134   120    30 -9999 -9999     0
2021 01 24 09   236   138 10122   120    40 -9999 -9999     0
2021 01 24 12   209   141 10139   120    40 -9999 -9999     0
2021 01 24 15   192   151 10154   110    30 -9999 -9999     0
2021 01 24 18   179   159 10161   110    20 -9999 -9999     0
2021 01 24 21   169   161 10163   120    30 -9999 -9999     0
2021 01 25 00   169   161 10182    50    30 -9999 -9999     0
2021 01 25 03   207   153 10193    90    20 -9999 -9999     0
2021 01 25 06   235   156 10164   130    10 -9999 -9999     0
2021 01 25 09   236   154 10156    60    10 -9999 -9999     0
2021 01 25 12   211   161 10164    30    20 -9999 -9999     0
2021 01 25 15   192   175 10173    40    20 -9999 -9999     0
2021 01 25 18   185   159 10176   360    30 -9999 -9999     0
2021 01 25 21   156   110 10183    40    30 -9999 -9999     0
2021 01 26 00   147    89 10202    40    20 -9999 -9999     0
2021 01 26 03   171    98 10211    40    20 -9999 -9999     0
2021 01 26 06   213   111 10176    20    10 -9999 -9999     0
2021 01 26 09   201    99 10164   350    20 -9999 -9999     0
2021 01 26 12   172    86 10176    20    30 -9999 -9999     0
2021 01 26 15   155    80 10187    30    30 -9999 -9999     0
2021 01 26 18   147    80 10186    30    30 -9999 -9999     0
2021 01 26 21   139    74 10182    50    40 -9999 -9999     0
2021 01 27 00   137    75 10200    60    40 -9999 -9999     0
2021 01 27 03   163    90 10207    40    20 -9999 -9999     0
2021 01 27 06   218   115 10163   110    20 -9999 -9999     0
2021 01 27 09   234   121 10145    20    10 -9999 -9999     0
2021 01 27 12   204   131 10166    30    20 -9999 -9999     0
2021 01 27 15   189   122 10193    20    20 -9999 -9999     0
2021 01 27 18   176    98 10205   360    30 -9999 -9999     0
2021 01 27 21   158    85 10210    50    30 -9999 -9999     0
2021 01 28 00   143    71 10240    40    30 -9999 -9999     0
2021 01 28 03   144    67 10263    10    20 -9999 -9999     0
2021 01 28 06   157    62 10241    40    20 -9999 -9999     0
2021 01 28 09   155    60 10229    40    30 -9999 -9999     0
2021 01 28 12   144    55 10244    50    10 -9999 -9999     0
2021 01 28 15   131    40 10253    50    30 -9999 -9999     0
2021 01 28 18   114    34 10255    50    40 -9999 -9999     0
2021 01 28 21   107    33 10244    60    50 -9999 -9999     0
2021 01 29 00    97    51 10254    60    10 -9999 -9999     0
2021 01 29 03   155    39 10259    60    20 -9999 -9999     0
2021 01 29 06   185    36 10219   130    40 -9999 -9999     0
2021 01 29 09   187    52 10200    90    20 -9999 -9999     0
2021 01 29 12   177    59 10208    90    10 -9999 -9999     0
2021 01 29 15   158    81 10215    90    20 -9999 -9999     0
2021 01 29 18   131    95 10217    70    20 -9999 -9999     0
2021 01 29 21   122    89 10217    90    20 -9999 -9999     0
2021 01 30 00   121   100 10234   110    10 -9999 -9999     0
2021 01 30 03   156    69 10247    70    20 -9999 -9999     0
2021 01 30 06   202    69 10213   120    10 -9999 -9999     0
2021 01 30 09   205    78 10200   110    20 -9999 -9999     0
2021 01 30 12   174    85 10211    70    20 -9999 -9999     0
2021 01 30 15   145    89 10219    20    30 -9999 -9999     0
2021 01 30 18   130    96 10221    80    20 -9999 -9999     0
2021 01 30 21   116    99 10216    80    20 -9999 -9999     0
2021 01 31 00   119    95 10226    70    30 -9999 -9999     0
2021 01 31 03   185    98 10234    30    10 -9999 -9999     0
2021 01 31 06   238   121 10200   110    20 -9999 -9999     0
2021 01 31 09   240   113 10181    90    20 -9999 -9999     0
2021 01 31 12   215   121 10193    30    20 -9999 -9999     0
2021 01 31 15   199   122 10205    90    20 -9999 -9999     0
2021 01 31 18   172   129 10201    90    20 -9999 -9999     0
2021 01 31 21   153   140 10194    30    10 -9999 -9999     0
2021 02 01 00   157   130 10205    50    10 -9999 -9999     0
2021 02 01 03   211   128 10212   120    20 -9999 -9999     0
2021 02 01 06   240   126 10179   240    10 -9999 -9999     0
2021 02 01 09   238   125 10170   260    10 -9999 -9999     0
2021 02 01 12   211   133 10178   120    20 -9999 -9999     0
2021 02 01 15   185   144 10193    80    20 -9999 -9999     0
2021 02 01 18   169   151 10196    10    20 -9999 -9999     0
2021 02 01 21   161   151 10194    90    10 -9999 -9999     0
2021 02 02 00   153   145 10213    30    10 -9999 -9999     0
2021 02 02 03   218   121 10220   360    10 -9999 -9999     0
2021 02 02 06   261   136 10179   140    30 -9999 -9999     0
2021 02 02 09   271   131 10168    80    10 -9999 -9999     0
2021 02 02 12   229   134 10182    50    20 -9999 -9999     0
2021 02 02 15   203   142 10196    40    20 -9999 -9999     0
2021 02 02 18   191   154 10198   100    10 -9999 -9999     0
2021 02 02 21   188   157 10199   100    20 -9999 -9999 -9999
2021 02 03 00   183   159 10220    50    20 -9999 -9999     0
2021 02 03 03   226   155 10228    90    20 -9999 -9999     0
2021 02 03 06   242   140 10196   120    30 -9999 -9999     0
2021 02 03 09   236   138 10189    90    30 -9999 -9999     0
2021 02 03 12   212   141 10201    40    20 -9999 -9999     0
2021 02 03 15   184   158 10212    40    20 -9999 -9999     0
2021 02 03 18   169   161 10209    40    20 -9999 -9999     0
2021 02 03 21   154   154 10210    60    20 -9999 -9999     0
2021 02 04 00   152   152 10232   100    20 -9999 -9999     0
2021 02 04 03   215   142 10238    80    20 -9999 -9999     0
2021 02 04 06   256   138 10194    90    30 -9999 -9999     0
2021 02 04 09   263   113 10174    80    30 -9999 -9999     0
2021 02 04 12   229   113 10182   100    30 -9999 -9999     0
2021 02 04 15   205   127 10193   130    20 -9999 -9999     0
2021 02 04 18   177   136 10190    40    30 -9999 -9999     0
2021 02 04 21   162   140 10190   100    10 -9999 -9999     0
2021 02 05 00   145   143 10212    40    20 -9999 -9999     0
2021 02 05 03   228   118 10221   110    20 -9999 -9999     0
2021 02 05 06   258   116 10186   130    10 -9999 -9999     0
2021 02 05 09   262    95 10167   140    10 -9999 -9999     0
2021 02 05 12   223   108 10175   110    10 -9999 -9999     0
2021 02 05 15   185   118 10183    90    20 -9999 -9999     0
2021 02 05 18   158   116 10182   360    10 -9999 -9999     0
2021 02 05 21   140   124 10179    60    20 -9999 -9999     0
2021 02 06 00   134   125 10200    40    20 -9999 -9999     0
2021 02 06 03   215   118 10208   120    10 -9999 -9999     0
2021 02 06 06   260   128 10165   260    20 -9999 -9999     0
2021 02 06 09   268   109 10142    40    10 -9999 -9999     0
2021 02 06 12   225   122 10150   100    20 -9999 -9999     0
2021 02 06 15   186   126 10162    60    20 -9999 -9999     0
2021 02 06 18   165   128 10164    10    10 -9999 -9999     0
2021 02 06 21   151   136 10163    40    30 -9999 -9999     0
2021 02 07 00   161   132 10183     0 -9999 -9999 -9999     0
2021 02 07 03   226   131 10195   130    10 -9999 -9999     0
2021 02 07 06   285   128 10157   270    10 -9999 -9999     0
2021 02 07 09   280   111 10150   290    10 -9999 -9999     0
2021 02 07 12   240   120 10161    70    10 -9999 -9999     0
2021 02 07 15   205   132 10176    50    20 -9999 -9999     0
2021 02 07 18   186   132 10175    50    20 -9999 -9999     0
2021 02 07 21   181   132 10172    60    20 -9999 -9999     0
2021 02 08 00   175   136 10189    50    20 -9999 -9999     0
2021 02 08 03   216   130 10202    20    10 -9999 -9999     0
2021 02 08 06   222   125 10175    80    10 -9999 -9999     0
2021 02 08 09   215   144 10181   130    20 -9999 -9999 -9999
2021 02 08 12   197   147 10192    80    20 -9999 -9999     2
2021 02 08 15   183   125 10203    30    30 -9999 -9999     2
2021 02 08 18   149   141 10201    40    20 -9999 -9999    10
2021 02 08 21   133   133 10187    50    40 -9999 -9999    40
2021 02 09 00   127   127 10198    50    40 -9999 -9999    90
2021 02 09 03   129   129 10205    40    40 -9999 -9999   100
2021 02 09 06   135   135 10170    40    40 -9999 -9999    40
2021 02 09 12   124   124 10179    40    30 -9999 -9999   150
2021 02 09 15   118   118 10180    40    20 -9999 -9999   250
2021 02 09 18   113   113 10175    50    20 -9999 -9999   360
2021 02 09 21   113   113 10158    30    20 -9999 -9999   290
2021 02 10 00   116   116 10158   100    30 -9999 -9999   140
2021 02 10 03   123   123 10175   290    30 -9999 -9999    80
2021 02 10 06   149   138 10155   320    10 -9999 -9999    20
2021 02 10 09   152   136 10150    50    10 -9999 -9999     1
2021 02 11 00   134   104 10178   110    10 -9999 -9999     0
2021 02 13 12   190    95 10168   100    10 -9999 -9999     0
2021 02 13 15   153   126 10183    40    20 -9999 -9999     0
2021 02 13 18   139   130 10177   100    10 -9999 -9999     0
2021 02 13 21   120   120 10170    50    20 -9999 -9999     0
2021 02 14 00   117   117 10191    40    20 -9999 -9999     0
2021 02 14 03   194   122 10193   140    10 -9999 -9999     0
2021 02 14 06   238   121 10157   240    30 -9999 -9999     0
2021 02 14 09   252   121 10137   230    20 -9999 -9999     0
2021 02 14 12   214   120 10145   110    10 -9999 -9999     0
2021 02 14 15   171   138 10152    70    20 -9999 -9999     0
2021 02 14 18   148   146 10147    90    10 -9999 -9999     0
2021 02 14 21   130   130 10145    40    20 -9999 -9999     0
2021 02 15 00   131   131 10168    70    20 -9999 -9999     0
2021 02 15 03   205   139 10175   130    10 -9999 -9999     0
2021 02 15 06   255   124 10137   110    10 -9999 -9999     0
2021 02 15 09   264   128 10116   100    10 -9999 -9999     0
2021 02 15 12   228   130 10127    60    20 -9999 -9999     0
2021 02 15 15   214   138 10140   100    20 -9999 -9999     0
2021 02 15 18   198   148 10144   140    20 -9999 -9999     0
2021 02 15 21   178   160 10136   170    10 -9999 -9999     0
2021 02 16 00   169   163 10158    40    10 -9999 -9999     0
2021 02 16 03   228   138 10175   190    10 -9999 -9999     0
2021 02 16 06   235   125 10155   240    20 -9999 -9999     0
2021 02 16 09   233   140 10152   330    30 -9999 -9999     0
2021 02 16 12   205   135 10173    20    20 -9999 -9999     0
2021 02 16 15   175   118 10198    20    20 -9999 -9999     0
2021 02 16 18   154   104 10200   360    20 -9999 -9999     0
2021 02 16 21   139    97 10208    60    30 -9999 -9999     0
2021 02 17 00   142   102 10230    20    10 -9999 -9999     0
2021 02 17 03   187    95 10238    10    20 -9999 -9999     0
2021 02 17 06   223    98 10208   340    20 -9999 -9999     0
2021 02 17 09   229    97 10201   340    20 -9999 -9999     0
2021 02 17 12   189    99 10219    20    20 -9999 -9999     0
2021 02 17 15   160   105 10240    44    25 -9999 -9999 -9999
2021 02 17 18   142    84 10242    40    40 -9999 -9999     0
2021 02 17 21   140    66 10244    60    40 -9999 -9999     0
2021 02 18 00   141    89 10260   100    30 -9999 -9999     0
2021 02 18 03   196    74 10279    50    10 -9999 -9999     0
2021 02 18 06   229    24 10247    60    10 -9999 -9999     0
2021 02 18 09   224    20 10233    70    10 -9999 -9999     0
2021 02 18 12   194    51 10241   120    10 -9999 -9999     0
2021 02 18 15   157    80 10251    50    10 -9999 -9999     0
2021 02 18 18   125    97 10244    42    30 -9999 -9999 -9999
2021 02 18 21   125    86 10241   240    10 -9999 -9999     0
2021 02 19 00   118    99 10260    50    20 -9999 -9999     0
2021 02 19 03   181    57 10264   120    10 -9999 -9999     0
2021 02 19 06   229    34 10228   280    20 -9999 -9999     0
2021 02 19 09   233    48 10208   190    20 -9999 -9999     0
2021 02 20 15   176   125 10174    55     3 -9999 -9999 -9999
2021 02 20 18   160   137 10177    55    23 -9999 -9999 -9999
2021 02 20 21   157   137 10169   107    11 -9999 -9999 -9999
2021 02 21 00   146   144 10184    53    21 -9999 -9999 -9999
2021 02 21 03   197   137 10187     2     6 -9999 -9999 -9999
2021 02 21 06   255   126 10156   239    17 -9999 -9999 -9999
2021 02 21 12   225   127 10144   116    15 -9999 -9999 -9999
2021 02 21 15   196   140 10157   123    22 -9999 -9999 -9999
2021 02 21 18   167   152 10159    26    21 -9999 -9999 -9999
2021 02 21 21   162   152 10155   111     9 -9999 -9999 -9999
2021 02 22 00   165   157 10170    23     4 -9999 -9999 -9999
2021 02 22 03   216   138 10174   240    20 -9999 -9999     0
2021 02 22 06   259   141 10143   250    30 -9999 -9999     0
2021 02 22 09   271   135 10125   270    20 -9999 -9999     0
2021 02 22 12   230   146 10140    50    20 -9999 -9999     0
2021 02 22 15   204   156 10158    70    20 -9999 -9999     0
2021 02 22 18   183   165 10158    40    30 -9999 -9999     0
2021 02 22 21   175   164 10150   110    10 -9999 -9999     0
2021 02 23 00   170   165 10168    80    10 -9999 -9999     0
2021 02 23 03   223   163 10172   250    20 -9999 -9999     0
2021 02 23 06   281   167 10132   230    20 -9999 -9999     0
2021 02 23 09   281   151 10111   140    10 -9999 -9999     0
2021 02 23 12   243   171 10116   110    20 -9999 -9999     0
2021 02 23 15   212   174 10129    50    30 -9999 -9999     0
2021 02 23 18   203   175 10129    60    20 -9999 -9999     0
2021 02 23 21   195   176 10126    40    10 -9999 -9999     0
2021 02 24 00   193   156 10142   110    20 -9999 -9999     0
2021 02 24 03   235   150 10150   110    30 -9999 -9999     1
2021 02 24 06   259   156 10111   100    20 -9999 -9999     1
2021 02 24 09   257   154 10084   108    28 -9999 -9999 -9999
2021 02 24 12   237   150 10096   120    30 -9999 -9999     0
2021 02 24 15   202   174 10111   360    30 -9999 -9999     7
2021 02 24 18   193   185 10105    80    20 -9999 -9999    10
2021 02 24 21   192   179 10098   110    10 -9999 -9999     5
2021 02 25 00   191   186 10111    50    10 -9999 -9999     0
2021 02 25 03   204   185 10117    60    20 -9999 -9999     0
2021 02 25 06   201   196 10089   360    10 -9999 -9999     0
2021 02 25 09   191   191 10073    10    20 -9999 -9999    40
2021 02 25 12   188   188 10078    30    20 -9999 -9999    40
2021 02 25 15   188   188 10090    20    20 -9999 -9999     0
2021 02 25 18   186   186 10086    20    10 -9999 -9999     0
2021 02 25 21   185   185 10078    80    10 -9999 -9999     0
2021 02 26 00   160   160 10103    10    30 -9999 -9999     6
2021 02 26 03   144   123 10134    30    30 -9999 -9999    20
2021 02 26 06   132   113 10118    60    40 -9999 -9999    20
2021 02 26 09   129   101 10114    50    40 -9999 -9999     4
2021 02 26 12   117    91 10137    40    40 -9999 -9999     1
2021 02 26 15   115    78 10159    30    40 -9999 -9999     0
2021 02 26 18   110    77 10160    38    30 -9999 -9999 -9999
2021 02 26 21   107    77 10157    44    29 -9999 -9999 -9999
2021 02 27 00   106    71 10173    50    30 -9999 -9999     0
2021 02 27 03   121    74 10188    40    30 -9999 -9999     0
2021 02 27 06   127    88 10164    40    20 -9999 -9999     0
2021 02 27 09   131    92 10150    40    30 -9999 -9999     0
2021 02 27 12   125    99 10166    40    20 -9999 -9999     0
2021 02 27 15   123   105 10176    40    20 -9999 -9999     0
2021 02 27 18   118   113 10171    20    10 -9999 -9999     1
2021 02 27 21   119   119 10155    60    30 -9999 -9999     1
2021 02 28 00   124   124 10173    70    20 -9999 -9999     0
2021 02 28 03   137   132 10177    50    20 -9999 -9999     0
2021 02 28 06   153   140 10148    50    20 -9999 -9999     0
2021 02 28 09   151   151 10132    50    20 -9999 -9999     0
2021 02 28 12   150   150 10138    10    20 -9999 -9999     0
2021 02 28 15   151   151 10152    30    20 -9999 -9999     0
2021 02 28 18   158   158 10152    80    20 -9999 -9999     0
2021 02 28 21   160   160 10152   110    20 -9999 -9999     0
2021 03 01 00   159   159 10167    60    20 -9999 -9999     0
2021 03 01 03   208   172 10176    20    10 -9999 -9999     0
2021 03 01 06   243   180 10154   360    10 -9999 -9999     0
2021 03 01 09   227   189 10154   340    20 -9999 -9999     0
2021 03 01 12   175   136 10184    30    20 -9999 -9999     0
2021 03 01 15   149    91 10215    40    30 -9999 -9999     0
2021 03 01 18   134    80 10221    30    30 -9999 -9999     0
2021 03 01 21   123    70 10222    20    20 -9999 -9999     0
2021 03 02 00   117    74 10241    20    20 -9999 -9999     0
2021 03 02 03   147    63 10244    40    30 -9999 -9999     0
2021 03 02 06   189    83 10209    20    20 -9999 -9999     0
2021 03 02 09   196    86 10190    30    10 -9999 -9999     0
2021 03 02 12   177    91 10195    80    20 -9999 -9999     0
2021 03 02 15   164    79 10218    60    20 -9999 -9999     0
2021 03 02 18   155    87 10212    20    20 -9999 -9999     0
2021 03 02 21   145    82 10205    30    30 -9999 -9999     0
2021 03 03 00   140    82 10218    30    30 -9999 -9999     0
2021 03 03 03   144    86 10227    30    20 -9999 -9999     0
2021 03 03 06   148    90 10202    50    20 -9999 -9999     0
2021 03 03 09   139    99 10193    20    30 -9999 -9999     0
2021 03 03 12   122   116 10206    20    20 -9999 -9999 -9999
2021 03 03 15   121   118 10209    50    20 -9999 -9999     0
2021 03 03 18   122   113 10207   360    20 -9999 -9999     0
2021 03 03 21   116   116 10194   360    30 -9999 -9999     1
2021 03 04 00   116   116 10205    30    20 -9999 -9999    60
2021 03 04 03   127   127 10213    40    10 -9999 -9999    80
2021 03 04 06   136   136 10182   350    20 -9999 -9999    20
2021 03 04 09   135   135 10164    40    20 -9999 -9999     1
2021 03 04 12   135   135 10162    30    20 -9999 -9999     0
2021 03 04 15   139   139 10171    40    20 -9999 -9999     0
2021 03 04 18   143   143 10161    60    20 -9999 -9999     0
2021 03 04 21   147   147 10155    80    20 -9999 -9999     0
2021 03 05 00   151   151 10164   130    10 -9999 -9999    70
2021 03 05 03   170   170 10166    20    10 -9999 -9999    80
2021 03 05 06   186   186 10127    80    30 -9999 -9999    10
2021 03 05 09   195   195 10117    40    20 -9999 -9999     0
2021 03 05 12   181   181 10126    20    20 -9999 -9999     0
2021 03 05 15   181   181 10143    30    20 -9999 -9999     0
2021 03 05 18   181   181 10143    70    20 -9999 -9999     0
2021 03 05 21   179   179 10135    90    30 -9999 -9999     0
2021 03 06 00   180   180 10152   110    20 -9999 -9999 -9999
2021 03 06 03   192   192 10175   220    10 -9999 -9999   100
2021 03 06 06   198   198 10157    20    10 -9999 -9999   170
2021 03 06 09   196   196 10154   350    30 -9999 -9999    70
2021 03 06 12   181   164 10175   360    20 -9999 -9999     1
2021 03 06 15   170   135 10199    50    30 -9999 -9999     0
2021 03 06 18   161   125 10195    30    20 -9999 -9999     0
2021 03 06 21   154   122 10198    10    20 -9999 -9999     0
2021 03 07 00   152   127 10226   350    20 -9999 -9999     0
2021 03 07 03   183   121 10226    10    20 -9999 -9999     0
2021 03 07 06   205   137 10195   280    10 -9999 -9999     0
2021 03 07 09   205   144 10178   110    10 -9999 -9999     0
2021 03 07 12   194   144 10191    90    20 -9999 -9999     0
2021 03 07 15   184   141 10209    40    20 -9999 -9999     0
2021 03 07 18   169   124 10196    20    20 -9999 -9999     0
2021 03 07 21   159   117 10192   360    20 -9999 -9999     0
2021 03 08 00   157   121 10211    60    30 -9999 -9999     0
2021 03 08 03   170   129 10217    40    20 -9999 -9999     0
2021 03 08 06   201   151 10182    60    20 -9999 -9999     0
2021 03 08 09   177   146 10176    10    20 -9999 -9999     0
2021 03 08 12   173   155 10191    50    20 -9999 -9999     0
2021 03 08 15   170   155 10202    60    30 -9999 -9999     0
2021 03 08 18   161   161 10193    20    20 -9999 -9999 -9999
2021 03 08 21   155   155 10185    30    20 -9999 -9999     2
2021 03 09 00   157   157 10206    30    20 -9999 -9999     2
2021 03 09 03   184   162 10217   350    20 -9999 -9999     0
2021 03 09 06   193   160 10192   360    30 -9999 -9999     0
2021 03 09 09   182   153 10181    10    30 -9999 -9999     0
2021 03 09 12   162   146 10199    30    30 -9999 -9999     0
2021 03 09 15   162   144 10206    50    30 -9999 -9999     0
2021 03 09 18   156   145 10197    50    30 -9999 -9999     0
2021 03 09 21   152   141 10189    50    30 -9999 -9999     0
2021 03 10 00   155   153 10210    50    20 -9999 -9999     0
2021 03 10 03   188   155 10211    50    20 -9999 -9999     0
2021 03 10 06   215   162 10179    80    30 -9999 -9999     0
2021 03 10 09   213   165 10165    90    20 -9999 -9999     0
2021 03 10 12   185   172 10175    40    30 -9999 -9999     0
2021 03 10 15   180   169 10199    20    20 -9999 -9999     0
2021 03 10 18   176   173 10191    50    20 -9999 -9999     0
2021 03 10 21   171   171 10187    50    20 -9999 -9999     0
2021 03 11 00   173   173 10207    60    20 -9999 -9999     0
2021 03 11 03   215   177 10211    50    10 -9999 -9999     0
2021 03 11 06   239   181 10184   130    10 -9999 -9999     0
2021 03 11 09   238   187 10167    30    20 -9999 -9999     0
2021 03 11 12   214   186 10187   360    20 -9999 -9999     0
2021 03 11 15   194   174 10203    10    20 -9999 -9999     0
2021 03 11 18   178   168 10197   350    20 -9999 -9999     0
2021 03 11 21   170   160 10194    10    10 -9999 -9999     0
2021 03 12 00   165   162 10215   350    20 -9999 -9999 -9999
2021 03 12 03   191   160 10226   360    10 -9999 -9999     0
2021 03 12 06   239   164 10190    40    10 -9999 -9999     0
2021 03 12 09   245   177 10166   320    30 -9999 -9999     0
2021 03 12 12   212   180 10179   270    20 -9999 -9999     0
2021 03 12 15   196   177 10199   120    10 -9999 -9999     0
2021 03 12 18   181   166 10194   290    20 -9999 -9999     0
2021 03 12 21   171   165 10189    30    10 -9999 -9999     0
2021 03 13 00   173   167 10208    40    10 -9999 -9999     0
2021 03 13 03   215   162 10212    90    10 -9999 -9999     0
2021 03 13 06   245   180 10177   200    10 -9999 -9999     0
2021 03 13 09   255   182 10154    40    20 -9999 -9999     0
2021 03 13 12   228   194 10161    40    20 -9999 -9999     0
2021 03 13 15   205   203 10173    50    10 -9999 -9999     0
2021 03 13 18   198   198 10165    40    20 -9999 -9999     0
2021 03 13 21   189   189 10155    40    10 -9999 -9999     0
2021 03 14 00   193   193 10174    10    10 -9999 -9999     0
2021 03 14 03   245   196 10173    90    20 -9999 -9999     0
2021 03 14 06   252   196 10141   100    20 -9999 -9999     0
2021 03 14 09   255   172 10125   120    30 -9999 -9999     0
2021 03 14 12   231   180 10133   110    20 -9999 -9999     0
2021 03 14 15   216   193 10139   100    30 -9999 -9999     0
2021 03 14 18   203   198 10137   120    10 -9999 -9999     0
2021 03 14 21   190   190 10134   110    20 -9999 -9999     0
2021 03 15 00   198   193 10148   110    30 -9999 -9999     0
2021 03 15 03   246   183 10151   120    30 -9999 -9999     0
2021 03 15 06   263   177 10118   160    30 -9999 -9999     0
2021 03 15 09   255   177 10104    60    10 -9999 -9999     0
2021 03 15 12   238   193 10116    10    20 -9999 -9999     0
2021 03 15 15   227   199 10132    40    10 -9999 -9999     0
2021 03 15 18   207   205 10127   170    10 -9999 -9999     0
2021 03 15 21   202   189 10122   100    30 -9999 -9999     0
2021 03 16 00   206   193 10140   110    20 -9999 -9999     0
2021 03 16 03   257   186 10144    80    10 -9999 -9999     0
2021 03 16 06   288   177 10112    80    10 -9999 -9999     0
2021 03 16 09   283   184 10093   110    20 -9999 -9999     0
2021 03 16 12   262   189 10104   120    20 -9999 -9999     0
2021 03 16 15   253   187 10124   120    20 -9999 -9999     0
2021 03 16 18   235   192 10122   110    20 -9999 -9999     0
2021 03 16 21   221   191 10117   150    10 -9999 -9999     0
2021 03 17 00   217   198 10133   110    20 -9999 -9999     0
2021 03 17 03   265   178 10131   130    10 -9999 -9999     0
2021 03 17 06   293   175 10103   100    20 -9999 -9999     0
2021 03 17 09   296   181 10085   120    20 -9999 -9999     0
2021 03 17 12   275   185 10093   110    20 -9999 -9999     0
2021 03 17 15   260   192 10114   130    10 -9999 -9999     0
2021 03 17 18   241   198 10112   120    20 -9999 -9999     0
2021 03 17 21   230   205 10111   110    30 -9999 -9999     0
2021 03 18 00   228   201 10137   120    20 -9999 -9999     0
2021 03 18 03   252   191 10142   140    20 -9999 -9999     0
2021 03 18 06   275   188 10109   150    20 -9999 -9999     0
2021 03 18 12   255   201 10094     2    18 -9999 -9999 -9999
2021 03 18 15   237   220 10109    80    10 -9999 -9999     0
2021 03 18 18   222   219 10113   130    20 -9999 -9999     0
2021 03 18 21   224   214 10110    80    20 -9999 -9999     0
2021 03 19 00   226   216 10123   100    20 -9999 -9999     0
2021 03 19 03   269   212 10122   280    10 -9999 -9999     0
2021 03 19 06   277   213 10092    10    10 -9999 -9999     0
2021 03 19 09   276   214 10071   350    10 -9999 -9999     0
2021 03 19 12   252   231 10081    30    20 -9999 -9999     0
2021 03 19 15   241   234 10102   130    20 -9999 -9999     0
2021 03 19 18   234   213 10104   110    20 -9999 -9999     0
2021 03 19 21   225   213 10101    70    10 -9999 -9999     0
2021 03 20 00   225   218 10119    80    10 -9999 -9999     0
2021 03 20 03   269   198 10119   100    10 -9999 -9999     0
2021 03 20 06   271   181 10094   360    30 -9999 -9999     0
2021 03 20 09   242   160 10092   360    30 -9999 -9999     0
2021 03 20 12   188   128 10117    30    30 -9999 -9999     0
2021 03 20 15   167   108 10143    30    30 -9999 -9999     0
2021 03 20 18   153   101 10155    30    30 -9999 -9999     0
2021 03 20 21   139    89 10159    40    40 -9999 -9999     0
2021 03 21 00   130   117 10203   350    20 -9999 -9999     0
2021 03 21 03   124   101 10230    50    30 -9999 -9999     2
2021 03 21 06   134    89 10222    40    20 -9999 -9999     2
2021 03 21 09   130    91 10215    50    30 -9999 -9999     0
2021 03 21 12   126    91 10231    30    20 -9999 -9999     0
2021 03 21 15   126    83 10248    40    20 -9999 -9999     0
2021 03 21 18   124    79 10254    30    20 -9999 -9999     0
2021 03 21 21   121    78 10257    40    20 -9999 -9999     0
2021 03 22 00   121    82 10277    20    20 -9999 -9999     0
2021 03 22 03   152    89 10280    48    25 -9999 -9999 -9999
2021 03 22 06   158    63 10252    40    30 -9999 -9999     0
2021 03 22 09   153    58 10239    20    20 -9999 -9999     0
2021 03 22 12   147    65 10245    30    10 -9999 -9999     0
2021 03 22 15   145    80 10252    10    20 -9999 -9999     0
2021 03 22 18   141    91 10243    10    10 -9999 -9999     0
2021 03 22 21   138   106 10231   360    10 -9999 -9999     0
2021 03 23 00   137   103 10240    50    10 -9999 -9999     0
2021 03 23 03   150    87 10240    70    20 -9999 -9999     0
2021 03 23 06   169    88 10205    40    20 -9999 -9999     0
2021 03 23 09   163    85 10188    90    10 -9999 -9999     0
2021 03 23 12   157   102 10197   130    20 -9999 -9999     0
2021 03 23 15   149   111 10209   130    20 -9999 -9999     0
2021 03 23 18   140   120 10201    40    17 -9999 -9999 -9999
2021 03 23 21   133   133 10185   160    10 -9999 -9999 -9999
2021 03 24 00   138   136 10199    40    10 -9999 -9999     0
2021 03 24 03   173   122 10199    10    10 -9999 -9999     0
2021 03 24 06   211   128 10158    90    20 -9999 -9999     0
2021 03 24 09   217   136 10137   220    10 -9999 -9999     0
2021 03 24 12   198   148 10149   130    10 -9999 -9999     0
2021 03 24 15   184   166 10168    40    20 -9999 -9999     0
2021 03 24 18   173   170 10160    90    20 -9999 -9999     0
2021 03 24 21   171   165 10160    40    10 -9999 -9999     0
2021 03 25 00   174   164 10178    40    20 -9999 -9999     0
2021 03 25 03   197   165 10190     4     9 -9999 -9999 -9999
2021 03 25 06   217   164 10158   100    20 -9999 -9999     0
2021 03 25 09   234   165 10138    80    20 -9999 -9999     0
2021 03 25 12   217   173 10137    50    20 -9999 -9999     0
2021 03 25 15   209   179 10148    60    20 -9999 -9999     0
2021 03 25 18   202   180 10143    40    20 -9999 -9999     0
2021 03 25 21   196   186 10136    90    20 -9999 -9999     1
2021 03 26 00   187   187 10160   100    30 -9999 -9999    10
2021 03 26 03   211   185 10165    80    20 -9999 -9999    10
2021 03 26 06   258   169 10121   100    30 -9999 -9999     0
2021 03 26 09   259   162 10103   100    10 -9999 -9999     0
2021 03 26 12   239   176 10112    80    10 -9999 -9999     0
2021 03 26 15   226   190 10131    20    10 -9999 -9999     0
2021 03 26 18   222   180 10124   110    20 -9999 -9999     0
2021 03 26 21   215   187 10112   110    20 -9999 -9999     0
2021 03 27 00   212   195 10126    70    10 -9999 -9999     0
2021 03 27 03   235   194 10133   110    10 -9999 -9999     0
2021 03 27 06   278   196 10092   130    20 -9999 -9999     0
2021 03 27 09   272   206 10077   337    21 -9999 -9999 -9999
2021 03 27 12   251   206 10095   350    20 -9999 -9999     0
2021 03 27 15   240   215 10107   330    10 -9999 -9999     0
2021 03 27 18   231   224 10100   310    10 -9999 -9999     0
2021 03 27 21   224   224 10090   170    10 -9999 -9999     0
2021 03 28 00   227   224 10105    70    10 -9999 -9999     0
2021 03 28 03   273   213 10112   330    10 -9999 -9999     0
2021 03 28 06   299   207 10079   240    30 -9999 -9999     0
2021 03 28 09   290   207 10061   270    20 -9999 -9999     0
2021 03 28 12   271   204 10064   180    10 -9999 -9999     0
2021 03 28 15   251   228 10072    70    10 -9999 -9999     0
2021 03 28 18   236   236 10065    40    10 -9999 -9999     0
2021 03 28 21   234   234 10059    70    10 -9999 -9999     0
2021 03 29 00   238   236 10074   130    10 -9999 -9999     0
2021 03 29 03   284   224 10069   210    20 -9999 -9999     0
2021 03 29 06   289   222 10039   150    10 -9999 -9999     0
2021 03 29 09   294   219 10016   230    30 -9999 -9999     0
2021 03 29 12   281   223 10019   170    20 -9999 -9999     0
2021 03 29 15   259   241 10032    80    20 -9999 -9999     0
2021 03 29 18   245   238 10027    90    30 -9999 -9999     0
2021 03 29 21   240   235 10026   100    20 -9999 -9999     0
2021 03 30 00   243   238 10047   130    10 -9999 -9999     0
2021 03 30 03   280   238 10056    80    20 -9999 -9999     0
2021 03 30 06   307   236 10025    90    20 -9999 -9999     0
2021 03 30 09   305   234 10010    20    10 -9999 -9999     0
2021 03 30 12   279   247 10010    90    20 -9999 -9999 -9999
2021 03 30 15   275   237 10024    60    20 -9999 -9999     0
2021 03 30 18   258   235 10021   100    40 -9999 -9999     0
2021 03 30 21   248   230 10020   100    30 -9999 -9999     0
2021 03 31 00   238   238 10045   110    20 -9999 -9999    30
2021 03 31 03   273   233 10045    80    20 -9999 -9999    30
2021 03 31 06   298   223 10023   140    40 -9999 -9999     1
2021 03 31 09   292   214 10013   100    30 -9999 -9999     0
2021 03 31 12   262   189 10025   110    40 -9999 -9999     0
2021 03 31 15   247   167 10046   120    30 -9999 -9999     0
2021 03 31 18   235   202 10041   110    30 -9999 -9999     0
2021 03 31 21   219   209 10038    60    20 -9999 -9999     0
2021 04 01 00   217   205 10064    30    20 -9999 -9999     0
2021 04 01 03   284   212 10071   130    20 -9999 -9999     0
2021 04 01 06   316   205 10040   140    20 -9999 -9999     0
2021 04 01 09   317   209 10019   100    30 -9999 -9999     0
2021 04 01 12   283   208 10035   100    20 -9999 -9999     0
2021 04 01 15   260   214 10065   110    30 -9999 -9999     0
2021 04 01 18   245   218 10064   110    20 -9999 -9999     0
2021 04 01 21   240   221 10073    70    20 -9999 -9999     0
2021 04 02 00   235   228 10102    20    10 -9999 -9999     0
2021 04 02 03   277   215 10102   120    20 -9999 -9999     0
2021 04 02 06   296   213 10081   110    10 -9999 -9999     0
2021 04 02 09   289   217 10064    80    30 -9999 -9999     0
2021 04 02 12   274   228 10078    30    20 -9999 -9999     0
2021 04 02 15   265   232 10099   100    20 -9999 -9999     0
2021 04 02 18   251   222 10094    90    20 -9999 -9999     0
2021 04 02 21   248   223 10098    80    10 -9999 -9999     0
2021 04 03 00   248   229 10120    60    10 -9999 -9999     0
2021 04 03 03   278   211 10127   120    20 -9999 -9999     0
2021 04 03 06   284   224 10109   360    20 -9999 -9999     0
2021 04 03 09   268   216 10102    30    10 -9999 -9999     0
2021 04 03 12   243   183 10117    10    20 -9999 -9999     0
2021 04 03 15   218   161 10137    20    30 -9999 -9999     0
2021 04 03 18   189   177 10143    50    30 -9999 -9999 -9999
2021 04 03 21   169   167 10144    10    20 -9999 -9999    50
2021 04 04 00   160   158 10171    60    30 -9999 -9999   110
2021 04 04 03   167   149 10185    30    30 -9999 -9999    60
2021 04 04 06   190   151 10167    20    20 -9999 -9999     0
2021 04 04 09   187   148 10157    30    30 -9999 -9999     0
2021 04 04 12   172   170 10173    30    20 -9999 -9999   110
2021 04 04 15   172   145 10188    20    30 -9999 -9999   110
2021 04 04 18   168   143 10184    10    20 -9999 -9999     0
2021 04 04 21   166   137 10180   360    20 -9999 -9999     0
2021 04 05 00   166   135 10200    40    20 -9999 -9999     0
2021 04 05 03   207   150 10203    10    20 -9999 -9999     0
2021 04 05 06   227   160 10175   140    20 -9999 -9999     0
2021 04 05 09   235   170 10161   360    20 -9999 -9999     0
2021 04 05 12   211   171 10173    30    20 -9999 -9999     0
2021 04 05 15   198   179 10186    30    20 -9999 -9999     0
2021 04 05 18   195   175 10179   360    20 -9999 -9999     0
2021 04 05 21   189   177 10171    20    10 -9999 -9999     0
2021 04 06 00   194   181 10189    70    10 -9999 -9999     0
2021 04 06 03   249   179 10188    30    20 -9999 -9999     0
2021 04 06 06   284   191 10160   150    20 -9999 -9999     0
2021 04 06 09   291   185 10142    80    20 -9999 -9999     0
2021 04 06 12   268   187 10157    50    30 -9999 -9999     0
2021 04 06 15   249   193 10170    30    10 -9999 -9999     0
2021 04 06 18   233   201 10156    30    10 -9999 -9999     0
2021 04 06 21   221   209 10149    30    10 -9999 -9999     0
2021 04 07 00   220   212 10161   120    30 -9999 -9999     0
2021 04 07 03   259   205 10164   120    20 -9999 -9999     0
2021 04 07 06   267   201 10135   270    20 -9999 -9999     0
2021 04 07 09   264   205 10114   330    10 -9999 -9999     0
2021 04 07 12   249   216 10123    30    10 -9999 -9999     0
2021 04 07 15   238   231 10130    30    20 -9999 -9999     0
2021 04 07 18   220   220 10119   350    30 -9999 -9999    10
2021 04 07 21   197   197 10130    50    20 -9999 -9999   140
2021 04 08 00   169   169 10159    60    30 -9999 -9999   250
2021 04 08 06   208   174 10148    30    30 -9999 -9999   120
2021 04 08 09   197   195 10136    60    20 -9999 -9999    10
2021 04 08 12   172   172 10156    80    20 -9999 -9999    30
2021 04 08 15   176   137 10178    30    20 -9999 -9999    20
2021 04 08 18   168   129 10166    40    30 -9999 -9999     0
2021 04 08 21   165   127 10164    50    30 -9999 -9999     0
2021 04 09 00   166   126 10188    40    30 -9999 -9999     0
2021 04 09 03   175   130 10198    50    30 -9999 -9999     0
2021 04 09 06   187   146 10181    20    20 -9999 -9999     0
2021 04 09 09   180   149 10170    50    20 -9999 -9999     0
2021 04 09 12   171   156 10180    20    20 -9999 -9999     0
2021 04 09 15   170   153 10195    60    30 -9999 -9999     0
2021 04 09 18   165   157 10192    50    30 -9999 -9999     0
2021 04 09 21   166   158 10182    50    20 -9999 -9999     0
2021 04 10 00   169   158 10204    50    20 -9999 -9999     0
2021 04 10 03   181   163 10209    20    20 -9999 -9999     0
2021 04 10 06   208   166 10185    40    20 -9999 -9999     0
2021 04 10 09   205   173 10169    10    10 -9999 -9999     0
2021 04 10 12   193   176 10177    30    20 -9999 -9999     0
2021 04 10 15   192   177 10192    50    20 -9999 -9999     0
2021 04 10 18   190   180 10184    90    10 -9999 -9999     0
2021 04 10 21   187   185 10182    60    20 -9999 -9999     0
2021 04 11 00   190   188 10200   100    10 -9999 -9999     0
2021 04 11 03   243   189 10199    80    20 -9999 -9999     0
2021 04 11 06   278   179 10163    90    20 -9999 -9999     0
2021 04 11 09   286   192 10138   100    20 -9999 -9999     0
2021 04 11 12   266   192 10144    80    10 -9999 -9999     0
2021 04 11 15   250   205 10163    60    10 -9999 -9999     0
2021 04 11 18   236   220 10161   110    20 -9999 -9999     0
2021 04 11 21   222   215 10153   120    20 -9999 -9999     0
2021 04 12 00   237   208 10168   100    20 -9999 -9999     0
2021 04 12 03   275   196 10168   240    10 -9999 -9999     0
2021 04 12 06   301   204 10139   300    30 -9999 -9999     0
2021 04 12 09   290   202 10119   190    10 -9999 -9999     0
2021 04 12 12   273   211 10129    40    20 -9999 -9999     0
2021 04 12 15   255   222 10141    10    10 -9999 -9999     0
2021 04 12 18   239   237 10136    40    20 -9999 -9999     0
2021 04 12 21   229   229 10135   120    10 -9999 -9999     0
2021 04 13 00   229   229 10152    50    10 -9999 -9999     0
2021 04 13 03   268   226 10149   160    10 -9999 -9999     0
2021 04 13 06   297   214 10121   170    20 -9999 -9999     0
2021 04 13 09   302   213 10097   130    20 -9999 -9999     0
2021 04 13 12   281   223 10101   120    10 -9999 -9999     0
2021 04 13 15   262   248 10119     0 -9999 -9999 -9999     0
2021 04 13 18   248   245 10120   240    10 -9999 -9999     0
2021 04 13 21   233   233 10114    80    20 -9999 -9999     0
2021 04 14 00   245   245 10129   120    20 -9999 -9999     0
2021 04 14 03   275   227 10130    90    20 -9999 -9999     0
2021 04 14 06   299   205 10104   250    20 -9999 -9999     0
2021 04 14 09   299   207 10083   220    10 -9999 -9999     0
2021 04 14 12   231   231 10099   130    20 -9999 -9999   130
2021 04 14 15   227 -9999 10118     3    21 -9999 -9999   126
2021 04 14 18   212   212 10115   350    20 -9999 -9999     1
2021 04 14 21   201   201 10113   350    20 -9999 -9999     2
2021 04 15 00   201   201 10126    10    20 -9999 -9999     2
2021 04 15 03   229   210 10131    50    20 -9999 -9999     0
2021 04 15 06   267   217 10110    20    20 -9999 -9999     0
2021 04 15 09   257   222 10095    30    20 -9999 -9999     0
2021 04 15 12   234   215 10114    50    30 -9999 -9999     0
2021 04 15 15   221   218 10128    50    30 -9999 -9999     1
2021 04 15 18   211   211 10115    40    30 -9999 -9999    20
2021 04 15 21   203   203 10118    30    20 -9999 -9999    80
2021 04 16 00   200   200 10135    20    20 -9999 -9999   160
2021 04 16 03   209   209 10150    40    20 -9999 -9999   110
2021 04 16 06   231   217 10131    50    20 -9999 -9999    10
2021 04 16 09   221   221 10121    10    20 -9999 -9999     0
2021 04 16 12   217   217 10141    50    20 -9999 -9999 -9999
2021 04 16 15   218   218 10159    20    20 -9999 -9999     0
2021 04 16 18   212   200 10150    50    30 -9999 -9999     0
2021 04 16 21   206   184 10153    40    30 -9999 -9999     0
2021 04 17 00   203   179 10175    50    20 -9999 -9999     0
2021 04 17 03   214   186 10185    40    30 -9999 -9999     0
2021 04 17 06   221   191 10170    10    10 -9999 -9999     0
2021 04 17 09   218   195 10161    30    20 -9999 -9999     0
2021 04 17 12   216   201 10169    50    20 -9999 -9999     0
2021 04 17 15   215   187 10176    60    20 -9999 -9999     0
2021 04 17 18   209   190 10160    50    10 -9999 -9999     0
2021 04 17 21   206   198 10151    50    20 -9999 -9999     0
2021 04 18 00   204   196 10161    40    10 -9999 -9999 -9999
2021 04 18 03   194   194 10165    50    20 -9999 -9999    20
2021 04 18 06   207   207 10142    20    20 -9999 -9999    60
2021 04 18 09   202   202 10134   360    10 -9999 -9999    50
2021 04 18 12   190   190 10141    30    20 -9999 -9999    30
2021 04 18 15   187   187 10151    50    20 -9999 -9999    40
2021 04 18 18   185   185 10130    50    30 -9999 -9999    70
2021 04 18 21   184   184 10119    40    20 -9999 -9999   100
2021 04 19 00   185   185 10133    30    20 -9999 -9999   100
2021 04 19 03   186   186 10138    50    20 -9999 -9999    70
2021 04 19 06   190   190 10118    70    20 -9999 -9999    30
2021 04 19 09   187   187 10108    30    20 -9999 -9999     1
2021 04 19 12   183   183 10116    20    20 -9999 -9999     1
2021 04 19 15   180   180 10129    20    20 -9999 -9999    30
2021 04 19 18   179   179 10120    50    20 -9999 -9999    40
2021 04 19 21   179   179 10118    60    30 -9999 -9999    60
2021 04 20 00   183   183 10137    30    20 -9999 -9999    50
2021 04 20 03   207   207 10142    70    20 -9999 -9999     1
2021 04 20 06   241   204 10111    90    30 -9999 -9999     1
2021 04 20 09   227   220 10099    40    20 -9999 -9999     0
2021 04 20 12   216   216 10108    70    20 -9999 -9999     0
2021 04 20 15   208   208 10130    40    20 -9999 -9999     0
2021 04 20 18   206   206 10126    30    20 -9999 -9999     0
2021 04 20 21   203   203 10117    30    20 -9999 -9999     0
