2021 01 01 00    35   -82 10309    70    30 -9999 -9999     0
2021 01 01 03    84   -90 10293    80    20 -9999 -9999     0
2021 01 01 06   124   -93 10251    30    20 -9999 -9999     0
2021 01 01 09   138  -101 10241    50    30 -9999 -9999     0
2021 01 01 12   109   -83 10260    20    30 -9999 -9999     0
2021 01 01 15    86   -49 10266    90    20 -9999 -9999     0
2021 01 01 18    55   -49 10268     0 -9999 -9999 -9999     0
2021 01 01 21    41   -36 10262    60    10 -9999 -9999     0
2021 01 02 00    39   -43 10274    30    10 -9999 -9999     0
2021 01 02 03   112   -53 10264   130    10 -9999 -9999     0
2021 01 02 06   160   -40 10219    60    10 -9999 -9999     0
2021 01 02 09   176   -31 10211   240    10 -9999 -9999     0
2021 01 02 12   115    -9 10222    70    10 -9999 -9999     0
2021 01 02 15    83     2 10241    40    10 -9999 -9999     0
2021 01 02 18    67     1 10248    30    10 -9999 -9999     0
2021 01 02 21    59    -8 10252    80    10 -9999 -9999     0
2021 01 03 00    60    -5 10262    40    10 -9999 -9999     0
2021 01 03 03   140    -4 10249    90    10 -9999 -9999     0
2021 01 03 06   200    19 10214   130    10 -9999 -9999     0
2021 01 03 09   204    31 10214    60    10 -9999 -9999     0
2021 01 03 12   157    24 10231    80    10 -9999 -9999     0
2021 01 03 15   159   -16 10245    70    40 -9999 -9999     0
2021 01 03 18   142    -2 10235    60    10 -9999 -9999     0
2021 01 03 21   132    -7 10232    70    20 -9999 -9999     0
2021 01 04 00   123    -2 10253    60    20 -9999 -9999     0
2021 01 04 03   152     2 10247   100    10 -9999 -9999     0
2021 01 04 06   187    21 10209    50    10 -9999 -9999     0
2021 01 04 09   189    27 10205   180    10 -9999 -9999     0
2021 01 04 12   169    49 10216     0 -9999 -9999 -9999     0
2021 01 04 15   161    68 10219    70    10 -9999 -9999     0
2021 01 04 18   162    42 10213   100    10 -9999 -9999     0
2021 01 04 21   160    17 10215    60    40 -9999 -9999     0
2021 01 05 00   146    11 10239    50    30 -9999 -9999     0
2021 01 05 03   170    22 10234    60    30 -9999 -9999     0
2021 01 05 06   212    43 10197    90    10 -9999 -9999     0
2021 01 05 09   206    46 10198    60    30 -9999 -9999     0
2021 01 05 12   168    20 10219    60    40 -9999 -9999     0
2021 01 05 15   144     0 10230    60    30 -9999 -9999     0
2021 01 05 18   123     0 10235    70    30 -9999 -9999     0
2021 01 05 21   107    12 10238    60    40 -9999 -9999     0
2021 01 06 00    99    20 10248    70    20 -9999 -9999     0
2021 01 06 03   134    31 10233    60    20 -9999 -9999     0
2021 01 06 06   174    47 10190    70    20 -9999 -9999     0
2021 01 06 09   177    56 10187    40    20 -9999 -9999     0
2021 01 06 12   141    52 10210    60    30 -9999 -9999     0
2021 01 06 15   118    49 10227    70    40 -9999 -9999     0
2021 01 06 18   106    47 10228    60    40 -9999 -9999     0
2021 01 06 21   100    45 10233    50    30 -9999 -9999     0
2021 01 07 00    97    42 10250    30    30 -9999 -9999     0
2021 01 07 03    98    35 10258    50    40 -9999 -9999     0
2021 01 07 06    78    12 10243    60    50 -9999 -9999     0
2021 01 07 09    66    -8 10256    50    50 -9999 -9999     0
2021 01 07 12    49   -13 10280    50    50 -9999 -9999     0
2021 01 07 15    46   -18 10297    60    50 -9999 -9999     0
2021 01 07 18    39   -24 10300    50    40 -9999 -9999     0
2021 01 07 21    38   -39 10294    60    50 -9999 -9999     0
2021 01 08 00    41   -96 10308    60    50 -9999 -9999     0
2021 01 08 03    48  -109 10305    60    80 -9999 -9999     0
2021 01 08 06    56  -106 10282    40    50 -9999 -9999     0
2021 01 08 09    57   -93 10279    60    40 -9999 -9999     0
2021 01 08 12    65   -86 10290    50    30 -9999 -9999     0
2021 01 08 15    52  -105 10296    20    40 -9999 -9999     0
2021 01 08 18    48  -109 10294    40    40 -9999 -9999     0
2021 01 08 21    45  -128 10280    50    40 -9999 -9999     0
2021 01 09 00    44  -139 10295    50    50 -9999 -9999     0
2021 01 09 03    76  -122 10293    60    30 -9999 -9999     0
2021 01 09 06   112  -109 10246    60    30 -9999 -9999     0
2021 01 09 09   124  -105 10235    30    20 -9999 -9999     0
2021 01 09 12   102   -94 10257    70    20 -9999 -9999     0
2021 01 09 15    91  -104 10269    60    40 -9999 -9999     0
2021 01 09 18    83   -96 10268    50    30 -9999 -9999     0
2021 01 09 21    77   -92 10263    60    20 -9999 -9999     0
2021 01 10 00    74   -94 10271    70    30 -9999 -9999     0
2021 01 10 03    91   -75 10274    90    20 -9999 -9999     0
2021 01 10 06   100   -67 10240   290    10 -9999 -9999     0
2021 01 10 09   104   -60 10239    50    30 -9999 -9999     0
2021 01 10 12    91   -63 10257    50    30 -9999 -9999     0
2021 01 10 15    83   -62 10271    20    20 -9999 -9999     0
2021 01 10 18    81   -72 10274    60    30 -9999 -9999     0
2021 01 10 21    70   -60 10276    50    50 -9999 -9999     0
2021 01 11 00    55   -38 10300    60    30 -9999 -9999 -9999
2021 01 11 03    71   -59 10312    50    20 -9999 -9999     0
2021 01 11 06    77   -75 10285    50    40 -9999 -9999     0
2021 01 11 09    80   -85 10280    60    30 -9999 -9999     0
2021 01 11 12    71   -84 10293    60    30 -9999 -9999     0
2021 01 11 15    51   -73 10300   330    10 -9999 -9999     1
2021 01 11 18    61   -78 10295    10    20 -9999 -9999     1
2021 01 11 21    36   -69 10286   320    10 -9999 -9999     0
2021 01 12 00    28   -48 10290    60    10 -9999 -9999     0
2021 01 12 03   104   -93 10282    50    40 -9999 -9999     0
2021 01 12 06   143   -90 10230    70    20 -9999 -9999     0
2021 01 12 09   152   -89 10214    60    30 -9999 -9999     0
2021 01 12 12   107   -80 10222    30    20 -9999 -9999     0
2021 01 12 15    66   -30 10228   170    10 -9999 -9999     0
2021 01 12 18    40   -26 10234    50    10 -9999 -9999     0
2021 01 12 21    21   -37 10228    60    10 -9999 -9999     0
2021 01 13 00    21   -44 10237    50    10 -9999 -9999     0
2021 01 13 03   111   -41 10228   100    20 -9999 -9999     0
2021 01 13 06   179   -35 10185   170    10 -9999 -9999     0
2021 01 13 09   184   -36 10171   250    10 -9999 -9999     0
2021 01 13 12   113   -14 10187   120    10 -9999 -9999     0
2021 01 13 15    83    -4 10205    30    10 -9999 -9999     0
2021 01 13 18    77    13 10201    70    20 -9999 -9999     0
2021 01 13 21    61     2 10195    60    10 -9999 -9999     0
2021 01 14 00    53    -7 10201    60    20 -9999 -9999     0
2021 01 14 03   140   -16 10201   110    10 -9999 -9999     0
2021 01 14 06   210   -28 10164   210    20 -9999 -9999     0
2021 01 14 09   204    -2 10159   250    10 -9999 -9999     0
2021 01 14 12   131    14 10171    40    10 -9999 -9999     0
2021 01 14 15    96    15 10180    40    10 -9999 -9999     0
2021 01 14 18    96    31 10183    70    10 -9999 -9999     0
2021 01 14 21    83    21 10181    60    10 -9999 -9999     0
2021 01 15 00    80    26 10190    70    10 -9999 -9999     0
2021 01 15 03   159    30 10181    90    10 -9999 -9999     0
2021 01 15 06   219    61 10143   210    30 -9999 -9999     0
2021 01 15 09   225    67 10142   210    10 -9999 -9999     0
2021 01 15 12   158    62 10152    70    10 -9999 -9999     0
2021 01 15 15   142    67 10158    50    10 -9999 -9999     0
2021 01 15 18   132    74 10165    70    10 -9999 -9999     0
2021 01 15 21   121    70 10170    70    10 -9999 -9999     0
2021 01 16 00   115    66 10188    60    10 -9999 -9999     0
2021 01 16 03   191    62 10190    90    10 -9999 -9999     0
2021 01 16 06   230    58 10152   240    10 -9999 -9999     0
2021 01 16 09   243    78 10157   120    10 -9999 -9999     0
2021 01 16 12   175    86 10179    60    10 -9999 -9999     0
2021 01 16 15   174    47 10209    70    20 -9999 -9999     0
2021 01 16 18   143    28 10232    60    40 -9999 -9999     0
2021 01 16 21   126    21 10251    60    50 -9999 -9999     0
2021 01 17 00   118    14 10280    60    40 -9999 -9999     0
2021 01 17 03   134     7 10284    60    60 -9999 -9999     0
2021 01 17 06   147    15 10249    70    60 -9999 -9999     0
2021 01 17 09   144     9 10260    70    50 -9999 -9999     0
2021 01 17 12   120   -11 10279    30    30 -9999 -9999     0
2021 01 17 15   106   -27 10286    40    20 -9999 -9999     0
2021 01 17 18    96   -26 10278    50    20 -9999 -9999     0
2021 01 17 21    68   -11 10268    40    10 -9999 -9999     0
2021 01 18 00    62     9 10274     0 -9999 -9999 -9999     0
2021 01 18 03   127   -12 10271    70    20 -9999 -9999     0
2021 01 18 06   160   -20 10226    70    20 -9999 -9999     0
2021 01 18 09   169   -27 10214    60    30 -9999 -9999     0
2021 01 18 12   130    -2 10227    60    10 -9999 -9999     0
2021 01 18 15    91    15 10230   360    10 -9999 -9999     0
2021 01 18 18    76    -3 10225    70    10 -9999 -9999     0
2021 01 18 21    61    -1 10220    70    20 -9999 -9999     0
2021 01 19 00    61    -1 10234    70    20 -9999 -9999     0
2021 01 19 03   134   -13 10237    80    10 -9999 -9999     0
2021 01 19 06   192    16 10196    90    10 -9999 -9999     0
2021 01 19 09   207    34 10189   240    10 -9999 -9999     0
2021 01 19 12   152    36 10197    30    10 -9999 -9999     0
2021 01 19 15   140    45 10204    80    10 -9999 -9999     0
2021 01 19 18   135    54 10205    70    10 -9999 -9999     0
2021 01 19 21   129    58 10200    50    10 -9999 -9999     0
2021 01 20 00   132    51 10214    30    10 -9999 -9999     0
2021 01 20 03   195    66 10210   110    20 -9999 -9999     0
2021 01 20 06   254    96 10167   350    10 -9999 -9999     0
2021 01 20 09   237   103 10156   260    10 -9999 -9999     0
2021 01 20 12   192    94 10168     0 -9999 -9999 -9999     0
2021 01 20 15   176   104 10180     0 -9999 -9999 -9999     0
2021 01 20 18   170   108 10173    80    10 -9999 -9999     0
2021 01 20 21   166   111 10167   110    10 -9999 -9999     0
2021 01 21 00   159   108 10180   330    10 -9999 -9999     0
2021 01 21 03   226   116 10175    30    20 -9999 -9999     0
2021 01 21 06   266   140 10134   300    20 -9999 -9999     0
2021 01 21 09   265   146 10130   250    20 -9999 -9999     0
2021 01 21 12   213   142 10145   290    10 -9999 -9999     0
2021 01 21 15   197   143 10151    60    10 -9999 -9999     0
2021 01 21 18   193   141 10145     0 -9999 -9999 -9999     0
2021 01 21 21   187   143 10136   100    10 -9999 -9999     0
2021 01 22 00   182   137 10160   290    10 -9999 -9999     0
2021 01 22 03   236   137 10163   140    20 -9999 -9999     0
2021 01 22 06   221   144 10128   250    10 -9999 -9999     0
2021 01 22 09   226   154 10120   250    20 -9999 -9999     0
2021 01 22 12   208   155 10136   260    20 -9999 -9999     0
2021 01 22 15   183   138 10144   250    10 -9999 -9999     0
2021 01 22 18   171   132 10147   260    20 -9999 -9999     0
2021 01 22 21   176   125 10150    30    20 -9999 -9999     0
2021 01 23 00   170   121 10170   280    20 -9999 -9999     0
2021 01 23 03   208   114 10164    50    30 -9999 -9999     0
2021 01 23 06   233   116 10138   340    20 -9999 -9999     0
2021 01 23 09   229   110 10143    40    30 -9999 -9999     0
2021 01 23 12   189    99 10156    40    30 -9999 -9999     0
2021 01 23 15   163    94 10170    10    10 -9999 -9999     0
2021 01 23 18   143    91 10176   250    10 -9999 -9999     0
2021 01 23 21   133    93 10188    50    10 -9999 -9999     0
2021 01 24 00   134    88 10202    20    20 -9999 -9999     0
2021 01 24 03   188    93 10198    40    10 -9999 -9999     0
2021 01 24 06   231   121 10153   250    20 -9999 -9999     0
2021 01 24 09   239   131 10145   240    20 -9999 -9999     0
2021 01 24 12   215   131 10163   230    30 -9999 -9999     0
2021 01 24 15   187   129 10177   240    10 -9999 -9999     0
2021 01 24 18   174   127 10183   120    10 -9999 -9999     0
2021 01 24 21   167   130 10185    60    10 -9999 -9999     0
2021 01 25 00   160   127 10200    40    10 -9999 -9999     0
2021 01 25 03   208   132 10198    60    10 -9999 -9999     0
2021 01 25 06   245   137 10162   220    30 -9999 -9999     0
2021 01 25 09   257   138 10149   290    10 -9999 -9999     0
2021 01 25 12   207   138 10160     0 -9999 -9999 -9999     0
2021 01 25 15   180   133 10171    40    10 -9999 -9999     0
2021 01 25 18   164   127 10172     0 -9999 -9999 -9999     0
2021 01 25 21   154   127 10176    70    10 -9999 -9999     0
2021 01 26 00   149   124 10198   280    10 -9999 -9999     0
2021 01 26 03   204   126 10201    70    20 -9999 -9999     0
2021 01 26 06   242   128 10161   120    10 -9999 -9999     0
2021 01 26 09   238   121 10152    20    20 -9999 -9999     0
2021 01 26 12   182    95 10182    70    30 -9999 -9999     0
2021 01 26 15   159    88 10195    50    30 -9999 -9999     0
2021 01 26 18   151    90 10197   330    10 -9999 -9999     0
2021 01 26 21   148    85 10195    60    40 -9999 -9999     0
2021 01 27 00   141    82 10211    60    20 -9999 -9999     0
2021 01 27 03   171    87 10211   100    20 -9999 -9999     0
2021 01 27 06   222   106 10166   240    20 -9999 -9999     0
2021 01 27 09   233   113 10153   280    20 -9999 -9999     0
2021 01 27 12   190   110 10171     0 -9999 -9999 -9999     0
2021 01 27 15   171   113 10191   350    10 -9999 -9999     0
2021 01 27 18   154   115 10200    80    10 -9999 -9999     0
2021 01 27 21   150   100 10210   360    20 -9999 -9999     0
2021 01 28 00   147    77 10243    50    30 -9999 -9999     0
2021 01 28 03   167    65 10252    60    50 -9999 -9999     0
2021 01 28 06   193    64 10222    60    50 -9999 -9999     0
2021 01 28 09   176    55 10218    60    60 -9999 -9999     0
2021 01 28 12   153    43 10244    20    30 -9999 -9999     0
2021 01 28 15   140    40 10255    70    30 -9999 -9999     0
2021 01 28 18   125    29 10256    60    40 -9999 -9999     0
2021 01 28 21   112    11 10251    60    30 -9999 -9999     0
2021 01 29 00   103    21 10265    80    20 -9999 -9999     0
2021 01 29 03   147    25 10259    60    20 -9999 -9999     0
2021 01 29 06   200    23 10218    70    20 -9999 -9999     0
2021 01 29 09   205    28 10205   280    20 -9999 -9999     0
2021 01 29 12   155    48 10217    30    10 -9999 -9999     0
2021 01 29 15   133    57 10229    70    10 -9999 -9999     0
2021 01 29 18   114    69 10236    70    10 -9999 -9999     0
2021 01 29 21   103    66 10233    70    10 -9999 -9999     0
2021 01 30 00   102    49 10250    60    20 -9999 -9999     0
2021 01 30 03   164    59 10252    80    20 -9999 -9999     0
2021 01 30 06   222    47 10211   110    10 -9999 -9999     0
2021 01 30 09   230    45 10202   300    10 -9999 -9999     0
2021 01 30 12   170    70 10216    40    10 -9999 -9999     0
2021 01 30 15   142    72 10229    80    10 -9999 -9999     0
2021 01 30 18   125    78 10233    90    20 -9999 -9999     0
2021 01 30 21   113    77 10232    70    20 -9999 -9999     0
2021 01 31 00   110    69 10248    40    10 -9999 -9999     0
2021 01 31 03   187    80 10244   110    20 -9999 -9999     0
2021 01 31 06   235    71 10201   210    20 -9999 -9999     0
2021 01 31 09   247    69 10192   260    20 -9999 -9999     0
2021 01 31 12   200    86 10203   180    10 -9999 -9999     0
2021 01 31 15   163    90 10216    60    10 -9999 -9999     0
2021 01 31 18   143    97 10217    40    10 -9999 -9999     0
2021 01 31 21   131   101 10205    70    10 -9999 -9999     0
2021 02 01 00   135   101 10221    80    10 -9999 -9999     0
2021 02 01 03   214   122 10217    10    10 -9999 -9999     0
2021 02 01 06   246   115 10178   240    20 -9999 -9999     0
2021 02 01 09   264   109 10168   280    10 -9999 -9999     0
2021 02 01 12   205   117 10180    50    10 -9999 -9999     0
2021 02 01 15   176   111 10195    40    10 -9999 -9999     0
2021 02 01 18   154   115 10198    40    10 -9999 -9999     0
2021 02 01 21   147   112 10202    70    10 -9999 -9999     0
2021 02 02 00   143   110 10225   290    10 -9999 -9999     0
2021 02 02 03   217   117 10227    90    10 -9999 -9999     0
2021 02 02 06   254   119 10185    60    20 -9999 -9999     0
2021 02 02 09   269   113 10174   360    10 -9999 -9999     0
2021 02 02 12   227   120 10193   140    10 -9999 -9999     0
2021 02 02 15   205   124 10213   140    10 -9999 -9999     0
2021 02 02 18   178   124 10219    90    10 -9999 -9999     0
2021 02 02 21   152   115 10219    90    10 -9999 -9999     0
2021 02 03 00   153   113 10241    90    10 -9999 -9999     0
2021 02 03 03   204   116 10240    40    10 -9999 -9999     0
2021 02 03 06   249   111 10201   310    10 -9999 -9999     0
2021 02 03 09   255   112 10192   270    10 -9999 -9999     0
2021 02 03 12   203   120 10207    40    10 -9999 -9999     0
2021 02 03 15   172   116 10218    30    10 -9999 -9999     0
2021 02 03 18   153   113 10219    40    10 -9999 -9999     0
2021 02 03 21   146   115 10223    70    10 -9999 -9999     0
2021 02 04 00   143   112 10244    90    10 -9999 -9999     0
2021 02 04 03   198   118 10246   240    10 -9999 -9999     0
2021 02 04 06   257   125 10202   260    20 -9999 -9999     0
2021 02 04 09   264   124 10188   260    20 -9999 -9999     0
2021 02 04 12   215   125 10198   221    10 -9999 -9999 -9999
2021 02 04 15   194   111 10206   240    10 -9999 -9999     0
2021 02 04 18   164   119 10203    60    10 -9999 -9999     0
2021 02 04 21   145   112 10205    60    10 -9999 -9999     0
2021 02 05 00   142   108 10226    60    10 -9999 -9999     0
2021 02 05 03   209   120 10222   260    10 -9999 -9999     0
2021 02 05 06   259   116 10182   270    20 -9999 -9999     0
2021 02 05 09   266   115 10168   250    20 -9999 -9999     0
2021 02 05 12   213   110 10177    30    10 -9999 -9999     0
2021 02 05 15   183   111 10188    10    10 -9999 -9999     0
2021 02 05 18   161   112 10184    70    10 -9999 -9999     0
2021 02 05 21   142   111 10184    50    10 -9999 -9999     0
2021 02 06 00   141   105 10205    60    20 -9999 -9999     0
2021 02 06 03   223   119 10202    40    10 -9999 -9999     0
2021 02 06 06   271   123 10162    20    10 -9999 -9999     0
2021 02 06 09   283    85 10146   240    10 -9999 -9999     0
2021 02 06 12   217   105 10153    60    10 -9999 -9999     0
2021 02 06 15   187   102 10169    60    10 -9999 -9999     0
2021 02 06 18   165   112 10171    70    10 -9999 -9999     0
2021 02 06 21   150   115 10175    60    10 -9999 -9999     0
2021 02 07 00   147   105 10195    20    20 -9999 -9999     0
2021 02 07 03   235   115 10199   120    10 -9999 -9999     0
2021 02 07 06   279    87 10161   340    20 -9999 -9999     0
2021 02 07 09   283   109 10152   260    10 -9999 -9999     0
2021 02 07 12   224   114 10171    70    10 -9999 -9999     0
2021 02 07 15   191   114 10186    90    10 -9999 -9999     0
2021 02 07 18   170   108 10185    50    10 -9999 -9999     0
2021 02 07 21   161   112 10185    60    10 -9999 -9999     0
2021 02 08 00   157   106 10200    60    20 -9999 -9999     0
2021 02 08 03   228   109 10202    70    20 -9999 -9999     0
2021 02 08 06   282   108 10165   150    10 -9999 -9999     0
2021 02 08 09   262   115 10163   250    20 -9999 -9999     0
2021 02 08 12   235   145 10189   240    30 -9999 -9999 -9999
2021 02 08 15   215   148 10207    90    20 -9999 -9999     0
2021 02 08 18   181   140 10203    70    30 -9999 -9999     5
2021 02 08 21   165   124 10199   360    10 -9999 -9999     7
2021 02 09 00   160   119 10213    70    30 -9999 -9999     2
2021 02 09 03   165   118 10220    50    20 -9999 -9999     0
2021 02 09 06   193   123 10182    20    20 -9999 -9999     0
2021 02 09 12   162   119 10180    50    20 -9999 -9999     0
2021 02 09 15   158   113 10189   320    10 -9999 -9999     0
2021 02 09 18   153   113 10170    50    30 -9999 -9999     0
2021 02 09 21   146   115 10140    10    10 -9999 -9999     2
2021 02 10 00   136   116 10161   260    10 -9999 -9999    70
2021 02 10 03   135   118 10180   260    20 -9999 -9999   190
2021 02 10 06   140   118 10160    30    20 -9999 -9999   250
2021 02 10 09   136   118 10153    50    20 -9999 -9999   200
2021 02 11 00   139   112 10168    40    10 -9999 -9999     0
2021 02 13 12   187   112 10165    30    10 -9999 -9999     0
2021 02 13 15   162   113 10176   220    10 -9999 -9999     0
2021 02 13 18   145   114 10175    50    10 -9999 -9999     0
2021 02 13 21   147   116 10170    70    10 -9999 -9999     0
2021 02 14 00   145   116 10182     0 -9999 -9999 -9999     0
2021 02 14 03   216   132 10183   190    10 -9999 -9999     0
2021 02 14 06   258   111 10145   280    20 -9999 -9999     0
2021 02 14 09   258   111 10127   250    20 -9999 -9999     0
2021 02 14 12   205   114 10142    60    20 -9999 -9999     0
2021 02 14 15   175   128 10155    60    10 -9999 -9999     0
2021 02 14 18   154   110 10155    30    10 -9999 -9999     0
2021 02 14 21   141   105 10153    50    20 -9999 -9999     0
2021 02 15 00   138   100 10175    60    30 -9999 -9999     0
2021 02 15 03   218   115 10182   240    10 -9999 -9999     0
2021 02 15 06   262    99 10144    10    20 -9999 -9999     0
2021 02 15 09   269    78 10127   260    20 -9999 -9999     0
2021 02 15 12   204    96 10139   350    20 -9999 -9999     0
2021 02 15 15   198   102 10161   200    20 -9999 -9999     0
2021 02 15 18   162   119 10165    80    10 -9999 -9999     0
2021 02 15 21   144   104 10159    80    10 -9999 -9999     0
2021 02 16 00   143   107 10179    70    10 -9999 -9999     0
2021 02 16 03   205   100 10179   270    20 -9999 -9999     0
2021 02 16 06   251   101 10144   280    20 -9999 -9999     0
2021 02 16 09   261   114 10139   200    10 -9999 -9999     0
2021 02 16 12   227   126 10158   280    10 -9999 -9999     0
2021 02 16 15   195   110 10189    60    50 -9999 -9999     0
2021 02 16 18   171   107 10196    60    50 -9999 -9999     0
2021 02 16 21   160    96 10204    40    40 -9999 -9999     0
2021 02 17 00   162    93 10225    60    50 -9999 -9999     0
2021 02 17 03   186    82 10230    20    50 -9999 -9999     0
2021 02 17 06   217    51 10203    30    40 -9999 -9999     0
2021 02 17 09   225    45 10201    30    40 -9999 -9999     0
2021 02 17 12   194    39 10225    30    20 -9999 -9999     0
2021 02 17 15   172    39 10244    73    16 -9999 -9999 -9999
2021 02 17 18   157    34 10250    90    20 -9999 -9999     0
2021 02 17 21   145    14 10256    20    30 -9999 -9999     0
2021 02 18 00   135    30 10276    90    20 -9999 -9999     0
2021 02 18 03   183    13 10277    60    30 -9999 -9999     0
2021 02 18 06   225    35 10245   250    10 -9999 -9999     0
2021 02 18 09   228    17 10233   340    10 -9999 -9999     0
2021 02 18 12   187    33 10247    60    10 -9999 -9999     0
2021 02 18 15   165    35 10254    60    10 -9999 -9999     0
2021 02 18 18   132    58 10250    67    13 -9999 -9999 -9999
2021 02 18 21   110    65 10249    70    10 -9999 -9999     0
2021 02 19 00   112    46 10269    80    10 -9999 -9999     0
2021 02 19 03   189    35 10264   120    10 -9999 -9999     0
2021 02 19 06   223    24 10221   240    20 -9999 -9999     0
2021 02 19 09   235    39 10202   250    20 -9999 -9999     0
2021 02 20 15   191   103 10189   141    12 -9999 -9999 -9999
2021 02 20 18   157   109 10183    60    13 -9999 -9999 -9999
2021 02 20 21   140   104 10177    84    10 -9999 -9999 -9999
2021 02 21 00   137    97 10200    46     8 -9999 -9999 -9999
2021 02 21 03   201   113 10194   257    16 -9999 -9999 -9999
2021 02 21 06   252    87 10159   248    26 -9999 -9999 -9999
2021 02 21 12   230   107 10159   233    36 -9999 -9999 -9999
2021 02 21 15   206    75 10174   174    11 -9999 -9999 -9999
2021 02 21 18   162    99 10169    52    10 -9999 -9999 -9999
2021 02 21 21   145   105 10162    71     7 -9999 -9999 -9999
2021 02 22 00   147    90 10177    57    14 -9999 -9999 -9999
2021 02 22 03   234   101 10174   250    10 -9999 -9999     0
2021 02 22 06   268   109 10141   220    20 -9999 -9999     0
2021 02 22 09   281   120 10128   230    20 -9999 -9999     0
2021 02 22 12   228   127 10145    30    10 -9999 -9999     0
2021 02 22 15   202   126 10165    50    10 -9999 -9999     0
2021 02 22 18   183   135 10161    60    10 -9999 -9999     0
2021 02 22 21   166   131 10154    80    10 -9999 -9999     0
2021 02 23 00   166   121 10173    70    20 -9999 -9999     0
2021 02 23 03   240   135 10168    40    10 -9999 -9999     0
2021 02 23 06   291   133 10131    70    10 -9999 -9999     0
2021 02 23 09   299   140 10113   240    10 -9999 -9999     0
2021 02 23 12   252   146 10127   240    30 -9999 -9999     0
2021 02 23 15   219   127 10146   230    10 -9999 -9999     0
2021 02 23 18   194   146 10148   160    10 -9999 -9999     0
2021 02 23 21   179   144 10151   100    10 -9999 -9999     0
2021 02 24 00   181   144 10165    80    10 -9999 -9999     0
2021 02 24 03   222   145 10161   260    20 -9999 -9999     0
2021 02 24 06   262   146 10120   210    20 -9999 -9999     0
2021 02 24 09   272   145 10099   235    26 -9999 -9999 -9999
2021 02 24 12   235   147 10111   240    30 -9999 -9999     0
2021 02 24 15   204   151 10132   240    30 -9999 -9999     0
2021 02 24 18   189   151 10129   230    30 -9999 -9999     0
2021 02 24 21   189   147 10125   140    20 -9999 -9999 -9999
2021 02 25 00   184   147 10136   240    20 -9999 -9999     3
2021 02 25 03   198   148 10141   110    20 -9999 -9999     3
2021 02 25 06   233   151 10104   270    20 -9999 -9999     0
2021 02 25 09   232   155 10093   280    10 -9999 -9999     0
2021 02 25 12   207   161 10093   290    10 -9999 -9999     0
2021 02 25 15   199   159 10100   330    10 -9999 -9999     0
2021 02 25 18   194   166 10094   280    10 -9999 -9999     0
2021 02 25 21   195   163 10091     0 -9999 -9999 -9999     0
2021 02 26 00   196   168 10105    80    10 -9999 -9999     1
2021 02 26 03   233   170 10119   280    10 -9999 -9999     1
2021 02 26 06   228   179 10100   280    10 -9999 -9999     0
2021 02 26 09   179   134 10111    10    20 -9999 -9999 -9999
2021 02 26 12   162   109 10130    60    50 -9999 -9999     0
2021 02 26 15   148    93 10161    60    50 -9999 -9999 -9999
2021 02 26 18   142    90 10161    60    30 -9999 -9999     0
2021 02 26 21   136    82 10160    60    40 -9999 -9999     0
2021 02 27 00   133    79 10175    40    20 -9999 -9999     0
2021 02 27 03   143    84 10189    70    30 -9999 -9999     0
2021 02 27 06   159    97 10160    40    20 -9999 -9999 -9999
2021 02 27 09   168    99 10156   340    10 -9999 -9999     0
2021 02 27 12   167    98 10167    60    20 -9999 -9999     0
2021 02 27 15   160    96 10179   310    10 -9999 -9999     0
2021 02 27 18   158    96 10177    60    30 -9999 -9999     0
2021 02 27 21   157    98 10168   360    10 -9999 -9999     0
2021 02 28 00   155    98 10182    60    30 -9999 -9999     0
2021 02 28 03   166   102 10189    20    10 -9999 -9999     0
2021 02 28 06   212   123 10155   240    20 -9999 -9999     0
2021 02 28 09   215   131 10139   280    20 -9999 -9999     0
2021 02 28 12   190   129 10148   280    10 -9999 -9999     0
2021 02 28 15   179   130 10166   280    10 -9999 -9999     0
2021 02 28 18   184   138 10168    70    10 -9999 -9999     0
2021 02 28 21   179   138 10163    80    10 -9999 -9999     0
2021 03 01 00   187   143 10177    70    10 -9999 -9999     0
2021 03 01 03   212   150 10186   280    10 -9999 -9999     0
2021 03 01 06   242   169 10155   240    20 -9999 -9999     0
2021 03 01 09   246   173 10147   210    10 -9999 -9999     0
2021 03 01 12   224   189 10161   100    10 -9999 -9999     0
2021 03 01 15   219   184 10176   230    10 -9999 -9999     1
2021 03 01 18   167   103 10209    70    50 -9999 -9999     2
2021 03 01 21   152    89 10208    60    40 -9999 -9999     1
2021 03 02 00   138    77 10232    30    60 -9999 -9999     0
2021 03 02 03   162    74 10236    60    50 -9999 -9999     0
2021 03 02 06   180    80 10213    60    50 -9999 -9999     0
2021 03 02 09   170    79 10205    50    30 -9999 -9999     0
2021 03 02 12   153    75 10220    30    30 -9999 -9999     0
2021 03 02 15   146    69 10235    50    30 -9999 -9999     0
2021 03 02 18   141    71 10236    70    20 -9999 -9999     0
2021 03 02 21   138    75 10222    60    20 -9999 -9999     0
2021 03 03 00   138    73 10233    20    10 -9999 -9999     0
2021 03 03 03   160    80 10234    70    10 -9999 -9999     0
2021 03 03 06   207    99 10194   280    10 -9999 -9999     0
2021 03 03 09   205   111 10183   260    20 -9999 -9999     0
2021 03 03 12   183   104 10202   270    10 -9999 -9999     0
2021 03 03 15   177   108 10208    20    20 -9999 -9999     0
2021 03 03 18   162   102 10197    60    20 -9999 -9999     0
2021 03 03 21   157   100 10190    30    20 -9999 -9999     0
2021 03 04 00   151   103 10204   280    10 -9999 -9999 -9999
2021 03 04 03   160   105 10211    10    10 -9999 -9999 -9999
2021 03 04 06   154   123 10195   360    10 -9999 -9999    30
2021 03 04 09   160   133 10184    30    20 -9999 -9999    30
2021 03 04 12   156   130 10189   280    10 -9999 -9999     3
2021 03 04 15   156   130 10191    50    20 -9999 -9999     1
2021 03 04 18   154   132 10185   340    20 -9999 -9999     0
2021 03 04 21   153   135 10173    50    20 -9999 -9999    10
2021 03 05 00   158   136 10179    30    10 -9999 -9999    20
2021 03 05 03   176   148 10187   310    10 -9999 -9999     1
2021 03 05 06   185   161 10149   360    10 -9999 -9999    80
2021 03 05 09   197   171 10143   280    10 -9999 -9999    80
2021 03 05 12   191   174 10150    80    10 -9999 -9999    20
2021 03 05 15   192   175 10156   200    10 -9999 -9999    10
2021 03 05 18   192   176 10158   340    10 -9999 -9999     0
2021 03 05 21   202   181 10157   160    10 -9999 -9999     0
2021 03 06 00   204   181 10167   210    10 -9999 -9999     0
2021 03 06 03   231   190 10174   120    10 -9999 -9999 -9999
2021 03 06 06   202   185 10166    60    10 -9999 -9999   260
2021 03 06 09   211   190 10149    50    10 -9999 -9999   440
2021 03 06 12   205   188 10167    30    20 -9999 -9999   190
2021 03 06 15   196   170 10190    20    10 -9999 -9999     5
2021 03 06 18   180   143 10190    70    30 -9999 -9999     0
2021 03 06 21   171   124 10197    70    40 -9999 -9999     0
2021 03 07 00   168   117 10218    60    30 -9999 -9999     0
2021 03 07 03   179   116 10228    60    30 -9999 -9999     0
2021 03 07 06   199   124 10203    60    40 -9999 -9999     0
2021 03 07 09   206   133 10186    70    20 -9999 -9999     0
2021 03 07 12   185   120 10210    60    30 -9999 -9999     0
2021 03 07 15   168   110 10229    70    30 -9999 -9999     0
2021 03 07 18   161   108 10220    60    30 -9999 -9999     0
2021 03 07 21   152   108 10209    50    30 -9999 -9999     0
2021 03 08 00   149   103 10231    20    20 -9999 -9999     0
2021 03 08 03   178   113 10233   120    10 -9999 -9999     0
2021 03 08 06   217   133 10191   330    10 -9999 -9999     0
2021 03 08 09   225   141 10180   240    10 -9999 -9999     0
2021 03 08 12   204   140 10197    40    10 -9999 -9999     0
2021 03 08 15   196   148 10209   170    10 -9999 -9999     0
2021 03 08 18   188   146 10198   290    10 -9999 -9999     0
2021 03 08 21   187   155 10192   140    10 -9999 -9999     0
2021 03 09 00   190   154 10213    60    10 -9999 -9999     0
2021 03 09 03   207   145 10220   280    10 -9999 -9999     0
2021 03 09 06   242   156 10193    70    10 -9999 -9999     0
2021 03 09 09   244   161 10183   270    10 -9999 -9999     0
2021 03 09 12   223   156 10199    50    10 -9999 -9999     0
2021 03 09 15   191   135 10212    50    20 -9999 -9999     0
2021 03 09 18   176   127 10210    50    20 -9999 -9999     0
2021 03 09 21   168   121 10207    40    30 -9999 -9999     0
2021 03 10 00   166   121 10225    40    30 -9999 -9999     0
2021 03 10 03   210   136 10222   300    10 -9999 -9999     0
2021 03 10 06   249   149 10182   280    20 -9999 -9999     0
2021 03 10 09   255   152 10171    10    10 -9999 -9999     0
2021 03 10 12   232   167 10189   121     3 -9999 -9999 -9999
2021 03 10 15   218   158 10206   220    10 -9999 -9999     0
2021 03 10 18   205   157 10200   230    10 -9999 -9999     0
2021 03 10 21   196   150 10202   180    10 -9999 -9999     0
2021 03 11 00   200   145 10219   220    10 -9999 -9999     0
2021 03 11 03   234   154 10218    20    10 -9999 -9999     0
2021 03 11 06   267   163 10183   300    20 -9999 -9999     0
2021 03 11 09   259   167 10171   260    10 -9999 -9999     0
2021 03 11 12   246   165 10184   290    10 -9999 -9999     0
2021 03 11 15   230   181 10194    80    10 -9999 -9999     0
2021 03 11 18   221   170 10193   220    10 -9999 -9999     0
2021 03 11 21   212   170 10189   210    10 -9999 -9999     0
2021 03 12 00   213   173 10210   260    10 -9999 -9999     0
2021 03 12 03   255   179 10208    70    10 -9999 -9999     0
2021 03 12 06   275   170 10175    60    30 -9999 -9999     0
2021 03 12 09   283   165 10154    70    20 -9999 -9999     0
2021 03 12 12   243   160 10177    60    30 -9999 -9999     0
2021 03 12 15   213   151 10200   270    10 -9999 -9999     1
2021 03 12 18   204   145 10198    20    20 -9999 -9999     1
2021 03 12 21   195   138 10193    60    20 -9999 -9999     0
2021 03 13 00   192   136 10211   270    10 -9999 -9999     0
2021 03 13 03   222   143 10216   310    10 -9999 -9999     0
2021 03 13 06   260   165 10179   290    10 -9999 -9999     0
2021 03 13 09   265   167 10158   270    10 -9999 -9999     0
2021 03 13 12   242   174 10165   200    10 -9999 -9999     0
2021 03 13 15   227   176 10177    80    10 -9999 -9999     0
2021 03 13 18   212   174 10169   210    10 -9999 -9999     0
2021 03 13 21   204   166 10162   220    10 -9999 -9999     0
2021 03 14 00   205   161 10184   180    10 -9999 -9999     0
2021 03 14 03   237   167 10184   100    10 -9999 -9999     0
2021 03 14 06   250   172 10152   260    20 -9999 -9999     0
2021 03 14 09   265   164 10135   250    30 -9999 -9999     0
2021 03 14 12   245   170 10141   190    10 -9999 -9999     0
2021 03 14 15   219   164 10156   240    20 -9999 -9999     0
2021 03 14 18   200   156 10154   230    30 -9999 -9999     0
2021 03 14 21   196   150 10152   180    20 -9999 -9999     0
2021 03 15 00   195   145 10173   160    20 -9999 -9999     0
2021 03 15 03   240   138 10171   250    20 -9999 -9999     0
2021 03 15 06   273   156 10134   270    30 -9999 -9999     0
2021 03 15 09   276   152 10114   240    20 -9999 -9999     0
2021 03 15 12   243   157 10127   280    10 -9999 -9999     0
2021 03 15 15   233   158 10145   250    20 -9999 -9999     0
2021 03 15 18   211   158 10136   170    20 -9999 -9999     0
2021 03 15 21   202   164 10134   130    10 -9999 -9999     0
2021 03 16 00   198   160 10154    50    10 -9999 -9999     0
2021 03 16 03   247   171 10154   220    10 -9999 -9999     0
2021 03 16 06   288   170 10119   260    20 -9999 -9999     0
2021 03 16 09   291   159 10103   240    20 -9999 -9999     0
2021 03 16 12   258   174 10116   270    10 -9999 -9999     0
2021 03 16 15   246   165 10134   230    20 -9999 -9999     0
2021 03 16 18   223   176 10135    20    10 -9999 -9999     0
2021 03 16 21   207   175 10129    80    10 -9999 -9999     0
2021 03 17 00   211   171 10144    40    10 -9999 -9999     0
2021 03 17 03   257   178 10144   230    30 -9999 -9999     0
2021 03 17 06   293   168 10113   230    30 -9999 -9999     0
2021 03 17 09   300   174 10100   250    30 -9999 -9999     0
2021 03 17 12   275   179 10111   230    20 -9999 -9999     0
2021 03 17 15   254   188 10131   230    20 -9999 -9999     0
2021 03 17 18   235   194 10134   180    10 -9999 -9999     0
2021 03 17 21   225   192 10133   150    10 -9999 -9999     0
2021 03 18 00   226   185 10149   160    10 -9999 -9999     0
2021 03 18 03   263   189 10150   250    30 -9999 -9999     0
2021 03 18 06   292   186 10117   240    40 -9999 -9999     0
2021 03 18 12   272   187 10106   226    12 -9999 -9999 -9999
2021 03 18 15   252   181 10126   220    10 -9999 -9999     0
2021 03 18 18   219   186 10130   250    20 -9999 -9999     0
2021 03 18 21   215   183 10133   220    10 -9999 -9999     0
2021 03 19 00   223   184 10146   180    20 -9999 -9999     0
2021 03 19 03   260   186 10140   240    30 -9999 -9999     0
2021 03 19 06   299   189 10103   250    30 -9999 -9999     0
2021 03 19 09   303   177 10083   240    20 -9999 -9999     0
2021 03 19 12   278   176 10091   200    10 -9999 -9999     0
2021 03 19 15   251   183 10110   230    40 -9999 -9999     0
2021 03 19 18   235   186 10112   230    30 -9999 -9999     0
2021 03 19 21   218   185 10109   190    10 -9999 -9999     0
2021 03 20 00   224   187 10126   240    10 -9999 -9999     0
2021 03 20 03   257   193 10124   260    20 -9999 -9999     0
2021 03 20 06   291   188 10094   220    10 -9999 -9999     0
2021 03 20 09   293   190 10085   250    20 -9999 -9999     0
2021 03 20 12   245   170 10103    40    30 -9999 -9999     0
2021 03 20 15   217   155 10131   360    20 -9999 -9999     0
2021 03 20 18   197   136 10139    60    30 -9999 -9999     0
2021 03 20 21   170   110 10161    70    60 -9999 -9999     0
2021 03 21 00   161    95 10190    60    50 -9999 -9999     0
2021 03 21 03   158    85 10216    70    50 -9999 -9999     0
2021 03 21 06   155    80 10211    40    30 -9999 -9999     0
2021 03 21 09   144    69 10211    60    60 -9999 -9999     0
2021 03 21 12   135    68 10231    60    50 -9999 -9999     0
2021 03 21 15   134    69 10248    50    40 -9999 -9999     0
2021 03 21 18   130    70 10253    70    40 -9999 -9999     0
2021 03 21 21   129    67 10251    60    40 -9999 -9999     0
2021 03 22 00   133    64 10274    50    40 -9999 -9999     0
2021 03 22 03   145    52 10274    57    50 -9999 -9999 -9999
2021 03 22 06   188    49 10239    20    40 -9999 -9999     0
2021 03 22 09   177    49 10233    40    40 -9999 -9999     0
2021 03 22 12   168    54 10244    20    10 -9999 -9999     0
2021 03 22 15   159    55 10250    70    20 -9999 -9999     0
2021 03 22 18   154    58 10242   290    10 -9999 -9999     0
2021 03 22 21   152    64 10226    90    10 -9999 -9999     0
2021 03 23 00   150    70 10243    10    20 -9999 -9999     0
2021 03 23 03   167    62 10235   330    10 -9999 -9999     0
2021 03 23 06   166    64 10207   290    10 -9999 -9999 -9999
2021 03 23 09   157    82 10196    50    20 -9999 -9999     0
2021 03 23 12   147    90 10207    40    20 -9999 -9999     0
2021 03 23 15   142    92 10210    40    20 -9999 -9999     0
2021 03 23 18   141    91 10202   260    10 -9999 -9999 -9999
2021 03 23 21   132    97 10192    61    21 -9999 -9999 -9999
2021 03 24 00   134   107 10207    70    20 -9999 -9999     0
2021 03 24 03   176   114 10200    10    20 -9999 -9999     0
2021 03 24 06   237   126 10152   250    20 -9999 -9999     0
2021 03 24 09   267   130 10129   330    10 -9999 -9999     0
2021 03 24 12   213   132 10146    30    10 -9999 -9999     0
2021 03 24 15   184   123 10170    70    10 -9999 -9999     0
2021 03 24 18   158   117 10168    40    10 -9999 -9999     0
2021 03 24 21   141    97 10176    60    10 -9999 -9999     0
2021 03 25 00   143    91 10199    50    20 -9999 -9999     0
2021 03 25 03   227    95 10195    38    23 -9999 -9999 -9999
2021 03 25 06   272   104 10152   240    20 -9999 -9999     0
2021 03 25 09   285    97 10134   120    10 -9999 -9999     0
2021 03 25 12   228   112 10141    40    10 -9999 -9999     0
2021 03 25 15   210   129 10162   240    20 -9999 -9999     0
2021 03 25 18   187   124 10169   190    20 -9999 -9999     0
2021 03 25 21   166   129 10165    90    20 -9999 -9999     0
2021 03 26 00   173   115 10179    40    10 -9999 -9999     0
2021 03 26 03   233   123 10175   350    10 -9999 -9999     0
2021 03 26 06   265   118 10137   240    30 -9999 -9999     0
2021 03 26 09   273   113 10119   240    20 -9999 -9999     0
2021 03 26 12   243   126 10124   270    10 -9999 -9999     0
2021 03 26 15   222   155 10146   220    30 -9999 -9999     0
2021 03 26 18   209   163 10141   240    30 -9999 -9999     0
2021 03 26 21   199   161 10132   230    10 -9999 -9999     0
2021 03 27 00   205   159 10142   310    10 -9999 -9999     0
2021 03 27 03   244   176 10139   260    20 -9999 -9999     0
2021 03 27 06   279   171 10097   230    40 -9999 -9999     0
2021 03 27 09   281   179 10083   225    19 -9999 -9999 -9999
2021 03 27 12   272   184 10097   240    10 -9999 -9999     0
2021 03 27 15   257   188 10109   230    20 -9999 -9999     0
2021 03 27 18   239   183 10102   240    10 -9999 -9999     0
2021 03 27 21   216   182 10094    30    10 -9999 -9999     0
2021 03 28 00   225   184 10110    50    10 -9999 -9999     0
2021 03 28 03   267   193 10113   250    20 -9999 -9999     0
2021 03 28 06   310   190 10079   230    20 -9999 -9999     0
2021 03 28 09   308   201 10062   230    30 -9999 -9999     0
2021 03 28 12   285   197 10068   220    20 -9999 -9999     0
2021 03 28 15   251   196 10083   280    10 -9999 -9999     0
2021 03 28 18   236   197 10076   280    10 -9999 -9999     0
2021 03 28 21   225   194 10070    60    10 -9999 -9999     0
2021 03 29 00   234   199 10087   130    10 -9999 -9999     0
2021 03 29 03   272   202 10083   250    30 -9999 -9999     0
2021 03 29 06   290   209 10053   230    20 -9999 -9999     0
2021 03 29 09   296   207 10030   230    30 -9999 -9999     0
2021 03 29 12   280   208 10040   240    30 -9999 -9999     0
2021 03 29 15   263   206 10059   230    40 -9999 -9999     0
2021 03 29 18   256   206 10051   230    40 -9999 -9999     0
2021 03 29 21   253   205 10053   240    20 -9999 -9999     0
2021 03 30 00   254   206 10072   230    20 -9999 -9999     0
2021 03 30 03   288   197 10077   240    40 -9999 -9999     0
2021 03 30 06   313   199 10043   240    50 -9999 -9999     0
2021 03 30 09   323   208 10027   240    30 -9999 -9999     0
2021 03 30 12   284   211 10045   240    50 -9999 -9999     0
2021 03 30 15   261   202 10063   260    30 -9999 -9999     0
2021 03 30 18   253   205 10060   230    30 -9999 -9999     0
2021 03 30 21   248   204 10056   140    10 -9999 -9999     0
2021 03 31 00   249   201 10069   240    20 -9999 -9999     0
2021 03 31 03   269   204 10076   240    20 -9999 -9999     0
2021 03 31 06   288   205 10052   280    20 -9999 -9999     0
2021 03 31 09   290   199 10044   270    20 -9999 -9999     0
2021 03 31 12   274   199 10053   240    20 -9999 -9999     0
2021 03 31 15   257   200 10070   240    20 -9999 -9999     0
2021 03 31 18   249   205 10066   230    20 -9999 -9999     0
2021 03 31 21   243   208 10064   230    10 -9999 -9999     0
2021 04 01 00   248   207 10083   240    10 -9999 -9999     0
2021 04 01 03   286   203 10086   240    40 -9999 -9999     0
2021 04 01 06   316   202 10060   230    40 -9999 -9999     0
2021 04 01 09   317   206 10045   230    30 -9999 -9999     0
2021 04 01 12   285   205 10063   230    40 -9999 -9999     0
2021 04 01 15   263   203 10087   230    20 -9999 -9999     0
2021 04 01 18   248   207 10085   230    20 -9999 -9999     0
2021 04 01 21   239   206 10092   160    10 -9999 -9999     0
2021 04 02 00   248   204 10114   120    10 -9999 -9999     0
2021 04 02 03   288   202 10110   230    30 -9999 -9999     0
2021 04 02 06   306   202 10087   290    20 -9999 -9999 -9999
2021 04 02 09   314   203 10071   270    10 -9999 -9999     0
2021 04 02 12   286   203 10085   290    10 -9999 -9999     0
2021 04 02 15   271   213 10110   240    20 -9999 -9999     0
2021 04 02 18   256   212 10108   260    10 -9999 -9999     0
2021 04 02 21   247   212 10104   170    10 -9999 -9999     0
2021 04 03 00   251   212 10128    60    10 -9999 -9999     0
2021 04 03 03   293   215 10126   250    20 -9999 -9999     0
2021 04 03 06   330   201 10098   190    10 -9999 -9999     0
2021 04 03 09   326   217 10088   260    20 -9999 -9999     0
2021 04 03 12   301   212 10102   280    20 -9999 -9999     0
2021 04 03 15   275   203 10120   290    10 -9999 -9999     0
2021 04 03 18   251   187 10125   350    20 -9999 -9999     0
2021 04 03 21   226   161 10135    60    60 -9999 -9999     0
2021 04 04 00   213   147 10168    60    50 -9999 -9999     0
2021 04 04 03   220   146 10177    40    40 -9999 -9999     0
2021 04 04 06   241   150 10152    10    20 -9999 -9999     0
2021 04 04 09   244   153 10143    50    20 -9999 -9999     0
2021 04 04 12   223   144 10164    30    20 -9999 -9999     0
2021 04 04 15   213   139 10181    50    20 -9999 -9999     0
2021 04 04 18   202   134 10178    70    40 -9999 -9999     0
2021 04 04 21   197   129 10180    20    20 -9999 -9999     0
2021 04 05 00   195   127 10200    60    30 -9999 -9999     0
2021 04 05 03   205   134 10200    50    20 -9999 -9999     0
2021 04 05 06   215   136 10183    20    10 -9999 -9999     0
2021 04 05 09   219   147 10173    60    20 -9999 -9999     0
2021 04 05 12   208   146 10183   330    10 -9999 -9999     0
2021 04 05 15   203   144 10195    20    20 -9999 -9999     0
2021 04 05 18   197   145 10180   280    10 -9999 -9999     0
2021 04 05 21   196   146 10178   340    10 -9999 -9999     0
2021 04 06 00   203   150 10194    60    20 -9999 -9999     0
2021 04 06 03   247   164 10192    30    10 -9999 -9999     0
2021 04 06 06   279   171 10161    50    20 -9999 -9999     0
2021 04 06 09   297   175 10146    60    20 -9999 -9999     0
2021 04 06 12   275   176 10167    60    20 -9999 -9999     0
2021 04 06 15   248   170 10179   330    10 -9999 -9999     0
2021 04 06 18   227   162 10170    40    20 -9999 -9999     0
2021 04 06 21   214   157 10163   200    10 -9999 -9999     0
2021 04 07 00   219   164 10177   310    10 -9999 -9999     0
2021 04 07 03   232   174 10183   240    20 -9999 -9999     0
2021 04 07 06   261   174 10146   240    30 -9999 -9999     0
2021 04 07 09   268   175 10126   150    10 -9999 -9999     0
2021 04 07 12   255   169 10133   250    10 -9999 -9999     0
2021 04 07 15   239   161 10143   220    20 -9999 -9999     0
2021 04 07 18   222   155 10132   240    20 -9999 -9999     0
2021 04 07 21   214   143 10133   180    10 -9999 -9999     0
2021 04 08 00   192   144 10161    40    10 -9999 -9999    30
2021 04 08 03   196   164 10173    60    20 -9999 -9999    50
2021 04 08 06   189   165 10159    30    20 -9999 -9999    50
2021 04 08 09   185   149 10151    60    40 -9999 -9999    70
2021 04 08 12   187   139 10170    60    30 -9999 -9999    50
2021 04 08 15   186   132 10184    60    30 -9999 -9999     0
2021 04 08 18   183   125 10172    60    20 -9999 -9999     0
2021 04 08 21   176   120 10167    50    30 -9999 -9999 -9999
2021 04 09 00   178   118 10195    50    30 -9999 -9999     0
2021 04 09 03   192   115 10203    70    40 -9999 -9999     0
2021 04 09 06   223   125 10178    80    20 -9999 -9999     0
2021 04 09 09   222   127 10168    60    20 -9999 -9999     0
2021 04 09 12   214   130 10178    20    10 -9999 -9999     0
2021 04 09 15   202   124 10196    20    20 -9999 -9999     0
2021 04 09 18   193   128 10195    50    20 -9999 -9999     0
2021 04 09 21   178   126 10194    70    20 -9999 -9999     0
2021 04 10 00   183   129 10210    60    20 -9999 -9999     0
2021 04 10 03   222   145 10211   250    20 -9999 -9999     0
2021 04 10 06   260   153 10182   280    20 -9999 -9999     0
2021 04 10 09   261   157 10167   270    20 -9999 -9999     0
2021 04 10 12   236   161 10177     0 -9999 -9999 -9999     0
2021 04 10 15   216   159 10191   280    20 -9999 -9999     0
2021 04 10 18   214   150 10193   180    10 -9999 -9999     0
2021 04 10 21   207   145 10193   160    10 -9999 -9999     0
2021 04 11 00   213   149 10209   180    10 -9999 -9999     0
2021 04 11 03   249   140 10205   220    20 -9999 -9999     0
2021 04 11 06   293   157 10171   260    20 -9999 -9999     0
2021 04 11 09   301   161 10150   270    20 -9999 -9999     0
2021 04 11 12   266   162 10155   270    10 -9999 -9999     0
2021 04 11 15   251   165 10175   240    30 -9999 -9999     0
2021 04 11 18   226   166 10171   210    20 -9999 -9999     0
2021 04 11 21   208   170 10173   210    10 -9999 -9999     0
2021 04 12 00   221   174 10187   200    10 -9999 -9999     0
2021 04 12 03   269   182 10177   240    30 -9999 -9999     0
2021 04 12 06   295   186 10146   290    10 -9999 -9999     0
2021 04 12 09   307   184 10124   260    20 -9999 -9999     0
2021 04 12 12   280   192 10139   240    20 -9999 -9999     0
2021 04 12 15   259   190 10150   220    10 -9999 -9999     0
2021 04 12 18   239   181 10142   310    10 -9999 -9999     0
2021 04 12 21   222   187 10141     0 -9999 -9999 -9999     0
2021 04 13 00   242   188 10158   130    10 -9999 -9999     0
2021 04 13 03   282   202 10153   220    20 -9999 -9999     0
2021 04 13 06   315   188 10119   210    20 -9999 -9999     0
2021 04 13 09   327   188 10094   250    20 -9999 -9999     0
2021 04 13 12   294   197 10106   280    20 -9999 -9999     0
2021 04 13 15   273   191 10127   240    30 -9999 -9999     0
2021 04 13 18   259   190 10127   200    10 -9999 -9999     0
2021 04 13 21   247   186 10127   220    10 -9999 -9999     0
2021 04 14 00   248   191 10143   240    20 -9999 -9999     0
2021 04 14 03   287   190 10139   250    40 -9999 -9999     0
2021 04 14 06   299   186 10112   250    30 -9999 -9999     0
2021 04 14 09   287   193 10099   250    30 -9999 -9999     0
2021 04 14 12   267   193 10115   240    40 -9999 -9999     0
2021 04 14 15   244   194 10128   230    30 -9999 -9999     4
2021 04 14 18   234   189 10125   240    20 -9999 -9999     4
2021 04 14 21   225   186 10123   240    10 -9999 -9999     0
2021 04 15 00   224   175 10139   230    20 -9999 -9999     0
2021 04 15 03   245   179 10137   250    20 -9999 -9999     0
2021 04 15 06   264   187 10113   230    30 -9999 -9999     0
2021 04 15 09   253   189 10109   270    10 -9999 -9999     1
2021 04 15 12   221   200 10132   324     9 -9999 -9999    26
2021 04 15 15   218   195 10148    60    20 -9999 -9999    50
2021 04 15 18   206   189 10136    20    20 -9999 -9999    30
2021 04 15 21   199   182 10134    20    10 -9999 -9999    10
2021 04 16 00   206   179 10147    60    20 -9999 -9999     4
2021 04 16 03   212   183 10153   360    10 -9999 -9999     1
2021 04 16 06   208   185 10139   280    10 -9999 -9999    60
2021 04 16 09   203   184 10140    50    10 -9999 -9999   100
2021 04 16 12   205   184 10152   290    10 -9999 -9999    40
2021 04 16 15   206   181 10166   280    10 -9999 -9999     5
2021 04 16 18   207   182 10161   270    10 -9999 -9999     0
2021 04 16 21   207   173 10162    80    10 -9999 -9999     0
2021 04 17 00   212   170 10180    60    20 -9999 -9999     0
2021 04 17 03   230   172 10184    50    20 -9999 -9999     0
2021 04 17 06   258   179 10162    70    20 -9999 -9999     0
2021 04 17 09   259   178 10152    50    20 -9999 -9999     0
2021 04 17 12   230   172 10172    20    20 -9999 -9999     0
2021 04 17 15   224   166 10181   270    20 -9999 -9999     0
2021 04 17 18   214   178 10165    50    10 -9999 -9999     0
2021 04 17 21   208   176 10163   270    10 -9999 -9999 -9999
2021 04 18 00   207   179 10172   280    10 -9999 -9999     2
2021 04 18 03   226   179 10169    50    10 -9999 -9999     2
2021 04 18 06   244   181 10145   250    20 -9999 -9999     0
2021 04 18 09   243   175 10133    40    20 -9999 -9999     0
2021 04 18 12   234   173 10145    40    10 -9999 -9999     0
2021 04 18 15   223   165 10155    30    10 -9999 -9999     0
2021 04 18 18   214   161 10146    70    10 -9999 -9999     0
2021 04 18 21   193   165 10141    40    30 -9999 -9999     9
2021 04 19 00   190   167 10153    50    10 -9999 -9999    40
2021 04 19 03   207   175 10158    70    20 -9999 -9999    60
2021 04 19 06   208   172 10137    90    20 -9999 -9999    40
2021 04 19 09   217   162 10126    80    30 -9999 -9999    20
2021 04 19 12   206   162 10138    50    20 -9999 -9999     0
2021 04 19 15   197   147 10147    80    30 -9999 -9999     0
2021 04 19 18   187   149 10138    40    20 -9999 -9999     0
2021 04 19 21   182   152 10135    70    20 -9999 -9999     2
2021 04 20 00   189   155 10155    90    10 -9999 -9999     2
2021 04 20 03   203   165 10159     0 -9999 -9999 -9999     7
2021 04 20 06   231   156 10136    60    10 -9999 -9999     9
2021 04 20 09   236   159 10122    60    20 -9999 -9999     2
2021 04 20 12   222   166 10132    40    20 -9999 -9999     0
2021 04 20 15   215   166 10146    50    20 -9999 -9999     0
2021 04 20 18   209   167 10141    40    10 -9999 -9999     0
2021 04 20 21   197   167 10136    80    10 -9999 -9999     0
