2021 01 01 00    65   -67 10283    40    30 -9999 -9999     0
2021 01 01 03   111   -45 10273    30    30 -9999 -9999     0
2021 01 01 06   149   -39 10237    70    30 -9999 -9999     0
2021 01 01 09   146     8 10232   220    20 -9999 -9999     0
2021 01 01 12   106    31 10248    10    10 -9999 -9999     0
2021 01 01 15   104     7 10251    50    20 -9999 -9999     0
2021 01 01 18    93   -26 10247    30    20 -9999 -9999     0
2021 01 01 21    84   -54 10243    50    20 -9999 -9999     0
2021 01 02 00    96   -51 10254    70    20 -9999 -9999     0
2021 01 02 03   146   -14 10244    60    30 -9999 -9999     0
2021 01 02 06   177     3 10209    40    20 -9999 -9999     0
2021 01 02 09   155    75 10212    80    30 -9999 -9999     0
2021 01 02 12   138    75 10225    60    20 -9999 -9999     0
2021 01 02 15   120    77 10239    50    20 -9999 -9999     0
2021 01 02 18   114    59 10232    40    20 -9999 -9999     0
2021 01 02 21   116    50 10231    70    20 -9999 -9999     0
2021 01 03 00   122    39 10238    50    30 -9999 -9999     0
2021 01 03 03   170    59 10229    60    20 -9999 -9999     0
2021 01 03 06   212    74 10201   100    20 -9999 -9999     0
2021 01 03 09   173   111 10211   100    40 -9999 -9999     0
2021 01 03 12   167   109 10226    70    20 -9999 -9999     0
2021 01 03 15   156   101 10233    50    20 -9999 -9999     0
2021 01 03 18   157   102 10220    50    20 -9999 -9999     0
2021 01 03 21   157    72 10213    60    30 -9999 -9999     0
2021 01 04 00   160    58 10229    50    20 -9999 -9999     0
2021 01 04 03   190    77 10229    20    20 -9999 -9999     0
2021 01 04 06   198    96 10198   220    30 -9999 -9999     0
2021 01 04 09   188   120 10197   100    20 -9999 -9999     0
2021 01 04 12   176   122 10210   100    20 -9999 -9999     0
2021 01 04 15   174   118 10211    50    10 -9999 -9999     0
2021 01 04 18   171   109 10203    60    10 -9999 -9999     0
2021 01 04 21   170   103 10197    70    20 -9999 -9999     0
2021 01 05 00   171    92 10216    30    10 -9999 -9999     0
2021 01 05 03   217    71 10211   360    20 -9999 -9999     0
2021 01 05 06   204   105 10187   200    40 -9999 -9999     0
2021 01 05 09   186   123 10192   100    30 -9999 -9999     0
2021 01 05 12   170   127 10211    50    20 -9999 -9999     0
2021 01 05 15   156   115 10214    40    20 -9999 -9999     0
2021 01 05 18   151   116 10213    60    30 -9999 -9999     0
2021 01 05 21   143    53 10216    50    20 -9999 -9999     0
2021 01 06 00   143    45 10229    10    10 -9999 -9999     0
2021 01 06 03   176    79 10215    30    20 -9999 -9999     0
2021 01 06 06   173   106 10177   200    40 -9999 -9999     0
2021 01 06 09   171   100 10183    90    40 -9999 -9999     0
2021 01 06 12   168   104 10201    80    20 -9999 -9999     0
2021 01 06 15   164   102 10206    50    20 -9999 -9999     0
2021 01 06 18   148    71 10204    40    20 -9999 -9999     0
2021 01 06 21   129    67 10205    20    20 -9999 -9999     0
2021 01 07 00   129    62 10217    30    40 -9999 -9999     0
2021 01 07 03   166    75 10219    30    30 -9999 -9999     0
2021 01 07 06   163    69 10197   350    40 -9999 -9999     0
2021 01 07 09   132    51 10211   360    40 -9999 -9999     0
2021 01 07 12   104    34 10233    30    30 -9999 -9999     0
2021 01 07 15    88    17 10247    10    50 -9999 -9999     0
2021 01 07 18    73    15 10255    10    40 -9999 -9999     0
2021 01 07 21    70     2 10247   360    40 -9999 -9999     0
2021 01 08 00    66    -8 10263   360    40 -9999 -9999     0
2021 01 08 03    81   -14 10262    10    40 -9999 -9999     0
2021 01 08 06    87   -34 10245   350    40 -9999 -9999     0
2021 01 08 09    85   -50 10247   350    40 -9999 -9999     0
2021 01 08 12    76   -76 10266   350    50 -9999 -9999     0
2021 01 08 15    79   -73 10264    10    20 -9999 -9999     0
2021 01 08 18    77   -75 10261   360    20 -9999 -9999     0
2021 01 08 21    68   -95 10252   360    40 -9999 -9999     0
2021 01 09 00    68  -104 10266   360    30 -9999 -9999     0
2021 01 09 03   109   -83 10268    30    20 -9999 -9999     0
2021 01 09 06   136   -71 10231    50    30 -9999 -9999     0
2021 01 09 09   121    11 10224    80    40 -9999 -9999     0
2021 01 09 12   110    20 10242    10    10 -9999 -9999     0
2021 01 09 15   106    -2 10253    50    20 -9999 -9999     0
2021 01 09 18   104   -26 10253    40    10 -9999 -9999     0
2021 01 09 21    99   -30 10241    10    20 -9999 -9999     0
2021 01 10 00    94   -73 10254    40    20 -9999 -9999     0
2021 01 10 03   111   -45 10257    30    20 -9999 -9999     0
2021 01 10 06   136   -27 10222    60    30 -9999 -9999     0
2021 01 10 09   136   -15 10217   360    20 -9999 -9999     0
2021 01 10 12   124   -11 10237   340    20 -9999 -9999     0
2021 01 10 15   117   -28 10247    10    20 -9999 -9999     0
2021 01 10 18   113   -36 10241    10    20 -9999 -9999     0
2021 01 10 21   103   -27 10241   360    40 -9999 -9999     0
2021 01 11 00    89   -15 10266   360    50 -9999 -9999     0
2021 01 11 03    93   -20 10275   350    40 -9999 -9999     0
2021 01 11 06    88   -13 10255   340    40 -9999 -9999     0
2021 01 11 09    90   -35 10252   340    30 -9999 -9999     0
2021 01 11 12    89   -43 10266   360    40 -9999 -9999     0
2021 01 11 15    87   -66 10268   350    40 -9999 -9999     0
2021 01 11 18    81   -80 10268    10    30 -9999 -9999     0
2021 01 11 21    76   -84 10258    20    30 -9999 -9999     0
2021 01 12 00    74   -82 10260    20    20 -9999 -9999     0
2021 01 12 03   125   -86 10254    10    40 -9999 -9999     0
2021 01 12 06   159   -76 10216    30    30 -9999 -9999     0
2021 01 12 09   151   -10 10204   200    20 -9999 -9999     0
2021 01 12 12    93   -17 10216     0 -9999 -9999 -9999     0
2021 01 12 15    79     1 10220    40    10 -9999 -9999     0
2021 01 12 18    73     0 10221     0 -9999 -9999 -9999     0
2021 01 12 21    60   -33 10212    10    10 -9999 -9999     0
2021 01 13 00    60   -41 10217   250    10 -9999 -9999     0
2021 01 13 03   151   -27 10215   130    10 -9999 -9999     0
2021 01 13 06   155     8 10182   240    30 -9999 -9999     0
2021 01 13 09   154    22 10176    90    20 -9999 -9999     0
2021 01 13 12   109    36 10195    20    10 -9999 -9999     0
2021 01 13 15    89    37 10201    30    10 -9999 -9999     0
2021 01 13 18    90    36 10194    20    10 -9999 -9999     0
2021 01 13 21    82    30 10187   330    10 -9999 -9999     0
2021 01 14 00    83    31 10192   160    10 -9999 -9999     0
2021 01 14 03   184    18 10193    60    20 -9999 -9999     0
2021 01 14 06   185    60 10163   230    20 -9999 -9999     0
2021 01 14 09   175    57 10165    80    20 -9999 -9999     0
2021 01 14 12   138    75 10178    20    10 -9999 -9999     0
2021 01 14 15   119    59 10184    50    10 -9999 -9999     0
2021 01 14 18   104    69 10184     0 -9999 -9999 -9999     0
2021 01 14 21   110    75 10176    20    10 -9999 -9999     0
2021 01 15 00   114    67 10183   100    10 -9999 -9999     0
2021 01 15 03   196    66 10174    80    20 -9999 -9999     0
2021 01 15 06   196    83 10144   230    20 -9999 -9999     0
2021 01 15 09   189    91 10149   100    20 -9999 -9999     0
2021 01 15 12   148    89 10156     0 -9999 -9999 -9999     0
2021 01 15 15   141    93 10160    40    10 -9999 -9999     0
2021 01 15 18   149    81 10162    30    10 -9999 -9999     0
2021 01 15 21   138    77 10165   200    10 -9999 -9999     0
2021 01 16 00   143    87 10184    80    10 -9999 -9999     0
2021 01 16 03   209    85 10187    60    40 -9999 -9999     0
2021 01 16 06   218   120 10157    80    40 -9999 -9999     0
2021 01 16 09   185   122 10165    80    40 -9999 -9999     0
2021 01 16 12   167   107 10193    60    30 -9999 -9999     0
2021 01 16 15   162    91 10208    60    30 -9999 -9999     0
2021 01 16 18   142    86 10219    50    20 -9999 -9999     0
2021 01 16 21   127    83 10230    30    10 -9999 -9999     0
2021 01 17 00   135    61 10252    50    20 -9999 -9999     0
2021 01 17 03   171    57 10249   350    30 -9999 -9999     0
2021 01 17 06   196    63 10218   340    30 -9999 -9999     0
2021 01 17 09   176    89 10229    80    30 -9999 -9999     0
2021 01 17 12   153    37 10250   350    20 -9999 -9999     0
2021 01 17 15   132    24 10262   360    30 -9999 -9999     0
2021 01 17 18   114    10 10257    20    30 -9999 -9999     0
2021 01 17 21   104    -4 10248    30    20 -9999 -9999     0
2021 01 18 00   104    -4 10254    10    30 -9999 -9999     0
2021 01 18 03   151     8 10252    50    20 -9999 -9999     0
2021 01 18 06   156    37 10214   200    40 -9999 -9999     0
2021 01 18 09   150    57 10212   100    20 -9999 -9999     0
2021 01 18 12   133    52 10227    50    10 -9999 -9999     0
2021 01 18 15   120    60 10231    50    10 -9999 -9999     0
2021 01 18 18   112    50 10218    30    20 -9999 -9999     0
2021 01 18 21   104    38 10208    40    20 -9999 -9999     0
2021 01 19 00   112    32 10219    60    10 -9999 -9999     0
2021 01 19 03   168    27 10223    50    40 -9999 -9999     0
2021 01 19 06   192    49 10193    40    30 -9999 -9999     0
2021 01 19 09   170    91 10192    90    30 -9999 -9999     0
2021 01 19 12   167    86 10202    80    40 -9999 -9999     0
2021 01 19 15   166    88 10205    50    30 -9999 -9999     0
2021 01 19 18   162    89 10202    50    30 -9999 -9999     0
2021 01 19 21   146    81 10193    50    10 -9999 -9999     0
2021 01 20 00   156    88 10203    40    20 -9999 -9999     0
2021 01 20 03   203   104 10202    60    30 -9999 -9999     0
2021 01 20 06   206   123 10171    80    30 -9999 -9999     0
2021 01 20 09   195   125 10161    90    30 -9999 -9999     0
2021 01 20 12   179   123 10171   100    10 -9999 -9999     0
2021 01 20 15   176   127 10180    20    10 -9999 -9999     0
2021 01 20 18   179   130 10171    50    20 -9999 -9999     0
2021 01 20 21   175   124 10163    70    20 -9999 -9999     0
2021 01 21 00   182   126 10170    50    20 -9999 -9999     0
2021 01 21 03   242   143 10169   100    10 -9999 -9999     0
2021 01 21 06   208   139 10140   220    30 -9999 -9999     0
2021 01 21 09   233   143 10137   100    10 -9999 -9999     0
2021 01 21 12   193   141 10151   100    10 -9999 -9999     0
2021 01 21 15   167   141 10151   340    10 -9999 -9999     0
2021 01 21 18   159   139 10144   360    10 -9999 -9999     0
2021 01 21 21   158   138 10130    70    10 -9999 -9999     0
2021 01 22 00   158   145 10149     0 -9999 -9999 -9999     0
2021 01 22 03   214   150 10149   200    20 -9999 -9999     0
2021 01 22 06   233   148 10115   200    30 -9999 -9999     0
2021 01 22 09   229   149 10109   240    20 -9999 -9999     0
2021 01 22 12   207   159 10127    60    10 -9999 -9999     0
2021 01 22 15   191   165 10137   310    10 -9999 -9999     0
2021 01 22 18   185   166 10132    50    10 -9999 -9999     0
2021 01 22 21   180   161 10131    80    20 -9999 -9999     0
2021 01 23 00   185   147 10152    70    20 -9999 -9999     0
2021 01 23 03   235   142 10151    40    30 -9999 -9999     0
2021 01 23 06   223   144 10124   210    30 -9999 -9999     0
2021 01 23 09   208   139 10131   220    30 -9999 -9999     0
2021 01 23 12   197   157 10149    40    10 -9999 -9999     0
2021 01 23 15   184   160 10159    60    20 -9999 -9999     0
2021 01 23 18   178   161 10166    40    10 -9999 -9999     0
2021 01 23 21   166   154 10178    80    30 -9999 -9999     0
2021 01 24 00   173   138 10195    40    20 -9999 -9999     0
2021 01 24 03   195   134 10198   100    40 -9999 -9999     0
2021 01 24 06   196   130 10168    70    50 -9999 -9999     0
2021 01 24 09   184   121 10164    70    40 -9999 -9999     0
2021 01 24 12   171   122 10179    60    30 -9999 -9999     0
2021 01 24 15   167   116 10188    30    10 -9999 -9999     0
2021 01 24 18   164   115 10184    30    20 -9999 -9999     0
2021 01 24 21   152   119 10184    40    20 -9999 -9999     0
2021 01 25 00   153   118 10197    60    20 -9999 -9999     0
2021 01 25 03   211   127 10195   100    20 -9999 -9999     0
2021 01 25 06   206   128 10165   230    30 -9999 -9999     0
2021 01 25 09   212   131 10158    90    10 -9999 -9999     0
2021 01 25 12   178   126 10173    90    20 -9999 -9999     0
2021 01 25 15   162   123 10183    30    10 -9999 -9999     0
2021 01 25 18   155   120 10179    30    10 -9999 -9999     0
2021 01 25 21   146   121 10178    80    10 -9999 -9999     0
2021 01 26 00   147   125 10193     0 -9999 -9999 -9999     0
2021 01 26 03   214   133 10193   180    20 -9999 -9999     0
2021 01 26 06   211   137 10154   220    30 -9999 -9999     0
2021 01 26 09   198   137 10147   230    30 -9999 -9999     0
2021 01 26 12   181   142 10165    20    10 -9999 -9999     0
2021 01 26 15   179   142 10176    50    20 -9999 -9999     0
2021 01 26 18   168   127 10181    50    30 -9999 -9999     0
2021 01 26 21   164   115 10179    50    30 -9999 -9999     0
2021 01 27 00   158   113 10198    50    20 -9999 -9999     0
2021 01 27 03   203   122 10199    60    30 -9999 -9999     0
2021 01 27 06   210   139 10168    90    30 -9999 -9999     0
2021 01 27 09   178   126 10163   100    50 -9999 -9999     0
2021 01 27 12   169   122 10181    60    20 -9999 -9999     0
2021 01 27 15   153   120 10198     0 -9999 -9999 -9999     0
2021 01 27 18   145   123 10201    20    10 -9999 -9999     0
2021 01 27 21   141   123 10203    20    10 -9999 -9999     0
2021 01 28 00   146   121 10222    50    10 -9999 -9999     0
2021 01 28 03   203   112 10221    50    30 -9999 -9999     0
2021 01 28 06   238   108 10193   310    20 -9999 -9999     0
2021 01 28 09   225    99 10191   360    20 -9999 -9999     0
2021 01 28 12   187    71 10218    50    30 -9999 -9999     0
2021 01 28 15   162    51 10233    50    30 -9999 -9999     0
2021 01 28 18   146    43 10231    50    20 -9999 -9999     0
2021 01 28 21   130    31 10229    70    20 -9999 -9999     0
2021 01 29 00   128    26 10247    40    30 -9999 -9999     0
2021 01 29 03   170    43 10251    10    30 -9999 -9999     0
2021 01 29 06   185    72 10219   100    40 -9999 -9999     0
2021 01 29 09   169    75 10216    80    50 -9999 -9999     0
2021 01 29 12   152    79 10230    60    30 -9999 -9999     0
2021 01 29 15   136    71 10238    30    20 -9999 -9999     0
2021 01 29 18   121    68 10237    40    20 -9999 -9999     0
2021 01 29 21   114    67 10232    60    20 -9999 -9999     0
2021 01 30 00   118    65 10246    30    20 -9999 -9999     0
2021 01 30 03   172    61 10245    40    30 -9999 -9999     0
2021 01 30 06   184    97 10214   100    50 -9999 -9999     0
2021 01 30 09   174   102 10212    80    40 -9999 -9999     0
2021 01 30 12   148    87 10228     0 -9999 -9999 -9999     0
2021 01 30 15   145    91 10238    50    10 -9999 -9999     0
2021 01 30 18   134    94 10232    50    20 -9999 -9999     0
2021 01 30 21   136    82 10225    50    20 -9999 -9999     0
2021 01 31 00   130    88 10241    70    10 -9999 -9999     0
2021 01 31 03   210    89 10236    50    30 -9999 -9999     0
2021 01 31 06   232   125 10203   100    20 -9999 -9999     0
2021 01 31 09   203   127 10200    80    30 -9999 -9999     0
2021 01 31 12   172   131 10210   130    10 -9999 -9999     0
2021 01 31 15   152   121 10216     0 -9999 -9999 -9999     0
2021 01 31 18   146   124 10210     0 -9999 -9999 -9999     0
2021 01 31 21   157   126 10203   100    20 -9999 -9999     0
2021 02 01 00   157   126 10210     0 -9999 -9999 -9999     0
2021 02 01 03   236   151 10210   350    20 -9999 -9999     0
2021 02 01 06   246   160 10181   200    20 -9999 -9999     0
2021 02 01 09   226   131 10175   100    20 -9999 -9999     0
2021 02 01 12   198   120 10189     0 -9999 -9999 -9999     0
2021 02 01 15   173   122 10196     0 -9999 -9999 -9999     0
2021 02 01 18   168   133 10191     0 -9999 -9999 -9999     0
2021 02 01 21   157   131 10190     0 -9999 -9999 -9999     0
2021 02 02 00   165   137 10207     0 -9999 -9999 -9999     0
2021 02 02 03   257   135 10208    60    20 -9999 -9999     0
2021 02 02 06   231   141 10183    90    60 -9999 -9999     0
2021 02 02 09   190   134 10189    80    50 -9999 -9999     0
2021 02 02 12   181   125 10212    70    30 -9999 -9999     0
2021 02 02 15   173   115 10226    60    20 -9999 -9999     0
2021 02 02 18   162   102 10227    60    20 -9999 -9999     0
2021 02 02 21   148   102 10226    40    20 -9999 -9999     0
2021 02 03 00   153    80 10236    50    30 -9999 -9999     0
2021 02 03 03   202    72 10234    50    40 -9999 -9999     0
2021 02 03 06   211   102 10204   100    40 -9999 -9999     0
2021 02 03 09   189   107 10205   100    40 -9999 -9999     0
2021 02 03 12   173   111 10222   100    20 -9999 -9999     0
2021 02 03 15   161   108 10228    40    10 -9999 -9999     0
2021 02 03 18   150   102 10222    50    20 -9999 -9999     0
2021 02 03 21   143    99 10225    60    10 -9999 -9999     0
2021 02 04 00   159    95 10241    50    20 -9999 -9999     0
2021 02 04 03   221    92 10242    50    30 -9999 -9999     0
2021 02 04 06   240   113 10206   200    20 -9999 -9999     0
2021 02 04 09   209   126 10202    90    30 -9999 -9999     0
2021 02 04 12   198   113 10207    70    40 -9999 -9999     0
2021 02 04 15   184   117 10215    60    30 -9999 -9999     0
2021 02 04 18   179   114 10207    50    30 -9999 -9999     0
2021 02 04 21   156   117 10207    40    20 -9999 -9999     0
2021 02 05 00   158   119 10222    60    20 -9999 -9999     0
2021 02 05 03   213   121 10219    50    50 -9999 -9999     0
2021 02 05 06   247   132 10188   130    10 -9999 -9999     0
2021 02 05 09   227   140 10179    90    20 -9999 -9999     0
2021 02 05 12   186   130 10190    40    10 -9999 -9999     0
2021 02 05 15   163   132 10192    10    10 -9999 -9999     0
2021 02 05 18   158   132 10182    70    10 -9999 -9999     0
2021 02 05 21   143   126 10178   350    10 -9999 -9999     0
2021 02 06 00   155   129 10198    60    10 -9999 -9999     0
2021 02 06 03   234   129 10197   160    10 -9999 -9999     0
2021 02 06 06   226   128 10166   230    30 -9999 -9999     0
2021 02 06 09   240   123 10155   310    10 -9999 -9999     0
2021 02 06 12   194   152 10165   340    10 -9999 -9999     0
2021 02 06 15   171   147 10173     0 -9999 -9999 -9999     0
2021 02 06 18   155   137 10171     0 -9999 -9999 -9999     0
2021 02 06 21   153   138 10171    70    10 -9999 -9999     0
2021 02 07 00   159   135 10195    20    10 -9999 -9999     0
2021 02 07 03   220   133 10200    70    30 -9999 -9999     0
2021 02 07 06   235   139 10169   210    20 -9999 -9999     0
2021 02 07 09   222   148 10167    80    20 -9999 -9999     0
2021 02 07 12   194   137 10184    90    10 -9999 -9999     0
2021 02 07 15   168   144 10190     0 -9999 -9999 -9999     0
2021 02 07 18   163   146 10187    20    10 -9999 -9999     0
2021 02 07 21   159   146 10184    30    10 -9999 -9999     0
2021 02 08 00   169   141 10197    20    20 -9999 -9999     0
2021 02 08 03   224   147 10200    30    40 -9999 -9999     0
2021 02 08 06   228   153 10182    70    50 -9999 -9999     0
2021 02 08 09   207   136 10184    60    60 -9999 -9999     0
2021 02 08 12   203   125 10203    60    50 -9999 -9999     0
2021 02 08 15   191   119 10213    60    40 -9999 -9999     0
2021 02 08 18   177   112 10204    60    40 -9999 -9999     0
2021 02 08 21   170   110 10188    50    30 -9999 -9999     0
2021 02 09 00   170   110 10205    45    17 -9999 -9999 -9999
2021 02 09 03   207   110 10205    50    30 -9999 -9999     0
2021 02 09 06   227   117 10163    60    50 -9999 -9999     0
2021 02 09 12   182   112 10176    80    50 -9999 -9999     0
2021 02 09 15   171   107 10184    60    50 -9999 -9999     0
2021 02 09 18   165   108 10159    50    50 -9999 -9999     0
2021 02 09 21   164   111 10130    40    40 -9999 -9999     0
2021 02 10 00   177   117 10139    60    40 -9999 -9999     0
2021 02 10 03   170   133 10146    40    20 -9999 -9999 -9999
2021 02 10 06   154   139 10134   360    30 -9999 -9999   100
2021 02 10 09   151   139 10132    30    20 -9999 -9999   160
2021 02 11 00   152   134 10153    50    20 -9999 -9999     0
2021 02 13 12   182   141 10173    80    20 -9999 -9999     0
2021 02 13 15   165   139 10179   340    10 -9999 -9999     0
2021 02 13 18   166   140 10172     0 -9999 -9999 -9999     0
2021 02 13 21   169   147 10166    10    10 -9999 -9999     0
2021 02 14 00   163   151 10177     0 -9999 -9999 -9999     0
2021 02 14 03   199   155 10178   220    30 -9999 -9999     0
2021 02 14 06   216   140 10147   200    40 -9999 -9999     0
2021 02 14 09   205   165 10134   200    30 -9999 -9999     0
2021 02 14 12   192   158 10145   240    10 -9999 -9999     0
2021 02 14 15   174   157 10152   360    10 -9999 -9999     0
2021 02 14 18   161   146 10146   310    10 -9999 -9999     0
2021 02 14 21   148   136 10141     0 -9999 -9999 -9999     0
2021 02 15 00   184   119 10161    90    10 -9999 -9999     0
2021 02 15 03   247   109 10168    30    20 -9999 -9999     0
2021 02 15 06   231   141 10147   220    30 -9999 -9999     0
2021 02 15 09   219    97 10143    80    60 -9999 -9999     0
2021 02 15 12   194   106 10158    60    30 -9999 -9999     0
2021 02 15 15   180   103 10169    50    30 -9999 -9999     0
2021 02 15 18   167    96 10167    40    20 -9999 -9999     0
2021 02 15 21   151    92 10163    30    20 -9999 -9999     0
2021 02 16 00   168    97 10173    50    20 -9999 -9999     0
2021 02 16 03   214    96 10181    50    30 -9999 -9999     0
2021 02 16 06   233   120 10148   230    30 -9999 -9999     0
2021 02 16 09   217   120 10144   100    20 -9999 -9999     0
2021 02 16 12   189   128 10162    90    20 -9999 -9999     0
2021 02 16 15   166   127 10175   360    10 -9999 -9999     0
2021 02 16 18   181   114 10174    50    20 -9999 -9999     0
2021 02 16 21   183   113 10180    10    20 -9999 -9999     0
2021 02 17 00   182   110 10201    40    40 -9999 -9999     0
2021 02 17 03   213   113 10209    10    30 -9999 -9999     0
2021 02 17 06   221   134 10188   100    40 -9999 -9999     0
2021 02 17 09   189   135 10196    90    40 -9999 -9999     0
2021 02 17 12   174   127 10219    80    30 -9999 -9999     0
2021 02 17 15   162   107 10237    46    17 -9999 -9999 -9999
2021 02 17 18   146    92 10241    50    20 -9999 -9999     0
2021 02 17 21   137   108 10243    50    20 -9999 -9999     0
2021 02 18 00   144   100 10263    40    20 -9999 -9999     0
2021 02 18 03   178    83 10272    50    30 -9999 -9999     0
2021 02 18 06   199    94 10238    90    40 -9999 -9999     0
2021 02 18 09   174    95 10238   100    50 -9999 -9999     0
2021 02 18 12   163    85 10255    80    20 -9999 -9999     0
2021 02 18 15   151    76 10261    50    20 -9999 -9999     0
2021 02 18 18   135    71 10254    58    25 -9999 -9999 -9999
2021 02 18 21   123    69 10248    40    10 -9999 -9999     0
2021 02 19 00   125    85 10261   350    10 -9999 -9999     0
2021 02 19 03   183    58 10262    80    20 -9999 -9999     0
2021 02 19 06   195    88 10225   210    30 -9999 -9999     0
2021 02 19 09   192    96 10210   100    20 -9999 -9999     0
2021 02 20 15   161   124 10198    45    13 -9999 -9999 -9999
2021 02 20 18   152   118 10182    33    14 -9999 -9999 -9999
2021 02 20 21   137   118 10174    23     6 -9999 -9999 -9999
2021 02 21 00   151   113 10195    71    10 -9999 -9999 -9999
2021 02 21 03   212   116 10197    91    19 -9999 -9999 -9999
2021 02 21 06   220   111 10172   197    34 -9999 -9999 -9999
2021 02 21 12   182   110 10171   353    10 -9999 -9999 -9999
2021 02 21 15   155   100 10179   360     0 -9999 -9999 -9999
2021 02 21 18   145    94 10168   354     5 -9999 -9999 -9999
2021 02 21 21   135    95 10158    17     3 -9999 -9999 -9999
2021 02 22 00   167    93 10172    84     9 -9999 -9999 -9999
2021 02 22 03   238   115 10173   190    20 -9999 -9999     0
2021 02 22 06   234   149 10148   200    40 -9999 -9999     0
2021 02 22 09   220   155 10143   210    30 -9999 -9999     0
2021 02 22 12   196   162 10159    10    10 -9999 -9999     0
2021 02 22 15   177   147 10168     0 -9999 -9999 -9999     0
2021 02 22 18   169   145 10156   350    10 -9999 -9999     0
2021 02 22 21   159   139 10148    20    10 -9999 -9999     0
2021 02 23 00   187   143 10167    80    10 -9999 -9999     0
2021 02 23 03   243   149 10172   110    20 -9999 -9999     0
2021 02 23 06   238   147 10143   100    40 -9999 -9999     0
2021 02 23 09   226   147 10134    90    40 -9999 -9999     0
2021 02 23 12   204   156 10148    70    40 -9999 -9999     0
2021 02 23 15   196   150 10161    60    30 -9999 -9999     0
2021 02 23 18   187   126 10161    60    40 -9999 -9999     0
2021 02 23 21   177   125 10153    60    30 -9999 -9999     0
2021 02 24 00   181   131 10171    40    20 -9999 -9999     0
2021 02 24 03   207   131 10169    80    40 -9999 -9999     0
2021 02 24 06   222   148 10135   100    40 -9999 -9999     0
2021 02 24 09   215   151 10119    86    43 -9999 -9999 -9999
2021 02 24 12   196   156 10133    70    30 -9999 -9999     0
2021 02 24 15   190   152 10147    70    40 -9999 -9999     0
2021 02 24 18   189   147 10139    50    20 -9999 -9999     0
2021 02 24 21   190   148 10131    60    30 -9999 -9999     0
2021 02 25 00   187   153 10138    60    10 -9999 -9999     0
2021 02 25 03   205   155 10141    40    20 -9999 -9999     0
2021 02 25 06   216   159 10102    50    20 -9999 -9999     0
2021 02 25 09   224   166 10092   240    20 -9999 -9999     0
2021 02 25 12   205   169 10096    70    10 -9999 -9999     0
2021 02 25 15   202   172 10103    60    20 -9999 -9999     0
2021 02 25 18   190   176 10097    60    10 -9999 -9999     0
2021 02 25 21   188   174 10089    50    20 -9999 -9999     0
2021 02 26 00   195   181 10103    20    10 -9999 -9999 -9999
2021 02 26 03   244   181 10118    80    10 -9999 -9999     0
2021 02 26 06   227   184 10094   210    30 -9999 -9999     0
2021 02 26 09   235   177 10089   220    10 -9999 -9999     0
2021 02 26 12   206   196 10104   350    10 -9999 -9999   100
2021 02 26 15   208   198 10123    30    10 -9999 -9999   100
2021 02 26 18   194   170 10127    50    20 -9999 -9999     6
2021 02 26 21   164   151 10133    50    20 -9999 -9999     1
2021 02 27 00   161   144 10156    60    20 -9999 -9999     0
2021 02 27 03   165   143 10163    40    20 -9999 -9999     0
2021 02 27 06   178   137 10148   350    20 -9999 -9999     0
2021 02 27 09   195   141 10139    40    20 -9999 -9999     0
2021 02 27 12   192   146 10153    50    20 -9999 -9999     0
2021 02 27 15   187   153 10170    60    10 -9999 -9999     0
2021 02 27 18   180   146 10170    50    10 -9999 -9999     0
2021 02 27 21   176   148 10164    50    10 -9999 -9999     0
2021 02 28 00   180   148 10178    40    10 -9999 -9999     0
2021 02 28 03   207   143 10183    90    30 -9999 -9999     0
2021 02 28 06   229   152 10150   110    30 -9999 -9999     0
2021 02 28 09   218   149 10142   100    40 -9999 -9999     0
2021 02 28 12   195   149 10156    80    20 -9999 -9999     0
2021 02 28 15   193   151 10164    50    30 -9999 -9999     0
2021 02 28 18   185   135 10166    40    20 -9999 -9999     0
2021 02 28 21   189   135 10162    60    20 -9999 -9999     0
2021 03 01 00   196   142 10173    60    20 -9999 -9999     0
2021 03 01 03   248   170 10181   140    10 -9999 -9999     0
2021 03 01 06   245   177 10158   220    20 -9999 -9999     0
2021 03 01 09   244   185 10143    90    20 -9999 -9999     0
2021 03 01 12   214   183 10162   270    10 -9999 -9999     0
2021 03 01 15   205   186 10174   260    10 -9999 -9999     0
2021 03 01 18   203   187 10168   360    10 -9999 -9999     0
2021 03 01 21   201   140 10168    20    30 -9999 -9999     0
2021 03 02 00   186   114 10188   360    50 -9999 -9999     0
2021 03 02 03   205   114 10199    20    30 -9999 -9999     0
2021 03 02 06   228   115 10185    40    20 -9999 -9999     0
2021 03 02 09   200   148 10183   100    50 -9999 -9999     0
2021 03 02 12   182   139 10198    80    50 -9999 -9999     0
2021 03 02 15   171   120 10219    60    20 -9999 -9999     0
2021 03 02 18   168   119 10219    50    20 -9999 -9999     0
2021 03 02 21   166   115 10213    40    30 -9999 -9999     0
2021 03 03 00   166   100 10225    40    20 -9999 -9999     0
2021 03 03 03   191   101 10224    80    20 -9999 -9999     0
2021 03 03 06   192   112 10197   100    40 -9999 -9999     0
2021 03 03 09   183   123 10189    90    40 -9999 -9999     0
2021 03 03 12   179   119 10204    80    30 -9999 -9999     0
2021 03 03 15   176   118 10215    60    20 -9999 -9999     0
2021 03 03 18   166   119 10199    50    20 -9999 -9999     0
2021 03 03 21   160   115 10181    60    30 -9999 -9999     0
2021 03 04 00   159   126 10200    70    10 -9999 -9999     2
2021 03 04 03   176   135 10206    10    10 -9999 -9999     3
2021 03 04 06   182   134 10178    50    20 -9999 -9999     1
2021 03 04 09   174   150 10172    60    10 -9999 -9999     1
2021 03 04 12   173   154 10180   180    10 -9999 -9999     1
2021 03 04 15   167   153 10184    60    10 -9999 -9999     0
2021 03 04 18   165   155 10171    60    10 -9999 -9999     0
2021 03 04 21   173   159 10168    50    20 -9999 -9999     0
2021 03 05 00   185   166 10177    60    20 -9999 -9999 -9999
2021 03 05 03   206   170 10180    90    20 -9999 -9999     0
2021 03 05 06   214   172 10157    60    30 -9999 -9999     0
2021 03 05 09   207   169 10150    90    20 -9999 -9999     0
2021 03 05 12   203   167 10155    70    20 -9999 -9999     0
2021 03 05 15   199   169 10169    50    10 -9999 -9999     0
2021 03 05 18   194   171 10166    30    10 -9999 -9999     0
2021 03 05 21   188   169 10164    40    20 -9999 -9999     0
2021 03 06 00   189   174 10177    40    20 -9999 -9999 -9999
2021 03 06 03   217   183 10180   110    20 -9999 -9999     0
2021 03 06 06   213   182 10160    90    20 -9999 -9999 -9999
2021 03 06 09   205   191 10156    90    30 -9999 -9999    40
2021 03 06 12   195   186 10168    70    10 -9999 -9999   100
2021 03 06 15   195   185 10186    70    20 -9999 -9999    80
2021 03 06 18   186   177 10179    80    20 -9999 -9999    10
2021 03 06 21   185   175 10179    50    10 -9999 -9999     1
2021 03 07 00   186   169 10198    50    20 -9999 -9999     0
2021 03 07 03   191   168 10212   100    10 -9999 -9999     1
2021 03 07 06   198   166 10190    60    20 -9999 -9999     1
2021 03 07 09   208   170 10180    80    20 -9999 -9999     0
2021 03 07 12   189   159 10200    80    20 -9999 -9999     0
2021 03 07 15   187   157 10215    34    11 -9999 -9999 -9999
2021 03 07 18   176   162 10205    60    20 -9999 -9999     0
2021 03 07 21   170   156 10200    50    10 -9999 -9999     1
2021 03 08 00   173   158 10221    40    10 -9999 -9999     1
2021 03 08 03   181   146 10235    50    10 -9999 -9999     0
2021 03 08 06   202   147 10198    90    30 -9999 -9999     0
2021 03 08 09   195   138 10187    80    40 -9999 -9999     0
2021 03 08 12   182   139 10206    50    20 -9999 -9999     0
2021 03 08 15   170   133 10213    50    10 -9999 -9999     0
2021 03 08 18   159   135 10205    40    10 -9999 -9999     0
2021 03 08 21   152   134 10200    30    10 -9999 -9999     0
2021 03 09 00   165   132 10219    60    20 -9999 -9999     0
2021 03 09 03   214   143 10221   140    10 -9999 -9999     0
2021 03 09 06   218   146 10194   230    30 -9999 -9999     0
2021 03 09 09   209   150 10186   100    20 -9999 -9999     0
2021 03 09 12   191   153 10203   100    20 -9999 -9999     0
2021 03 09 15   181   151 10214    50    10 -9999 -9999     0
2021 03 09 18   170   148 10209    50    20 -9999 -9999     0
2021 03 09 21   168   142 10205    40    20 -9999 -9999     0
2021 03 10 00   182   145 10223    50    30 -9999 -9999     0
2021 03 10 03   215   136 10221    90    30 -9999 -9999     0
2021 03 10 06   220   143 10188    70    30 -9999 -9999     0
2021 03 10 09   203   135 10185    80    60 -9999 -9999     0
2021 03 10 12   197   131 10203    60    50 -9999 -9999     0
2021 03 10 15   197   127 10219    60    40 -9999 -9999     0
2021 03 10 18   189   130 10209    70    40 -9999 -9999     0
2021 03 10 21   183   133 10211    40    20 -9999 -9999     0
2021 03 11 00   187   137 10224    60    30 -9999 -9999     0
2021 03 11 03   215   146 10220    30    20 -9999 -9999     0
2021 03 11 06   246   163 10190    70    30 -9999 -9999     0
2021 03 11 09   240   165 10177    90    30 -9999 -9999     0
2021 03 11 12   201   163 10192    80    20 -9999 -9999     0
2021 03 11 15   195   169 10206    90    10 -9999 -9999     0
2021 03 11 18   185   168 10198     0 -9999 -9999 -9999     0
2021 03 11 21   186   167 10193    90    20 -9999 -9999     0
2021 03 12 00   197   172 10205    70    10 -9999 -9999     0
2021 03 12 03   245   179 10204   180    20 -9999 -9999     0
2021 03 12 06   247   186 10174   220    30 -9999 -9999     0
2021 03 12 09   238   186 10163   220    20 -9999 -9999     0
2021 03 12 12   222   187 10175    50    10 -9999 -9999     0
2021 03 12 15   214   182 10194    90    40 -9999 -9999     0
2021 03 12 18   198   164 10195    70    20 -9999 -9999     0
2021 03 12 21   197   149 10192    70    30 -9999 -9999     0
2021 03 13 00   205   155 10207    40    20 -9999 -9999     0
2021 03 13 03   241   153 10210    50    20 -9999 -9999     0
2021 03 13 06   235   155 10181   100    30 -9999 -9999     0
2021 03 13 09   213   151 10167   100    40 -9999 -9999     0
2021 03 13 12   193   151 10176   100    40 -9999 -9999     0
2021 03 13 15   189   155 10188   100    30 -9999 -9999     0
2021 03 13 18   182   150 10178    30    10 -9999 -9999     0
2021 03 13 21   168   140 10169    40    20 -9999 -9999     0
2021 03 14 00   181   146 10191    30    10 -9999 -9999     0
2021 03 14 03   226   149 10191    70    10 -9999 -9999     0
2021 03 14 06   224   157 10160   250    30 -9999 -9999     0
2021 03 14 09   220   153 10149   100    40 -9999 -9999     0
2021 03 14 12   199   151 10157   100    30 -9999 -9999     0
2021 03 14 15   194   131 10173    70    40 -9999 -9999     0
2021 03 14 18   183   123 10163    40    20 -9999 -9999     0
2021 03 14 21   173   126 10154    50    10 -9999 -9999     0
2021 03 15 00   186   128 10170    60    20 -9999 -9999     0
2021 03 15 03   229   131 10178   130    20 -9999 -9999     0
2021 03 15 06   264   154 10140   100    10 -9999 -9999     0
2021 03 15 09   244   153 10128    90    40 -9999 -9999     0
2021 03 15 12   212   165 10141    70    20 -9999 -9999     0
2021 03 15 15   205   161 10155    40    20 -9999 -9999     0
2021 03 15 18   203   165 10147    50    10 -9999 -9999     0
2021 03 15 21   194   162 10134    50    20 -9999 -9999     0
2021 03 16 00   207   165 10151    70    20 -9999 -9999     0
2021 03 16 03   266   182 10154   130    10 -9999 -9999     0
2021 03 16 06   260   171 10125   200    30 -9999 -9999     0
2021 03 16 09   264   172 10115   190    20 -9999 -9999     0
2021 03 16 12   229   194 10128    90    20 -9999 -9999     0
2021 03 16 15   212   189 10143     0 -9999 -9999 -9999     0
2021 03 16 18   208   192 10138    50    10 -9999 -9999     0
2021 03 16 21   201   185 10132    80    10 -9999 -9999     0
2021 03 17 00   220   185 10145    70    10 -9999 -9999     0
2021 03 17 03   259   193 10147   200    20 -9999 -9999     0
2021 03 17 06   271   197 10123   220    30 -9999 -9999     0
2021 03 17 09   253   196 10116   100    30 -9999 -9999     0
2021 03 17 12   222   191 10130    90    30 -9999 -9999     0
2021 03 17 15   225   188 10145    70    20 -9999 -9999     0
2021 03 17 18   215   188 10142    40    20 -9999 -9999     0
2021 03 17 21   208   189 10136    90    20 -9999 -9999     0
2021 03 18 00   202   183 10158    70    20 -9999 -9999     0
2021 03 18 03   214   182 10162    90    30 -9999 -9999     0
2021 03 18 06   259   188 10134    90    20 -9999 -9999     0
2021 03 18 12   220   195 10128    70    23 -9999 -9999 -9999
2021 03 18 15   218   193 10140    30    20 -9999 -9999     0
2021 03 18 18   213   195 10138    50    20 -9999 -9999     0
2021 03 18 21   202   193 10137    60    30 -9999 -9999     0
2021 03 19 00   208   192 10153    60    20 -9999 -9999     0
2021 03 19 03   245   195 10150    80    20 -9999 -9999     0
2021 03 19 06   257   193 10116   230    20 -9999 -9999     0
2021 03 19 09   246   194 10102   100    30 -9999 -9999     0
2021 03 19 12   229   192 10112    90    10 -9999 -9999     0
2021 03 19 15   228   203 10121    50    10 -9999 -9999     0
2021 03 19 18   220   201 10112    60    10 -9999 -9999     0
2021 03 19 21   208   196 10113    60    10 -9999 -9999     0
2021 03 20 00   223   200 10126    60    10 -9999 -9999     0
2021 03 20 03   255   198 10127   210    30 -9999 -9999     0
2021 03 20 06   263   194 10100   210    40 -9999 -9999     0
2021 03 20 09   259   193 10092   210    30 -9999 -9999     0
2021 03 20 12   238   209 10103   270    10 -9999 -9999     0
2021 03 20 15   227   211 10117   310    10 -9999 -9999     0
2021 03 20 18   220   209 10116   340    10 -9999 -9999     0
2021 03 20 21   223   202 10125    50    20 -9999 -9999     0
2021 03 21 00   209   160 10156    60    30 -9999 -9999     0
2021 03 21 03   205   144 10175    30    30 -9999 -9999     0
2021 03 21 06   190   125 10170    10    30 -9999 -9999     0
2021 03 21 09   183   106 10168   360    40 -9999 -9999     0
2021 03 21 12   167    93 10195    20    30 -9999 -9999     0
2021 03 21 15   158    87 10220    10    30 -9999 -9999     0
2021 03 21 18   152    82 10226   350    40 -9999 -9999     0
2021 03 21 21   144    85 10225   360    30 -9999 -9999     0
2021 03 22 00   148    85 10245    10    20 -9999 -9999     0
2021 03 22 03   155    89 10255   360    30 -9999 -9999     0
2021 03 22 06   182    95 10229    30    30 -9999 -9999     0
2021 03 22 09   185    90 10219   360    30 -9999 -9999     0
2021 03 22 12   177    93 10235    60    30 -9999 -9999     0
2021 03 22 15   166   100 10247    40    10 -9999 -9999     0
2021 03 22 18   153    89 10234    50    10 -9999 -9999     0
2021 03 22 21   154    88 10224    50    20 -9999 -9999     0
2021 03 23 00   157    96 10234   360    10 -9999 -9999     0
2021 03 23 03   194    74 10227    40    20 -9999 -9999     0
2021 03 23 06   186    70 10201   100    30 -9999 -9999     0
2021 03 23 09   184    92 10184    80    20 -9999 -9999     0
2021 03 23 12   181    97 10192    50    10 -9999 -9999     0
2021 03 23 15   170    99 10199   340    10 -9999 -9999 -9999
2021 03 23 18   159   118 10187    30    10 -9999 -9999     3
2021 03 23 21   155   112 10177    27    15 -9999 -9999     3
2021 03 24 00   163   114 10192    20    10 -9999 -9999     0
2021 03 24 03   191   121 10187    70    10 -9999 -9999     0
2021 03 24 06   217   141 10150   210    30 -9999 -9999     0
2021 03 24 09   220   151 10134   240    30 -9999 -9999     0
2021 03 24 12   198   160 10150   300    10 -9999 -9999     0
2021 03 24 15   186   154 10166    30    10 -9999 -9999     0
2021 03 24 18   172   153 10166    50    20 -9999 -9999     0
2021 03 24 21   163   150 10169    50    20 -9999 -9999     0
2021 03 25 00   181   140 10192    60    20 -9999 -9999     0
2021 03 25 03   227   115 10196    92    31 -9999 -9999 -9999
2021 03 25 06   228   124 10160   100    50 -9999 -9999     0
2021 03 25 09   214   122 10154    80    50 -9999 -9999     0
2021 03 25 12   197   112 10166    70    50 -9999 -9999     0
2021 03 25 15   189   114 10179    60    40 -9999 -9999     0
2021 03 25 18   179   121 10174    50    20 -9999 -9999     0
2021 03 25 21   163   122 10170    40    20 -9999 -9999     0
2021 03 26 00   178   118 10183    40    20 -9999 -9999     0
2021 03 26 03   229   128 10176    50    20 -9999 -9999     0
2021 03 26 06   240   144 10148   240    30 -9999 -9999     0
2021 03 26 09   227   153 10131    90    40 -9999 -9999     0
2021 03 26 12   203   163 10145    70    30 -9999 -9999     0
2021 03 26 15   196   162 10156    50    10 -9999 -9999     0
2021 03 26 18   194   156 10145    50    20 -9999 -9999     0
2021 03 26 21   196   156 10136    50    20 -9999 -9999     0
2021 03 27 00   206   153 10145    20    10 -9999 -9999     0
2021 03 27 03   258   174 10140   140    10 -9999 -9999     0
2021 03 27 06   257   181 10107   230    40 -9999 -9999     0
2021 03 27 09   237   193 10095   219    30 -9999 -9999 -9999
2021 03 27 12   225   200 10108   240    10 -9999 -9999     0
2021 03 27 15   223   207 10115     0 -9999 -9999 -9999     0
2021 03 27 18   218   207 10105   280    10 -9999 -9999     0
2021 03 27 21   208   198 10094    40    10 -9999 -9999     0
2021 03 28 00   224   206 10110   220    10 -9999 -9999     0
2021 03 28 03   250   198 10114   190    30 -9999 -9999     0
2021 03 28 06   263   199 10088   200    50 -9999 -9999     0
2021 03 28 09   250   213 10075   190    40 -9999 -9999     0
2021 03 28 12   240   220 10080   230    20 -9999 -9999     0
2021 03 28 15   237   223 10094   210    30 -9999 -9999     0
2021 03 28 18   234   223 10081   230    20 -9999 -9999     0
2021 03 28 21   231   220 10075   240    20 -9999 -9999     0
2021 03 29 00   234   218 10091     0 -9999 -9999 -9999     0
2021 03 29 03   258   218 10093   210    30 -9999 -9999     0
2021 03 29 06   269   216 10069   190    60 -9999 -9999     0
2021 03 29 09   258   228 10056   190    40 -9999 -9999     0
2021 03 29 12   252   230 10063   180    30 -9999 -9999     0
2021 03 29 15   250   234 10075   180    30 -9999 -9999     0
2021 03 29 18   247   234 10064   190    20 -9999 -9999     0
2021 03 29 21   248   232 10059   190    20 -9999 -9999     0
2021 03 30 00   251   235 10078   190    40 -9999 -9999     0
2021 03 30 03   272   230 10089   190    30 -9999 -9999     0
2021 03 30 06   272   225 10066   180    60 -9999 -9999     0
2021 03 30 09   265   231 10054   180    50 -9999 -9999     0
2021 03 30 12   255   239 10064   190    30 -9999 -9999     0
2021 03 30 15   251   237 10076   190    20 -9999 -9999     0
2021 03 30 18   253   231 10067   160    20 -9999 -9999     0
2021 03 30 21   252   228 10064   170    20 -9999 -9999     0
2021 03 31 00   257   235 10082    80    20 -9999 -9999     0
2021 03 31 03   275   217 10086   200    40 -9999 -9999     0
2021 03 31 06   280   227 10070   200    30 -9999 -9999     0
2021 03 31 09   267   229 10062   190    40 -9999 -9999     0
2021 03 31 12   259   229 10068   200    20 -9999 -9999     0
2021 03 31 15   257   229 10081   180    20 -9999 -9999     0
2021 03 31 18   254   228 10069   180    20 -9999 -9999     0
2021 03 31 21   248   235 10070   220    10 -9999 -9999     0
2021 04 01 00   256   234 10092   200    20 -9999 -9999     0
2021 04 01 03   275   231 10099   190    40 -9999 -9999     0
2021 04 01 06   276   234 10080   210    30 -9999 -9999     0
2021 04 01 09   267   239 10067   190    40 -9999 -9999     0
2021 04 01 12   259   241 10076   220    20 -9999 -9999     0
2021 04 01 15   255   242 10093   220    10 -9999 -9999     0
2021 04 01 18   251   238 10091   210    10 -9999 -9999     0
2021 04 01 21   248   237 10095   290    10 -9999 -9999     0
2021 04 02 00   251   235 10116   270    10 -9999 -9999     0
2021 04 02 03   273   229 10116   200    30 -9999 -9999     0
2021 04 02 06   284   223 10095   210    40 -9999 -9999     0
2021 04 02 09   271   229 10086   190    50 -9999 -9999     0
2021 04 02 12   260   242 10097   200    20 -9999 -9999     0
2021 04 02 15   255   239 10114   230    30 -9999 -9999     0
2021 04 02 18   249   231 10109   300    10 -9999 -9999     0
2021 04 02 21   244   230 10104    10    10 -9999 -9999     0
2021 04 03 00   253   229 10124   250    10 -9999 -9999     0
2021 04 03 03   275   215 10128   200    30 -9999 -9999     0
2021 04 03 06   284   223 10106   210    50 -9999 -9999     0
2021 04 03 09   273   226 10101   200    40 -9999 -9999     0
2021 04 03 12   260   236 10114   190    30 -9999 -9999     0
2021 04 03 15   259   237 10124   210    20 -9999 -9999     0
2021 04 03 18   252   234 10114    10    10 -9999 -9999     0
2021 04 03 21   246   219 10120    50    30 -9999 -9999     0
2021 04 04 00   241   225 10147    70    20 -9999 -9999     0
2021 04 04 03   225   213 10160    50    20 -9999 -9999     0
2021 04 04 06   247   195 10141    60    20 -9999 -9999     0
2021 04 04 09   237   200 10136    90    20 -9999 -9999     0
2021 04 04 12   226   189 10154    80    40 -9999 -9999     0
2021 04 04 15   222   181 10169    70    30 -9999 -9999     0
2021 04 04 18   214   176 10167    60    20 -9999 -9999     0
2021 04 04 21   205   184 10171    90    20 -9999 -9999     0
2021 04 05 00   207   179 10195    60    20 -9999 -9999     0
2021 04 05 03   220   169 10194    80    30 -9999 -9999     0
2021 04 05 06   229   164 10176    80    30 -9999 -9999     0
2021 04 05 09   235   172 10166    90    30 -9999 -9999     0
2021 04 05 12   217   170 10177    80    20 -9999 -9999     0
2021 04 05 15   207   169 10188    50    10 -9999 -9999     0
2021 04 05 18   195   169 10174     0 -9999 -9999 -9999     0
2021 04 05 21   198   166 10174    40    20 -9999 -9999     0
2021 04 06 00   213   164 10192    40    10 -9999 -9999     0
2021 04 06 03   245   170 10188   100    30 -9999 -9999     0
2021 04 06 06   256   170 10164   100    30 -9999 -9999     0
2021 04 06 09   241   171 10160    80    30 -9999 -9999     0
2021 04 06 12   221   170 10182    80    30 -9999 -9999     0
2021 04 06 15   214   163 10194    70    20 -9999 -9999     0
2021 04 06 18   203   146 10178    50    20 -9999 -9999     0
2021 04 06 21   198   135 10173    40    10 -9999 -9999     0
2021 04 07 00   209   140 10182    60    20 -9999 -9999     0
2021 04 07 03   235   145 10190    40    20 -9999 -9999     0
2021 04 07 06   244   142 10160    90    30 -9999 -9999     0
2021 04 07 09   231   146 10141   100    30 -9999 -9999     0
2021 04 07 12   217   136 10153    70    40 -9999 -9999     0
2021 04 07 15   213   116 10158    60    20 -9999 -9999     0
2021 04 07 18   200   114 10141    30    20 -9999 -9999     0
2021 04 07 21   192   104 10140    40    20 -9999 -9999     0
2021 04 08 00   202   103 10164    60    10 -9999 -9999     0
2021 04 08 03   240   103 10167    60    20 -9999 -9999     0
2021 04 08 06   255   127 10141    60    20 -9999 -9999     0
2021 04 08 09   239   151 10132   230    10 -9999 -9999 -9999
2021 04 08 12   226   133 10149    80    20 -9999 -9999     0
2021 04 08 15   214   152 10167    50    30 -9999 -9999     0
2021 04 08 18   202   154 10159    50    20 -9999 -9999     0
2021 04 08 21   187   163 10160    50    20 -9999 -9999     2
2021 04 09 00   179   160 10183    50    20 -9999 -9999    20
2021 04 09 03   189   155 10196    30    30 -9999 -9999    20
2021 04 09 06   208   153 10178    50    20 -9999 -9999     6
2021 04 09 09   204   149 10169    80    30 -9999 -9999     0
2021 04 09 12   202   147 10178    60    20 -9999 -9999     0
2021 04 09 15   192   140 10196    50    20 -9999 -9999     0
2021 04 09 18   176   135 10192    50    10 -9999 -9999     0
2021 04 09 21   174   125 10191    50    20 -9999 -9999     0
2021 04 10 00   188   130 10203    60    20 -9999 -9999     0
2021 04 10 03   237    85 10205    40    20 -9999 -9999     0
2021 04 10 06   240   113 10181   100    40 -9999 -9999     0
2021 04 10 09   221   137 10176    90    40 -9999 -9999     0
2021 04 10 12   207   148 10189    80    30 -9999 -9999     0
2021 04 10 15   198   139 10204    50    30 -9999 -9999     0
2021 04 10 18   187   145 10199    40    20 -9999 -9999     0
2021 04 10 21   183   142 10200    40    20 -9999 -9999     0
2021 04 11 00   205   146 10214    40    20 -9999 -9999     0
2021 04 11 03   246   141 10207    50    30 -9999 -9999     0
2021 04 11 06   258   160 10183   230    30 -9999 -9999     0
2021 04 11 09   238   165 10166    90    30 -9999 -9999     0
2021 04 11 12   219   164 10174    80    20 -9999 -9999     0
2021 04 11 15   209   180 10189    20    10 -9999 -9999     0
2021 04 11 18   213   186 10181   350    10 -9999 -9999     0
2021 04 11 21   204   185 10176    50    20 -9999 -9999     0
2021 04 12 00   217   188 10190    50    20 -9999 -9999     0
2021 04 12 03   274   199 10182   160    20 -9999 -9999     0
2021 04 12 06   285   205 10156   220    30 -9999 -9999     0
2021 04 12 09   270   198 10138   230    30 -9999 -9999     0
2021 04 12 12   248   202 10150   320    10 -9999 -9999     0
2021 04 12 15   229   204 10156   300    10 -9999 -9999     0
2021 04 12 18   229   213 10143   100    10 -9999 -9999     0
2021 04 12 21   230   210 10145   260    10 -9999 -9999     0
2021 04 13 00   246   207 10159    80    10 -9999 -9999     0
2021 04 13 03   256   204 10158   190    40 -9999 -9999     0
2021 04 13 06   261   202 10132   200    50 -9999 -9999     0
2021 04 13 09   264   209 10115   200    40 -9999 -9999     0
2021 04 13 12   251   214 10127   200    20 -9999 -9999     0
2021 04 13 15   247   218 10137   100    10 -9999 -9999     0
2021 04 13 18   237   215 10135    40    10 -9999 -9999     0
2021 04 13 21   227   207 10137    90    40 -9999 -9999     0
2021 04 14 00   223   194 10153    80    30 -9999 -9999     0
2021 04 14 03   241   191 10156    90    40 -9999 -9999     0
2021 04 14 06   250   193 10135   100    40 -9999 -9999     0
2021 04 14 09   233   188 10122    80    50 -9999 -9999     0
2021 04 14 12   218   182 10139    90    50 -9999 -9999     0
2021 04 14 15   209   173 10150    80    50 -9999 -9999     0
2021 04 14 18   206   166 10143    70    40 -9999 -9999     0
2021 04 14 21   201   165 10137    50    20 -9999 -9999     0
2021 04 15 00   199   165 10152    60    20 -9999 -9999     0
2021 04 15 03   249   173 10144    70    20 -9999 -9999     0
2021 04 15 06   251   175 10123    80    40 -9999 -9999     0
2021 04 15 09   233   179 10116   100    40 -9999 -9999     0
2021 04 15 12   220   185 10137    80    40 -9999 -9999     0
2021 04 15 15   218   187 10150    50    20 -9999 -9999 -9999
2021 04 15 18   215   175 10136    60    30 -9999 -9999     0
2021 04 15 21   212   174 10132    10    10 -9999 -9999     0
2021 04 16 00   212   176 10152    80    30 -9999 -9999     0
2021 04 16 03   224   168 10158    80    40 -9999 -9999     0
2021 04 16 06   243   173 10137   100    30 -9999 -9999     0
2021 04 16 09   259   180 10123    40    30 -9999 -9999     0
2021 04 16 12   246   185 10144    50    20 -9999 -9999     0
2021 04 16 15   235   192 10153    70    20 -9999 -9999     0
2021 04 16 18   226   199 10151    50    10 -9999 -9999     0
2021 04 16 21   222   197 10151    70    20 -9999 -9999     0
2021 04 17 00   227   194 10169   100    20 -9999 -9999     0
2021 04 17 03   246   189 10172    90    20 -9999 -9999     0
2021 04 17 06   238   182 10157   100    40 -9999 -9999     0
2021 04 17 09   239   174 10153    90    20 -9999 -9999     0
2021 04 17 12   232   169 10166   100    20 -9999 -9999     0
2021 04 17 15   228   183 10175    50    10 -9999 -9999     0
2021 04 17 18   218   171 10162   340    10 -9999 -9999     0
2021 04 17 21   218   146 10157    50    10 -9999 -9999     0
2021 04 18 00   234   132 10168    70    20 -9999 -9999     0
2021 04 18 03   247   126 10167    90    40 -9999 -9999     0
2021 04 18 06   239   148 10146    70    50 -9999 -9999     0
2021 04 18 09   227   153 10136    80    40 -9999 -9999     0
2021 04 18 12   219   143 10154    70    50 -9999 -9999     0
2021 04 18 15   214   135 10166    70    40 -9999 -9999     0
2021 04 18 18   207   136 10151    60    40 -9999 -9999     0
2021 04 18 21   201   121 10145    60    40 -9999 -9999     0
2021 04 19 00   214   125 10152    60    20 -9999 -9999     0
2021 04 19 03   242   121 10151    70    20 -9999 -9999     0
2021 04 19 06   238   115 10131    80    40 -9999 -9999     0
2021 04 19 09   226   139 10121    70    40 -9999 -9999     0
2021 04 19 12   216   145 10138    70    50 -9999 -9999     0
2021 04 19 15   215   144 10143    60    30 -9999 -9999     0
2021 04 19 18   210   141 10137    50    20 -9999 -9999     0
2021 04 19 21   206   142 10127    60    20 -9999 -9999     0
2021 04 20 00   224   142 10147    50    20 -9999 -9999     0
2021 04 20 03   250   150 10150    80    30 -9999 -9999     0
2021 04 20 06   267   163 10124    90    30 -9999 -9999     0
2021 04 20 09   241   168 10114   100    50 -9999 -9999     0
2021 04 20 12   228   170 10129    90    30 -9999 -9999     0
2021 04 20 15   226   170 10147    70    30 -9999 -9999     0
2021 04 20 18   223   158 10138    60    20 -9999 -9999     0
2021 04 20 21   211   158 10129    50    10 -9999 -9999     0
