2021 01 01 00   131    74 10259   340    30     7 -9999     0
2021 01 01 03   155    77 10247   330    30     7 -9999     0
2021 01 01 06   183    91 10216    60    60     7 -9999     0
2021 01 01 09   166    83 10217   340    10     7 -9999 -9999
2021 01 01 12   149    81 10228   340    20     5 -9999     0
2021 01 01 18   153    80 10220   350    30     7 -9999     0
2021 01 01 21   151    84 10226   350    50     6 -9999 -9999
2021 01 02 03   209   122 10220    50    70     3 -9999     0
2021 01 02 06   208   131 10202    50    70     6 -9999     0
2021 01 02 09   191   137 10213    50    80     8 -9999     0
2021 01 02 12   180   125 10229   340    20     8 -9999     0
2021 01 02 18   164   120 10218   350    20     1 -9999     0
2021 01 02 21   154   121 10222   330    30     4 -9999     0
2021 01 03 00   167   120 10235   340    30     5 -9999     0
2021 01 03 03   222   141 10216    60    50     1 -9999     0
2021 01 03 06   229   141 10192    50    40     2 -9999     0
2021 01 03 09   212   152 10203    40    50     3 -9999     0
2021 01 03 12   197   141 10214   320    10     2 -9999 -9999
2021 01 03 18   170   129 10201    10    50     3 -9999     0
2021 01 03 21   174   112 10201   330    30     3 -9999     0
2021 01 04 00   187   109 10211   360    40     2 -9999 -9999
2021 01 04 03   241   160 10197    60    60     2 -9999     0
2021 01 04 06   241   176 10171    60    40     2 -9999     0
2021 01 04 09   224   180 10178    60    50     4 -9999     0
2021 01 04 12   207   174 10185   340    10     2 -9999     0
2021 01 04 18   188   152 10167   340    20     1 -9999     0
2021 01 04 21   183   143 10173   320    20     1 -9999     0
2021 01 05 00   195   136 10190   330    30     2 -9999     0
2021 01 05 03   240   181 10175    50    90     2 -9999     0
2021 01 05 06   218   176 10153    50   100     7 -9999     0
2021 01 05 09   211   164 10170    50   100     8 -9999     0
2021 01 05 12   202   156 10193    40    60     8 -9999     0
2021 01 05 18   185   136 10190   330    20     8 -9999 -9999
2021 01 05 21   180   129 10191   330    10     6 -9999     0
2021 01 06 00   180   134 10209   330    30     7 -9999     0
2021 01 06 03   223   145 10189    60    90     4 -9999     0
2021 01 06 06   221   149 10158    60    90     6 -9999     0
2021 01 06 09   206   155 10161    50    80     6 -9999     0
2021 01 06 12   195   139 10178   350    30     8 -9999 -9999
2021 01 06 18   181   134 10177   340    20     7 -9999     0
2021 01 06 21   177   133 10178   330    20     8 -9999     0
2021 01 07 00   184   132 10199   340    30     8 -9999     0
2021 01 07 03   200   139 10197    40    70     8 -9999     0
2021 01 07 06   187   125 10179    40   110     8 -9999 -9999
2021 01 07 09   166   117 10194   340    40     8 -9999 -9999
2021 01 07 12   161   100 10215    10    30     8 -9999 -9999
2021 01 07 18   148    84 10217   340    30     6 -9999     0
2021 01 07 21   136    78 10214   350    30     6 -9999     0
2021 01 08 00   135    77 10233   340    30     6 -9999     0
2021 01 08 03   156    86 10227    40    30     8 -9999     0
2021 01 08 06   141    72 10210   340    20     8 -9999     0
2021 01 08 09   132    75 10221   340    40     8 -9999     0
2021 01 08 12   127    74 10239   330    30     8 -9999 -9999
2021 01 08 18   116    71 10235   350    30     8 -9999     0
2021 01 08 21   116    61 10230   330    20     8 -9999 -9999
2021 01 09 00   115    59 10247   340    30     8 -9999     0
2021 01 09 06   123    60 10221   340    10     8 -9999     0
2021 01 09 09   120    63 10224   340    30     8 -9999 -9999
2021 01 09 12   116    64 10246   340    30     8 -9999     0
2021 01 09 18   116    62 10245   320    30     8 -9999     0
2021 01 09 21   114    58 10238   330    30     7 -9999     0
2021 01 10 03   186    78 10237    60    50     4 -9999     0
2021 01 10 06   163    86 10211    50    90     8 -9999     0
2021 01 10 09   151    73 10217   340    30     8 -9999     0
2021 01 10 12   140    80 10235   330    20     7 -9999 -9999
2021 01 10 18   137    82 10228   330    30     8 -9999     0
2021 01 10 21   133    83 10212   330    30     6 -9999     0
2021 01 11 00   145    83 10232   340    30     7 -9999     0
2021 01 11 03   155    93 10226   340    20     7 -9999     0
2021 01 11 06   173    99 10193   310    20     8 -9999     0
2021 01 11 09   168   100 10195   330    30     8 -9999     0
2021 01 11 12   156    96 10214   350    30     8 -9999     0
2021 01 11 18   136   119 10211   350    20     8 -9999 -9999
2021 01 11 21   129   107 10205   320    30     8 -9999 -9999
2021 01 12 00   124   103 10218   330    30     8 -9999 -9999
2021 01 12 03   139    96 10216   350    20     8 -9999 -9999
2021 01 12 06   144    94 10198   350    20     8 -9999    -1
2021 01 12 09   131    91 10205   340    30     8 -9999 -9999
2021 01 12 12   130    86 10214   330    30     8 -9999 -9999
2021 01 12 18   119    82 10199   340    30     2 -9999     0
2021 01 12 21   117    81 10195   350    40     1 -9999     0
2021 01 13 00   117    81 10211   340    30     3 -9999 -9999
2021 01 13 03   190    91 10200    60    60     2 -9999     0
2021 01 13 06   173    91 10177    70    60     8 -9999     0
2021 01 13 09   172    94 10177    40    60     2 -9999     0
2021 01 13 12   137    93 10195   310    10     0 -9999 -9999
2021 01 13 18   121    80 10198   330    30     1 -9999 -9999
2021 01 13 21   112    68 10190   330    30     1 -9999     0
2021 01 14 00   122    65 10195   330    40     1 -9999     0
2021 01 14 03 -9999 -9999 -9999     0 -9999     1 -9999     0
2021 01 14 06   204   100 10157    60    50     1 -9999     0
2021 01 14 09   192   102 10167    50    30     2 -9999     0
2021 01 14 12   175   109 10180   330    10     2 -9999     0
2021 01 14 18   157    96 10169   350    50     2 -9999     0
2021 01 14 21   154    77 10165   340    40     2 -9999     0
2021 01 15 00   164    71 10171   330    30     1 -9999     0
2021 01 15 06   230   143 10137    80    50     2 -9999 -9999
2021 01 15 09   212   144 10135    50    40     2 -9999     0
2021 01 15 12   185   138 10149   310    30     2 -9999     0
2021 01 15 18   165   121 10162   320    30     2 -9999     0
2021 01 15 21   159   105 10167   320    40     2 -9999     0
2021 01 16 00   174    91 10182   330    40     1 -9999     0
2021 01 16 03   232   128 10176    40    80     1 -9999     0
2021 01 16 06   232   140 10145    50    80     1 -9999     0
2021 01 16 09   214   143 10157    50    90     2 -9999     0
2021 01 16 12   197   127 10184   340    30     6 -9999     0
2021 01 16 18   178   125 10194   340    30     6 -9999     0
2021 01 16 21   179   115 10207   360    40     7 -9999     0
2021 01 17 00   182   114 10225    10    30     7 -9999 -9999
2021 01 17 03   201   113 10221    40   100     8 -9999     0
2021 01 17 06   189   115 10208    50   110     8 -9999     0
2021 01 17 09   175   109 10221    40   120     8 -9999     0
2021 01 17 18   154    93 10227   330    30     8 -9999     0
2021 01 17 21   146    94 10222   330    30     6 -9999     0
2021 01 18 00   153    94 10230   340    40     3 -9999     0
2021 01 18 03   194   109 10225    50    70     6 -9999     0
2021 01 18 06   189   110 10198    50    70     7 -9999     0
2021 01 18 09   181   117 10205    40    70     8 -9999     0
2021 01 18 12   172    99 10227   350    20     8 -9999     0
2021 01 18 18   154   106 10209   330    30     7 -9999     0
2021 01 18 21   155   105 10211   320    30     8 -9999     0
2021 01 19 00   164   107 10226   340    30     7 -9999     0
2021 01 19 03   207    90 10220    40    80     5 -9999     0
2021 01 19 06   220   104 10194    60    80     4 -9999 -9999
2021 01 19 09   201   116 10205    30    50     8 -9999     0
2021 01 19 12   191   101 10216   350    20     8 -9999     0
2021 01 19 18   183   112 10198   340    30     8 -9999     0
2021 01 19 21   185   125 10193   340    20     8 -9999     0
2021 01 20 00   196   131 10202   350    20     8 -9999     0
2021 01 20 03   225   163 10199    50    30     8 -9999     0
2021 01 20 06   227   181 10175    40    80     6 -9999     0
2021 01 20 09   210   176 10181    30    70     8 -9999     0
2021 01 20 12   203   173 10193   330    30     8 -9999     0
2021 01 20 18   202   167 10173   330    30     7 -9999     0
2021 01 20 21   203   161 10168   340    30     8 -9999     0
2021 01 21 00   206   162 10180   330    20     8 -9999     0
2021 01 21 03   230   179 10174    40    70     8 -9999 -9999
2021 01 21 06   232   194 10144    50    60     8 -9999    -1
2021 01 21 09   224   190 10140    40    70     7 -9999 -9999
2021 01 21 12   216   195 10153    40    60     8 -9999 -9999
2021 01 21 18   207   190 10122   340    30     8 -9999    10
2021 01 22 00   217   190 10120   300    20     7 -9999 -9999
2021 01 22 03   243   198 10112   180    20     7 -9999     0
2021 01 22 06   235   215 10085    60    30     8 -9999 -9999
2021 01 22 09   222   214 10089    50    40     8 -9999 -9999
2021 01 22 12   215   208 10108    40    60     8 -9999 -9999
2021 01 22 18   212   200 10099     0 -9999     8 -9999     5
2021 01 23 00   219   198 10125   330    10     8 -9999 -9999
2021 01 23 03   250   194 10128    60    60     6 -9999     0
2021 01 23 06   243   189 10108    60    60     6 -9999     0
2021 01 23 09   230   192 10119    50    60     6 -9999     0
2021 01 23 12   221   181 10143    10    30     6 -9999     0
2021 01 23 18   199   186 10157    40    80     8 -9999    10
2021 01 23 21   199   171 10165    50    90     8 -9999 -9999
2021 01 24 00   201   162 10192    20    50     8 -9999 -9999
2021 01 24 03   220   158 10184    60    90     6 -9999     0
2021 01 24 06   214   162 10164    40    60     8 -9999     0
2021 01 24 09   206   152 10172    40    70     8 -9999     0
2021 01 24 12   188   151 10193   330    30     8 -9999     0
2021 01 24 18   180   141 10182   330    30     6 -9999     0
2021 01 24 21   173   140 10181   330    20     2 -9999     0
2021 01 25 00   176   135 10198   330    30     2 -9999 -9999
2021 01 25 03   223   129 10186    70    50     2 -9999     0
2021 01 25 06   218   154 10161    50    50     6 -9999     0
2021 01 25 09   213   149 10164    40    50     7 -9999     0
2021 01 25 12   203   149 10177    30    40     6 -9999     0
2021 01 25 18   186   149 10165   320    30     7 -9999     0
2021 01 25 21   181   146 10161   320    20     3 -9999     0
2021 01 26 00   192   143 10176   310    30     1 -9999     0
2021 01 26 03   236   159 10169   110    40     1 -9999     0
2021 01 26 06   237   165 10143    90    40     2 -9999     0
2021 01 26 09   225   163 10150    60    40     5 -9999     0
2021 01 26 12   219   171 10165    40    50     6 -9999     0
2021 01 26 18   200   158 10166   330    20     2 -9999 -9999
2021 01 26 21   192   149 10164   330    20     2 -9999     0
2021 01 27 00   198   155 10183   330    30     8 -9999     0
2021 01 27 03   215   171 10182    40    90     8 -9999     0
2021 01 27 06   228   168 10156    50    80     6 -9999     0
2021 01 27 09   216   159 10155    50    50     6 -9999     0
2021 01 27 12   204   162 10168   340    20     8 -9999     0
2021 01 27 18   187   156 10171   320    30     4 -9999     0
2021 01 27 21   181   154 10171   330    20     4 -9999     0
2021 01 28 00   188   151 10191   330    20     4 -9999     0
2021 01 28 03   231   164 10190    50    70     3 -9999     0
2021 01 28 06   228   173 10174    60    80     4 -9999     0
2021 01 28 09   201   171 10181    50   100     7 -9999     0
2021 01 28 12   184   139 10211    40   100     8 -9999     0
2021 01 28 18   170   121 10224    40   120     8 -9999     0
2021 01 28 21   158   106 10230   340    50     8 -9999     0
2021 01 29 00   159    91 10248   350    40     8 -9999     0
2021 01 29 03   178    78 10251   340    40     8 -9999     0
2021 01 29 06   186    86 10227    30    70     8 -9999     0
2021 01 29 09   170    82 10227   360    40     2 -9999     0
2021 01 29 12   159    89 10241   330    40     8 -9999     0
2021 01 29 18   150    98 10239   320    40     8 -9999     0
2021 01 29 21   150    96 10238   330    40     7 -9999     0
2021 01 30 00   151    99 10256   330    30     2 -9999     0
2021 01 30 03   209    98 10242    50    60     1 -9999     0
2021 01 30 06   209   121 10222    60    70     8 -9999     0
2021 01 30 09   201   119 10226    40    50     6 -9999     0
2021 01 30 12   191   117 10238   340    20     6 -9999     0
2021 01 30 18   177   114 10235   330    30     8 -9999 -9999
2021 01 30 21   175   106 10232   330    30     8 -9999     0
2021 01 31 00   179   108 10245   330    40     3 -9999     0
2021 01 31 03   228   122 10241    60    50     3 -9999     0
2021 01 31 06   232   120 10213    60    60     6 -9999 -9999
2021 01 31 09   219   122 10213    50    30     4 -9999     0
2021 01 31 12   197   125 10223   340    10     3 -9999     0
2021 01 31 18   181   121 10217   340    40     5 -9999     0
2021 01 31 21   180   111 10210   330    30 -9999 -9999     0
2021 02 01 00   186   107 10217   340    30     1 -9999     0
2021 02 01 03   239   123 10203   110    40     1 -9999     0
2021 02 01 06   243   129 10172   120    50     1 -9999     0
2021 02 01 09   228   152 10175    90    20     2 -9999     0
2021 02 01 12   214   150 10187   340    10     2 -9999     0
2021 02 01 18   187   136 10185   330    30     1 -9999     0
2021 02 01 21   184   126 10184   310    30 -9999 -9999     0
2021 02 02 00   195   118 10202   330    30     1 -9999     0
2021 02 02 03   240   170 10206    50    70     2 -9999     0
2021 02 02 06   243   155 10183    60    90     2 -9999     0
2021 02 02 09   222   163 10195    50    90     7 -9999     0
2021 02 02 12   205   159 10221    40    90     8 -9999     0
2021 02 02 18   187   134 10224   350    30     8 -9999 -9999
2021 02 02 21   187   127 10230   360    20     8 -9999 -9999
2021 02 03 00   186   126 10247   340    40     3 -9999     0
2021 02 03 03   226   134 10233    50    80     2 -9999     0
2021 02 03 06   221   135 10203    60    70     5 -9999     0
2021 02 03 09   212   141 10209    50    60     7 -9999     0
2021 02 03 12   208   133 10227    20    40     8 -9999     0
2021 02 03 18   183   128 10217   320    30     2 -9999     0
2021 02 03 21   177   111 10220   340    40     2 -9999     0
2021 02 04 00   186   102 10239   340    40     5 -9999     0
2021 02 04 06   235   153 10206    60    80     2 -9999     0
2021 02 04 09   221   148 10207    50    60     6 -9999     0
2021 02 04 12   215   149 10221    20    60     8 -9999     0
2021 02 04 18   194   147 10203   330    30     8 -9999     0
2021 02 04 21   186   153 10203   330    20     8 -9999 -9999
2021 02 05 00   194   147 10213   350    40     6 -9999 -9999
2021 02 05 03   211   154 10215    50    40     8 -9999     0
2021 02 05 06   224   145 10185    50    30     8 -9999     0
2021 02 05 09   221   150 10185    80    20     7 -9999     0
2021 02 05 12   204   148 10191   330    20     1 -9999     0
2021 02 05 18   179   140 10179   320    30     1 -9999     0
2021 02 05 21   174   131 10177   320    30     2 -9999     0
2021 02 06 00   189   127 10196   320    30     1 -9999     0
2021 02 06 03   244   162 10190   120    40     1 -9999     0
2021 02 06 06   239   174 10162   130    40     2 -9999     0
2021 02 06 09   236   154 10163    90    30     2 -9999     0
2021 02 06 12   218   165 10174    10    20     1 -9999     0
2021 02 06 18   197   136 10179   320    30     1 -9999     0
2021 02 06 21   196   129 10177   330    30     7 -9999     0
2021 02 07 00   202   106 10193   330    40     1 -9999 -9999
2021 02 07 03   245   168 10188    70    50     1 -9999     0
2021 02 07 06   241   176 10161    60    60     5 -9999     0
2021 02 07 09   235   177 10167    50    50     7 -9999     0
2021 02 07 12   227   178 10190    60    40     8 -9999 -9999
2021 02 07 18   207   169 10185   340    30     5 -9999    -1
2021 02 07 21   200   163 10181   330    30     2 -9999 -9999
2021 02 08 00   204   152 10196   340    30     1 -9999 -9999
2021 02 08 03   252   158 10199    70    60     1 -9999     0
2021 02 08 06   246   183 10181    60    60     6 -9999     0
2021 02 08 09   226   180 10189    50    80     8 -9999     0
2021 02 08 12   207   173 10213    30    70     6 -9999 -9999
2021 02 08 18   196   146 10204   360    20     6 -9999     0
2021 02 08 21   190   141 10201   340    20     6 -9999     0
2021 02 09 00   197   141 10216   350    30     8 -9999     0
2021 02 09 03   221   152 10216    60    70     7 -9999     0
2021 02 09 06   220   158 10188    40    80     7 -9999     0
2021 02 09 09   211   157 10187    50    80     8 -9999     0
2021 02 09 12   203   167 10205    50    80     8 -9999     0
2021 02 09 18   189   152 10182   340    20     8 -9999    20
2021 02 09 21   191   152 10170   340    20     8 -9999 -9999
2021 02 10 00   199   177 10186    30    30     8 -9999 -9999
2021 02 10 03   195   182 10178    30    40     8 -9999 -9999
2021 02 10 06   204   180 10148    40    40     8 -9999    -1
2021 02 10 09   197   178 10146   320    20     8 -9999 -9999
2021 02 11 00   191   188 10092   290    20     8 -9999 -9999
2021 02 13 09   227   170 10139    40    60     7 -9999     0
2021 02 13 12   217   164 10152   330    10     7 -9999     0
2021 02 13 18   193   158 10147   320    20     1 -9999     0
2021 02 13 21   187   152 10137   320    30     1 -9999     0
2021 02 14 00   199   143 10148   320    30     2 -9999     0
2021 02 14 03   241   166 10141   130    40     6 -9999     0
2021 02 14 06   239   172 10114   160    40     5 -9999     0
2021 02 14 09   234   167 10113   110    30     5 -9999     0
2021 02 14 12   221   173 10127   360    20     2 -9999     0
2021 02 14 18   200   156 10130   320    20     1 -9999 -9999
2021 02 14 21   197   180 10138    20    40     8 -9999 -9999
2021 02 15 00   182   169 10164   360    30     8 -9999 -9999
2021 02 15 03   210   166 10166   360    10     8 -9999 -9999
2021 02 15 06   226   157 10147    40    50     8 -9999    10
2021 02 15 09   207   155 10152   340    30     8 -9999 -9999
2021 02 15 12   199   151 10166   360    30     8 -9999 -9999
2021 02 15 18   187   152 10163   340    20     8 -9999     0
2021 02 15 21   180   158 10164   340    20     8 -9999 -9999
2021 02 16 00   185   158 10183   340    20     8 -9999 -9999
2021 02 16 03   204   166 10178   110    10     6 -9999 -9999
2021 02 16 06   220   172 10149   110    50     4 -9999    10
2021 02 16 09   202   168 10147   310    30     6 -9999 -9999
2021 02 16 12   199   164 10158   330    20     8 -9999 -9999
2021 02 16 18   189   160 10161   320    30     8 -9999     0
2021 02 16 21   187   154 10163   320    30     8 -9999     0
2021 02 17 00   197   143 10182   340    30     6 -9999     0
2021 02 17 03   221   164 10185    50   110     6 -9999     0
2021 02 17 06   194   140 10180    50   120     8 -9999     0
2021 02 17 09   184   135 10200    10    60     8 -9999 -9999
2021 02 17 12   170   115 10227   330    30     8 -9999     0
2021 02 17 18   166   109 10237    10    50     8 -9999     0
2021 02 17 21   157   100 10242   320    30     8 -9999     0
2021 02 18 00   156    97 10262   340    30     8 -9999     0
2021 02 18 03   182    90 10265    10    40     8 -9999     0
2021 02 18 06   182    79 10241    40    70     8 -9999     0
2021 02 18 09   171    85 10244    40    80     8 -9999     0
2021 02 18 12   158    83 10261   340    30     8 -9999     0
2021 02 18 18   148    81 10250   320    40     5 -9999     0
2021 02 18 21   135    79 10243   320    40     2 -9999     0
2021 02 19 00   152    75 10257   330    30     2 -9999     0
2021 02 19 03   203    59 10245    70    40     1 -9999     0
2021 02 19 06   200    80 10217    70    50     6 -9999 -9999
2021 02 19 09   189    94 10217    50    30     8 -9999     0
2021 02 20 18   162   103 10182   310    30     2 -9999 -9999
2021 02 20 21   160    98 10188   320    30     2 -9999 -9999
2021 02 21 00   177    94 10210   330    30     2 -9999 -9999
2021 02 21 03   225   118 10198   100    40     3 -9999 -9999
2021 02 21 06   230   124 10173   130    50     6 -9999 -9999
2021 02 21 09   221   129 10165   100    30     2 -9999 -9999
2021 02 21 12   197   132 10182   300    20     1 -9999 -9999
2021 02 21 18   181   126 10163   320    30     8 -9999     0
2021 02 21 21   187   119 10155   320    20     8 -9999 -9999
2021 02 22 00   196   116 10178   330    30     6 -9999 -9999
2021 02 22 03   245   163 10174    90    50     1 -9999     0
2021 02 22 06   247   182 10148   100    60     5 -9999     0
2021 02 22 09   232   170 10151    80    20     3 -9999 -9999
2021 02 22 12   229   172 10171    40    20     6 -9999     0
2021 02 22 18   199   166 10161   320    30     3 -9999     0
2021 02 22 21   190   155 10153   320    30     5 -9999     0
2021 02 23 00   197   145 10165   330    30     7 -9999     0
2021 02 23 03   235   170 10161    50    70     7 -9999     0
2021 02 23 06   238   173 10139    50    80     8 -9999     0
2021 02 23 09   219   175 10141    40   100     8 -9999 -9999
2021 02 23 12   220   167 10158    10    20     8 -9999 -9999
2021 02 23 18   209   171 10152    10    30     8 -9999     0
2021 02 23 21   204   158 10148   320    10     7 -9999 -9999
2021 02 24 00   216   159 10158   330    30     7 -9999 -9999
2021 02 24 03   255   177 10152    50    70     5 -9999     0
2021 02 24 06   252   182 10127    70    80     3 -9999     0
2021 02 24 09   235   172 10125    50    50     8 -9999 -9999
2021 02 24 12   228   168 10140   340    10     8 -9999     0
2021 02 24 18   216   157 10130   360    30     6 -9999 -9999
2021 02 24 21   211   145 10119   320    30     6 -9999     0
2021 02 25 00   217   146 10129   330    10     7 -9999 -9999
2021 02 25 03   261   180 10116    80    60     4 -9999     0
2021 02 25 06   255   201 10085   110    60     2 -9999     0
2021 02 25 09   244   205 10077    70    30     2 -9999     0
2021 02 25 12   237   207 10089    80    10     8 -9999     0
2021 02 25 18   227   199 10083   320    10     7 -9999     0
2021 02 25 21   221   175 10081   310    30     7 -9999     0
2021 02 26 00   231   176 10097   330    20     3 -9999     0
2021 02 26 03   259   200 10098   110    40     2 -9999     0
2021 02 26 06   257   215 10077   100    40     7 -9999 -9999
2021 02 26 09   247   212 10083    60    50     6 -9999 -9999
2021 02 26 12   237   213 10102    60    40     8 -9999 -9999
2021 02 26 18   224   194 10112    30    30     7 -9999     0
2021 02 26 21   220   190 10119    30    50     8 -9999     0
2021 02 27 00   223   191 10134    10    10     6 -9999     0
2021 02 27 03   234   192 10136    70    40     7 -9999     0
2021 02 27 06   232   194 10117    50    50     8 -9999     0
2021 02 27 09   218   194 10128    50    60     8 -9999 -9999
2021 02 27 12   218   182 10149    30    80     8 -9999     0
2021 02 27 18   211   173 10158   310    20     8 -9999 -9999
2021 02 27 21   210   174 10153   330    20     8 -9999     0
2021 02 28 00   218   174 10172   330    20     8 -9999     0
2021 02 28 03   235   186 10170    70    50     8 -9999     0
2021 02 28 06   230   188 10150    60    40     8 -9999     0
2021 02 28 09   213   198 10151   350    20     8 -9999 -9999
2021 02 28 12   215   196 10164   330    10     8 -9999 -9999
2021 02 28 18   214   193 10163   320    20     8 -9999     0
2021 02 28 21   208   189 10162   320    10     6 -9999     0
2021 03 01 00   215   175 10173   310    30     6 -9999     0
2021 03 01 03   251   193 10171   110    40     2 -9999     0
2021 03 01 06   248   207 10146   160    40     8 -9999     0
2021 03 01 09   240   203 10142     0 -9999     8 -9999     0
2021 03 01 12   237   201 10151   310    10     8 -9999     0
2021 03 01 18   220   196 10141   320    20     2 -9999     0
2021 03 01 21   220   188 10143   340    30     5 -9999     0
2021 03 02 00   237   190 10168   360    30     2 -9999 -9999
2021 03 02 03   219   166 10185    40   140     7 -9999     0
2021 03 02 06   205   148 10180    50   110     8 -9999 -9999
2021 03 02 09   195   151 10200   340    30     8 -9999 -9999
2021 03 02 12   192   138 10215    10    30     8 -9999     0
2021 03 02 18   183   128 10216   330    30     8 -9999     0
2021 03 02 21   181   128 10216   330    30     8 -9999     0
2021 03 03 00   186   128 10223   340    30     8 -9999 -9999
2021 03 03 06   222   144 10189    50    50     8 -9999 -9999
2021 03 03 09   214   155 10188    40    50     8 -9999     0
2021 03 03 12   208   154 10200    20    30     8 -9999     0
2021 03 03 18   198   150 10192   320    40     6 -9999     0
2021 03 03 21   192   149 10186   320    20     3 -9999     0
2021 03 04 00   202   150 10196   320    30     7 -9999     0
2021 03 04 03   242   167 10186   130    40     7 -9999     0
2021 03 04 06   236   189 10162   140    30     8 -9999     0
2021 03 04 09   231   191 10168    60    30     8 -9999     0
2021 03 04 12   221   195 10178   360    20     8 -9999 -9999
2021 03 04 18   216   192 10172   360    30     8 -9999     0
2021 03 04 21   217   191 10176    10    40     8 -9999 -9999
2021 03 05 00   220   194 10189    30    60     8 -9999 -9999
2021 03 05 03   245   195 10185    50    60     4 -9999 -9999
2021 03 05 06   236   198 10161    60    60     6 -9999 -9999
2021 03 05 09   233   199 10157    70    40     8 -9999     0
2021 03 05 12   228   194 10168    40    20     8 -9999     0
2021 03 05 18   226   194 10160   310    10     8 -9999 -9999
2021 03 05 21   220   194 10154   300    20     8 -9999     0
2021 03 06 00   231   191 10171   310    10     8 -9999 -9999
2021 03 06 03   244   199 10166   150    20     6 -9999     0
2021 03 06 06   246   215 10139   160    20     8 -9999     0
2021 03 06 09   243   224 10141    40    50     7 -9999 -9999
2021 03 06 12   234   217 10156    40    80     6 -9999     0
2021 03 06 18   224   186 10165    30    50     8 -9999     0
2021 03 06 21   218   186 10171   340    20     8 -9999     0
2021 03 07 00   225   186 10186    20    10     8 -9999 -9999
2021 03 07 03   237   188 10189    60    10     8 -9999     0
2021 03 07 06   243   189 10165    60    60     7 -9999     0
2021 03 07 09   231   184 10166    40    60     8 -9999     0
2021 03 07 12   215   185 10187   350    30     8 -9999     0
2021 03 07 18   211   173 10186   340    20     7 -9999     0
2021 03 07 21   211   171 10189    10    20     7 -9999     0
2021 03 08 00   225   172 10207   340    20     6 -9999     0
2021 03 08 03   251   186 10207    60    70     6 -9999     0
2021 03 08 06   243   176 10178    50    70     8 -9999     0
2021 03 08 09   232   183 10179    50    70     8 -9999     0
2021 03 08 12   226   182 10195   340    20     8 -9999     0
2021 03 08 18   207   169 10187   340    20     6 -9999 -9999
2021 03 08 21   200   165 10186   320    20     3 -9999     0
2021 03 09 00   220   167 10202   340    20     6 -9999     0
2021 03 09 03   249   186 10204    60    50     7 -9999     0
2021 03 09 06   251   197 10179    60    80     4 -9999 -9999
2021 03 09 09   236   193 10181    50    70     8 -9999     0
2021 03 09 12   232   186 10202    30    50     8 -9999 -9999
2021 03 09 18   216   186 10198   360    30     8 -9999     0
2021 03 09 21   216   178 10199   350    20     7 -9999 -9999
2021 03 10 00   227   176 10220    10    20     8 -9999 -9999
2021 03 10 03   234   183 10221    50    80     8 -9999 -9999
2021 03 10 06   237   184 10195    50    90     7 -9999 -9999
2021 03 10 09   221   181 10196    50    80     7 -9999     0
2021 03 10 12   210   180 10218    20    50     8 -9999 -9999
2021 03 10 18   206   164 10211   320    20     6 -9999     0
2021 03 10 21   206   162 10206   310    20     7 -9999     0
2021 03 11 00   211   167 10221   320    30     7 -9999     0
2021 03 11 03   246   192 10212    70    50     6 -9999     0
2021 03 11 06   237   189 10187   140    30     7 -9999 -9999
2021 03 11 09   235   186 10181    60    20     8 -9999 -9999
2021 03 11 12   228   182 10197   350    10     8 -9999     0
2021 03 11 18   215   183 10191   330    10     7 -9999 -9999
2021 03 11 21   206   178 10187   320    30     3 -9999     0
2021 03 12 00   226   169 10196   310    30     1 -9999     0
2021 03 12 03   256   188 10192   120    30     1 -9999     0
2021 03 12 06   252   198 10171   100    40     6 -9999 -9999
2021 03 12 09   249   195 10171    60    40     3 -9999     0
2021 03 12 12   226   196 10188    40    70     6 -9999 -9999
2021 03 12 18   210   175 10195    20    30     8 -9999 -9999
2021 03 12 21   206   168 10190   330    30     8 -9999 -9999
2021 03 13 00   217   173 10204    20    50     8 -9999     0
2021 03 13 03   238   173 10197    50    80     6 -9999     0
2021 03 13 06   222   176 10173    50    80     8 -9999 -9999
2021 03 13 09   205   171 10171    20    40     8 -9999     0
2021 03 13 12   195   164 10183   340    30     8 -9999     0
2021 03 13 18   192   159 10173   330    20     8 -9999     5
2021 03 13 21   189   154 10163   340    30     7 -9999 -9999
2021 03 14 00   203   159 10183   340    20     8 -9999 -9999
2021 03 14 03   231   176 10182    50    60     7 -9999 -9999
2021 03 14 06   232   174 10156    50    70     7 -9999 -9999
2021 03 14 09   222   174 10158    50    80     8 -9999 -9999
2021 03 14 12   221   166 10172    30    50     8 -9999     0
2021 03 14 18   209   161 10159   340    20     7 -9999     0
2021 03 14 21   204   158 10155   340    20     8 -9999     0
2021 03 15 00   205   152 10170   340    30     6 -9999 -9999
2021 03 15 03   252   169 10169    70    50     7 -9999     0
2021 03 15 06   261   167 10140    70    60     1 -9999     0
2021 03 15 09   244   172 10142    80    40     8 -9999     0
2021 03 15 12   235   173 10155   310    20     8 -9999     0
2021 03 15 18   221   173 10140   320    30     7 -9999 -9999
2021 03 15 21   217   167 10136   330    30     7 -9999 -9999
2021 03 16 00   239   157 10149   320    20     6 -9999     0
2021 03 16 03   257   201 10151    70    30     5 -9999 -9999
2021 03 16 06   278   206 10125   130    50     5 -9999     0
2021 03 16 09   259   198 10125    70    30     6 -9999     0
2021 03 16 12   245   204 10144   360    10     6 -9999     0
2021 03 16 18   226   186 10136   320    20     1 -9999     0
2021 03 16 21   221   175 10132   340    30     2 -9999     0
2021 03 17 00   246   155 10140   330    20     1 -9999     0
2021 03 17 03   271   205 10140    60    50     1 -9999     0
2021 03 17 06   267   227 10122    60    50     7 -9999 -9999
2021 03 17 09   260   223 10120    40    40     8 -9999     0
2021 03 17 12   257   214 10134    40    40     8 -9999     0
2021 03 17 18   237   205 10130   330    20     3 -9999     0
2021 03 17 21   229   195 10132   320    20     4 -9999     0
2021 03 18 00   245   191 10148   330    20     5 -9999 -9999
2021 03 18 03   270   224 10142    80    50     3 -9999     0
2021 03 18 06   273   216 10121   110    50     3 -9999     0
2021 03 18 09   256   223 10120   150    40     8 -9999 -9999
2021 03 18 18   234   209 10127   330    20     7 -9999     5
2021 03 18 21   231   197 10128   320    20     5 -9999 -9999
2021 03 19 00   253   197 10145   330    20     2 -9999 -9999
2021 03 19 03   275   215 10136   100    50     1 -9999 -9999
2021 03 19 06   273   214 10108   170    40     1 -9999     0
2021 03 19 09   264   212 10100   180    30     2 -9999     0
2021 03 19 12   257   210 10117   210    10     5 -9999     0
2021 03 19 18   237   196 10109   320    10     4 -9999 -9999
2021 03 19 21   228   166 10109   310    30     3 -9999     0
2021 03 20 00   245   155 10121   310    30     1 -9999     0
2021 03 20 03   269   205 10118   170    40     2 -9999     0
2021 03 20 06   272   206 10092   190    60     2 -9999     0
2021 03 20 09   264   205 10095   190    20     8 -9999     0
2021 03 20 12   260   199 10114    10    20     6 -9999     0
2021 03 20 18   244   203 10111   320    20     5 -9999     0
2021 03 20 21   238   185 10117   300    20     2 -9999     0
2021 03 21 00   255   199 10145    40    30     1 -9999     0
2021 03 21 03   253   195 10152    50   110     3 -9999     0
2021 03 21 06   230   173 10143    50   110     6 -9999     0
2021 03 21 09   217   167 10157    40   100     8 -9999 -9999
2021 03 21 12   204   158 10184    40   100     8 -9999     0
2021 03 21 21   183   123 10211   320    30     8 -9999     0
2021 03 22 00   186   119 10231   350    30     8 -9999 -9999
2021 03 22 03   205   117 10229    10    30     8 -9999     0
2021 03 22 06   200   132 10214    40    90     8 -9999     0
2021 03 22 09   190   121 10220   360    40     8 -9999 -9999
2021 03 22 12   175   112 10235   320    40     8 -9999 -9999
2021 03 22 18   168   111 10232   340    40     8 -9999     0
2021 03 22 21   170   110 10226   340    30     8 -9999 -9999
2021 03 23 00   175   115 10238   340    40     8 -9999     0
2021 03 23 03   210   116 10228    40    70     8 -9999     0
2021 03 23 06   200   141 10200    60    60     8 -9999 -9999
2021 03 23 09   201   133 10193    30    40     8 -9999     0
2021 03 23 12   195   136 10201   350    20     8 -9999 -9999
2021 03 23 18   185   132 10169   320    30     7 -9999 -9999
2021 03 23 21   187   131 10162   320    30     7 -9999 -9999
2021 03 24 00   182   148 10169   320    40     7 -9999 -9999
2021 03 24 03   240   165 10155   200    50     6 -9999     0
2021 03 24 06   231   193 10126   180    30     8 -9999 -9999
2021 03 24 09   223   187 10124    30    40     8 -9999     0
2021 03 24 12   217   188 10145    20    40     8 -9999 -9999
2021 03 24 18   208   176 10151    50    70     8 -9999     0
2021 03 24 21   198   163 10158   330    30     8 -9999 -9999
2021 03 25 00   200   159 10182   330    20     8 -9999 -9999
2021 03 25 03   216   155 10185   340    30     8 -9999     0
2021 03 25 06   222   160 10160    40    60     8 -9999     0
2021 03 25 09   212   162 10165    10    40     8 -9999     0
2021 03 25 12   205   148 10177   330    20     1 -9999 -9999
2021 03 25 18   196   136 10163   320    30 -9999 -9999     0
2021 03 25 21   183   130 10159   330    40 -9999 -9999     0
2021 03 26 00   214   123 10174   330    30     1 -9999     0
2021 03 26 03   262   162 10166    90    50     1 -9999     0
2021 03 26 06   262   182 10140   100    60     2 -9999 -9999
2021 03 26 09   247   182 10140    70    40     8 -9999     0
2021 03 26 12   235   195 10153    10    10     8 -9999 -9999
2021 03 26 18   217   186 10135   310    20     5 -9999 -9999
2021 03 26 21   216   182 10125   320    20     6 -9999     0
2021 03 27 00   240   182 10137   320    10     2 -9999     0
2021 03 27 03   267   193 10128   160    30     5 -9999     0
2021 03 27 06   271   223 10100   170    40     6 -9999     0
2021 03 27 09   264   227 10089   220    30     8 -9999     0
2021 03 27 12   262   237 10101   190    60     8 -9999     0
2021 03 27 18   230   211 10088   310    20     6 -9999     0
2021 03 27 21   226   196 10082   310    30     2 -9999     0
2021 03 28 00   250   187 10093   310    20     2 -9999     0
2021 03 28 03   290   230 10083   200    50     1 -9999     0
2021 03 28 06   295   239 10053   160    40     2 -9999 -9999
2021 03 28 09   278   234 10050    40    70     1 -9999     0
2021 03 28 12   265   241 10073    40    50     2 -9999 -9999
2021 03 28 18   250   215 10076   290    30     1 -9999 -9999
2021 03 28 21   240   205 10078   330    20     2 -9999     0
2021 03 29 00   256   195 10093   310    40     2 -9999     0
2021 03 29 03   280   225 10090   150    60     8 -9999     0
2021 03 29 06   279   224 10069    70    50     8 -9999     0
2021 03 29 09   266   231 10067    50    20     8 -9999 -9999
2021 03 29 12   261   234 10072     0 -9999     8 -9999     0
2021 03 29 18   242   220 10054   310    10     0 -9999 -9999
2021 03 29 21   240   209 10049   320    20 -9999 -9999     0
2021 03 30 03   286   226 10056    70    50     2 -9999     0
2021 03 30 06   288   235 10042    60    60     2 -9999     0
2021 03 30 09 -9999 -9999 -9999     0 -9999     3 -9999     0
2021 03 30 12   267   234 10067    10    20     7 -9999     0
2021 03 30 18   253   224 10079   330    20     6 -9999     0
2021 03 30 21   255   220 10075   290    10     8 -9999     0
2021 03 31 00   267   222 10083   360     0     2 -9999 -9999
2021 03 31 03   285   237 10079    90    50     2 -9999     0
2021 03 31 06   277   239 10057   160    30     7 -9999 -9999
2021 03 31 09   271   238 10057   130    30     7 -9999     0
2021 03 31 12   270   241 10077    40    30     6 -9999     0
2021 03 31 18   262   231 10074   300    10     7 -9999     0
2021 03 31 21   256   229 10072   310    20     7 -9999     0
2021 04 01 00   269   221 10092   260    20     6 -9999     0
2021 04 01 03   288   244 10096   120    50     6 -9999     0
2021 04 01 06   290   244 10076   170    40     8 -9999 -9999
2021 04 01 09   280   242 10064    90    30     6 -9999     0
2021 04 01 12   266   241 10068   360    30     1 -9999 -9999
2021 04 01 18   260   216 10080   310    20     6 -9999 -9999
2021 04 01 21   253   212 10090   310    20     6 -9999     0
2021 04 02 00   271   209 10108   340    20     2 -9999     0
2021 04 02 03   297   222 10106    90    50     1 -9999     0
2021 04 02 06   289   234 10090   160    20     7 -9999     0
2021 04 02 09   277   239 10088   180    30     5 -9999     0
2021 04 02 12   270   228 10104    70    10     2 -9999 -9999
2021 04 02 18   256   225 10101   310    20     6 -9999 -9999
2021 04 02 21   252   205 10103   310    20     2 -9999     0
2021 04 03 00   272   188 10124   360    10     2 -9999 -9999
2021 04 03 03   289   238 10120   130    50     2 -9999     0
2021 04 03 06   291   242 10101   160    20     3 -9999 -9999
2021 04 03 09   275   238 10097   200    10     5 -9999 -9999
2021 04 03 12   273   236 10114   240    10     5 -9999     0
2021 04 03 18   262   230 10112    10    10     7 -9999 -9999
2021 04 03 21   262   229 10114    20    20     7 -9999     0
2021 04 04 00   270   233 10137    40    50     4 -9999 -9999
2021 04 04 03   275   222 10138    50    80     5 -9999     0
2021 04 04 06   264   214 10122    50    90     8 -9999     0
2021 04 04 09   236   196 10136    40   100     8 -9999 -9999
2021 04 04 12   227   178 10159    40    80     8 -9999     0
2021 04 04 18   210   168 10168   330    20     8 -9999 -9999
2021 04 04 21   202   158 10176   340    10     8 -9999     0
2021 04 05 00   206   154 10196   340    30     8 -9999     0
2021 04 05 03   217   146 10190    40    50     8 -9999     0
2021 04 05 06   225   151 10168    50    80     8 -9999     0
2021 04 05 09   215   149 10168    40    60     8 -9999     0
2021 04 05 12   211   152 10184   350    30     8 -9999     0
2021 04 05 18   198   140 10165   340    30     8 -9999     0
2021 04 05 21   194   147 10174   330    30     8 -9999     0
2021 04 06 00   207   148 10187   320    30     8 -9999 -9999
2021 04 06 03   241   151 10184    70    60     8 -9999     0
2021 04 06 06   247   156 10164    60    50     8 -9999 -9999
2021 04 06 09   238   161 10162    50    50     7 -9999     0
2021 04 06 12   229   162 10180    30    60     8 -9999     0
2021 04 06 18   212   153 10174   330    30     8 -9999     0
2021 04 06 21   208   154 10168   320    10     8 -9999     0
2021 04 07 00   211   154 10181   340    30     8 -9999 -9999
2021 04 07 03   232   163 10180    40    60     8 -9999     0
2021 04 07 06   233   166 10154    40    60     8 -9999     0
2021 04 07 09   222   174 10147    50    60     8 -9999     0
2021 04 07 12   217   164 10160   340    20     8 -9999     0
2021 04 07 18   209   157 10141   330    20     8 -9999     0
2021 04 07 21   211   159 10134   330    20     8 -9999     0
2021 04 08 00   227   160 10150   320    10     8 -9999     0
2021 04 08 03   244   193 10153   100    50     7 -9999     0
2021 04 08 06   224   190 10132    80    20     8 -9999     0
2021 04 08 09   218   194 10126   310    30     8 -9999 -9999
2021 04 08 12   220   187 10143   320    30     8 -9999 -9999
2021 04 08 18   211   198 10143    40    30     8 -9999    10
2021 04 08 21   211   181 10144   340    30     8 -9999 -9999
2021 04 09 00   223   179 10162   310    10     7 -9999 -9999
2021 04 09 03   229   185 10168    50    80     8 -9999     0
2021 04 09 06   231   176 10154    40   100     8 -9999     0
2021 04 09 09   222   178 10159    40    90     8 -9999 -9999
2021 04 09 18   208   154 10173   340    20     8 -9999     0
2021 04 09 21   212   153 10178   330    30     8 -9999     0
2021 04 10 00   222   160 10194   330    20     7 -9999     0
2021 04 10 03   259   193 10191    50    70     7 -9999     0
2021 04 10 06   272   193 10170    60    80     4 -9999     0
2021 04 10 09   251   197 10169    50    80     6 -9999     0
2021 04 10 12   245   194 10184    40    60     6 -9999     0
2021 04 10 18   227   195 10181   360    20     8 -9999     0
2021 04 10 21   220   208 10185    10    30     8 -9999 -9999
2021 04 11 00   240   197 10201   360    20     6 -9999 -9999
2021 04 11 03   226   216 10209    40    50     8 -9999 -9999
2021 04 11 06   256   202 10181    70    40     5 -9999     5
2021 04 11 09   253   199 10173    50    40     7 -9999 -9999
2021 04 11 12   248   201 10189    20    30     7 -9999 -9999
2021 04 11 18   229   206 10178   350    30     8 -9999     0
2021 04 11 21   220   206 10176    40    10     8 -9999 -9999
2021 04 12 00   228   203 10185    10    10     6 -9999 -9999
2021 04 12 03   270   215 10173   150    30     1 -9999     0
2021 04 12 06   273   218 10151   150    50     3 -9999     0
2021 04 12 09   261   209 10141   140    20     6 -9999     0
2021 04 12 12   239   222 10157   310    10     8 -9999 -9999
2021 04 12 18   238   222 10144    30    30     6 -9999    -1
2021 04 12 21   234   213 10143   320    10     7 -9999 -9999
2021 04 13 03   273   214 10148   150    40     2 -9999     0
2021 04 13 06   285   222 10129   170    50     3 -9999 -9999
2021 04 13 09   265   217 10126   170    20     7 -9999     0
2021 04 13 12   262   216 10138   100    20     8 -9999     0
2021 04 13 18   235   218 10134   350    20     8 -9999 -9999
2021 04 13 21   230   213 10136   360    10     8 -9999 -9999
2021 04 14 00   245   203 10147   330    20     8 -9999 -9999
2021 04 14 03   276   209 10144   160    20     6 -9999     0
2021 04 14 06   265   215 10123   190    30     8 -9999 -9999
2021 04 14 09   240   221 10122    50    80     8 -9999 -9999
2021 04 14 21   215   179 10126   330    20     2 -9999     0
2021 04 15 00   248   185 10132   340    10     1 -9999     0
2021 04 15 03   268   207 10125   110    30     2 -9999     0
2021 04 15 06   249   220 10108   110    30     8 -9999 -9999
2021 04 15 09   239   222 10113   280    20     8 -9999 -9999
2021 04 15 12   242   214 10131    20    10     8 -9999 -9999
2021 04 15 18   237   207 10126   320    10     8 -9999     0
2021 04 15 21   237   207 10127   340    10     8 -9999 -9999
2021 04 16 00   252   209 10140   340    20     7 -9999     0
2021 04 16 03   275   213 10137    70    60     7 -9999     0
2021 04 16 06   266   218 10121    70    50     8 -9999     0
2021 04 16 09   258   217 10120    50    50     8 -9999     0
2021 04 16 12   252   219 10138    40    40     8 -9999     0
2021 04 16 18   239   210 10133   360    10     4 -9999     0
2021 04 16 21   236   207 10137   360    20     6 -9999     0
2021 04 17 00   263   213 10150    50    60     2 -9999     0
2021 04 17 03   262   224 10150    60    80     6 -9999 -9999
2021 04 17 06   244   207 10144    50    90     8 -9999     0
2021 04 17 09   237   175 10150    40    80     8 -9999     0
2021 04 17 12   231   159 10170   350    40     8 -9999     0
2021 04 17 18   228   139 10172   340    20     8 -9999     0
2021 04 17 21   224   129 10174   350    20     8 -9999     0
2021 04 18 00   240   123 10180   350    20     2 -9999     0
2021 04 18 03   265   146 10169    60   100     2 -9999 -9999
2021 04 18 06   252   167 10148    60   110     4 -9999 -9999
2021 04 18 09   221   162 10146    60    50     8 -9999     0
2021 04 18 12   211   152 10175   350    20     8 -9999     0
2021 04 18 18   196   142 10149   350    30 -9999 -9999     0
2021 04 18 21   189   140 10146   340    40     2 -9999     0
2021 04 19 00   227   138 10148   350    30     1 -9999 -9999
2021 04 19 03   247   154 10147    60    40     6 -9999     0
2021 04 19 06   248   163 10132    70    70     6 -9999     0
2021 04 19 09   229   174 10133    50    80     8 -9999     0
2021 04 19 12   226   162 10149    40    80     7 -9999     0
2021 04 19 18   200   163 10128   350    20     2 -9999     0
2021 04 19 21   203   157 10135   330    30     3 -9999     0
2021 04 20 00   229   158 10150   340    30     3 -9999     0
2021 04 20 03   265   162 10140    60    50     1 -9999     0
2021 04 20 06   268   167 10126    60    80     2 -9999     0
2021 04 20 09   245   168 10128    60    80     8 -9999     0
2021 04 20 12   241   166 10143    40    40     8 -9999     0
2021 04 20 18   220   164 10127   340    10     2 -9999 -9999
