2021 01 01 00    64   -27 10278   360    20 -9999 -9999     0
2021 01 01 03   121   -41 10281    30    40 -9999 -9999     0
2021 01 01 06   159   -21 10244   310    20 -9999 -9999     0
2021 01 01 09   143    16 10227   170    30 -9999 -9999     0
2021 01 01 12    95    49 10241   330    10 -9999 -9999     0
2021 01 01 15    93    12 10238   360    20 -9999 -9999     0
2021 01 01 18    71    22 10240   330    10 -9999 -9999     0
2021 01 01 21    57    22 10233   340    10 -9999 -9999     0
2021 01 02 00    58    21 10246   360    10 -9999 -9999     0
2021 01 02 03   157    18 10246    90    20 -9999 -9999     0
2021 01 02 06   172    52 10209   230    30 -9999 -9999     0
2021 01 02 09   167    34 10199   210    20 -9999 -9999     0
2021 01 02 12 -9999 -9999 -9999     0 -9999 -9999 -9999     0
2021 01 02 15   107    79 10207   110    20 -9999 -9999     0
2021 01 02 18    98    81 10216    40    20 -9999 -9999     0
2021 01 02 21   118    77 10214    40    20 -9999 -9999     0
2021 01 03 00   121    68 10227    30    20 -9999 -9999     0
2021 01 03 03   174    57 10235    20    30 -9999 -9999     0
2021 01 03 06   183    68 10209   340    30 -9999 -9999     0
2021 01 03 09   194    81 10204   330    10 -9999 -9999     0
2021 01 03 12   157    70 10213   340    20 -9999 -9999     0
2021 01 03 15   155    68 10221   330    20 -9999 -9999     0
2021 01 03 18   149    70 10216   360    20 -9999 -9999     0
2021 01 03 21   147    55 10210   360    20 -9999 -9999     0
2021 01 04 00   146    54 10228   350    20 -9999 -9999     0
2021 01 04 03   169    52 10233    20    30 -9999 -9999     0
2021 01 04 06   207    84 10200   100    40 -9999 -9999     0
2021 01 04 09   200    93 10191   130    10 -9999 -9999     0
2021 01 04 12   178   107 10196   180    10 -9999 -9999     0
2021 01 04 15   172   127 10200   330    10 -9999 -9999     0
2021 01 04 18   171   107 10197   350    20 -9999 -9999     0
2021 01 04 21   165   121 10194    60    10 -9999 -9999     0
2021 01 05 00   166   107 10216    20    20 -9999 -9999     0
2021 01 05 03   185   113 10223    30    20 -9999 -9999     0
2021 01 05 06   203   120 10192   150    20 -9999 -9999     0
2021 01 05 09   191   124 10194   210    20 -9999 -9999     0
2021 01 05 12   181    89 10205   340    20 -9999 -9999     0
2021 01 05 15   167    81 10208   330    30 -9999 -9999     0
2021 01 05 18   157    70 10201   350    20 -9999 -9999     0
2021 01 05 21   153    58 10199   350    30 -9999 -9999     0
2021 01 06 00   149    54 10212   360    20 -9999 -9999     0
2021 01 06 03   164    57 10212   360    40 -9999 -9999     0
2021 01 06 06   191    75 10176   340    30 -9999 -9999     0
2021 01 06 09   180    77 10166   310    30 -9999 -9999     0
2021 01 06 12   154    59 10179   350    30 -9999 -9999     0
2021 01 06 15   146    57 10188   340    30 -9999 -9999     0
2021 01 06 18   136    50 10189   340    30 -9999 -9999     0
2021 01 06 21   122    56 10187   350    40 -9999 -9999 -9999
2021 01 07 00   110    62 10212   350    40 -9999 -9999     0
2021 01 07 03   113    70 10225   350    50 -9999 -9999 -9999
2021 01 07 06   113    60 10198   360    70 -9999 -9999     0
2021 01 07 09    98    54 10198   360    60 -9999 -9999     0
2021 01 07 12    89    49 10221   360    50 -9999 -9999     0
2021 01 07 15    81    52 10234   350    50 -9999 -9999 -9999
2021 01 07 18    67    38 10244   360    60 -9999 -9999 -9999
2021 01 07 21    50    25 10248   350    70 -9999 -9999 -9999
2021 01 08 00    46    21 10268   350    60 -9999 -9999     0
2021 01 08 03    49     8 10290   360    70 -9999 -9999     0
2021 01 08 06    58     4 10257   360    50 -9999 -9999     0
2021 01 08 09    61    -4 10253    10    60 -9999 -9999     0
2021 01 08 12    58   -11 10268    10    40 -9999 -9999     0
2021 01 08 15    58   -23 10269   360    40 -9999 -9999     0
2021 01 08 18    61   -25 10265   360    50 -9999 -9999     0
2021 01 08 21    62   -34 10256   360    40 -9999 -9999     0
2021 01 09 00    64   -38 10264   360    30 -9999 -9999     0
2021 01 09 03    78   -40 10276    10    40 -9999 -9999     0
2021 01 09 06    91   -35 10237    10    40 -9999 -9999     0
2021 01 09 09    88   -34 10226    20    40 -9999 -9999     0
2021 01 09 12    83   -23 10240    20    20 -9999 -9999     0
2021 01 09 15    81   -28 10253    10    30 -9999 -9999     0
2021 01 09 18    79   -27 10249   360    30 -9999 -9999     0
2021 01 09 21    66    19 10243   360    40 -9999 -9999     0
2021 01 10 00    60    23 10260   360    30 -9999 -9999     0
2021 01 10 03    58    38 10270    10    40 -9999 -9999     0
2021 01 10 06    86    10 10229   360    40 -9999 -9999     0
2021 01 10 09    93     5 10218    10    40 -9999 -9999     0
2021 01 10 12    76    23 10238    10    30 -9999 -9999     0
2021 01 10 15    58    58 10259   360    40 -9999 -9999     2
2021 01 10 18    56    56 10264   360    40 -9999 -9999     9
2021 01 10 21    61    36 10263   360    50 -9999 -9999    10
2021 01 11 00    72   -17 10291   360    50 -9999 -9999     4
2021 01 11 03    68   -19 10313    10    60 -9999 -9999     0
2021 01 11 06    88   -19 10286    10    60 -9999 -9999     0
2021 01 11 09    91   -45 10278    20    50 -9999 -9999     0
2021 01 11 12    84   -20 10291    20    20 -9999 -9999     0
2021 01 11 15    78   -12 10299   350    20 -9999 -9999     0
2021 01 11 18    92   -44 10299   360    40 -9999 -9999     0
2021 01 11 21    87   -52 10282   360    50 -9999 -9999     0
2021 01 12 00    71   -34 10288   340    30 -9999 -9999     0
2021 01 12 03   125   -50 10284    20    50 -9999 -9999     0
2021 01 12 06   154   -45 10241   350    40 -9999 -9999     0
2021 01 12 09   163   -37 10215   360    30 -9999 -9999     0
2021 01 12 12    94    23 10217    40    10 -9999 -9999     0
2021 01 12 15    84    11 10218    10    20 -9999 -9999     0
2021 01 12 18    77    26 10214    80    10 -9999 -9999     0
2021 01 12 21    56    28 10203   360    10 -9999 -9999     0
2021 01 13 00    50    20 10211    30    10 -9999 -9999     0
2021 01 13 03   157    11 10214   110    30 -9999 -9999     0
2021 01 13 06   175     2 10185   120    40 -9999 -9999     0
2021 01 13 09   170    30 10172   180    30 -9999 -9999     0
2021 01 13 12   109    61 10177   110    20 -9999 -9999     0
2021 01 13 15   110    86 10189    80    10 -9999 -9999     0
2021 01 13 18   116    95 10188    60    10 -9999 -9999     0
2021 01 13 21   101    70 10181   350    10 -9999 -9999     0
2021 01 14 00    95    68 10188     0 -9999 -9999 -9999     0
2021 01 14 03   174    98 10196   110    20 -9999 -9999     0
2021 01 14 06   191   104 10166   190    30 -9999 -9999     0
2021 01 14 09   185   103 10157   210    20 -9999 -9999     0
2021 01 14 12   140   102 10164   220    20 -9999 -9999     0
2021 01 14 15   108   102 10170     0 -9999 -9999 -9999     0
2021 01 14 18   102   102 10171    40    10 -9999 -9999     0
2021 01 14 21    97    97 10163    20    10 -9999 -9999     0
2021 01 15 00    87    87 10169    30    10 -9999 -9999     0
2021 01 15 03   181    81 10177   100    30 -9999 -9999     1
2021 01 15 06   197    26 10152   170    20 -9999 -9999     0
2021 01 15 09   207   -18 10137   180    20 -9999 -9999     0
2021 01 15 12   139    60 10145   330    10 -9999 -9999     0
2021 01 15 15   118    81 10152    70    10 -9999 -9999     0
2021 01 15 18   119    84 10157    10    10 -9999 -9999     0
2021 01 15 21   134    65 10159    10    10 -9999 -9999     0
2021 01 16 00   133    82 10170    50    20 -9999 -9999     0
2021 01 16 03   197   151 10180   100    20 -9999 -9999     0
2021 01 16 06   205   157 10150   210    20 -9999 -9999     0
2021 01 16 09   220   131 10144   130    20 -9999 -9999     0
2021 01 16 12   178   151 10167    60    10 -9999 -9999     0
2021 01 16 15   167   125 10187   100    30 -9999 -9999     0
2021 01 16 18   161   125 10198    50    10 -9999 -9999     0
2021 01 16 21   160   127 10207    60    10 -9999 -9999     0
2021 01 17 00   164    71 10241   350    40 -9999 -9999     0
2021 01 17 03   146    18 10267   360    60 -9999 -9999     0
2021 01 17 06   159    23 10248   360    70 -9999 -9999     0
2021 01 17 09   133    25 10254   350    70 -9999 -9999     0
2021 01 17 12   102    18 10274   350    60 -9999 -9999     0
2021 01 17 15    96    10 10282   350    70 -9999 -9999     0
2021 01 17 18    93    12 10275   350    50 -9999 -9999     0
2021 01 17 21    97    11 10262   350    50 -9999 -9999     0
2021 01 18 00    87     9 10272   350    50 -9999 -9999     0
2021 01 18 03   124     8 10270   360    40 -9999 -9999     0
2021 01 18 06   158    19 10223   340    40 -9999 -9999     0
2021 01 18 09   169    25 10206   330    30 -9999 -9999     0
2021 01 18 12   128    50 10215    20    10 -9999 -9999     0
2021 01 18 15    88    55 10217   350    10 -9999 -9999     0
2021 01 18 18    74    47 10208   360    10 -9999 -9999     0
2021 01 18 21    71    48 10197    10    10 -9999 -9999     0
2021 01 19 00    67    63 10207    40    10 -9999 -9999     0
2021 01 19 03   160    92 10219   110    40 -9999 -9999     0
2021 01 19 06   178    44 10189   120    40 -9999 -9999     0
2021 01 19 09   189    19 10171   160    20 -9999 -9999     0
2021 01 19 12   138    54 10176   160    20 -9999 -9999     0
2021 01 19 15   144   116 10186   120    30 -9999 -9999     0
2021 01 19 18   125   125 10184    80    10 -9999 -9999     0
2021 01 19 21   106   106 10174   340    10 -9999 -9999     0
2021 01 20 00   110   110 10189   330    10 -9999 -9999     0
2021 01 20 03   178   123 10195    90    40 -9999 -9999     0
2021 01 20 06   188   130 10164   100    30 -9999 -9999     0
2021 01 20 09   186   149 10152   100    40 -9999 -9999     0
2021 01 20 12   168   162 10163   110    20 -9999 -9999     0
2021 01 20 15   170   167 10174   110    10 -9999 -9999     0
2021 01 20 18   170   170 10171     0 -9999 -9999 -9999     0
2021 01 20 21   155   155 10155   350    20 -9999 -9999     0
2021 01 21 00   163   163 10169    50    10 -9999 -9999     0
2021 01 21 03   194   166 10177   110    10 -9999 -9999     0
2021 01 21 06   197   171 10149   140    30 -9999 -9999     0
2021 01 21 09   205   174 10140   125    26 -9999 -9999 -9999
2021 01 21 12   173   173 10150    90    20 -9999 -9999     0
2021 01 21 15   150   150 10162   320    10 -9999 -9999     0
2021 01 21 18   157   157 10155   330    10 -9999 -9999     0
2021 01 21 21   164   164 10148   330    20 -9999 -9999     0
2021 01 22 00   159   159 10164   340    20 -9999 -9999     0
2021 01 22 03   188   171 10172   330    30 -9999 -9999     0
2021 01 22 06   233   156 10134   320    20 -9999 -9999     0
2021 01 22 09   241   145 10123   310    30 -9999 -9999     0
2021 01 22 12   194   153 10139   290    20 -9999 -9999     0
2021 01 22 15   153   151 10149   350    10 -9999 -9999     0
2021 01 22 18   170   139 10155   340    20 -9999 -9999     0
2021 01 22 21   158   136 10144   330    10 -9999 -9999     0
2021 01 23 00   154   125 10159   340    20 -9999 -9999     0
2021 01 23 03   201   121 10165   340    20 -9999 -9999     0
2021 01 23 06   226   123 10136   220    30 -9999 -9999     0
2021 01 23 09   222   125 10124   160    20 -9999 -9999     0
2021 01 23 12   181   123 10135   210    20 -9999 -9999     0
2021 01 23 15   161   155 10147   310    10 -9999 -9999     0
2021 01 23 18   142   142 10151   180    10 -9999 -9999     0
2021 01 23 21   136   136 10148    80    10 -9999 -9999     0
2021 01 24 00   158   158 10161   120    40 -9999 -9999     0
2021 01 24 03   167   167 10176   170    30 -9999 -9999     0
2021 01 24 06   202   176 10145   110    30 -9999 -9999     0
2021 01 24 09   208   174 10131   110    30 -9999 -9999     0
2021 01 24 12   188   183 10140   120    40 -9999 -9999     0
2021 01 24 15   188   186 10151   120    30 -9999 -9999     0
2021 01 24 18   184   184 10149   100    40 -9999 -9999     0
2021 01 24 21   191   188 10151   100    30 -9999 -9999     0
2021 01 25 00   193   190 10168   100    40 -9999 -9999     0
2021 01 25 03   211   190 10184   110    50 -9999 -9999     0
2021 01 25 06   218   186 10165   120    30 -9999 -9999     0
2021 01 25 09   226   184 10153   120    30 -9999 -9999     0
2021 01 25 12   196   188 10161   110    20 -9999 -9999     0
2021 01 25 15   185   182 10171   110    20 -9999 -9999     0
2021 01 25 18   185   180 10172   120    10 -9999 -9999     0
2021 01 25 21   177   177 10169    20    10 -9999 -9999     0
2021 01 26 00   176   176 10187     0 -9999 -9999 -9999     0
2021 01 26 03   214   170 10194    80    20 -9999 -9999     0
2021 01 26 06   223   177 10165   180    30 -9999 -9999     0
2021 01 26 09   230   170 10148   130    10 -9999 -9999     0
2021 01 26 12   185   185 10156   360    10 -9999 -9999     0
2021 01 26 15   182   162 10164   360    10 -9999 -9999     0
2021 01 26 18   160   145 10162    20    10 -9999 -9999     0
2021 01 26 21   158   158 10161    70    10 -9999 -9999     0
2021 01 27 00   165   165 10180   120    30 -9999 -9999     0
2021 01 27 03   191   161 10192   100    40 -9999 -9999     0
2021 01 27 06   215   162 10162   140    30 -9999 -9999     0
2021 01 27 09   220   156 10149   120    30 -9999 -9999     0
2021 01 27 12   192   162 10168   120    30 -9999 -9999     0
2021 01 27 15   170   170 10185    30    10 -9999 -9999     0
2021 01 27 18   165   165 10197    10    20 -9999 -9999     0
2021 01 27 21   173   165 10200    30    10 -9999 -9999     0
2021 01 28 00   158   110 10222   350    30 -9999 -9999     0
2021 01 28 03   167    96 10240   330    70 -9999 -9999     0
2021 01 28 06   197   107 10212   340    60 -9999 -9999     0
2021 01 28 09   199   106 10200   340    50 -9999 -9999     0
2021 01 28 12   165    90 10219   350    40 -9999 -9999     0
2021 01 28 15   153    88 10228   360    30 -9999 -9999     0
2021 01 28 18   144    84 10221    10    20 -9999 -9999     0
2021 01 28 21   138    82 10213    20    10 -9999 -9999     0
2021 01 29 00   141    81 10230    20    20 -9999 -9999     0
2021 01 29 03   163    80 10242   360    20 -9999 -9999     0
2021 01 29 06   189    97 10210   100    10 -9999 -9999     0
2021 01 29 09   205   106 10192   130    20 -9999 -9999     0
2021 01 29 12   173   128 10200   120    30 -9999 -9999     0
2021 01 29 15   163   136 10209   110    40 -9999 -9999     0
2021 01 29 18   163   153 10206   120    40 -9999 -9999     0
2021 01 29 21   168   153 10202   100    40 -9999 -9999     0
2021 01 30 00   145   145 10219    80    20 -9999 -9999     0
2021 01 30 03   192   129 10230    90    60 -9999 -9999     0
2021 01 30 06   219   140 10200   100    50 -9999 -9999     0
2021 01 30 09   216   145 10188   110    30 -9999 -9999     0
2021 01 30 12   186   157 10202   110    30 -9999 -9999     0
2021 01 30 15   173   167 10207   110    40 -9999 -9999     0
2021 01 30 18   175   167 10210   110    30 -9999 -9999     0
2021 01 30 21   155   155 10202    70    20 -9999 -9999     0
2021 01 31 00   166   156 10207    90    30 -9999 -9999     0
2021 01 31 03   199   149 10221   100    60 -9999 -9999     0
2021 01 31 06   225   156 10191   120    40 -9999 -9999     0
2021 01 31 09   227   140 10179   120    50 -9999 -9999     0
2021 01 31 12   196   153 10193   110    40 -9999 -9999     0
2021 01 31 15   189   165 10206   100    50 -9999 -9999     0
2021 01 31 18   182   172 10196   100    50 -9999 -9999     0
2021 01 31 21   181   178 10191   100    30 -9999 -9999     0
2021 02 01 00   182   177 10203    90    20 -9999 -9999     0
2021 02 01 03   190   178 10212   110    30 -9999 -9999     0
2021 02 01 06   217   173 10184   120    30 -9999 -9999     0
2021 02 01 09   225   168 10172   160    20 -9999 -9999     0
2021 02 01 12   184   179 10178     0 -9999 -9999 -9999     0
2021 02 01 15   163   163 10192   360    10 -9999 -9999     0
2021 02 01 18   161   161 10191    50    10 -9999 -9999     0
2021 02 01 21   163   163 10192     0 -9999 -9999 -9999     0
2021 02 02 00   164   164 10206   140    30 -9999 -9999     0
2021 02 02 03   190   173 10217   100    30 -9999 -9999     0
2021 02 02 06   211   165 10190   210    30 -9999 -9999     0
2021 02 02 09   227   161 10177   254    21 -9999 -9999 -9999
2021 02 02 12   188   173 10187   350    10 -9999 -9999     0
2021 02 02 15   174   174 10195    60    10 -9999 -9999     0
2021 02 02 18   159   159 10198   280    10 -9999 -9999     0
2021 02 02 21   161   161 10198    50    10 -9999 -9999     0
2021 02 03 00   175   175 10216   120    40 -9999 -9999     0
2021 02 03 03   207   181 10225   110    40 -9999 -9999     0
2021 02 03 06   233   164 10196   100    50 -9999 -9999     0
2021 02 03 09   229   162 10188   100    40 -9999 -9999     0
2021 02 03 12   202   164 10199   120    30 -9999 -9999     0
2021 02 03 15   191   174 10209   110    30 -9999 -9999     0
2021 02 03 18   185   172 10206   100    40 -9999 -9999     0
2021 02 03 21   159   159 10205    50    10 -9999 -9999     0
2021 02 04 00   160   160 10230    60    10 -9999 -9999     0
2021 02 04 03   214   164 10235   100    60 -9999 -9999     0
2021 02 04 06   241   156 10199   130    40 -9999 -9999     0
2021 02 04 09   244   153 10181   150    30 -9999 -9999     0
2021 02 04 12   192   187 10190   230    10 -9999 -9999     0
2021 02 04 15   181   173 10198   110    20 -9999 -9999     0
2021 02 04 18   176   170 10191   130    20 -9999 -9999     0
2021 02 04 21   179   159 10189   140    30 -9999 -9999     0
2021 02 05 00   168   168 10204    80    30 -9999 -9999     0
2021 02 05 03   216   161 10218   100    50 -9999 -9999     0
2021 02 05 06   230   153 10193   140    40 -9999 -9999     0
2021 02 05 09   242   149 10171   160    20 -9999 -9999     0
2021 02 05 12   196   153 10179   220    10 -9999 -9999     0
2021 02 05 15   178   178 10190   110    20 -9999 -9999     0
2021 02 05 18   177   177 10185   110    20 -9999 -9999     0
2021 02 05 21   151   151 10178    30    10 -9999 -9999     0
2021 02 06 00   165   165 10194     0 -9999 -9999 -9999     0
2021 02 06 03   191   171 10208    90    20 -9999 -9999     0
2021 02 06 06   247   151 10169   100    20 -9999 -9999     0
2021 02 06 09   249   152 10145   170    10 -9999 -9999     0
2021 02 06 12   199   175 10154   120    10 -9999 -9999     0
2021 02 06 15   175   175 10171   200    10 -9999 -9999     0
2021 02 06 18   165   165 10162     0 -9999 -9999 -9999     0
2021 02 06 21   160   160 10155    80    20 -9999 -9999     0
2021 02 07 00   166   166 10172    40    10 -9999 -9999     0
2021 02 07 03   201   191 10191   100    30 -9999 -9999     0
2021 02 07 06   244   176 10164   160    30 -9999 -9999     0
2021 02 07 09   245   152 10149   210    10 -9999 -9999     0
2021 02 07 12   211   156 10162   220    10 -9999 -9999     0
2021 02 07 15   194   168 10177     0 -9999 -9999 -9999     0
2021 02 07 18   207   171 10174   130    20 -9999 -9999     0
2021 02 07 21   202   178 10168    40    20 -9999 -9999     0
2021 02 08 00   192   160 10184     9     7 -9999 -9999 -9999
2021 02 08 03   221   177 10191   100    20 -9999 -9999     4
2021 02 08 06   224   178 10174   340    20 -9999 -9999     0
2021 02 08 09   224   173 10167    90    20 -9999 -9999     1
2021 02 08 12   207   175 10180   120    10 -9999 -9999     2
2021 02 08 15   182   182 10193   120    20 -9999 -9999    40
2021 02 08 18   177   177 10180   360    20 -9999 -9999   100
2021 02 08 21   168   168 10160   350    20 -9999 -9999   170
2021 02 09 00   172   172 10157    50    30 -9999 -9999   130
2021 02 09 03   172   172 10161    60    30 -9999 -9999    40
2021 02 09 06   140   140 10156   340    60 -9999 -9999   200
2021 02 09 12   130   130 10160   340    60 -9999 -9999   280
2021 02 09 15   130   130 10178    10    40 -9999 -9999   320
2021 02 09 18   141   141 10140    40    30 -9999 -9999   190
2021 02 09 21   141   141 10137   340    30 -9999 -9999    50
2021 02 10 00   144   141 10162   330    40 -9999 -9999    20
2021 02 10 03   168   139 10174   340    40 -9999 -9999     1
2021 02 10 06   199   138 10145   330    50 -9999 -9999     0
2021 02 10 09   191   131 10141   330    40 -9999 -9999     0
2021 02 11 00   130   121 10170   360    20 -9999 -9999     0
2021 02 13 12   174   163 10165     0 -9999 -9999 -9999     0
2021 02 13 15   155   155 10179   101    10 -9999 -9999 -9999
2021 02 13 18   153   153 10174   340    20 -9999 -9999     0
2021 02 13 21   136   136 10169   130    10 -9999 -9999     0
2021 02 14 00   136   136 10188    10    10 -9999 -9999 -9999
2021 02 14 03   214   150 10193   160    30 -9999 -9999     0
2021 02 14 06   230   143 10165   240    40 -9999 -9999     0
2021 02 14 09   232   137 10146   250    30 -9999 -9999     0
2021 02 14 12   187   158 10147   190    10 -9999 -9999     0
2021 02 14 15   168   166 10153   260    10 -9999 -9999     0
2021 02 14 18   159   159 10147     0 -9999 -9999 -9999     0
2021 02 14 21   149   149 10138   360    10 -9999 -9999     0
2021 02 15 00   135   135 10160    60    10 -9999 -9999     0
2021 02 15 03   208   178 10173   100    30 -9999 -9999     0
2021 02 15 06   231   133 10145   170    30 -9999 -9999     0
2021 02 15 09   229   137 10126   200    30 -9999 -9999     0
2021 02 15 12   189   140 10131   120    10 -9999 -9999     0
2021 02 15 15   170   167 10146   110    10 -9999 -9999     0
2021 02 15 18   167   167 10145   100    10 -9999 -9999     0
2021 02 15 21   158   158 10140     0 -9999 -9999 -9999     0
2021 02 16 00   159   159 10161     0 -9999 -9999 -9999     0
2021 02 16 03   217   189 10173   110    40 -9999 -9999     0
2021 02 16 06   234   155 10157    90    10 -9999 -9999     0
2021 02 16 09   230   158 10144   190    10 -9999 -9999     0
2021 02 16 12   214   170 10158   350    20 -9999 -9999     0
2021 02 16 15   206   182 10179   340    20 -9999 -9999     0
2021 02 16 18   188   139 10183   350    30 -9999 -9999     0
2021 02 16 21   177   130 10184   350    30 -9999 -9999     0
2021 02 17 00   157   115 10205   350    40 -9999 -9999     0
2021 02 17 03   196   124 10216    20    60 -9999 -9999     0
2021 02 17 06   228   133 10196   320    50 -9999 -9999     0
2021 02 17 09   230   129 10187   330    40 -9999 -9999     0
2021 02 17 12   203   120 10204   350    30 -9999 -9999     0
2021 02 17 15   184   119 10221   360    20 -9999 -9999     0
2021 02 17 18   167   120 10222    30    20 -9999 -9999     0
2021 02 17 21   151   128 10218    60    10 -9999 -9999     0
2021 02 18 00   155   130 10239    70    10 -9999 -9999     0
2021 02 18 03   195   125 10260    40    20 -9999 -9999     0
2021 02 18 06   228   112 10239   110    30 -9999 -9999     0
2021 02 18 09   226   114 10226   100    30 -9999 -9999     0
2021 02 18 12   183   146 10233   340    10 -9999 -9999     0
2021 02 18 15   191   148 10248   140    30 -9999 -9999     0
2021 02 18 18   178   160 10240   130    20 -9999 -9999     0
2021 02 18 21   153   153 10238    40    10 -9999 -9999     0
2021 02 19 00   142   142 10251    40    10 -9999 -9999     0
2021 02 19 03   211   128 10259   130    30 -9999 -9999     0
2021 02 19 06   222   125 10228   170    30 -9999 -9999     0
2021 02 19 09   223    95 10206   200    20 -9999 -9999     0
2021 02 20 15   165   162 10185   207     5 -9999 -9999 -9999
2021 02 20 18   155   155 10176   159    10 -9999 -9999 -9999
2021 02 20 21   147 -9999 10169   344     7 -9999 -9999 -9999
2021 02 21 00   152   152 10178    52    12 -9999 -9999 -9999
2021 02 21 03   215   174 10189   129    41 -9999 -9999 -9999
2021 02 21 09   230   155 10148   202    31 -9999 -9999 -9999
2021 02 21 12   190   162 10154   360     2 -9999 -9999 -9999
2021 02 21 15   177   177 10164   180    13 -9999 -9999 -9999
2021 02 21 18   191   189 10157   138    15 -9999 -9999 -9999
2021 02 21 21   172   172 10151    43    16 -9999 -9999 -9999
2021 02 22 00   170   169 10170     3     9 -9999 -9999 -9999
2021 02 22 03   220   174 10177    90    20 -9999 -9999     0
2021 02 22 06   223   183 10152   160    30 -9999 -9999     0
2021 02 22 09   230   175 10135   210    20 -9999 -9999     0
2021 02 22 12   200   185 10144   190    10 -9999 -9999     0
2021 02 22 15   180   179 10161    30     8 -9999 -9999 -9999
2021 02 22 18   176   176 10157     0 -9999 -9999 -9999     0
2021 02 22 21   163   163 10149    70    10 -9999 -9999     0
2021 02 23 00   166   166 10167   320    10 -9999 -9999     0
2021 02 23 03   226   188 10170   290    10 -9999 -9999     0
2021 02 23 06   245   191 10143   220    30 -9999 -9999     0
2021 02 23 09   241   176 10124   210    30 -9999 -9999     0
2021 02 23 12   207   207 10124   220    20 -9999 -9999     0
2021 02 23 15   191   191 10136     0 -9999 -9999 -9999     0
2021 02 23 18   185   185 10136     0 -9999 -9999 -9999     0
2021 02 23 21   180   180 10128    50    10 -9999 -9999     0
2021 02 24 00   192   192 10143   120    20 -9999 -9999     0
2021 02 24 03   228   196 10152   130    40 -9999 -9999     0
2021 02 24 06   242   186 10116   150    60 -9999 -9999     0
2021 02 24 09   226   196 10098   200    40 -9999 -9999     0
2021 02 24 12   207   204 10097   150    20 -9999 -9999     0
2021 02 24 15   216   206 10111   140    40 -9999 -9999     0
2021 02 24 18   212   210 10103   130    30 -9999 -9999     0
2021 02 24 21   214   207 10092   130    30 -9999 -9999     0
2021 02 25 00   215   212 10104   140    20 -9999 -9999     0
2021 02 25 03   229   212 10116   150    20 -9999 -9999     0
2021 02 25 06   254   206 10080   200    40 -9999 -9999     0
2021 02 25 09   263   171 10058   240    30 -9999 -9999     0
2021 02 25 12   232   183 10063   350    10 -9999 -9999     0
2021 02 25 15   233   221 10076   100    50 -9999 -9999     0
2021 02 25 18   225   225 10068    90    30 -9999 -9999     0
2021 02 25 21   225   223 10054   100    40 -9999 -9999     0
2021 02 26 00   229   222 10084   100    30 -9999 -9999     0
2021 02 26 03   241   218 10102   110    40 -9999 -9999     0
2021 02 26 06   264   205 10076   100    30 -9999 -9999     0
2021 02 26 09   262   214 10059   100    30 -9999 -9999     0
2021 02 26 12   198   168 10087   340    40 -9999 -9999     0
2021 02 26 15   174   143 10112   360    40 -9999 -9999     0
2021 02 26 18   153   130 10118   350    50 -9999 -9999     0
2021 02 26 21   140   140 10106    20    40 -9999 -9999     6
2021 02 27 00   139   121 10132   360    50 -9999 -9999     6
2021 02 27 03   144   123 10152    20    40 -9999 -9999 -9999
2021 02 27 06   162   135 10127   350    40 -9999 -9999     0
2021 02 27 09   154   131 10123   360    30 -9999 -9999     0
2021 02 27 12   143   138 10134    20    30 -9999 -9999 -9999
2021 02 27 15   148   148 10146   360    20 -9999 -9999     1
2021 02 27 18   148   148 10144   350    20 -9999 -9999     3
2021 02 27 21   146   146 10131    20    10 -9999 -9999     2
2021 02 28 00   158   158 10145   360    20 -9999 -9999     0
2021 02 28 03   207   197 10151   110    60 -9999 -9999     0
2021 02 28 06   239   216 10124   120    50 -9999 -9999     0
2021 02 28 09   235   219 10101   110    60 -9999 -9999     0
2021 02 28 12   225   222 10113   110    50 -9999 -9999     0
2021 02 28 15   219   219 10130   100    30 -9999 -9999     0
2021 02 28 18   219   219 10130   110    30 -9999 -9999     0
2021 02 28 21   217   217 10130   108    27 -9999 -9999 -9999
2021 03 01 00   217   217 10151   100    30 -9999 -9999     0
2021 03 01 03   240   224 10168   120    30 -9999 -9999     0
2021 03 01 06   256   221 10146   120    30 -9999 -9999     0
2021 03 01 09   251   222 10136    30    10 -9999 -9999     0
2021 03 01 12   214   195 10157   360    60 -9999 -9999     0
2021 03 01 15   159   156 10185   360    40 -9999 -9999    30
2021 03 01 18   162   120 10187   350    50 -9999 -9999    30
2021 03 01 21   157   107 10183   350    70 -9999 -9999     2
2021 03 02 00   135   126 10207   350    50 -9999 -9999 -9999
2021 03 02 03   143   103 10219   350    50 -9999 -9999     0
2021 03 02 06   151    99 10192   350    50 -9999 -9999 -9999
2021 03 02 09   165   108 10174    10    40 -9999 -9999     0
2021 03 02 12   163   119 10181    20    20 -9999 -9999     0
2021 03 02 15   163   130 10200   360    10 -9999 -9999     0
2021 03 02 18   163   136 10190    20    10 -9999 -9999     0
2021 03 02 21   168   135 10179    30    20 -9999 -9999     0
2021 03 03 00   163   148 10196   350    30 -9999 -9999     1
2021 03 03 03   158   158 10208    10    30 -9999 -9999    60
2021 03 03 06   149   149 10186   350    30 -9999 -9999    60
2021 03 03 09   146   146 10170   350    30 -9999 -9999     7
2021 03 03 12   138   138 10176   350    30 -9999 -9999     4
2021 03 03 15   136   136 10191   360    30 -9999 -9999     0
2021 03 03 18   137   137 10182   360    30 -9999 -9999     1
2021 03 03 21   133   133 10172   330    40 -9999 -9999     9
2021 03 04 00   134   134 10185   340    40 -9999 -9999    30
2021 03 04 03   143   143 10190    10    30 -9999 -9999    50
2021 03 04 06   147   147 10164   340    30 -9999 -9999    30
2021 03 04 09   158   158 10139    20    20 -9999 -9999     0
2021 03 04 12   163   163 10141    30    10 -9999 -9999     0
2021 03 04 15   169   169 10153   350    10 -9999 -9999     0
2021 03 04 18   169   169 10145   330    10 -9999 -9999     0
2021 03 04 21   172   172 10138    20    10 -9999 -9999     0
2021 03 05 00   182   182 10149   290    10 -9999 -9999     0
2021 03 05 03   218   218 10156   110    20 -9999 -9999     3
2021 03 05 06   233   230 10124   150    30 -9999 -9999     3
2021 03 05 09   252   219 10108   170    30 -9999 -9999     0
2021 03 05 12   221   221 10113    60    10 -9999 -9999     0
2021 03 05 15   213   213 10130   360    10 -9999 -9999     0
2021 03 05 18   209   209 10130   350    10 -9999 -9999     0
2021 03 05 21   214   214 10131   310    10 -9999 -9999     0
2021 03 06 00   218   218 10151   320    10 -9999 -9999     0
2021 03 06 03   271   231 10159   100    20 -9999 -9999     0
2021 03 06 06   275   220 10139   290    20 -9999 -9999     0
2021 03 06 09   265   226 10126   210    20 -9999 -9999     0
2021 03 06 12   235   216 10147   330    30 -9999 -9999     0
2021 03 06 15   209   190 10166   350    30 -9999 -9999     0
2021 03 06 18   194   177 10165   350    30 -9999 -9999     0
2021 03 06 21   186   162 10166   360    40 -9999 -9999     0
2021 03 07 00   181   150 10183   360    50 -9999 -9999     0
2021 03 07 03   206   158 10195   360    40 -9999 -9999     0
2021 03 07 06   226   164 10173    10    30 -9999 -9999     0
2021 03 07 09   241   181 10155    80    30 -9999 -9999     0
2021 03 07 12   222   208 10168    98    27 -9999 -9999 -9999
2021 03 07 15   216   208 10187   100    40 -9999 -9999 -9999
2021 03 07 18   212   204 10173   110    50 -9999 -9999     0
2021 03 07 21   210   203 10172   100    40 -9999 -9999     0
2021 03 08 00   213   203 10186   100    50 -9999 -9999     0
2021 03 08 03   226   205 10196   110    50 -9999 -9999     0
2021 03 08 06   239   212 10168   130    50 -9999 -9999     0
2021 03 08 09   227   212 10155   120    50 -9999 -9999     0
2021 03 08 12   221   214 10165   100    50 -9999 -9999     0
2021 03 08 15   217   215 10180   100    40 -9999 -9999     0
2021 03 08 18   211   211 10169   100    40 -9999 -9999    10
2021 03 08 21   211   209 10163   110    50 -9999 -9999    10
2021 03 09 00   213   211 10183   100    40 -9999 -9999     0
2021 03 09 03   222   212 10199   100    40 -9999 -9999     0
2021 03 09 06   244   211 10174   120    50 -9999 -9999     0
2021 03 09 09   241   212 10155   100    60 -9999 -9999     0
2021 03 09 12   225   213 10171   100    50 -9999 -9999     0
2021 03 09 15   218   211 10187   100    50 -9999 -9999     0
2021 03 09 18   211   211 10173   110    50 -9999 -9999     0
2021 03 09 21   213   213 10167   120    40 -9999 -9999     0
2021 03 10 00   218   215 10186   100    40 -9999 -9999     0
2021 03 10 03   232   215 10196   110    50 -9999 -9999     0
2021 03 10 06   246   207 10165   120    60 -9999 -9999     0
2021 03 10 09   251   210 10146   120    50 -9999 -9999     0
2021 03 10 12   226   218 10159   110    60 -9999 -9999     0
2021 03 10 15   223   220 10179   110    50 -9999 -9999     0
2021 03 10 18   221   219 10177   110    50 -9999 -9999     0
2021 03 10 21   218   218 10175    90    40 -9999 -9999     0
2021 03 11 00   222   220 10190   110    40 -9999 -9999     0
2021 03 11 03   234   220 10198   120    50 -9999 -9999     0
2021 03 11 06   257   218 10174   100    50 -9999 -9999     0
2021 03 11 09   263   215 10155   110    40 -9999 -9999     0
2021 03 11 12   232   227 10170   110    40 -9999 -9999     0
2021 03 11 15   226   226 10185   110    40 -9999 -9999     0
2021 03 11 18   226   224 10186    90    30 -9999 -9999     0
2021 03 11 21   219   219 10176    90    40 -9999 -9999     3
2021 03 12 00   218   218 10193   100    30 -9999 -9999     3
2021 03 12 03   252   211 10202   110    40 -9999 -9999     0
2021 03 12 06   263   211 10175   130    40 -9999 -9999     0
2021 03 12 09   261   200 10151   130    20 -9999 -9999     0
2021 03 12 12   240   211 10164    60    10 -9999 -9999     0
2021 03 12 15   222   222 10183    90    20 -9999 -9999     0
2021 03 12 18   208   208 10178    30    10 -9999 -9999     0
2021 03 12 21   194   194 10177    30    10 -9999 -9999     0
2021 03 13 00   190   190 10195    50    10 -9999 -9999     0
2021 03 13 03   246   201 10202   130    40 -9999 -9999     0
2021 03 13 06   259   193 10168   120    40 -9999 -9999     0
2021 03 13 09   267   186 10145   150    20 -9999 -9999     0
2021 03 13 12   234   207 10154   180    10 -9999 -9999     0
2021 03 13 15   226   226 10167   110    30 -9999 -9999     0
2021 03 13 18   224   222 10160   110    30 -9999 -9999     0
2021 03 13 21   221   214 10151   100    30 -9999 -9999     0
2021 03 14 00   217   215 10170    90    20 -9999 -9999     0
2021 03 14 03   244   209 10172   100    50 -9999 -9999     0
2021 03 14 06   262   191 10144   160    30 -9999 -9999     0
2021 03 14 09   257   189 10124   160    30 -9999 -9999     0
2021 03 14 12   233   199 10128   150    20 -9999 -9999     0
2021 03 14 15   230   218 10144   120    40 -9999 -9999     0
2021 03 14 18   228   225 10137   150    30 -9999 -9999     0
2021 03 14 21   227   224 10122   130    30 -9999 -9999     0
2021 03 15 00   230   223 10138   120    40 -9999 -9999     0
2021 03 15 03   250   223 10145   140    50 -9999 -9999     0
2021 03 15 06   262   214 10121   170    50 -9999 -9999     0
2021 03 15 09   258   201 10105   170    40 -9999 -9999     0
2021 03 15 12   243   208 10111   120    50 -9999 -9999     0
2021 03 15 15   233   223 10132   110    40 -9999 -9999 -9999
2021 03 15 18   230   227 10123   110    40 -9999 -9999     0
2021 03 15 21   228   228 10116   110    30 -9999 -9999     0
2021 03 16 00   232   225 10134   100    30 -9999 -9999     0
2021 03 16 03   246   228 10145   120    30 -9999 -9999     0
2021 03 16 06   262   216 10118   140    30 -9999 -9999     0
2021 03 16 09   257   216 10100   190    30 -9999 -9999     0
2021 03 16 12   237   220 10110   190    10 -9999 -9999     0
2021 03 16 15   237   218 10125   140    30 -9999 -9999     0
2021 03 16 18   233   233 10121   110    20 -9999 -9999     0
2021 03 16 21   232   229 10116   100    30 -9999 -9999     0
2021 03 17 00   232   229 10130   120    40 -9999 -9999     0
2021 03 17 03   248   227 10140   120    40 -9999 -9999     0
2021 03 17 06   261   220 10118   180    40 -9999 -9999     0
2021 03 17 09   263   197 10097   190    30 -9999 -9999     0
2021 03 17 12   237   210 10105   230    20 -9999 -9999     0
2021 03 17 15   231   228 10122   130    20 -9999 -9999     0
2021 03 17 18   235   235 10115   130    30 -9999 -9999     0
2021 03 17 21   233   233 10107   130    20 -9999 -9999     0
2021 03 18 00   237   229 10128   140    40 -9999 -9999     0
2021 03 18 03   254   217 10140   140    40 -9999 -9999     0
2021 03 18 06   271   216 10113   170    30 -9999 -9999     0
2021 03 18 09   271   207 10092   210    20 -9999 -9999     0
2021 03 18 12   237   229 10100   203    17 -9999 -9999 -9999
2021 03 18 15   244   232 10113   140    30 -9999 -9999     0
2021 03 18 18   242   239 10108   200    20 -9999 -9999     0
2021 03 18 21   242   239 10104   110    20 -9999 -9999     0
2021 03 19 00   241   238 10120   120    40 -9999 -9999     0
2021 03 19 03   257   234 10128   150    40 -9999 -9999     0
2021 03 19 06   267   238 10098   200    30 -9999 -9999     0
2021 03 19 09   270   228 10075   180    20 -9999 -9999     0
2021 03 19 12   247   237 10086   130    10 -9999 -9999     0
2021 03 19 15   250   248 10096   120    30 -9999 -9999     0
2021 03 19 18   242   242 10092   120    30 -9999 -9999 -9999
2021 03 19 21   243   241 10090   120    30 -9999 -9999     0
2021 03 20 00   245   242 10107   110    30 -9999 -9999     0
2021 03 20 03   249   246 10118   130    20 -9999 -9999 -9999
2021 03 20 06   271   231 10090   120    30 -9999 -9999     0
2021 03 20 09   276   216 10074   110    20 -9999 -9999     0
2021 03 20 12   261   236 10091   130    20 -9999 -9999     0
2021 03 20 15   252   236 10106   110    30 -9999 -9999     0
2021 03 20 18   238   231 10111   350    30 -9999 -9999     0
2021 03 20 21   192   173 10122   350    40 -9999 -9999     0
2021 03 21 00   166   139 10162   350    70 -9999 -9999     0
2021 03 21 03   154   116 10186   360    80 -9999 -9999 -9999
2021 03 21 06   155   107 10180   350    70 -9999 -9999     0
2021 03 21 09   150   106 10170   360    70 -9999 -9999     0
2021 03 21 12   147    99 10194    10    60 -9999 -9999     0
2021 03 21 15   147    93 10220   350    50 -9999 -9999     0
2021 03 21 18   140    90 10220   360    60 -9999 -9999     0
2021 03 21 21   113   113 10234   360    60 -9999 -9999     5
2021 03 22 00   119   103 10250   360    50 -9999 -9999     6
2021 03 22 03   136   100 10264   360    40 -9999 -9999     1
2021 03 22 06   159    96 10235    20    50 -9999 -9999     0
2021 03 22 09   160    94 10221   360    30 -9999 -9999     0
2021 03 22 12   157    91 10230    10    30 -9999 -9999     0
2021 03 22 15   154    89 10244   360    20 -9999 -9999     0
2021 03 22 18   150    91 10241    20    30 -9999 -9999     0
2021 03 22 21   140   110 10217   360    20 -9999 -9999     0
2021 03 23 00   152   106 10226   340    30 -9999 -9999     0
2021 03 23 03   156   108 10233   350    30 -9999 -9999     0
2021 03 23 06   175   109 10195    40    30 -9999 -9999     0
2021 03 23 09   170   111 10181   360    20 -9999 -9999     0
2021 03 23 12   166   126 10186    60    10 -9999 -9999     0
2021 03 23 15   165   128 10200    20    10 -9999 -9999     0
2021 03 23 18   163   140 10185   360    20 -9999 -9999     0
2021 03 23 21   162   146 10171    10    10 -9999 -9999     0
2021 03 24 00   164   151 10181    30    30 -9999 -9999     0
2021 03 24 03   182   156 10186   350    10 -9999 -9999     0
2021 03 24 06   187   175 10154   350    20 -9999 -9999     0
2021 03 24 09   190   180 10133    40    20 -9999 -9999     0
2021 03 24 12   189   184 10140    70    10 -9999 -9999     0
2021 03 24 15   193   186 10155    60    10 -9999 -9999     0
2021 03 24 18   202   194 10149   120    10 -9999 -9999     0
2021 03 24 21   192   192 10144    60    10 -9999 -9999     0
2021 03 25 00   194   194 10166    70    20 -9999 -9999     0
2021 03 25 03   218   195 10172   100    40 -9999 -9999     0
2021 03 25 06   246   201 10138   100    40 -9999 -9999     0
2021 03 25 09   248   205 10122   120    50 -9999 -9999     0
2021 03 25 12   231   210 10129   110    50 -9999 -9999     0
2021 03 25 15   223   220 10143   110    30 -9999 -9999     0
2021 03 25 18   222   222 10135   110    30 -9999 -9999     0
2021 03 25 21   210   210 10128   110    30 -9999 -9999     9
2021 03 26 00   214   214 10143   100    40 -9999 -9999    20
2021 03 26 03   241   224 10152   100    50 -9999 -9999     7
2021 03 26 06   261   215 10118   130    60 -9999 -9999     0
2021 03 26 09   260   217 10099   120    50 -9999 -9999     0
2021 03 26 12   236   220 10110   120    50 -9999 -9999     0
2021 03 26 15   227   227 10125   100    30 -9999 -9999     0
2021 03 26 18   225   225 10117   100    30 -9999 -9999     0
2021 03 26 21   226   226 10100   100    40 -9999 -9999     0
2021 03 27 00   228   228 10121   100    40 -9999 -9999     0
2021 03 27 03   246   234 10127   110    40 -9999 -9999     0
2021 03 27 06   258   231 10099   120    30 -9999 -9999     0
2021 03 27 09   263   228 10080   120    20 -9999 -9999     0
2021 03 27 12   250   236 10087    90    20 -9999 -9999     0
2021 03 27 15   241   236 10105   100    40 -9999 -9999     0
2021 03 27 18   237   237 10092    90    20 -9999 -9999     0
2021 03 27 21   236   236 10086    80    20 -9999 -9999     0
2021 03 28 00   238   238 10106    80    20 -9999 -9999     0
2021 03 28 03   256   244 10112   130    30 -9999 -9999     0
2021 03 28 06   269   240 10088   160    30 -9999 -9999     0
2021 03 28 09   261   234 10064   150    20 -9999 -9999     0
2021 03 28 12   252   243 10068   240    10 -9999 -9999     0
2021 03 28 15   251   244 10081   160    10 -9999 -9999     0
2021 03 28 18   244   244 10070   210    10 -9999 -9999     0
2021 03 28 21   237   237 10064   200    10 -9999 -9999     0
2021 03 29 00   234   234 10075   220    10 -9999 -9999     0
2021 03 29 03   264   241 10076   230    50 -9999 -9999     0
2021 03 29 06   264   248 10052   230    40 -9999 -9999     0
2021 03 29 09   264   239 10026   260    20 -9999 -9999     0
2021 03 29 12   244   244 10028   320    10 -9999 -9999     0
2021 03 29 15   235   235 10042   310    20 -9999 -9999     0
2021 03 29 18   220   220 10026    60    10 -9999 -9999     0
2021 03 29 21   215   215 10027    10    10 -9999 -9999     0
2021 03 30 00   233   233 10043    80    10 -9999 -9999     0
2021 03 30 03   275   246 10054   190    20 -9999 -9999     0
2021 03 30 06   298   225 10029   220    20 -9999 -9999     0
2021 03 30 09   271   225 10016   280    30 -9999 -9999     0
2021 03 30 12   253   239 10021   330    20 -9999 -9999     0
2021 03 30 15   245   245 10034    70    10 -9999 -9999     0
2021 03 30 18   247   247 10028   340    10 -9999 -9999     0
2021 03 30 21   245   245 10024   320    10 -9999 -9999     0
2021 03 31 00   246   246 10041    30    10 -9999 -9999     0
2021 03 31 03   274   238 10050   310    10 -9999 -9999     0
2021 03 31 06   286   237 10027   150    30 -9999 -9999     0
2021 03 31 09   280   236 10012   320    20 -9999 -9999     0
2021 03 31 12   252   249 10022    40    10 -9999 -9999     0
2021 03 31 15   250   250 10039    80    20 -9999 -9999     0
2021 03 31 18   245   245 10032    60    20 -9999 -9999     0
2021 03 31 21   233   233 10031    20    10 -9999 -9999     0
2021 04 01 00   238   238 10061   340    20 -9999 -9999     0
2021 04 01 03   279   233 10068    70    10 -9999 -9999     0
2021 04 01 06   291   208 10042   110    30 -9999 -9999     0
2021 04 01 09   303   225 10024   170    10 -9999 -9999     0
2021 04 01 12   275   244 10032    90    40 -9999 -9999     0
2021 04 01 15   257   255 10053    90    40 -9999 -9999     0
2021 04 01 18   253   253 10055    90    40 -9999 -9999     0
2021 04 01 21   250   250 10060   100    30 -9999 -9999     0
2021 04 02 00   256   253 10085    90    30 -9999 -9999     0
2021 04 02 03   281   245 10089   110    40 -9999 -9999     0
2021 04 02 06   294   236 10069   120    40 -9999 -9999     0
2021 04 02 09   296   240 10056   100    40 -9999 -9999     0
2021 04 02 12   273   251 10071   100    60 -9999 -9999     0
2021 04 02 15   263   254 10090    90    50 -9999 -9999     0
2021 04 02 18   260   257 10086   100    40 -9999 -9999     0
2021 04 02 21   252   252 10083    70    20 -9999 -9999     0
2021 04 03 00   254   254 10106    70    10 -9999 -9999     0
2021 04 03 03   267   251 10121    90    40 -9999 -9999     0
2021 04 03 06   269   247 10104    90    40 -9999 -9999     0
2021 04 03 09   277   239 10092    70    20 -9999 -9999     0
2021 04 03 12   263   256 10100    70    20 -9999 -9999     0
2021 04 03 15   260   255 10116    60    10 -9999 -9999     0
2021 04 03 18   255   253 10112    60    10 -9999 -9999     0
2021 04 03 21   241   241 10108    10    20 -9999 -9999 -9999
2021 04 04 00   214   214 10132   360    20 -9999 -9999 -9999
2021 04 04 03   245   212 10143    20    40 -9999 -9999     0
2021 04 04 06   266   200 10125   350    40 -9999 -9999     0
2021 04 04 09   247   186 10114   340    50 -9999 -9999     0
2021 04 04 12   210   178 10136   350    30 -9999 -9999     0
2021 04 04 15   206   174 10164   350    30 -9999 -9999     0
2021 04 04 18   199   165 10156   350    30 -9999 -9999     0
2021 04 04 21   197   162 10154   360    30 -9999 -9999     0
2021 04 05 00   202   162 10172   360    30 -9999 -9999     0
2021 04 05 03   253   190 10174    50    30 -9999 -9999     0
2021 04 05 06   278   211 10154   110    30 -9999 -9999     0
2021 04 05 09   279   212 10136   130    30 -9999 -9999     0
2021 04 05 12   256   227 10146   120    20 -9999 -9999     0
2021 04 05 15   234   183 10173   340    30 -9999 -9999     0
2021 04 05 18   212   176 10160   360    20 -9999 -9999 -9999
2021 04 05 21   208   172 10154    10    30 -9999 -9999     0
2021 04 06 00   212   184 10171    20    20 -9999 -9999     0
2021 04 06 03   260   210 10174   120    50 -9999 -9999     0
2021 04 06 06   281   209 10155   140    30 -9999 -9999     0
2021 04 06 09   286   209 10137   110    30 -9999 -9999     0
2021 04 06 12   262   225 10154   150    40 -9999 -9999     0
2021 04 06 15   253   224 10168   140    30 -9999 -9999     0
2021 04 06 18   247   231 10154   130    30 -9999 -9999     0
2021 04 06 21   244   237 10147   120    20 -9999 -9999     0
2021 04 07 00   250   240 10161   120    40 -9999 -9999     0
2021 04 07 03   271   236 10163   130    50 -9999 -9999     0
2021 04 07 06   266   229 10134   170    40 -9999 -9999     0
2021 04 07 09   271   218 10113   190    40 -9999 -9999     0
2021 04 07 12   257   226 10121   190    10 -9999 -9999     0
2021 04 07 15   248   239 10133   120    30 -9999 -9999     0
2021 04 07 18   246   246 10123   130    20 -9999 -9999     0
2021 04 07 21   245   245 10119   130    20 -9999 -9999     0
2021 04 08 00   253   241 10136   130    20 -9999 -9999     0
2021 04 08 06   288   208 10115   210    40 -9999 -9999     0
2021 04 08 09   273   218 10102   330    40 -9999 -9999     0
2021 04 08 12   228   209 10123    10    40 -9999 -9999     0
2021 04 08 15   214   191 10146    10    40 -9999 -9999     0
2021 04 08 18   211   181 10136    10    40 -9999 -9999     0
2021 04 08 21   198   161 10137   350    40 -9999 -9999     0
2021 04 09 00   194   153 10161    10    30 -9999 -9999     0
2021 04 09 03   215   160 10174   360    40 -9999 -9999     0
2021 04 09 06   227   167 10154    20    40 -9999 -9999     0
2021 04 09 09   218   172 10140    20    40 -9999 -9999     0
2021 04 09 12   205   169 10153    20    30 -9999 -9999     0
2021 04 09 15   203   175 10172    20    20 -9999 -9999     0
2021 04 09 18   200   178 10166    10    20 -9999 -9999     0
2021 04 09 21   200   181 10160    20    20 -9999 -9999     0
2021 04 10 00   203   190 10180    10    20 -9999 -9999     0
2021 04 10 03   237   196 10188   100    40 -9999 -9999     0
2021 04 10 06   264   216 10162   100    50 -9999 -9999     0
2021 04 10 09   258   212 10147   100    50 -9999 -9999     0
2021 04 10 12   243   210 10154   100    50 -9999 -9999     0
2021 04 10 15   237   212 10170   110    50 -9999 -9999     0
2021 04 10 18   236   224 10165   110    50 -9999 -9999     0
2021 04 10 21   236   229 10159   100    50 -9999 -9999     0
2021 04 11 00   240   231 10176   100    40 -9999 -9999     0
2021 04 11 03   268   218 10186   120    60 -9999 -9999     0
2021 04 11 06   281   221 10162   110    60 -9999 -9999     0
2021 04 11 09   277   222 10142   120    40 -9999 -9999     0
2021 04 11 12   251   230 10150   110    40 -9999 -9999     0
2021 04 11 15   244   232 10167   110    40 -9999 -9999     0
2021 04 11 18   242   239 10161   120    30 -9999 -9999     0
2021 04 11 21   243   243 10147   120    40 -9999 -9999     0
2021 04 12 00   249   244 10161   130    40 -9999 -9999     0
2021 04 12 03   258   238 10170   130    30 -9999 -9999     0
2021 04 12 06   273   225 10146   140    30 -9999 -9999     0
2021 04 12 09   272   226 10125   190    20 -9999 -9999     0
2021 04 12 12   260   227 10129   170    10 -9999 -9999     0
2021 04 12 15   254   249 10144   140    30 -9999 -9999     0
2021 04 12 18   249   247 10135   120    20 -9999 -9999     0
2021 04 12 21   247   247 10131   110    20 -9999 -9999     0
2021 04 13 00   253   248 10147   110    30 -9999 -9999     0
2021 04 13 03   276   240 10148   130    50 -9999 -9999     0
2021 04 13 06   281   235 10132   180    30 -9999 -9999     0
2021 04 13 09   276   238 10103   210    30 -9999 -9999     0
2021 04 13 12   255   254 10104   166    11 -9999 -9999 -9999
2021 04 13 15   251   251 10126   120    10 -9999 -9999     0
2021 04 13 18   255   253 10114   110    20 -9999 -9999     0
2021 04 13 21   253   253 10110   120    20 -9999 -9999     0
2021 04 14 00   253   251 10126   120    30 -9999 -9999     0
2021 04 14 03   269   242 10131   150    30 -9999 -9999     0
2021 04 14 06   282   233 10112   190    20 -9999 -9999     0
2021 04 14 09   279   235 10091   190    20 -9999 -9999     0
2021 04 14 12   260   251 10095   110    20 -9999 -9999     0
2021 04 14 15   258   240 10107   120    50 -9999 -9999     0
2021 04 14 18   257   247 10108   120    30 -9999 -9999     0
2021 04 14 21   253   244 10103   120    30 -9999 -9999 -9999
2021 04 15 00   258   248 10111   120    40 -9999 -9999     0
2021 04 15 03   278   246 10117   130    50 -9999 -9999     0
2021 04 15 06   289   238 10097   160    30 -9999 -9999     0
2021 04 15 09   279   249 10079   220    20 -9999 -9999     0
2021 04 15 12   264   255 10093   150    20 -9999 -9999     0
2021 04 15 15   265   258 10109   120    30 -9999 -9999     0
2021 04 15 18   263   254 10104   100    30 -9999 -9999     0
2021 04 15 21   257   247 10103   100    20 -9999 -9999 -9999
2021 04 16 00   255   253 10120   120    20 -9999 -9999     2
2021 04 16 03   284   240 10127   150    30 -9999 -9999     2
2021 04 16 06   290   220 10110   210    30 -9999 -9999     0
2021 04 16 09   297   214 10089   160    20 -9999 -9999     0
2021 04 16 12   272   237 10111   110    10 -9999 -9999     0
2021 04 16 15   254   251 10137    10    30 -9999 -9999 -9999
2021 04 16 18   235   228 10131   360    40 -9999 -9999     2
2021 04 16 21   227   219 10129   360    20 -9999 -9999     2
2021 04 17 00   231   215 10148    20    30 -9999 -9999     0
2021 04 17 03   253   224 10164    10    40 -9999 -9999     0
2021 04 17 06   263   232 10142    20    30 -9999 -9999     0
2021 04 17 09   229   208 10133   340    50 -9999 -9999     0
2021 04 17 12   221   204 10150    10    30 -9999 -9999 -9999
2021 04 17 15   219   211 10162   360    20 -9999 -9999 -9999
2021 04 17 18   208   208 10146   360    30 -9999 -9999 -9999
2021 04 17 21   206   206 10139   360    20 -9999 -9999    10
2021 04 18 00   210   210 10148   320    20 -9999 -9999    20
2021 04 18 03   219   219 10145   350    20 -9999 -9999    20
2021 04 18 06   252   238 10120   120    30 -9999 -9999    10
2021 04 18 09   238   238 10105   110    20 -9999 -9999    30
2021 04 18 12   231   231 10118   110    40 -9999 -9999    60
2021 04 18 15   242   242 10127   120    30 -9999 -9999    30
2021 04 18 18   246   246 10110   120    30 -9999 -9999     0
2021 04 18 21   246   246 10097   120    30 -9999 -9999     0
2021 04 19 00   249   249 10109   130    30 -9999 -9999     0
2021 04 19 03   267   258 10110   140    50 -9999 -9999     0
2021 04 19 06   267   257 10088   170    40 -9999 -9999     0
2021 04 19 09   256   256 10076   120    20 -9999 -9999     3
2021 04 19 12   250   250 10086   110    40 -9999 -9999    20
2021 04 19 15   250   250 10099   110    40 -9999 -9999    10
2021 04 19 18   253   253 10095   130    30 -9999 -9999     0
2021 04 19 21   253   251 10089   130    30 -9999 -9999     0
2021 04 20 00   255   253 10104   110    30 -9999 -9999     0
2021 04 20 03   275   257 10115   140    40 -9999 -9999     0
2021 04 20 06   292   254 10088   150    40 -9999 -9999     0
2021 04 20 09   281   257 10074   110    50 -9999 -9999     0
2021 04 20 12   259   254 10087   110    60 -9999 -9999     0
2021 04 20 15   260   258 10109   120    40 -9999 -9999     0
2021 04 20 18   259   250 10104   130    50 -9999 -9999     0
2021 04 20 21   258   251 10095   120    50 -9999 -9999     0
